20
5
2
3
20

6	25
1	50
11	25
47	42
3	33

22	35
37	29
8	32
40	14
47	10
42	35
5	14
4	36
42	25
29	13
40	12
50	19
49	12
45	9
11	8
25	5
17	28
33	35
2	41
7	15

150

1.79769e+308
1.79769e+308
1.79769e+308
1.79769e+308
1.79769e+308

14
17
16
17
17
12
20
15
15
12
13
15
11
18
13
13
19
18
19
14

0
0
0
0
0

0

0	9.64459	1.21506	7.96197	3.73751	6.96661	9.42559	4.83804	6.81694	7.246	4.93612	3.46542	4.9913	11.211	9.04795	6.93375	8.73172	8.57811	9.76537	4.17013	5.81878	5.26993	8.15486	5.50519	2.77184	
9.64459	0	11.5412	9.43616	5.90708	4.8128	4.611	7.00761	9.14064	6.18615	9.81513	9.74892	7.16087	8.70316	4.51842	6.04648	3.10087	4.92905	6.58744	11.6377	10.466	8.01749	7.62823	6.17539	10.1267	
1.21506	11.5412	0	11.3254	4.95257	8.18168	7.84076	4.58442	6.31877	7.59048	6.15118	4.68048	6.30637	10.4003	6.926	4.8118	9.94679	8.41959	7.18352	2.95507	7.03384	5.37561	7.17386	6.7968	3.11632	
7.96197	9.43616	11.3254	0	3.16182	5.48986	3.04582	3.5841	6.39502	5.26328	6.3256	6.33131	1.90802	4.25634	9.11089	6.34282	4.55595	4.80887	5.22316	10.2734	9.1017	5.94981	10.8183	6.12581	12.4999	
3.73751	5.90708	4.95257	3.16182	0	6.63114	4.311	1.10053	5.7408	5.54819	8.67363	7.20292	1.2538	9.90979	8.45667	6.62774	6.92196	5.09378	5.50808	2.72988	9.38661	4.35463	9.85515	1.76769	6.50935	
6.96661	4.8128	8.18168	5.48986	6.63114	0	7.09612	5.53061	4.32783	9.00928	9.07567	4.93611	7.20668	8.30664	7.71331	5.70871	7.91368	10.2341	5.19258	7.15995	5.32599	6.74327	6.20082	8.01582	9.73845	
9.42559	4.611	7.84076	3.04582	4.311	7.09612	0	3.21046	7.78032	3.59235	4.53373	8.67328	4.88654	1.21051	2.92767	4.45573	1.51013	3.13794	1.99468	4.8398	7.43077	6.42675	6.03748	5.69567	8.53599	
4.83804	7.00761	4.58442	3.5841	1.10053	5.53061	3.21046	0	6.16308	11.8964	7.74419	9.38939	1.67608	4.42097	5.60027	3.48607	4.72059	6.19432	6.84122	1.62934	8.84504	3.25409	8.26331	2.48521	7.74662	
6.81694	9.14064	6.31877	6.39502	5.7408	4.32783	7.78032	6.16308	0	2.54692	12.3141	8.267	4.487	1.64892	3.38548	1.38088	4.32648	1.27905	0.864753	3.2376	0.998156	6.88221	1.87299	8.7048	7.25601	
7.246	6.18615	7.59048	5.26328	5.54819	9.00928	3.59235	11.8964	2.54692	0	4.09639	10.6427	9.16845	2.46634	4.50283	1.98836	2.28259	0.454406	0.868701	5.91892	4.74723	8.0019	6.46385	9.96957	4.47416	
4.93612	9.81513	6.15118	6.3256	8.67363	9.07567	4.53373	7.74419	12.3141	4.09639	0	4.13955	8.23362	5.74424	12.4823	5.17594	5.47016	3.64198	4.05628	9.1065	7.93481	9.77254	9.65143	13.5326	7.70796	
3.46542	9.74892	4.68048	6.33131	7.20292	4.93611	8.67328	9.38939	8.267	10.6427	4.13955	0	8.23933	7.90833	11.6525	9.64788	11.3521	7.78153	8.6925	8.54243	9.26516	6.43553	10.14	9.39305	6.16857	
4.9913	7.16087	6.30637	1.90802	1.2538	7.20668	4.88654	1.67608	4.487	9.16845	8.23362	8.23933	0	6.11415	7.20287	5.86788	6.41376	6.34758	5.35175	3.30542	5.48516	4.93017	6.35999	3.02148	8.82579	
11.211	8.70316	10.4003	4.25634	9.90979	8.30664	1.21051	4.42097	1.64892	2.46634	5.74424	7.90833	6.11415	0	4.39495	1.73867	2.72064	1.19846	0.78417	5.99604	8.49293	6.84222	10.1296	11.6775	12.6282	
9.04795	4.51842	6.926	9.11089	8.45667	7.71331	2.92767	5.60027	3.38548	4.50283	12.4823	11.6525	7.20287	4.39495	0	3.94146	1.41755	3.24573	3.61078	3.97093	4.38363	6.33417	5.25847	11.4207	8.44341	
6.93375	6.04648	4.8118	6.34282	6.62774	5.70871	4.45573	3.48607	1.38088	1.98836	5.17594	9.64788	5.86788	1.73867	3.94146	0	2.94561	1.3688	0.954505	1.85673	2.37903	6.61822	3.25386	11.7227	9.81048	
8.73172	3.10087	9.94679	4.55595	6.92196	7.91368	1.51013	4.72059	4.32648	2.28259	5.47016	11.3521	6.41376	2.72064	1.41755	2.94561	0	1.82818	2.24247	4.80234	6.121	4.91662	4.52735	9.27626	7.02586	
8.57811	4.92905	8.41959	4.80887	5.09378	10.2341	3.13794	6.19432	1.27905	0.454406	3.64198	7.78153	6.34758	1.19846	3.24573	1.3688	1.82818	0	0.414295	3.39068	4.29283	6.7448	6.00944	6.86147	4.92857	
9.76537	6.58744	7.18352	5.22316	5.50808	5.19258	1.99468	6.84122	0.864753	0.868701	4.05628	8.6925	5.35175	0.78417	3.61078	0.954505	2.24247	0.414295	0	2.81123	1.86291	7.62639	2.73774	15.0779	6.15633	
4.17013	11.6377	2.95507	10.2734	2.72988	7.15995	4.8398	1.62934	3.2376	5.91892	9.1065	8.54243	3.30542	5.99604	3.97093	1.85673	4.80234	3.39068	2.81123	0	6.73867	4.76149	6.8063	4.11456	6.07139	
5.81878	10.466	7.03384	9.1017	9.38661	5.32599	7.43077	8.84504	0.998156	4.74723	7.93481	9.26516	5.48516	8.49293	4.38363	2.37903	6.121	4.29283	1.86291	6.73867	0	11.0887	2.87114	13.6643	8.59062	
5.26993	8.01749	5.37561	5.94981	4.35463	6.74327	6.42675	3.25409	6.88221	8.0019	9.77254	6.43553	4.93017	6.84222	6.33417	6.61822	4.91662	6.7448	7.62639	4.76149	11.0887	0	5.00922	5.73931	8.04177	
8.15486	7.62823	7.17386	10.8183	9.85515	6.20082	6.03748	8.26331	1.87299	6.46385	9.65143	10.14	6.35999	10.1296	5.25847	3.25386	4.52735	6.00944	2.73774	6.8063	2.87114	5.00922	0	10.8784	5.38302	
5.50519	6.17539	6.7968	6.12581	1.76769	8.01582	5.69567	2.48521	8.7048	9.96957	13.5326	9.39305	3.02148	11.6775	11.4207	11.7227	9.27626	6.86147	15.0779	4.11456	13.6643	5.73931	10.8784	0	5.49541	
2.77184	10.1267	3.11632	12.4999	6.50935	9.73845	8.53599	7.74662	7.25601	4.47416	7.70796	6.16857	8.82579	12.6282	8.44341	9.81048	7.02586	4.92857	6.15633	6.07139	8.59062	8.04177	5.38302	5.49541	0	

0	6.13956	4.8187	7.43316	3.69051	4.35964	10.6484	3.32564	5.36937	9.50046	9.76648	5.00109	9.97109	5.6449	6.29188	4.1173	9.23169	7.357	14.8516	6.69539	6.17642	2.85732	3.60166	1.38701	4.60133	
6.13956	0	5.33101	3.60572	5.73713	4.3058	6.2729	3.97003	2.02936	5.12496	6.28177	2.6457	5.46562	7.58838	11.6693	3.28143	11.7122	9.23543	10.4761	12.1843	10.3622	5.80812	6.99931	4.75255	3.82862	
4.8187	5.33101	0	7.7291	3.10183	3.46371	3.52589	1.36098	4.9168	9.72184	6.41607	7.01636	2.85657	2.32113	5.39594	3.84872	7.11162	6.0853	10.5374	1.6416	5.93012	1.96138	4.70337	3.29962	8.19929	
7.43316	3.60572	7.7291	0	14.8933	1.9311	9.1905	5.13218	1.57636	7.85674	1.31303	7.61444	6.40012	7.13538	7.071	2.82843	11.1878	4.2667	5.32326	8.81833	7.98753	3.43342	8.64049	9.72129	11.3579	
3.69051	5.73713	3.10183	14.8933	0	9.45432	5.47288	1.76711	5.32293	9.17471	9.5179	8.14038	3.2627	4.26812	4.22525	5.79571	5.86114	7.02956	10.9435	4.74343	8.53255	5.06322	6.65036	2.3035	6.95746	
4.35964	4.3058	3.46371	1.9311	9.45432	0	7.45406	5.96461	3.50746	8.602	3.24413	6.9515	4.46902	8.65883	4.93688	6.02019	8.99941	6.1978	12.1545	10.345	6.05643	1.50232	6.70939	6.88907	7.63153	
10.6484	6.2729	3.52589	9.1905	5.47288	7.45406	0	9.79388	6.76378	1.14794	7.69164	15.5903	9.91118	1.20476	9.72667	2.73236	5.99526	4.96893	6.49911	3.86333	7.14813	8.95639	3.58701	10.3303	8.02213	
3.32564	3.97003	1.36098	5.13218	1.76711	5.96461	9.79388	0	3.55582	9.09499	7.77705	6.61573	1.49559	3.68211	5.99236	4.80789	11.7447	7.90863	9.17641	3.00258	8.9506	3.32237	10.9693	1.93863	8.54167	
5.36937	2.02936	4.9168	1.57636	5.32293	3.50746	6.76378	3.55582	0	7.15432	2.88939	4.67506	5.05141	2.77967	5.96263	1.25207	6.36646	5.84306	12.5094	8.01893	8.76744	5.76994	7.94126	5.49445	9.55704	
9.50046	5.12496	9.72184	7.85674	9.17471	8.602	1.14794	9.09499	7.15432	0	6.5437	7.77066	11.0591	2.3527	7.89041	10.4184	10.7274	5.08611	5.35117	9.63774	15.3799	12.3578	12.1243	9.87751	14.1018	
9.76648	6.28177	6.41607	1.31303	9.5179	3.24413	7.69164	7.77705	2.88939	6.5437	0	13.4324	10.0589	7.17678	10.3597	5.64918	9.87477	5.57973	11.8949	8.05767	11.6464	7.09225	12.2993	10.5458	15.0167	
5.00109	2.6457	7.01636	7.61444	8.14038	6.9515	15.5903	6.61573	4.67506	7.77066	13.4324	0	8.22901	8.00029	12.1924	9.11839	10.6835	14.0391	18.5376	8.65796	2.75802	7.8584	7.44898	6.38809	1.18292	
9.97109	5.46562	2.85657	6.40012	3.2627	4.46902	9.91118	1.49559	5.05141	11.0591	10.0589	8.22901	0	10.8837	7.60726	12.3178	9.24315	8.742	7.68544	10.2041	7.45502	5.97135	9.65261	3.43422	7.04608	
5.6449	7.58838	2.32113	7.13538	4.26812	8.65883	1.20476	3.68211	2.77967	2.3527	7.17678	8.00029	10.8837	0	6.23816	1.5276	4.7905	3.76417	4.82073	2.65857	5.94337	4.28251	2.38224	6.45089	6.81737	
6.29188	11.6693	5.39594	7.071	4.22525	4.93688	9.72667	5.99236	5.96263	7.89041	10.3597	12.1924	7.60726	6.23816	0	4.71056	1.63589	2.8043	3.86086	7.35594	7.33927	3.43456	10.9041	6.52876	9.32402	
4.1173	3.28143	3.84872	2.82843	5.79571	6.02019	2.73236	4.80789	1.25207	10.4184	5.64918	9.11839	12.3178	1.5276	4.71056	0	5.11439	5.29177	9.0356	4.18617	7.47096	4.51787	3.90984	5.50431	8.34496	
9.23169	11.7122	7.11162	11.1878	5.86114	8.99941	5.99526	11.7447	6.36646	10.7274	9.87477	10.6835	9.24315	4.7905	1.63589	5.11439	0	4.44019	13.2621	7.44907	5.70338	5.07045	7.17274	14.8672	7.27847	
7.357	9.23543	6.0853	4.2667	7.02956	6.1978	4.96893	7.90863	5.84306	5.08611	5.57973	14.0391	8.742	3.76417	2.8043	5.29177	4.44019	0	1.05656	4.55164	8.84016	6.23886	6.14641	5.97	10.5815	
14.8516	10.4761	10.5374	5.32326	10.9435	12.1545	6.49911	9.17641	12.5094	5.35117	11.8949	18.5376	7.68544	4.82073	3.86086	9.0356	13.2621	1.05656	0	5.60819	10.0288	13.4826	13.4921	7.02656	11.6039	
6.69539	12.1843	1.6416	8.81833	4.74343	10.345	3.86333	3.00258	8.01893	9.63774	8.05767	8.65796	10.2041	2.65857	7.35594	4.18617	7.44907	4.55164	5.60819	0	4.28852	3.60298	5.04081	5.77136	5.86362	
6.17642	10.3622	5.93012	7.98753	8.53255	6.05643	7.14813	8.9506	8.76744	15.3799	11.6464	2.75802	7.45502	5.94337	7.33927	7.47096	5.70338	8.84016	10.0288	4.28852	0	5.02137	7.84115	8.96044	1.57509	
2.85732	5.80812	1.96138	3.43342	5.06322	1.50232	8.95639	3.32237	5.76994	12.3578	7.09225	7.8584	5.97135	4.28251	3.43456	4.51787	5.07045	6.23886	13.4826	3.60298	5.02137	0	6.45898	4.24432	6.59647	
3.60166	6.99931	4.70337	8.64049	6.65036	6.70939	3.58701	10.9693	7.94126	12.1243	12.2993	7.44898	9.65261	2.38224	10.9041	3.90984	7.17274	6.14641	13.4921	5.04081	7.84115	6.45898	0	4.98867	6.26606	
1.38701	4.75255	3.29962	9.72129	2.3035	6.88907	10.3303	1.93863	5.49445	9.87751	10.5458	6.38809	3.43422	6.45089	6.52876	5.50431	14.8672	5.97	7.02656	5.77136	8.96044	4.24432	4.98867	0	5.98833	
4.60133	3.82862	8.19929	11.3579	6.95746	7.63153	8.02213	8.54167	9.55704	14.1018	15.0167	1.18292	7.04608	6.81737	9.32402	8.34496	7.27847	10.5815	11.6039	5.86362	1.57509	6.59647	6.26606	5.98833	0	

0	7.67045	1.15263	5.36394	3.05484	3.47032	3.0062	2.39385	5.24026	8.45694	4.64407	5.48124	1.78015	10.0221	4.2738	7.28816	8.36048	7.44997	4.40181	7.39517	10.4344	3.53889	3.68333	2.58184	4.30007	
7.67045	0	8.59832	13.7556	6.4213	9.2428	10.5853	6.504	8.35126	12.371	11.7935	10.3554	5.8903	11.5054	12.2643	8.5205	14.133	10.638	9.86014	22.5455	22.4513	9.52952	9.92208	5.6162	11.9796	
1.15263	8.59832	0	10.0834	1.90305	4.62295	4.15883	1.81546	6.72695	6.75676	6.93219	4.21625	2.42916	7.01111	3.12117	4.81226	5.08931	7.12061	4.24592	7.21863	4.93503	4.69152	6.7398	2.70815	3.14744	
5.36394	13.7556	10.0834	0	10.2477	11.4984	2.35774	9.58674	4.5918	6.51177	3.99561	17.6414	8.97303	13.415	13.2045	9.3433	14.6386	6.80152	3.75335	8.34341	7.93	12.1997	3.03487	9.77473	12.4146	
3.05484	6.4213	1.90305	10.2477	0	7.03773	7.05797	1.88839	4.8239	12.838	8.54112	5.54431	1.27469	5.10807	5.02421	4.99315	6.20881	6.22865	6.14897	8.82756	9.92048	5.9846	5.30647	0.805101	4.75637	
3.47032	9.2428	4.62295	11.4984	7.03773	0	4.18857	4.82	6.59587	4.98662	2.5507	2.22908	4.99662	5.9909	8.25584	7.62143	4.89016	4.48417	7.49746	4.143	6.40486	0.286718	11.6676	7.02828	4.61516	
3.0062	10.5853	4.15883	2.35774	7.05797	4.18857	0	9.18692	2.23406	3.90645	1.63787	13.7106	4.70891	4.62895	6.14713	2.4033	5.52823	3.57133	1.39561	6.84591	8.84896	6.54509	0.67713	9.9492	5.42262	
2.39385	6.504	1.81546	9.58674	1.88839	4.82	9.18692	0	6.2785	11.7137	6.4349	3.71897	0.613704	4.37459	4.93663	9.54571	3.27386	4.35831	6.06138	6.72134	7.81427	4.53328	4.64549	1.4154	2.65015	
5.24026	8.35126	6.72695	4.5918	4.8239	6.59587	2.23406	6.2785	0	3.18424	3.87193	4.69717	6.0986	3.1541	1.86033	0.169242	3.37122	2.28676	3.0439	7.69954	5.72694	6.30915	2.91119	5.62901	3.62835	
8.45694	12.371	6.75676	6.51177	12.838	4.98662	3.90645	11.7137	3.18424	0	4.67227	8.53296	12.5065	3.85939	3.2321	3.015	3.82326	2.73881	2.51084	12.3722	1.41823	5.27334	8.47472	14.7946	6.58235	
4.64407	11.7935	6.93219	3.99561	8.54112	2.5507	1.63787	6.4349	3.87193	4.67227	0	4.85357	8.29702	3.05405	5.93291	5.28358	3.01792	1.93347	3.03348	5.20804	8.94887	2.83742	2.315	9.09872	3.78475	
5.48124	10.3554	4.21625	17.6414	5.54431	2.22908	13.7106	3.71897	4.69717	8.53296	4.85357	0	5.5409	16.6777	8.99056	10.6816	8.4365	6.4833	18.3143	5.14001	6.23293	1.94236	7.58647	4.73921	1.06882	
1.78015	5.8903	2.42916	8.97303	1.27469	4.99662	4.70891	0.613704	6.0986	12.5065	8.29702	5.5409	0	6.38276	5.82919	10.24	3.88756	9.25085	6.95394	8.56619	11.509	4.70991	4.03178	0.801696	3.26385	
10.0221	11.5054	7.01111	13.415	5.10807	5.9909	4.62895	4.37459	3.1541	3.85939	3.05405	16.6777	6.38276	0	4.75807	3.06698	1.10074	1.12058	5.11396	9.52339	9.14819	5.66152	3.95182	5.91317	6.78246	
4.2738	12.2643	3.12117	13.2045	5.02421	8.25584	6.14713	4.93663	1.86033	3.2321	5.93291	8.99056	5.82919	4.75807	0	1.69109	3.99311	3.99944	4.56575	6.75049	1.81386	8.54038	9.9857	8.59135	6.2686	
7.28816	8.5205	4.81226	9.3433	4.99315	7.62143	2.4033	9.54571	0.169242	3.015	5.28358	10.6816	10.24	3.06698	1.69109	0	4.16772	2.456	2.87466	8.44158	3.50495	6.47839	7.01879	10.2824	3.79759	
8.36048	14.133	5.08931	14.6386	6.20881	4.89016	5.52823	3.27386	3.37122	3.82326	3.01792	8.4365	3.88756	1.10074	3.99311	4.16772	0	1.08446	4.61731	10.7436	5.80698	5.17688	5.05256	7.64614	5.924	
7.44997	10.638	7.12061	6.80152	6.22865	4.48417	3.57133	4.35831	2.28676	2.73881	1.93347	6.4833	9.25085	1.12058	3.99944	2.456	1.08446	0	5.24965	7.14151	4.15704	4.54094	5.0724	11.2825	5.71822	
4.40181	9.86014	4.24592	3.75335	6.14897	7.49746	1.39561	6.06138	3.0439	2.51084	3.03348	18.3143	6.95394	5.11396	4.56575	2.87466	4.61731	5.24965	0	14.0901	3.92907	10.6821	2.07274	15.4763	7.39336	
7.39517	22.5455	7.21863	8.34341	8.82756	4.143	6.84591	6.72134	7.69954	12.3722	5.20804	5.14001	8.56619	9.52339	6.75049	8.44158	10.7436	7.14151	14.0901	0	8.56435	3.85628	10.5888	10.5979	4.07119	
10.4344	22.4513	4.93503	7.93	9.92048	6.40486	8.84896	7.81427	5.72694	1.41823	8.94887	6.23293	11.509	9.14819	1.81386	3.50495	5.80698	4.15704	3.92907	8.56435	0	6.89554	8.17184	10.4052	5.16412	
3.53889	9.52952	4.69152	12.1997	5.9846	0.286718	6.54509	4.53328	6.30915	5.27334	2.83742	1.94236	4.70991	5.66152	8.54038	6.47839	5.17688	4.54094	10.6821	3.85628	6.89554	0	8.74169	5.5116	3.01118	
3.68333	9.92208	6.7398	3.03487	5.30647	11.6676	0.67713	4.64549	2.91119	8.47472	2.315	7.58647	4.03178	3.95182	9.9857	7.01879	5.05256	5.0724	2.07274	10.5888	8.17184	8.74169	0	4.83348	6.51765	
2.58184	5.6162	2.70815	9.77473	0.805101	7.02828	9.9492	1.4154	5.62901	14.7946	9.09872	4.73921	0.801696	5.91317	8.59135	10.2824	7.64614	11.2825	15.4763	10.5979	10.4052	5.5116	4.83348	0	5.56147	
4.30007	11.9796	3.14744	12.4146	4.75637	4.61516	5.42262	2.65015	3.62835	6.58235	3.78475	1.06882	3.26385	6.78246	6.2686	3.79759	5.924	5.71822	7.39336	4.07119	5.16412	3.01118	6.51765	5.56147	0	

0	6.56942	7.61406	8.57178	10.0054	10.2473	9.49269	5.96387	6.70623	15.0649	13.1566	6.04002	9.08609	9.46362	5.34011	1.80645	6.90358	11.7856	3.02988	7.82869	13.7528	9.31912	8.04567	9.12132	6.44674	
6.56942	0	6.65103	11.409	3.43599	9.33473	10.3663	8.97342	11.8936	9.83487	6.58723	9.64711	5.16706	8.10947	8.55563	8.37587	12.5801	8.91855	14.2382	8.52013	9.10254	6.4385	9.57289	2.5519	9.24039	
7.61406	6.65103	0	26.4418	4.78681	10.759	6.25257	2.32239	8.22516	8.63269	8.34244	3.65776	6.45551	9.46249	9.90645	9.42051	5.84234	10.636	14.8597	1.8691	10.4534	7.78932	8.26218	9.11406	2.92581	
8.57178	11.409	26.4418	0	10.5031	8.94965	3.9382	10.8041	11.0744	3.40681	4.8626	14.3939	15.0782	3.34036	5.3835	6.76532	6.74736	2.49049	6.55371	10.9337	13.1719	8.21184	4.7583	16.9695	13.5694	
10.0054	3.43599	4.78681	10.5031	0	5.97222	9.3388	5.55145	10.8105	8.74826	10.0232	9.0504	1.73106	7.874	5.11964	8.6533	9.07139	12.3545	7.12217	6.65591	5.66655	3.00251	5.08856	4.38962	7.81834	
10.2473	9.33473	10.759	8.94965	5.97222	0	4.27193	10.3659	7.07931	12.3538	15.2537	4.20725	5.901	6.64406	3.56615	7.0998	14.2688	5.71964	5.56868	5.99591	9.28405	6.60801	5.71894	6.78283	4.61397	
9.49269	10.3663	6.25257	3.9382	9.3388	4.27193	0	7.16331	2.80738	2.36404	3.89438	6.17214	4.80451	2.37213	4.21917	7.70716	5.77913	1.44772	5.58548	4.38347	7.34764	5.98708	1.44702	11.0548	5.44018	
5.96387	8.97342	2.32239	10.8041	5.55145	10.3659	7.16331	0	8.26054	9.22996	9.51284	4.56851	4.46495	6.92694	10.6711	7.77032	3.51994	8.31364	16.9533	2.77984	11.218	6.60606	5.93979	7.1235	3.83655	
6.70623	11.8936	8.22516	11.0744	10.8105	7.07931	2.80738	8.26054	0	0.407535	12.3389	13.1036	5.67825	3.7387	5.69087	4.89978	6.19799	1.32386	2.93402	7.19085	10.155	6.15328	2.32076	14.1769	11.7039	
15.0649	9.83487	8.63269	3.40681	8.74826	12.3538	2.36404	9.22996	0.407535	0	10.1774	18.2355	7.88686	5.73983	4.52901	3.74991	5.79045	0.916322	2.52648	13.8301	7.97375	5.74575	2.72829	15.9917	10.5616	
13.1566	6.58723	8.34244	4.8626	10.0232	15.2537	3.89438	9.51284	12.3389	10.1774	0	4.03725	12.0016	1.52224	4.94907	8.87438	4.92924	10.9023	4.73559	4.68724	5.86015	6.39373	2.94019	9.13913	3.63053	
6.04002	9.64711	3.65776	14.3939	9.0504	4.20725	6.17214	4.56851	13.1036	18.2355	4.03725	0	7.31934	9.38206	7.77339	7.2108	13.301	17.8408	9.42725	1.46343	2.63634	5.22255	10.6768	7.51234	0.40672	
9.08609	5.16706	6.45551	15.0782	1.73106	5.901	4.80451	4.46495	5.67825	7.88686	12.0016	7.31934	0	4.77544	6.8507	8.31288	7.98489	12.7786	9.53631	7.24479	7.39762	2.14111	3.35749	2.65855	6.95694	
9.46362	8.10947	9.46249	3.34036	7.874	6.64406	2.37213	6.92694	3.7387	5.73983	1.52224	9.38206	4.77544	0	3.42683	4.43678	3.407	3.81985	3.21335	6.7556	8.66062	4.87148	1.41794	13.2741	5.15277	
5.34011	8.55563	9.90645	5.3835	5.11964	3.56615	4.21917	10.6711	5.69087	4.52901	4.94907	7.77339	6.8507	3.42683	0	3.22596	6.83382	5.66688	2.00253	8.60263	7.4498	4.74338	4.84477	10.349	9.55921	
1.80645	8.37587	9.42051	6.76532	8.6533	7.0998	7.70716	7.77032	4.89978	3.74991	8.87438	7.2108	8.31288	4.43678	3.22596	0	5.09713	9.25581	1.22343	7.86079	6.6707	8.27704	7.22054	10.9714	6.80408	
6.90358	12.5801	5.84234	6.74736	9.07139	14.2688	5.77913	3.51994	6.19799	5.79045	4.92924	13.301	7.98489	3.407	6.83382	5.09713	0	4.90942	6.32056	6.29978	16.3724	8.27848	4.82494	10.2012	9.62343	
11.7856	8.91855	10.636	2.49049	12.3545	5.71964	1.44772	8.31364	1.32386	0.916322	10.9023	17.8408	12.7786	3.81985	5.66688	9.25581	4.90942	0	3.4428	5.83118	8.79536	6.66207	2.89473	11.4705	13.9319	
3.02988	14.2382	14.8597	6.55371	7.12217	5.56868	5.58548	16.9533	2.93402	2.52648	4.73559	9.42725	9.53631	3.21335	2.00253	1.22343	6.32056	3.4428	0	9.95007	5.44727	6.74592	4.63129	17.5695	7.67689	
7.82869	8.52013	1.8691	10.9337	6.65591	5.99591	4.38347	2.77984	7.19085	13.8301	4.68724	1.46343	7.24479	6.7556	8.60263	7.86079	6.29978	5.83118	9.95007	0	3.28633	5.87254	5.83048	8.16233	1.05671	
13.7528	9.10254	10.4534	13.1719	5.66655	9.28405	7.34764	11.218	10.155	7.97375	5.86015	2.63634	7.39762	8.66062	7.4498	6.6707	16.3724	8.79536	5.44727	3.28633	0	7.04545	8.79466	9.33525	2.22962	
9.31912	6.4385	7.78932	8.21184	3.00251	6.60801	5.98708	6.60606	6.15328	5.74575	6.39373	5.22255	2.14111	4.87148	4.74338	8.27704	8.27848	6.66207	6.74592	5.87254	7.04545	0	4.54007	4.79966	4.81583	
8.04567	9.57289	8.26218	4.7583	5.08856	5.71894	1.44702	5.93979	2.32076	2.72829	2.94019	10.6768	3.35749	1.41794	4.84477	7.22054	4.82494	2.89473	4.63129	5.83048	8.79466	4.54007	0	6.01604	9.3559	
9.12132	2.5519	9.11406	16.9695	4.38962	6.78283	11.0548	7.1235	14.1769	15.9917	9.13913	7.51234	2.65855	13.2741	10.349	10.9714	10.2012	11.4705	17.5695	8.16233	9.33525	4.79966	6.01604	0	7.10562	
6.44674	9.24039	2.92581	13.5694	7.81834	4.61397	5.44018	3.83655	11.7039	10.5616	3.63053	0.40672	6.95694	5.15277	9.55921	6.80408	9.62343	13.9319	7.67689	1.05671	2.22962	4.81583	9.3559	7.10562	0	

0	5.97737	0.236072	10.3798	4.42873	4.89395	6.73341	3.59635	2.53449	3.75024	8.27112	1.04078	4.37246	7.51427	6.62765	4.06648	8.12079	4.67192	14.3955	2.43135	4.43248	3.63233	13.0326	4.8501	1.32912	
5.97737	0	6.21345	14.8148	9.14532	10.0805	9.89688	6.95269	11.9277	4.7063	9.25507	7.01815	7.88472	16.459	12.605	9.98495	17.3939	6.94727	9.82735	16.9651	15.8403	10.2661	10.7581	6.37891	7.37031	
0.236072	6.21345	0	9.04019	4.19266	4.65788	6.3012	3.36028	4.52512	3.51417	7.01701	1.27685	4.13638	7.2782	6.86372	3.83041	7.58652	4.37202	7.73293	2.13145	4.13258	3.35765	5.33544	3.93406	1.09305	
10.3798	14.8148	9.04019	0	4.84754	3.36439	4.4192	6.71178	12.0249	10.0851	9.78079	14.2114	6.10813	4.97136	9.93945	8.86656	11.4471	8.20166	4.96404	8.1767	16.7735	7.20796	2.68682	7.93717	9.6605	
4.42873	9.14532	4.19266	4.84754	0	3.94456	5.26536	1.86425	4.02199	7.70682	9.24394	5.50901	1.2606	6.24649	6.9927	8.02306	11.2044	8.09194	6.78878	3.57612	7.8525	2.36042	7.53436	2.43802	4.61452	
4.89395	10.0805	4.65788	3.36439	3.94456	0	3.6047	5.21454	8.47275	8.17205	9.7779	4.53686	2.68396	4.96847	7.93019	8.48829	12.5426	7.11978	17.2291	4.87921	6.88034	6.10541	0.677563	5.78832	3.84081	
6.73341	9.89688	6.3012	4.4192	5.26536	3.6047	0	4.09174	2.5237	9.91035	3.54961	6.03652	7.10028	0.552157	10.1798	8.54818	6.40461	3.29589	9.38324	6.37888	6.17846	2.90493	2.92714	3.51796	5.16953	
3.59635	6.95269	3.36028	6.71178	1.86425	5.21454	4.09174	0	4.54182	6.87445	10.0374	5.31869	3.12484	6.51336	16.7171	5.23654	10.5121	5.40527	11.6027	5.44036	7.66217	3.09688	5.8921	0.573777	4.03094	
2.53449	11.9277	4.52512	12.0249	4.02199	8.47275	2.5237	4.54182	0	3.10442	3.88132	1.49371	8.78893	1.97154	11.989	0.694716	1.58564	0.86345	4.10107	8.3605	7.59784	1.66157	8.39595	5.1156	2.18976	
3.75024	4.7063	3.51417	10.0851	7.70682	8.17205	9.91035	6.87445	3.10442	0	4.54877	7.29108	7.65055	4.9847	12.8683	5.27864	2.96316	2.24097	5.12104	8.3337	9.58134	6.91043	10.6738	11.0852	4.60722	
8.27112	9.25507	7.01701	9.78079	9.24394	9.7779	3.54961	10.0374	3.88132	4.54877	0	10.0755	12.1714	2.99745	8.31957	3.1866	1.39493	2.11711	7.08912	11.7362	8.62375	8.26652	8.28872	8.87954	9.1281	
1.04078	7.01815	1.27685	14.2114	5.50901	4.53686	6.03652	5.31869	1.49371	7.29108	10.0755	0	8.02518	3.46525	7.66843	2.18843	5.7723	2.35716	8.28773	1.73446	3.73559	2.96065	13.4829	4.15321	0.696051	
4.37246	7.88472	4.13638	6.10813	1.2606	2.68396	7.10028	3.12484	8.78893	7.65055	12.1714	8.02518	0	7.50708	17.4935	7.96679	12.0211	10.6081	14.3814	4.83671	10.3687	3.62102	3.36153	4.82088	5.22943	
7.51427	16.459	7.2782	4.97136	6.24649	4.96847	0.552157	6.51336	1.97154	4.9847	2.99745	3.46525	7.50708	0	11.317	2.66626	3.46592	2.74373	5.98136	9.8226	5.6263	3.45709	3.47929	4.07012	5.89263	
6.62765	12.605	6.86372	9.93945	6.9927	7.93019	10.1798	16.7171	11.989	12.8683	8.31957	7.66843	17.4935	11.317	0	11.2942	9.7145	12.0864	6.62925	3.41658	10.8448	10.1155	7.25263	15.9292	4.45499	
4.06648	9.98495	3.83041	8.86656	8.02306	8.48829	8.54818	5.23654	0.694716	5.27864	3.1866	2.18843	7.96679	2.66626	11.2942	0	3.75612	1.55817	3.90252	7.11518	8.45871	2.35629	11.7868	12.6502	4.92346	
8.12079	17.3939	7.58652	11.4471	11.2044	12.5426	6.40461	10.5121	1.58564	2.96316	1.39493	5.7723	12.0211	3.46592	9.7145	3.75612	0	0.722187	3.95981	9.69575	8.06256	8.84402	9.155	10.8585	4.00116	
4.67192	6.94727	4.37202	8.20166	8.09194	7.11978	3.29589	5.40527	0.86345	2.24097	2.11711	2.35716	10.6081	2.74373	12.0864	1.55817	0.722187	0	3.23762	4.31738	6.31851	2.52502	8.43281	6.73614	3.27898	
14.3955	9.82735	7.73293	4.96404	6.78878	17.2291	9.38324	11.6027	4.10107	5.12104	7.08912	8.28773	14.3814	5.98136	6.62925	3.90252	3.95981	3.23762	0	3.21266	10.578	8.72246	7.65086	17.5333	4.25107	
2.43135	16.9651	2.13145	8.1767	3.57612	4.87921	6.37888	5.44036	8.3605	8.3337	11.7362	1.73446	4.83671	9.8226	3.41658	7.11518	9.69575	4.31738	3.21266	0	4.07794	3.30301	10.6692	4.49557	1.03841	
4.43248	15.8403	4.13258	16.7735	7.8525	6.88034	6.17846	7.66217	7.59784	9.58134	8.62375	3.73559	10.3687	5.6263	10.8448	8.45871	8.06256	6.31851	10.578	4.07794	0	5.30414	12.0507	6.4967	3.03954	
3.63233	10.2661	3.35765	7.20796	2.36042	6.10541	2.90493	3.09688	1.66157	6.91043	8.26652	2.96065	3.62102	3.45709	10.1155	2.35629	8.84402	2.52502	8.72246	3.30301	5.30414	0	5.83207	3.67066	2.2646	
13.0326	10.7581	5.33544	2.68682	7.53436	0.677563	2.92714	5.8921	8.39595	10.6738	8.28872	13.4829	3.36153	3.47929	7.25263	11.7868	9.155	8.43281	7.65086	10.6692	12.0507	5.83207	0	6.4451	4.51837	
4.8501	6.37891	3.93406	7.93717	2.43802	5.78832	3.51796	0.573777	5.1156	11.0852	8.87954	4.15321	4.82088	4.07012	15.9292	12.6502	10.8585	6.73614	17.5333	4.49557	6.4967	3.67066	6.4451	0	3.45716	
1.32912	7.37031	1.09305	9.6605	4.61452	3.84081	5.16953	4.03094	2.18976	4.60722	9.1281	0.696051	5.22943	5.89263	4.45499	4.92346	4.00116	3.27898	4.25107	1.03841	3.03954	2.2646	4.51837	3.45716	0	

0	7.19552	0.436653	5.381	2.07295	6.79742	10.2174	3.32755	7.98387	9.49337	9.35153	4.20949	2.31235	7.58905	12.412	9.71355	7.5498	7.29454	5.64885	3.12161	1.84107	3.88235	7.25295	2.4463	1.52681	
7.19552	0	11.5353	7.09896	4.11724	6.00243	4.62628	7.40048	14.0041	16.5155	9.9258	5.33198	10.0098	8.13755	15.2568	11.4113	12.0369	8.24684	7.96492	4.07391	16.9549	6.25088	3.47508	2.90254	3.82203	
0.436653	11.5353	0	4.94435	2.50961	7.63571	7.62919	3.76421	5.75813	7.26763	7.12579	5.5991	9.47239	8.42733	13.2503	7.28374	7.90405	6.74203	5.2122	3.55827	2.27772	3.44569	8.09123	6.04975	1.96346	
5.381	7.09896	4.94435	0	16.6814	6.15123	4.77508	7.26079	12.8534	12.987	6.86985	12.0377	14.4012	5.47029	11.2686	8.14033	2.9597	7.19796	7.36512	16.1985	5.92276	8.39004	3.62388	13.5771	9.60375	
2.07295	4.11724	2.50961	16.6814	0	5.50773	11.7593	2.03786	8.50207	10.3794	4.50303	7.2354	0.239392	6.29936	11.1223	12.7719	6.33895	7.68827	8.77383	5.19457	3.91403	3.30277	5.96325	1.2147	2.1342	
6.79742	6.00243	7.63571	6.15123	5.50773	0	3.67855	3.46987	9.93409	11.4237	9.58634	10.4339	17.2943	7.18982	12.5543	13.9724	7.77097	11.0363	8.47709	14.1385	12.858	4.73478	2.52735	13.0101	12.5437	
10.2174	4.62628	7.62919	4.77508	11.7593	3.67855	0	5.07659	2.74131	5.0409	0.73326	6.76992	4.9969	4.36128	10.1559	2.21881	4.64341	4.00765	2.64685	6.87647	9.55593	4.1835	1.1512	7.53184	8.69058	
3.32755	7.40048	3.76421	7.26079	2.03786	3.46987	5.07659	0	4.3973	9.5725	5.51625	5.4693	2.27725	4.2615	9.08445	5.10296	4.3011	5.4616	7.01015	6.44917	5.16862	1.26491	3.92539	3.25256	4.85436	
7.98387	14.0041	5.75813	12.8534	8.50207	9.93409	2.74131	4.3973	0	2.60136	2.00805	5.49929	6.2717	3.09066	3.88529	0.948184	4.95135	2.07576	0.545931	4.43694	7.11639	3.13239	6.49568	6.48073	9.8863	
9.49337	16.5155	7.26763	12.987	10.3794	11.4237	5.0409	9.5725	2.60136	0	3.96902	10.3119	12.9054	3.89121	6.99358	4.05647	6.46085	2.69111	2.05543	5.94644	8.62589	6.24068	8.00518	14.5817	21.0872	
9.35153	9.9258	7.12579	6.86985	4.50303	9.58634	0.73326	5.51625	2.00805	3.96902	0	8.45573	4.26364	4.47449	5.89334	2.95207	3.91015	3.27439	1.91359	5.8046	8.48405	4.25134	1.88446	7.59968	9.42384	
4.20949	5.33198	5.5991	12.0377	7.2354	10.4339	6.76992	5.4693	5.49929	10.3119	8.45573	0	12.3086	6.69358	11.0889	4.55111	10.9085	5.43101	5.14908	1.25808	6.36368	4.20439	8.41385	3.60218	2.68269	
2.31235	10.0098	9.47239	14.4012	0.239392	17.2943	4.9969	2.27725	6.2717	12.9054	4.26364	12.3086	0	11.4144	14.9778	11.9423	8.1738	7.53803	6.17723	12.1573	8.47842	8.10421	13.2981	1.4541	10.5325	
7.58905	8.13755	8.42733	5.47029	6.29936	7.18982	4.36128	4.2615	3.09066	3.89121	4.47449	6.69358	11.4144	0	10.0795	2.14247	2.51059	1.2001	2.72992	5.37303	8.21933	5.52641	4.66247	12.4289	11.8595	
12.412	15.2568	13.2503	11.2686	11.1223	12.5543	10.1559	9.08445	3.88529	6.99358	5.89334	11.0889	14.9778	10.0795	0	4.83347	8.30888	7.43577	4.43122	15.3045	11.1063	7.01768	13.0098	12.3543	13.2738	
9.71355	11.4113	7.28374	8.14033	12.7719	13.9724	2.21881	5.10296	0.948184	4.05647	2.95207	4.55111	11.9423	2.14247	4.83347	0	4.65306	3.34257	1.49412	5.80918	8.1692	3.83805	3.37001	7.18639	7.23379	
7.5498	12.0369	7.90405	2.9597	6.33895	7.77097	4.64341	4.3011	4.95135	6.46085	3.91015	10.9085	8.1738	2.51059	8.30888	4.65306	0	3.71069	4.40542	8.29643	5.70873	5.56601	6.58358	20.6631	9.38972	
7.29454	8.24684	6.74203	7.19796	7.68827	11.0363	4.00765	5.4616	2.07576	2.69111	3.27439	5.43101	7.53803	1.2001	7.43577	3.34257	3.71069	0	1.52983	4.17293	8.10029	6.68287	5.86257	8.90297	12.2711	
5.64885	7.96492	5.2122	7.36512	8.77383	8.47709	2.64685	7.01015	0.545931	2.05543	1.91359	5.14908	6.17723	2.72992	4.43122	1.49412	4.40542	1.52983	0	3.89101	6.57046	3.67832	4.13666	9.98854	8.96475	
3.12161	4.07391	3.55827	16.1985	5.19457	14.1385	6.87647	6.44917	4.43694	5.94644	5.8046	1.25808	12.1573	5.37303	15.3045	5.80918	8.29643	4.17293	3.89101	0	4.96268	5.46246	7.54899	6.97645	3.94076	
1.84107	16.9549	2.27772	5.92276	3.91403	12.858	9.55593	5.16862	7.11639	8.62589	8.48405	6.36368	8.47842	8.21933	11.1063	8.1692	5.70873	8.10029	6.57046	4.96268	0	6.90275	9.54663	4.60049	3.36788	
3.88235	6.25088	3.44569	8.39004	3.30277	4.73478	4.1835	1.26491	3.13239	6.24068	4.25134	4.20439	8.10421	5.52641	7.01768	3.83805	5.56601	6.68287	3.67832	5.46246	6.90275	0	5.19031	3.34834	4.26783	
7.25295	3.47508	8.09123	3.62388	5.96325	2.52735	1.1512	3.92539	6.49568	8.00518	1.88446	8.41385	13.2981	4.66247	13.0098	3.37001	6.58358	5.86257	4.13666	7.54899	9.54663	5.19031	0	6.37762	9.84178	
2.4463	2.90254	6.04975	13.5771	1.2147	13.0101	7.53184	3.25256	6.48073	14.5817	7.59968	3.60218	1.4541	12.4289	12.3543	7.18639	20.6631	8.90297	9.98854	6.97645	4.60049	3.34834	6.37762	0	0.919495	
1.52681	3.82203	1.96346	9.60375	2.1342	12.5437	8.69058	4.85436	9.8863	21.0872	9.42384	2.68269	10.5325	11.8595	13.2738	7.23379	9.38972	12.2711	8.96475	3.94076	3.36788	4.26783	9.84178	0.919495	0	

0	12.0501	4.80229	2.53556	5.64577	6.12136	7.68366	2.87155	3.72716	10.687	7.39334	3.96966	5.42006	9.14112	5.39059	8.11885	10.0435	10.7998	8.39932	5.4511	9.69665	0.660099	9.05576	4.92736	2.31491	
12.0501	0	9.92492	10.6766	13.3447	17.0918	8.95262	12.1987	9.1145	10.1094	12.1072	10.3848	9.36266	11.24	6.65955	8.39446	13.4164	12.5249	9.66828	6.20795	9.89777	10.999	7.66905	11.3306	12.0395	
4.80229	9.92492	0	6.66294	9.00202	8.65256	5.55845	6.22523	3.89962	8.53473	7.60266	4.14212	6.49266	9.6653	3.26537	5.99364	3.66645	10.4424	4.53521	6.24407	7.18507	8.33024	9.18337	4.44432	2.48737	
2.53556	10.6766	6.66294	0	8.66988	7.33672	5.48366	5.95242	5.08638	2.05481	1.43063	6.47827	11.8846	7.21186	4.35187	4.36635	2.2119	2.12203	1.34313	6.66647	9.30543	1.87546	4.88743	11.1073	9.15031	
5.64577	13.3447	9.00202	8.66988	0	11.383	9.09218	2.77422	9.45721	10.4521	7.29601	4.58819	5.32836	11.5827	6.79911	8.73718	12.8303	12.8677	9.80784	9.77781	12.2547	7.10273	12.7171	4.5577	6.51207	
6.12136	17.0918	8.65256	7.33672	11.383	0	9.28072	8.60883	7.34127	21.7035	10.4975	7.81993	9.2024	21.4091	10.5261	14.3292	6.56127	15.601	7.43004	10.2523	10.0799	5.46126	9.42277	10.6646	6.16519	
7.68366	8.95262	5.55845	5.48366	9.09218	9.28072	0	9.17464	1.0531	2.80128	6.00312	7.14452	10.6182	1.25539	2.29308	1.77313	1.83309	2.31775	3.51296	5.27177	6.23807	7.35794	6.07633	10.4129	2.46534	
2.87155	12.1987	6.22523	5.95242	2.77422	8.60883	9.17464	0	5.1501	11.9759	4.52179	1.81398	2.93811	10.43	8.15842	10.8867	8.458	15.3081	9.9076	9.94923	9.48048	3.53165	10.4787	2.05581	3.46872	
3.72716	9.1145	3.89962	5.08638	9.45721	7.34127	1.0531	5.1501	0	2.43498	4.7162	3.06699	11.4082	2.30849	3.34617	0.720035	0.779996	4.85052	1.64876	5.04525	4.29862	9.83625	5.02324	7.71498	1.41224	
10.687	10.1094	8.53473	2.05481	10.4521	21.7035	2.80128	11.9759	2.43498	0	6.09748	14.2983	12.5011	3.21785	3.72041	1.71495	1.58044	1.49057	0.711679	7.75054	8.67398	10.7282	6.62138	14.2534	8.29106	
7.39334	12.1072	7.60266	1.43063	7.29601	10.4975	6.00312	4.52179	4.7162	6.09748	0	5.04764	7.4599	7.25852	8.2962	5.79697	3.93621	6.1647	2.77376	13.9651	7.45483	3.30609	6.31805	5.9935	6.70238	
3.96966	10.3848	4.14212	6.47827	4.58819	7.81993	7.14452	1.81398	3.06699	14.2983	5.04764	0	2.99419	13.7238	9.35775	7.48915	7.54912	12.7634	10.4334	7.86612	8.40404	12.7604	8.39559	0.945856	1.65474	
5.42006	9.36266	6.49266	11.8846	5.32836	9.2024	10.6182	2.93811	11.4082	12.5011	7.4599	2.99419	0	18.5615	8.32514	11.0534	12.9942	14.6566	11.3339	11.3038	12.2562	6.08016	14.2431	2.04834	6.67596	
9.14112	11.24	9.6653	7.21186	11.5827	21.4091	1.25539	10.43	2.30849	3.21785	7.25852	13.7238	18.5615	0	3.54847	2.84552	3.97484	1.06235	1.84125	8.8811	13.9035	10.4571	7.75195	16.3146	6.74517	
5.39059	6.65955	3.26537	4.35187	6.79911	10.5261	2.29308	8.15842	3.34617	3.72041	8.2962	9.35775	8.32514	3.54847	0	2.72826	3.8775	3.78763	3.00874	2.9787	10.971	5.06487	5.918	7.7097	5.75275	
8.11885	8.39446	5.99364	4.36635	8.73718	14.3292	1.77313	10.8867	0.720035	1.71495	5.79697	7.48915	11.0534	2.84552	2.72826	0	1.50003	3.87044	2.42663	5.70696	12.8814	6.24181	4.90643	10.0799	2.13228	
10.0435	13.4164	3.66645	2.2119	12.8303	6.56127	1.83309	8.458	0.779996	1.58044	3.93621	7.54912	12.9942	3.97484	3.8775	1.50003	0	1.64766	0.868766	5.82524	3.51862	10.2825	5.80323	8.11077	2.19224	
10.7998	12.5249	10.4424	2.12203	12.8677	15.601	2.31775	15.3081	4.85052	1.49057	6.1647	12.7634	14.6566	1.06235	3.78763	3.87044	1.64766	0	0.778894	10.1558	8.7412	10.1397	9.03692	15.3541	7.40649	
8.39932	9.66828	4.53521	1.34313	9.80784	7.43004	3.51296	9.9076	1.64876	0.711679	2.77376	10.4334	11.3339	1.84125	3.00874	2.42663	0.868766	0.778894	0	5.98743	4.38739	3.21859	6.23056	14.6815	9.63031	
5.4511	6.20795	6.24407	6.66647	9.77781	10.2523	5.27177	9.94923	5.04525	7.75054	13.9651	7.86612	11.3038	8.8811	2.9787	5.70696	5.82524	10.1558	5.98743	0	9.12813	4.79101	8.8967	12.6291	6.21138	
9.69665	9.89777	7.18507	9.30543	12.2547	10.0799	6.23807	9.48048	4.29862	8.67398	7.45483	8.40404	12.2562	13.9035	10.971	12.8814	3.51862	8.7412	4.38739	9.12813	0	9.16204	10.2272	9.3499	7.38173	
0.660099	10.999	8.33024	1.87546	7.10273	5.46126	7.35794	3.53165	9.83625	10.7282	3.30609	12.7604	6.08016	10.4571	5.06487	6.24181	10.2825	10.1397	3.21859	4.79101	9.16204	0	6.76289	6.00053	2.97501	
9.05576	7.66905	9.18337	4.88743	12.7171	9.42277	6.07633	10.4787	5.02324	6.62138	6.31805	8.39559	14.2431	7.75195	5.918	4.90643	5.80323	9.03692	6.23056	8.8967	10.2272	6.76289	0	10.8084	6.43548	
4.92736	11.3306	4.44432	11.1073	4.5577	10.6646	10.4129	2.05581	7.71498	14.2534	5.9935	0.945856	2.04834	16.3146	7.7097	10.0799	8.11077	15.3541	14.6815	12.6291	9.3499	6.00053	10.8084	0	2.6006	
2.31491	12.0395	2.48737	9.15031	6.51207	6.16519	2.46534	3.46872	1.41224	8.29106	6.70238	1.65474	6.67596	6.74517	5.75275	2.13228	2.19224	7.40649	9.63031	6.21138	7.38173	2.97501	6.43548	2.6006	0	

0	13.9253	7.79508	16.317	4.67042	7.59048	7.13826	2.17098	5.66312	8.78899	9.445	5.23069	6.38352	12.4955	8.36004	3.97119	9.68078	7.90249	10.3293	6.84704	6.76235	7.89408	7.58988	6.16335	4.09478	
13.9253	0	10.0078	11.2397	13.5634	11.7329	10.4433	9.88414	14.3673	15.3035	8.61351	15.4627	8.22159	12.5481	8.76634	13.5546	15.8678	14.6153	14.8287	7.62595	10.8247	12.9005	11.0085	5.89177	11.7274	
7.79508	10.0078	0	21.6865	2.6801	9.68976	15.4852	5.17954	17.237	8.35232	10.0645	8.32194	2.56911	19.0448	4.54563	8.20707	11.8568	15.2448	8.63223	0.948032	11.9712	4.07967	14.2218	2.68222	3.7315	
16.317	11.2397	21.6865	0	19.3847	11.7189	4.93297	13.3468	6.09223	5.15603	2.62623	12.0069	19.1174	6.56085	19.5367	11.5466	10.3471	6.04252	5.5086	12.5603	6.6598	8.3335	9.31323	15.9492	16.0025	
4.67042	13.5634	2.6801	19.3847	0	8.04515	13.8565	2.49944	11.2796	13.4512	13.6286	5.64184	2.09186	13.8012	4.06838	4.29965	14.343	12.5647	13.2281	3.62813	14.9477	3.60242	11.7927	4.42169	7.62755	
7.59048	11.7329	9.68976	11.7189	8.04515	0	6.33318	5.54571	10.0422	5.83572	9.09266	9.60975	6.84305	7.83772	10.6624	7.34593	12.7984	13.727	11.3002	9.55121	10.9085	5.33248	1.67852	6.79529	5.17362	
7.13826	10.4433	15.4852	4.93297	13.8565	6.33318	0	9.30924	2.33324	5.42567	2.30674	12.5622	9.95971	5.35729	3.76795	2.37336	5.42458	4.53917	6.96599	13.9853	0.381402	7.99531	4.65466	9.77143	5.10638	
2.17098	9.88414	5.17954	13.3468	2.49944	5.54571	9.30924	0	2.69295	13.4504	13.0239	2.26051	4.5913	11.3018	6.86695	1.80021	14.8162	10.0735	9.772	5.72656	3.79217	7.31661	7.22423	3.99237	5.12811	
5.66312	14.3673	17.237	6.09223	11.2796	10.0422	2.33324	2.69295	0	0.936202	5.98541	1.35304	3.95451	10.4113	1.97798	0.892738	2.02633	0.248043	0.804983	8.15177	1.95184	9.56575	5.0934	4.85256	6.67682	
8.78899	15.3035	8.35232	5.15603	13.4512	5.83572	5.42567	13.4504	0.936202	0	6.56772	6.57392	12.8097	10.3164	2.01956	1.82894	2.66478	0.886499	0.352574	7.40429	2.88804	11.623	4.1572	9.13847	7.65231	
9.445	8.61351	10.0645	2.62623	13.6286	9.09266	2.30674	13.0239	5.98541	6.56772	0	10.2555	7.21784	3.93462	7.42012	6.02553	7.73132	6.60115	6.21514	9.926	2.68815	5.70727	6.9614	13.323	8.75855	
5.23069	15.4627	8.32194	12.0069	5.64184	9.60975	12.5622	2.26051	1.35304	6.57392	10.2555	0	7.7337	14.1901	7.6157	0.460302	11.4028	5.88576	6.4427	6.51873	2.45226	12.614	7.23037	10.9839	3.73526	
6.38352	8.22159	2.56911	19.1174	2.09186	6.84305	9.95971	4.5913	3.95451	12.8097	7.21784	7.7337	0	14.8217	1.97652	11.1539	9.01012	14.2319	3.6435	3.51714	5.36307	1.51056	7.4466	2.32983	8.18886	
12.4955	12.5481	19.0448	6.56085	13.8012	7.83772	5.35729	11.3018	10.4113	10.3164	3.93462	14.1901	14.8217	0	12.6973	12.1023	10.7819	9.89646	10.1498	15.016	5.73869	9.64189	6.1592	11.276	9.6543	
8.36004	8.76634	4.54563	19.5367	4.06838	10.6624	3.76795	6.86695	1.97798	2.01956	7.42012	7.6157	1.97652	12.6973	0	2.87072	4.7023	2.22603	1.66698	4.60876	3.38655	3.48708	7.99134	2.87458	8.11153	
3.97119	13.5546	8.20707	11.5466	4.29965	7.34593	2.37336	1.80021	0.892738	1.82894	6.02553	0.460302	11.1539	12.1023	2.87072	0	6.65779	1.14078	1.69772	7.25903	1.99196	9.11682	9.43325	5.79259	4.19557	
9.68078	15.8678	11.8568	10.3471	14.343	12.7984	5.42458	14.8162	2.02633	2.66478	7.73132	11.4028	9.01012	10.7819	4.7023	6.65779	0	1.77828	3.03531	10.7195	5.80598	7.49956	10.0792	12.0642	13.4829	
7.90249	14.6153	15.2448	6.04252	12.5647	13.727	4.53917	10.0735	0.248043	0.886499	6.60115	5.88576	14.2319	9.89646	2.22603	1.14078	1.77828	0	1.05303	8.29078	2.19988	9.27784	5.0437	17.6708	11.9973	
10.3293	14.8287	8.63223	5.5086	13.2281	11.3002	6.96599	9.772	0.804983	0.352574	6.21514	6.4427	3.6435	10.1498	1.66698	1.69772	3.03531	1.05303	0	7.6842	2.75682	9.36432	4.50978	4.54156	10.4677	
6.84704	7.62595	0.948032	12.5603	3.62813	9.55121	13.9853	5.72656	8.15177	7.40429	9.926	6.51873	3.51714	15.016	4.60876	7.25903	10.7195	8.29078	7.6842	0	7.50845	4.21873	6.27857	1.73418	2.78347	
6.76235	10.8247	11.9712	6.6598	14.9477	10.9085	0.381402	3.79217	1.95184	2.88804	2.68815	2.45226	5.36307	5.73869	3.38655	1.99196	5.80598	2.19988	2.75682	7.50845	0	7.61391	5.03606	6.26113	4.72498	
7.89408	12.9005	4.07967	8.3335	3.60242	5.33248	7.99531	7.31661	9.56575	11.623	5.70727	12.614	1.51056	9.64189	3.48708	9.11682	7.49956	9.27784	9.36432	4.21873	7.61391	0	7.011	3.84039	7.0022	
7.58988	11.0085	14.2218	9.31323	11.7927	1.67852	4.65466	7.22423	5.0934	4.1572	6.9614	7.23037	7.4466	6.1592	7.99134	9.43325	10.0792	5.0437	4.50978	6.27857	5.03606	7.011	0	5.11677	3.4951	
6.16335	5.89177	2.68222	15.9492	4.42169	6.79529	9.77143	3.99237	4.85256	9.13847	13.323	10.9839	2.32983	11.276	2.87458	5.79259	12.0642	17.6708	4.54156	1.73418	6.26113	3.84039	5.11677	0	4.51765	
4.09478	11.7274	3.7315	16.0025	7.62755	5.17362	5.10638	5.12811	6.67682	7.65231	8.75855	3.73526	8.18886	9.6543	8.11153	4.19557	13.4829	11.9973	10.4677	2.78347	4.72498	7.0022	3.4951	4.51765	0	

0	9.93962	3.08293	20.8585	4.91811	5.76128	7.36975	0.661832	6.68251	8.32929	9.54748	6.30229	1.66364	4.11469	4.6902	6.92479	8.69577	8.9476	13.2518	5.64883	9.63932	3.78575	7.72357	5.05667	3.35174	
9.93962	0	13.0226	13.0087	6.35383	7.98321	13.0595	10.6015	15.079	16.9996	9.21867	14.2538	5.07809	14.1449	10.6971	5.76568	14.0814	12.1421	11.8536	4.23105	13.8046	3.58614	10.7349	2.31522	13.187	
3.08293	13.0226	0	15.9248	1.83517	5.50908	6.74417	3.44268	8.2529	7.62724	4.23717	0.991978	2.44087	8.47954	9.05505	6.9796	6.73469	5.98781	7.41689	3.26309	15.8234	3.8773	12.0884	5.20374	0.268806	
20.8585	13.0087	15.9248	0	14.0896	17.1165	10.425	7.82992	11.0039	9.93443	3.78999	19.1681	18.0097	4.37706	9.62281	10.5458	8.99065	6.71337	6.81208	14.7179	8.63452	10.7295	5.30622	18.1282	7.75835	
4.91811	6.35383	1.83517	14.0896	0	4.01766	4.909	4.9219	9.54351	10.5327	7.04818	3.80299	3.92009	8.39456	4.67036	5.97655	7.24901	7.82298	11.2389	5.95443	10.4791	2.04213	6.68871	3.31305	2.10398	
5.76128	7.98321	5.50908	17.1165	4.01766	0	5.55953	6.33062	9.56199	9.87239	9.20863	3.37093	4.58027	8.32796	4.60376	5.90994	7.18241	10.3115	11.3405	1.34363	2.31204	1.97553	6.6221	3.24645	4.33791	
