20
5
3
5
20

6	21
10	1
47	15
18	25
31	42

9	22
22	5
8	17
2	22
20	29
2	24
25	15
20	24
15	2
4	18
29	47
34	25
27	39
46	33
33	29
28	46
44	28
33	32
35	23
40	39

70

1.79769e+308
1.79769e+308
1.79769e+308
1.79769e+308
1.79769e+308

20
11
18
13
12
17
19
13
18
14
12
15
15
20
13
14
17
19
14
16

0
0
0
0
0

0

0	6.52674	15.9791	2.52982	11.9157	4.83828	9.95606	6.05527	5.15388	7.7175	2.7	6.19179	5.25783	5.46619	0.901388	12.1226	7.96982	7.52282	11.4975	7.18707	13.0262	7.72787	10.0688	14.0082	12.9133	
6.52674	0	16.9503	6.83052	11.4495	7.7788	7.33648	10.1584	8.52935	11.1688	9.22674	5.9503	9.55852	2.80446	7.42813	15.3025	10.5757	11.8235	17.8149	9.12211	13.8439	10.8331	8.49211	13.9867	11.9846	
15.9791	16.9503	0	13.8276	15.9508	15.7253	22.3289	9.76281	11.3853	14.8496	14.9853	11	11.0996	17.1102	14.9167	20.3522	12.2419	13.4336	17.5115	11.0874	18.3452	13.7419	11.7174	8.79755	13.6508	
2.52982	6.83052	13.8276	0	10.543	7.36811	12.4859	5.50669	7.6837	5.18768	5.22982	3.66197	2.728	7.99601	3.43121	9.59273	5.44	4.993	16.2362	4.65725	10.3705	8.36329	5.28725	9.4202	7.22063	
11.9157	11.4495	15.9508	10.543	0	8.93743	19.8973	12.87	12.8157	9.21197	9.21567	12.7273	9.06317	19.4007	12.1882	5.32782	11.9675	5.55	5.07293	3.58743	4.55	5.29837	2.95743	8.73742	6.91723	
4.83828	7.7788	15.7253	7.36811	8.93743	0	14.7943	7.59754	4.34	3.38999	7.53828	12.074	7.13999	10.0649	5.73967	14.407	8.15447	7.05195	10.0361	6.61	11.3318	8.32094	5.98	13.4064	9.56338	
9.95606	7.33648	22.3289	12.4859	19.8973	14.7943	0	16.1723	15.1099	18.1796	12.6561	13.2868	17.5891	10.1409	10.8575	11.4964	15.3937	15.3589	13.17	10.6422	12.2742	17.6839	12.0387	15.9575	8.07886	
6.05527	10.1584	9.76281	5.50669	12.87	7.59754	16.1723	0	7.49784	10.6915	5.34734	9.16865	8.23469	11.6825	5.15388	15.0994	10.9467	10.4997	17.6337	10.1639	15.2644	12.2536	9.91262	18.5604	13.8724	
5.15388	8.52935	11.3853	7.6837	12.8157	4.34	15.1099	7.49784	0	7.72999	3.6	14.7316	12.5016	5.72489	6.05527	18.4696	16.5096	14.5116	14.3761	11.34	17.6918	12.8818	10.32	20.1828	13.8133	
7.7175	11.1688	14.8496	5.18768	9.21197	3.38999	18.1796	10.6915	7.72999	0	10.9235	7.66234	3.75	13.6897	9.12489	14.7804	10.0795	3.66197	11.0485	9.84493	14.7635	13.9482	9.36999	10.0164	10.942	
2.7	9.22674	14.9853	5.22982	9.21567	7.53828	12.6561	5.34734	3.6	10.9235	0	13.09	10.5748	8.16619	2.97254	17.6165	13.4465	10.7587	14.2886	10.4164	13.7657	10.4279	12.1731	17.9531	10.2133	
6.19179	5.9503	11	3.66197	12.7273	12.074	13.2868	9.16865	14.7316	7.66234	13.09	0	3.91234	8.75476	15.0195	9.35222	7.26496	8.65496	19.0422	8.31922	10.13	10.1882	9.76991	8.58019	13.7297	
5.25783	9.55852	11.0996	2.728	9.06317	7.13999	17.5891	8.23469	12.5016	3.75	10.5748	3.91234	0	13.341	8.77619	12.3207	8.168	7.41197	14.7985	6.73574	11.4575	8.44667	6.10574	12.4925	10.0655	
5.46619	2.80446	17.1102	7.99601	19.4007	10.0649	10.1409	11.6825	5.72489	13.6897	8.16619	8.75476	13.341	0	6.36757	24.1386	26.767	20.2365	35.1167	12.2256	21.7064	13.1941	11.2966	16.7912	20.4031	
0.901388	7.42813	14.9167	3.43121	12.1882	5.73967	10.8575	5.15388	6.05527	9.12489	2.97254	15.0195	8.77619	6.36757	0	12.9476	8.59834	7.78621	19.1616	7.44387	12.1698	8.62926	8.07387	14.4542	10.0072	
12.1226	15.3025	20.3522	9.59273	5.32782	14.407	11.4964	15.0994	18.4696	14.7804	17.6165	9.35222	12.3207	24.1386	12.9476	0	9.92685	11.8794	9.68999	11.0813	0.777817	6.07612	6.1296	13.9071	14.7812	
7.96982	10.5757	12.2419	5.44	11.9675	8.15447	15.3937	10.9467	16.5096	10.0795	13.4465	7.26496	8.168	26.767	8.59834	9.92685	0	6.41752	6.6929	1.15447	8.22159	2.92329	1.78447	3.9802	3.71785	
7.52282	11.8235	13.4336	4.993	5.55	7.05195	15.3589	10.4997	14.5116	3.66197	10.7587	8.65496	7.41197	20.2365	7.78621	11.8794	6.41752	0	10.6229	7.57198	10.1	9.3408	7.28344	10.3977	7.28	
11.4975	17.8149	17.5115	16.2362	5.07293	10.0361	13.17	17.6337	14.3761	11.0485	14.2886	19.0422	14.7985	35.1167	19.1616	9.68999	6.6929	10.6229	0	7.65455	9.06792	3.76962	6.11056	10.0499	5.09117	
7.18707	9.12211	11.0874	4.65725	3.58743	6.61	10.6422	10.1639	11.34	9.84493	10.4164	8.31922	6.73574	12.2256	7.44387	11.0813	1.15447	7.57198	7.65455	0	5.98178	2.97094	0.63	5.13467	2.56338	
13.0262	13.8439	18.3452	10.3705	4.55	11.3318	12.2742	15.2644	17.6918	14.7635	13.7657	10.13	11.4575	21.7064	12.1698	0.777817	8.22159	10.1	9.06792	5.98178	0	5.2983	5.35178	11.5786	9.31158	
7.72787	10.8331	13.7419	8.36329	5.29837	8.32094	17.6839	12.2536	12.8818	13.9482	10.4279	10.1882	8.44667	13.1941	8.62926	6.07612	2.92329	9.3408	3.76962	2.97094	5.2983	0	2.34094	6.28033	6.30074	
10.0688	8.49211	11.7174	5.28725	2.95743	5.98	12.0387	9.91262	10.32	9.36999	12.1731	9.76991	6.10574	11.2966	8.07387	6.1296	1.78447	7.28344	6.11056	0.63	5.35178	2.34094	0	8.62127	3.19338	
14.0082	13.9867	8.79755	9.4202	8.73742	13.4064	15.9575	18.5604	20.1828	10.0164	17.9531	8.58019	12.4925	16.7912	14.4542	13.9071	3.9802	10.3977	10.0499	5.13467	11.5786	6.28033	8.62127	0	7.87864	
12.9133	11.9846	13.6508	7.22063	6.91723	9.56338	8.07886	13.8724	13.8133	10.942	10.2133	13.7297	10.0655	20.4031	10.0072	14.7812	3.71785	7.28	5.09117	2.56338	9.31158	6.30074	3.19338	7.87864	0	

0	6.69416	24.3399	3.44688	17.1856	0.980306	9.17518	2.59384	1.52555	3.97914	4.24555	7.55784	4.42851	12.9753	5.80494	22.4239	8.85052	11.9887	8.76986	17.3388	10.3715	11.3009	11.3403	10.3472	10.2677	
6.69416	0	12.6796	12.0057	12.264	7.82861	13.2136	8.1365	5.16861	16.3711	7.88861	13.1875	16.1922	3.00842	10.3867	18.63	10.385	17.8662	23.0667	18.4279	14.0145	10.9781	16.9699	7.9924	13.9108	
24.3399	12.6796	0	31.213	21.0014	25.0661	17.264	17.5555	21.1209	28.955	19.8927	13.1405	15.5254	9.67115	17.0494	21.4965	9.86666	13.9006	8.53478	11.5391	20.4046	6.00375	8.80909	8.98948	17.8176	
3.44688	12.0057	31.213	0	10.8162	2.46658	5.50694	6.26208	5.12658	0.939149	8.36824	5.59921	0.760263	15.7121	8.99776	12.6154	16.4802	12.8439	6.9895	10.6891	15.683	14.1423	7.47657	11.8335	12.5103	
17.1856	12.264	21.0014	10.8162	0	12.8759	16.0314	13.4435	10.9241	9.87704	12.8556	13.1079	13.932	20.9367	11.7678	3.2311	6.66422	7.45	8.20652	14.6633	5.25342	7.25736	11.1905	4.27163	2.18197	
0.980306	7.82861	25.0661	2.46658	12.8759	0	7.97352	3.57414	2.50586	2.99883	5.38	8.94526	3.22684	13.9095	6.53119	20.0045	11.7595	13.383	9.04919	12.7488	11.5059	12.3527	17.1088	9.36692	11.4022	
9.17518	13.2136	17.264	5.50694	16.0314	7.97352	0	7.26087	12.344	6.44609	11.4422	2.29687	6.2672	10.2051	8.65941	23.0476	12.9252	9.52182	14.7203	11.1849	20.0504	9.4336	8.45488	11.1332	13.8495	
2.59384	8.1365	17.5555	6.26208	13.4435	3.57414	7.26087	0	2.96789	10.9104	5.68789	4.964	9.80295	11.2319	4.57665	18.5794	6.25668	11.2655	11.3637	8.35946	11.8138	10.1196	8.74643	8.64927	11.2616	
1.52555	5.16861	21.1209	5.12658	10.9241	2.50586	12.344	2.96789	0	5.65883	2.72	7.9319	7.59737	8.17703	5.5028	10.8682	9.22457	10.0087	10.2954	17.2087	8.8459	18.9689	11.7143	11.3039	8.74216	
3.97914	16.3711	28.955	0.939149	9.87704	2.99883	6.44609	10.9104	5.65883	0	14.647	5.94643	1.69941	16.6072	9.53002	13.1081	11.8528	13.1714	6.05036	9.75	12.7114	8.58138	12.48	12.3658	12.059	
4.24555	7.88861	19.8927	8.36824	12.8556	5.38	11.4422	5.68789	2.72	14.647	0	14.5136	14.94	10.1611	2.7828	19.2216	10.9765	7.28869	13.4699	18.9112	11.5659	11.5697	20.1084	8.58394	11.4622	
7.55784	13.1875	13.1405	5.59921	13.1079	8.94526	2.29687	4.964	7.9319	5.94643	14.5136	0	4.83895	10.6608	9.54065	16.6941	10.6284	7.22496	9.66776	12.2546	19.2458	7.13674	9.76991	8.83631	14.115	
4.42851	16.1922	15.5254	0.760263	13.932	3.22684	6.2672	9.80295	7.59737	1.69941	14.94	4.83895	0	15.4997	12.816	11.8551	15.2723	12.0639	13.8004	9.44631	13.8775	11.9757	6.71631	13.6753	11.75	
12.9753	3.00842	9.67115	15.7121	20.9367	13.9095	10.2051	11.2319	8.17703	16.6072	10.1611	10.6608	15.4997	0	7.37827	29.0366	8.05487	13.0637	21.6497	10.1577	20.2957	11.9178	16.6109	10.4475	16.9641	
5.80494	10.3867	17.0494	8.99776	11.7678	6.53119	8.65941	4.57665	5.5028	9.53002	2.7828	9.54065	12.816	7.37827	0	19.3036	10.8333	6.85186	14.2714	16.1284	15.7777	14.7488	13.3231	11.3667	9.58579	
22.4239	18.63	21.4965	12.6154	3.2311	20.0045	23.0476	18.5794	10.8682	13.1081	19.2216	16.6941	11.8551	29.0366	19.3036	0	13.0302	10.6811	8.68341	11.4322	2.02233	13.6233	13.6179	7.50273	5.41307	
8.85052	10.385	9.86666	16.4802	6.66422	11.7595	12.9252	6.25668	9.22457	11.8528	10.9765	10.6284	15.2723	8.05487	10.8333	13.0302	0	5.00879	6.39394	2.10278	17.0296	3.86291	4.83278	2.39259	11.8988	
11.9887	17.8662	13.9006	12.8439	7.45	13.383	9.52182	11.2655	10.0087	13.1714	7.28869	7.22496	12.0639	13.0637	6.85186	10.6811	5.00879	0	10.4279	7.11158	12.0208	7.8969	13.4605	7.40139	6.89	
8.76986	23.0667	8.53478	6.9895	8.20652	9.04919	14.7203	11.3637	10.2954	6.05036	13.4699	9.66776	13.8004	21.6497	14.2714	8.68341	6.39394	10.4279	0	8.56893	6.66108	2.53103	11.2989	5.51676	6.02455	
17.3388	18.4279	11.5391	10.6891	14.6633	12.7488	11.1849	8.35946	17.2087	9.75	18.9112	12.2546	9.44631	10.1577	16.1284	11.4322	2.10278	7.11158	8.56893	0	13.4546	5.9657	2.73	4.49538	11.7385	
10.3715	14.0145	20.4046	15.683	5.25342	11.5059	20.0504	11.8138	8.8459	12.7114	11.5659	19.2458	13.8775	20.2957	15.7777	2.02233	17.0296	12.0208	6.66108	13.4546	0	9.19211	11.5955	11.9216	9.83197	
11.3009	10.9781	6.00375	14.1423	7.25736	12.3527	9.4336	10.1196	18.9689	8.58138	11.5697	7.13674	11.9757	11.9178	14.7488	13.6233	3.86291	7.8969	2.53103	5.9657	9.19211	0	12.4189	2.98573	8.55558	
11.3403	16.9699	8.80909	7.47657	11.1905	17.1088	8.45488	8.74643	11.7143	12.48	20.1084	9.76991	6.71631	16.6109	13.3231	13.6179	4.83278	13.4605	11.2989	2.73	11.5955	12.4189	0	10.9486	9.00854	
10.3472	7.9924	8.98948	11.8335	4.27163	9.36692	11.1332	8.64927	11.3039	12.3658	8.58394	8.83631	13.6753	10.4475	11.3667	7.50273	2.39259	7.40139	5.51676	4.49538	11.9216	2.98573	10.9486	0	6.4536	
10.2677	13.9108	17.8176	12.5103	2.18197	11.4022	13.8495	11.2616	8.74216	12.059	11.4622	14.115	11.75	16.9641	9.58579	5.41307	11.8988	6.89	6.02455	11.7385	9.83197	8.55558	9.00854	6.4536	0	

0	9.58616	12.2598	11.6056	6.52993	2.21359	7.00758	3.48835	0.865852	11.3442	2.2	14.8275	4.44966	5.25595	4.66717	10.2175	11.4845	13.8799	21.477	16.1505	11.7365	26.5125	15.1605	18.1798	14.6886	
9.58616	0	17.3054	19.6465	16.1161	11.6987	7.97243	11.1022	9.80899	14.7954	7.54899	18.4254	21.0732	6.2208	7.39138	14.8004	7.80646	20.485	17.3251	13.6613	17.0854	17.6203	14.8068	9.75184	15.0086	
12.2598	17.3054	0	10.7579	16.7223	10.0462	17.615	11.321	13.7154	9.70354	14.1959	12.2688	8.25354	24.4539	9.91404	9.17878	13.7744	9.3723	13.3405	7.9196	10.6778	15.0419	8.9096	18.1654	9.5	
11.6056	19.6465	10.7579	0	15.4087	4.74046	11.8658	5.39622	13.4823	0.98387	12.7532	6.51969	2.43387	23.7996	10.242	16.1529	7.97278	9.65052	8.44493	5.29007	18.6586	13.4531	13.5646	13.7854	18.6488	
6.52993	16.1161	16.7223	15.4087	0	8.74353	12.6825	13.4617	7.39578	15.1562	8.72993	8.29759	12.3129	11.7859	12.6954	6.89907	13.5953	7.35	15.6137	12.3098	5.4	13.0196	9.26518	11.6499	8.15868	
2.21359	11.6987	10.0462	4.74046	8.74353	0	11.5975	1.27475	3.07945	3.68607	4.14966	6.25136	2.23607	7.46954	4.98555	8.00391	13.4342	9.85042	15.7119	5.02175	9.50297	23.9143	15.6687	13.4446	18.0312	
7.00758	7.97243	17.615	11.8658	12.6825	11.5975	0	13.6449	17.9722	10.8114	19.3138	4.38493	8.40022	1.75163	17.3557	17.0232	10.0292	10.1649	14.0655	12.1471	22.3629	19.8431	9.45777	8.09874	14.2342	
3.48835	11.1022	11.321	5.39622	13.4617	1.27475	13.6449	0	6.95112	4.41235	5.42442	15.8836	3.51082	12.1878	3.7108	9.27866	11.4013	13.079	14.9761	12.0823	14.0911	17.864	17.9563	12.1698	19.306	
0.865852	9.80899	13.7154	13.4823	7.39578	3.07945	17.9722	6.95112	0	11.3635	2.26	16.9535	12.2461	6.1218	3.80132	12.5109	11.5445	15.1497	20.2188	19.17	11.7965	28.1297	16.0263	19.1209	25.228	
11.3442	14.7954	9.70354	0.98387	15.1562	3.68607	10.8114	4.41235	11.3635	0	11.7694	5.4653	1.45	18.3168	8.12314	11.3054	6.98891	8.66665	9.4288	4.23568	14.5356	13.4517	8.66	8.93428	17.6649	
2.2	7.54899	14.1959	12.7532	8.72993	4.14966	19.3138	5.42442	2.26	11.7694	0	17.7691	6.38573	7.45595	4.61693	11.0355	9.28453	15.4054	18.8032	15.1393	9.53646	19.0984	13.4016	11.2299	22.1809	
14.8275	18.4254	12.2688	6.51969	8.29759	6.25136	4.38493	15.8836	16.9535	5.4653	17.7691	0	4.0153	6.13656	13.1522	8.41875	5.65919	5.77997	9.68052	6.06284	8.93802	11.4355	5.07284	3.71381	11.4085	
4.44966	21.0732	8.25354	2.43387	12.3129	2.23607	8.40022	3.51082	12.2461	1.45	6.38573	4.0153	0	11.1131	7.48663	10.24	8.43891	7.61435	10.9493	2.78568	11.4685	13.2839	3.77568	7.72911	16.0908	
5.25595	6.2208	24.4539	23.7996	11.7859	7.46954	1.75163	12.1878	6.1218	18.3168	7.45595	6.13656	11.1131	0	11.4214	21.6985	11.7809	19.0597	16.221	23.5601	24.9287	21.2292	20.4164	23.2046	15.9858	
4.66717	7.39138	9.91404	10.242	12.6954	4.98555	17.3557	3.7108	3.80132	8.12314	4.61693	13.1522	7.48663	11.4214	0	13.2545	13.9015	18.9322	22.8327	17.7353	14.1534	29.9832	16.7453	15.8806	19.414	
10.2175	14.8004	9.17878	16.1529	6.89907	8.00391	17.0232	9.27866	12.5109	11.3054	11.0355	8.41875	10.24	21.6985	13.2545	0	6.99392	2.63879	7.70795	10.1819	1.49907	8.30836	5.36424	8.9393	16.2364	
11.4845	7.80646	13.7744	7.97278	13.5953	13.4342	10.0292	11.4013	11.5445	6.98891	9.28453	5.65919	8.43891	11.7809	13.9015	6.99392	0	9.63271	9.51866	5.85481	8.49299	9.6671	6.84481	1.94538	13.336	
13.8799	20.485	9.3723	9.65052	7.35	9.85042	10.1649	13.079	15.1497	8.66665	15.4054	5.77997	7.61435	19.0597	18.9322	2.63879	9.63271	0	10.3467	8.55003	4.13785	5.66957	7.56003	9.49378	13.8957	
21.477	17.3251	13.3405	8.44493	15.6137	15.7119	14.0655	14.9761	20.2188	9.4288	18.8032	9.68052	10.9493	16.221	22.8327	7.70795	9.51866	10.3467	0	8.97697	9.20702	5.0082	9.96697	8.17634	12.134	
16.1505	13.6613	7.9196	5.29007	12.3098	5.02175	12.1471	12.0823	19.17	4.23568	15.1393	6.06284	2.78568	23.5601	17.7353	10.1819	5.85481	8.55003	8.97697	0	4.85518	13.9852	0.99	6.9827	7.32568	
11.7365	17.0854	10.6778	18.6586	5.4	9.50297	22.3629	14.0911	11.7965	14.5356	9.53646	8.93802	11.4685	24.9287	14.1534	1.49907	8.49299	4.13785	9.20702	4.85518	0	11.5386	3.86518	9.85788	10.2009	
26.5125	17.6203	15.0419	13.4531	13.0196	23.9143	19.8431	17.864	28.1297	13.4517	19.0984	11.4355	13.2839	21.2292	29.9832	8.30836	9.6671	5.66957	5.0082	13.9852	11.5386	0	13.2296	7.72172	14.982	
15.1605	14.8068	8.9096	13.5646	9.26518	15.6687	9.45777	17.9563	16.0263	8.66	13.4016	5.07284	3.77568	20.4164	16.7453	5.36424	6.84481	7.56003	9.96697	0.99	3.86518	13.2296	0	5.9927	6.33568	
18.1798	9.75184	18.1654	13.7854	11.6499	13.4446	8.09874	12.1698	19.1209	8.93428	11.2299	3.71381	7.72911	23.2046	15.8806	8.9393	1.94538	9.49378	8.17634	6.9827	9.85788	7.72172	5.9927	0	11.9018	
14.6886	15.0086	9.5	18.6488	8.15868	18.0312	14.2342	19.306	25.228	17.6649	22.1809	11.4085	16.0908	15.9858	19.414	16.2364	13.336	13.8957	12.134	7.32568	10.2009	14.982	6.33568	11.9018	0	

0	11.4657	12.2765	7.71596	13.5337	4.5853	13.3738	5.15767	3.62833	12.6998	4.84833	10.2643	6.29984	6.54312	2.2715	9.92917	15.9675	10.2337	20.0255	21.1274	12.4311	18.58	11.0318	15.6972	26.5056	
11.4657	0	16.761	9.86631	18.8547	12.997	7.46298	7.57852	15.7267	16.5745	12.9181	12.029	10.7843	5.25199	9.19416	16.8518	17.0257	19.491	22.8721	18.4702	18.5094	20.8315	15.4402	23.232	25.8056	
12.2765	16.761	0	9.12956	14.0719	14.362	16.1023	18.7665	10.0191	11.6957	11.2391	14.5221	5.9767	24.5233	12.9828	8.24767	12.9295	11.0195	13.3405	16.1968	7.27186	10.0062	10.7086	10.8167	7	
7.71596	9.86631	9.12956	0	8.98839	3.13065	13.2785	7.93987	5.86038	6.7082	7.08038	11.4742	3.15286	11.8294	7.99703	11.681	10.08	12.2884	18.5709	12.9249	10.878	13.0033	7.8848	13.2999	11.4039	
13.5337	18.8547	14.0719	8.98839	0	12.119	15.328	16.9283	14.4675	7.66322	20.7814	15.0963	12.1412	20.8178	10.3503	2.69258	7.20479	3.3	15.8963	11.4944	3.66839	11.2719	8.46437	12.2443	12.359	
4.5853	12.997	14.362	3.13065	12.119	0	14.2907	6.73071	6.65	9.83886	7.87	11.1812	6.28351	9.138	4.86637	12.5241	13.2107	14.819	15.4402	18.2965	16.1104	19.6193	13.1172	19.5259	19.1684	
13.3738	7.46298	16.1023	13.2785	15.328	14.2907	0	7.56003	13.6338	14.5132	12.4138	12.0105	10.1256	4.87409	9.14572	14.075	9.56276	12.028	23.2872	12.4077	15.7757	12.486	14.8576	12.7827	26.7547	
5.15767	7.57852	18.7665	7.93987	16.9283	6.73071	7.56003	0	8.74748	11.8835	9.96748	4.45048	9.89226	7.1578	2.88617	10.5438	17.1228	16.0475	22.1709	12.029	25.7506	16.5629	12.3416	8.42042	25.2301	
3.62833	15.7267	10.0191	5.86038	14.4675	6.65	13.6338	8.74748	0	11.0085	1.22	13.198	9.01323	8.88616	5.89983	11.775	15.9404	13.862	16.8781	12.4762	12.7508	15.7587	9.44617	12.8759	15.7043	
12.6998	16.5745	11.6957	6.7082	7.66322	9.83886	14.5132	11.8835	11.0085	0	12.2285	7.43303	6.4	18.5376	13.4061	9.46268	4.95047	10.9632	11.7012	7.29933	12.2456	7.87376	4.26933	7.59308	4.69574	
4.84833	12.9181	11.2391	7.08038	20.7814	7.87	12.4138	9.96748	1.22	12.2285	0	17.45	12.8109	7.66616	9.04411	12.995	21.1303	18.8837	26.0792	23.9753	19.0646	22.3607	10.6662	14.0959	25.6191	
10.2643	12.029	14.5221	11.4742	15.0963	11.1812	12.0105	4.45048	13.198	7.43303	17.45	0	8.54537	18.2054	7.33666	18.7028	7.18987	12.9142	10.065	7.57852	16.2705	6.85271	7.89108	3.96994	12.1288	
6.29984	10.7843	5.9767	3.15286	12.1412	6.28351	10.1256	9.89226	9.01323	6.4	12.8109	8.54537	0	11.2777	7.00608	8.70091	11.3505	9.93177	12.1638	7.76194	7.7251	11.6377	4.73194	12.5153	11.0957	
6.54312	5.25199	24.5233	11.8294	20.8178	9.138	4.87409	7.1578	8.88616	18.5376	7.66616	18.2054	11.2777	0	4.27163	11.9293	14.4369	16.9021	18.4131	21.2694	25.4536	15.5795	20.6922	17.98	21.8806	
2.2715	9.19416	12.9828	7.99703	10.3503	4.86637	9.14572	2.88617	5.89983	13.4061	9.04411	7.33666	7.00608	4.27163	0	7.65768	12.1699	10.2965	20.3066	25.0709	8.63348	19.4491	11.738	17.9687	23.7239	
9.92917	16.8518	8.24767	11.681	2.69258	12.5241	14.075	10.5438	11.775	9.46268	12.995	18.7028	8.70091	11.9293	7.65768	0	4.51221	2.63879	20.7704	7.35715	0.975807	7.43549	11.157	7.73214	14.3126	
15.9675	17.0257	12.9295	10.08	7.20479	13.2107	9.56276	17.1228	15.9404	4.95047	21.1303	7.18987	11.3505	14.4369	12.1699	4.51221	0	7.15099	5.70125	2.84494	5.48801	2.92329	5.87494	3.21994	9.64622	
10.2337	19.491	11.0195	12.2884	3.3	14.819	12.028	16.0475	13.862	10.9632	18.8837	12.9142	9.93177	16.9021	10.2965	2.63879	7.15099	0	15.0394	11.6103	3.61459	11.6887	11.7644	8.94427	16.77	
20.0255	22.8721	13.3405	18.5709	15.8963	15.4402	23.2872	22.1709	16.8781	11.7012	26.0792	10.065	12.1638	18.4131	20.3066	20.7704	5.70125	15.0394	0	2.85631	17.0902	7.21612	5.88631	6.09509	8.23072	
21.1274	18.4702	16.1968	12.9249	11.4944	18.2965	12.4077	12.029	12.4762	7.29933	23.9753	7.57852	7.76194	21.2694	25.0709	7.35715	2.84494	11.6103	2.85631	0	16.2608	5.76823	3.03	6.06488	10.7418	
12.4311	18.5094	7.27186	10.878	3.66839	16.1104	15.7757	25.7506	12.7508	12.2456	19.0646	16.2705	7.7251	25.4536	8.63348	0.975807	5.48801	3.61459	17.0902	16.2608	0	9.87411	12.457	12.6919	13.3367	
18.58	20.8315	10.0062	13.0033	11.2719	19.6193	12.486	16.5629	15.7587	7.87376	22.3607	6.85271	11.6377	15.5795	19.4491	7.43549	2.92329	11.6887	7.21612	5.76823	9.87411	0	6.90577	2.88278	10.5342	
11.0318	15.4402	10.7086	7.8848	8.46437	13.1172	14.8576	12.3416	9.44617	4.26933	10.6662	7.89108	4.73194	20.6922	11.738	11.157	5.87494	11.7644	5.88631	3.03	12.457	6.90577	0	9.78855	8.96508	
15.6972	23.232	10.8167	13.2999	12.2443	19.5259	12.7827	8.42042	12.8759	7.59308	14.0959	3.96994	12.5153	17.98	17.9687	7.73214	3.21994	8.94427	6.09509	6.06488	12.6919	2.88278	9.78855	0	12.2888	
26.5056	25.8056	7	11.4039	12.359	19.1684	26.7547	25.2301	15.7043	4.69574	25.6191	12.1288	11.0957	21.8806	23.7239	14.3126	9.64622	16.77	8.23072	10.7418	13.3367	10.5342	8.96508	12.2888	0	

0	12.5915	8.70171	5.43912	16.5305	3.28877	8.08152	4.02492	3.00987	8.80383	3.64987	11.6716	6.44535	6.72761	4.83144	15.6209	21.3855	9.68052	15.1573	9.57109	14.9838	22.3071	11.8948	12.9707	13.1669	
12.5915	0	25.4265	12.0966	17.9266	17.1286	12.3961	16.4527	6.48438	18.7346	5.84438	23.3801	22.3334	5.86387	10.4561	32.3457	35.9951	26.4053	20.665	33.7641	30.1804	19.3982	13.5281	15.0886	18.7916	
8.70171	25.4265	0	14.1408	23.7614	11.9905	22.8787	12.7266	11.7116	17.9441	16.1517	20.02	20.1713	15.4293	13.5331	24.3226	17.8773	18.3822	10.8167	19.632	23.9168	15.8766	20.5643	18.172	17.8594	
5.43912	12.0966	14.1408	0	9.41308	3.03579	12.5781	5.31289	5.34579	4.90623	6.25218	11.4186	1.00623	12.1667	10.2706	10.9577	9.14265	9.31371	10.3609	10.576	15.5838	13.4151	6.45565	7.53159	17.7411	
16.5305	17.9266	23.7614	9.41308	0	18.5296	9.07993	14.8848	12.9463	7.15234	10.6412	18.5517	11.0523	12.0628	11.3713	3.42836	5.64444	5.81549	10.0786	7.75743	2	13.094	2.95743	5.44671	3.03579	
3.28877	17.1286	11.9905	3.03579	18.5296	0	7.98284	3.92625	2.31	8.10396	2.95	8.38284	4.04202	8.51197	5.038	15.6445	18.7421	12.9693	15.0586	9.47241	16.5296	21.0177	9.49144	10.5674	18.1322	
8.08152	12.3961	22.8787	12.5781	9.07993	7.98284	0	4.0566	9.13326	13.9941	13.8062	15.6605	8.36326	6.62572	10.1176	10.6245	8.80951	8.98056	15.189	9.60277	25.9897	7.00209	6.1225	8.61178	17.4079	
4.02492	16.4527	12.7266	5.31289	14.8848	3.92625	4.0566	0	5.07666	8.20666	5.71666	12.3091	4.30666	10.6823	6.06097	11.7183	9.46312	10.794	11.1324	5.54617	13.1466	9.30159	10.1791	11.6177	14.3964	
3.00987	6.48438	11.7116	5.34579	12.9463	2.31	9.13326	5.07666	0	5.79396	0.64	10.6928	9.38332	6.20197	2.728	16.795	16.8597	12.6904	15.4606	9.30396	18.8396	21.7814	8.32375	9.88424	11.0635	
8.80383	18.7346	17.9441	4.90623	7.15234	8.10396	13.9941	8.20666	5.79396	0	6.43396	20.5789	3.9	11.9959	8.52197	11.999	7.42695	8.75786	12.759	3.51	9.15234	7.26542	7.87158	9.58157	10.1881	
3.64987	5.84438	16.1517	6.25218	10.6412	2.95	13.8062	5.71666	0.64	6.43396	0	17.5357	7.25841	6.84197	3.368	12.1858	10.3708	10.5418	14.8206	12.4837	21.836	22.7017	7.68375	9.24424	18.9692	
11.6716	23.3801	20.02	11.4186	18.5517	8.38284	15.6605	12.3091	10.6928	20.5789	17.5357	0	16.6789	22.2862	18.1796	20.0963	10.3593	18.4523	24.8928	14.2762	24.9125	13.1782	13.0463	14.3619	26.8797	
6.44535	22.3334	20.1713	1.00623	11.0523	4.04202	8.36326	4.30666	9.38332	3.9	7.25841	16.6789	0	16.4696	10.3676	16.025	11.6695	12.3237	9.35464	7.41	15.9184	12.4088	7.46188	7.66698	16.3974	
6.72761	5.86387	15.4293	12.1667	12.0628	8.51197	6.62572	10.6823	6.20197	11.9959	6.84197	22.2862	16.4696	0	8.92997	16.9094	18.3984	16.4081	22.6718	19.3349	14.0628	13.6278	12.7482	23.0721	15.0986	
4.83144	10.4561	13.5331	10.2706	11.3713	5.038	10.1176	6.06097	2.728	8.52197	3.368	18.1796	10.3676	8.92997	0	17.7793	20.0763	14.512	15.3782	11.6071	26.3264	24.7122	17.3893	19.8786	8.33547	
15.6209	32.3457	24.3226	10.9577	3.42836	15.6445	10.6245	11.7183	16.795	11.999	12.1858	20.0963	16.025	16.9094	17.7793	0	7.18902	6.73166	14.5285	9.30201	1.42836	21.2397	4.50201	6.99129	7.88243	
21.3855	35.9951	17.8773	9.14265	5.64444	18.7421	8.80951	9.46312	16.8597	7.42695	10.3708	10.3593	11.6695	18.3984	20.0763	7.18902	0	5.54506	11.5967	3.91695	22.6075	2.81888	2.68701	4.00256	13.9724	
9.68052	26.4053	18.3822	9.31371	5.81549	12.9693	8.98056	10.794	12.6904	8.75786	10.5418	18.4523	12.3237	16.4081	14.512	6.73166	5.54506	0	14.4969	5.24786	5.3033	9.00328	2.85806	5.34734	9.88579	
15.1573	20.665	10.8167	10.3609	10.0786	15.0586	15.189	11.1324	15.4606	12.759	14.8206	24.8928	9.35464	22.6718	15.3782	14.5285	11.5967	14.4969	0	9.249	13.1001	8.77782	10.8143	8.325	7.04278	
9.57109	33.7641	19.632	10.576	7.75743	9.47241	9.60277	5.54617	9.30396	3.51	12.4837	14.2762	7.41	19.3349	11.6071	9.30201	3.91695	5.24786	9.249	0	10.5512	3.75542	4.8	6.07157	11.8404	
14.9838	30.1804	23.9168	15.5838	2	16.5296	25.9897	13.1466	18.8396	9.15234	21.836	24.9125	15.9184	14.0628	26.3264	1.42836	22.6075	5.3033	13.1001	10.5512	0	21.8779	4.95743	18.8986	5.03579	
22.3071	19.3982	15.8766	13.4151	13.094	21.0177	7.00209	9.30159	21.7814	7.26542	22.7017	13.1782	12.4088	13.6278	24.7122	21.2397	2.81888	9.00328	8.77782	3.75542	21.8779	0	5.50589	6.82144	15.5958	
11.8948	13.5281	20.5643	6.45565	2.95743	9.49144	6.1225	10.1791	8.32375	7.87158	7.68375	13.0463	7.46188	12.7482	17.3893	4.50201	2.68701	2.85806	10.8143	4.8	4.95743	5.50589	0	2.48928	5.99322	
12.9707	15.0886	18.172	7.53159	5.44671	10.5674	8.61178	11.6177	9.88424	9.58157	9.24424	14.3619	7.66698	23.0721	19.8786	6.99129	4.00256	5.34734	8.325	6.07157	18.8986	6.82144	2.48928	0	13.7747	
13.1669	18.7916	17.8594	17.7411	3.03579	18.1322	17.4079	14.3964	11.0635	10.1881	18.9692	26.8797	16.3974	15.0986	8.33547	7.88243	13.9724	9.88579	7.04278	11.8404	5.03579	15.5958	5.99322	13.7747	0	

0	5.09902	19.8707	11.7148	12.7334	1.04355	7.0145	5.17376	4.04064	11.9958	7.2	13.1743	8.42258	6.2637	3.85794	16.3152	16.7964	17.5089	16.2869	13.0773	17.7582	16.5628	24.6982	14.1678	19.3741	
5.09902	0	30.6455	16.3225	17.8324	6.14257	12.1135	9.40774	8.31522	18.8057	11.2269	21.1748	15.0479	6.57774	5.40833	21.4142	18.3468	23.7838	21.3859	20.5312	23.6684	24.0798	17.0734	19.6335	20.3342	
19.8707	30.6455	0	16.8341	12.1839	20.4789	17.6221	11.0505	17.7611	8.89042	21.2211	19.5512	16.6112	18.9032	20.668	14.2421	7.38238	13.5796	18.4304	4.94975	17.9039	10.4065	10.1697	5.33622	14.152	
11.7148	16.3225	16.8341	0	4.28019	8.65358	17.5138	4.73831	8.48723	6.43988	5.12999	11.7539	1.27456	16.343	8.73772	11.1538	5.76597	5.49229	12.3269	9.95263	9.63019	8.67433	9.54889	9.99408	10.921	
12.7334	17.8324	12.1839	4.28019	0	13.7769	13.9424	9.0185	14.9592	10.6396	9.41018	14.5616	5.55475	12.0628	15.2097	7.5986	7.25032	8.3	8.04671	7.23412	5.35	4.39414	10.7151	8.54325	6.64078	
1.04355	6.14257	20.4789	8.65358	13.7769	0	8.05805	4.13021	5.0842	10.9523	8.24355	18.8625	7.37902	5.22015	4.90149	17.2583	11.8704	18.0321	17.3304	10.231	21.3328	17.1977	15.7159	11.3215	18.7383	
7.0145	12.1135	17.6221	17.5138	13.9424	8.05805	0	13.991	11.0551	15.0794	14.2145	6.15978	16.2392	13.6322	10.8724	16.5685	15.105	12.4214	10.3259	12.6724	20.7978	9.5483	17.8924	15.2109	13.2938	
5.17376	9.40774	11.0505	4.73831	9.0185	4.13021	13.991	0	3.74892	10.7455	7.20892	16.7314	6.01287	8.85353	3.99941	16.0972	8.53342	10.2306	16.9047	6.10079	16.5603	12.8538	11.3208	7.19124	17.8511	
4.04064	8.31522	17.7611	8.48723	14.9592	5.0842	11.0551	3.74892	0	9.99854	3.46	12.9825	8.69317	7.76101	2.90689	18.5724	13.1846	16.5796	20.3275	9.84971	14.0182	15.2735	18.3097	10.9402	19.019	
11.9958	18.8057	8.89042	6.43988	10.6396	10.9523	15.0794	10.7455	9.99854	0	6.53854	8.91964	7.71443	12.6312	12.3571	12.4601	6.63998	7.0798	14.2693	6.11	17.0968	6.24541	11.1364	3.55421	9.99092	
7.2	11.2269	21.2211	5.12999	9.41018	8.24355	14.2145	7.20892	3.46	6.53854	0	15.4582	6.40455	10.6727	5.81859	12.8068	12.65	10.6223	23.4869	12.6485	10.5582	12.784	17.1762	10.0927	13.8924	
13.1743	21.1748	19.5512	11.7539	14.5616	18.8625	6.15978	16.7314	12.9825	8.91964	15.4582	0	16.2671	14.5971	15.8894	16.8867	17.3007	6.26163	16.4857	14.8914	14.6381	15.1651	10.3182	12.4739	17.9723	
8.42258	15.0479	16.6112	1.27456	5.55475	7.37902	16.2392	6.01287	8.69317	7.71443	6.40455	16.2671	0	12.5992	11.6001	9.87927	4.49141	6.76685	17.5395	6.92405	12.1279	13.8869	7.95624	7.57719	11.1933	
6.2637	6.57774	18.9032	16.343	12.0628	5.22015	13.6322	8.85353	7.76101	12.6312	10.6727	14.5971	12.5992	0	4.85412	18.8788	13.9605	14.5523	20.1095	13.9535	17.4128	16.4569	10.4957	16.1854	17.7223	
3.85794	5.40833	20.668	8.73772	15.2097	4.90149	10.8724	3.99941	2.90689	12.3571	5.81859	15.8894	11.6001	4.85412	0	20.1731	12.9385	18.3754	20.1448	10.1002	16.3768	18.1804	15.3498	11.1907	19.6403	
16.3152	21.4142	14.2421	11.1538	7.5986	17.2583	16.5685	16.0972	18.5724	12.4601	12.8068	16.8867	9.87927	18.8788	20.1731	0	11.8479	12.2895	15.0441	13.6031	2.2486	7.02016	8.38305	8.90591	5.58279	
16.7964	18.3468	7.38238	5.76597	7.25032	11.8704	15.105	8.53342	13.1846	6.63998	12.65	17.3007	4.49141	13.9605	12.9385	11.8479	0	7.52142	13.2355	2.43263	10.0361	8.74837	3.46482	3.08577	6.70188	
17.5089	23.7838	13.5796	5.49229	8.3	18.0321	12.4214	10.2306	16.5796	7.0798	10.6223	6.26163	6.76685	14.5523	18.3754	12.2895	7.52142	0	16.3467	8.62981	10.0409	12.6941	4.0566	10.634	11.2832	
16.2869	21.3859	18.4304	12.3269	8.04671	17.3304	10.3259	16.9047	20.3275	14.2693	23.4869	16.4857	17.5395	20.1095	20.1448	15.0441	13.2355	16.3467	0	15.2808	9.86785	8.0239	13.7603	13.6865	6.53367	
13.0773	20.5312	4.94975	9.95263	7.23412	10.231	12.6724	6.10079	9.84971	6.11	12.6485	14.8914	6.92405	13.9535	10.1002	13.6031	2.43263	8.62981	15.2808	0	12.5841	9.94082	5.22	5.51841	9.13451	
17.7582	23.6684	17.9039	9.63019	5.35	21.3328	20.7978	16.5603	14.0182	17.0968	10.5582	14.6381	12.1279	17.4128	16.3768	2.2486	10.0361	10.0409	9.86785	12.5841	0	7.07969	8.17634	11.1545	3.33419	
16.5628	24.0798	10.4065	8.67433	4.39414	17.1977	9.5483	12.8538	15.2735	6.24541	12.784	15.1651	13.8869	16.4569	18.1804	7.02016	8.74837	12.6941	8.0239	9.94082	7.07969	0	10.9721	5.6626	3.7455	
24.6982	17.0734	10.1697	9.54889	10.7151	15.7159	17.8924	11.3208	18.3097	11.1364	17.1762	10.3182	7.95624	10.4957	15.3498	8.38305	3.46482	4.0566	13.7603	5.22	8.17634	10.9721	0	6.5506	7.22663	
14.1678	19.6335	5.33622	9.99408	8.54325	11.3215	15.2109	7.19124	10.9402	3.55421	10.0927	12.4739	7.57719	16.1854	11.1907	8.90591	3.08577	10.634	13.6865	5.51841	11.1545	5.6626	6.5506	0	9.4081	
19.3741	20.3342	14.152	10.921	6.64078	18.7383	13.2938	17.8511	19.019	9.99092	13.8924	17.9723	11.1933	17.7223	19.6403	5.58279	6.70188	11.2832	6.53367	9.13451	3.33419	3.7455	7.22663	9.4081	0	

0	16.2413	16.5356	9.40764	18.5512	5.66048	8.14587	5.05351	5.32229	9.70238	5.95	7.57145	11.1679	15.2656	3.53344	16.3545	12.4148	23.7072	19.2093	12.0863	12.8036	14.6799	19.4002	11.9682	13.2084	
16.2413	0	21.3624	12.9905	13.9922	15.3717	8.09543	20.634	23.7187	17.016	18.5782	15.7045	15.6382	7.95447	20.5752	10.4516	10.8612	8.74216	19.1589	13.5824	12.5446	25.7509	19.7134	11.8003	29.0523	
16.5356	21.3624	0	20.5014	10.2165	23.9853	19.3187	11.2413	11.3853	14.5046	12.0053	10.34	15.1506	21.4367	13.1742	16.2732	5.26581	15.9542	11.4624	6.53367	14.1801	6.79761	8.99367	4.32666	15.3528	
9.40764	12.9905	20.5014	0	11.3411	4.45881	4.89506	4.35412	9.11614	5.45601	7.07965	12.4507	3.95784	13.4247	7.85876	9.14446	14.4846	9.15382	10.6676	7.26035	12.1042	10.5272	4.80035	11.2688	12.509	
18.5512	13.9922	10.2165	11.3411	0	17.9612	15.9931	15.0525	25.9842	11.7833	23.326	8.19769	7.38326	22.8283	20.8296	3.55421	6.40407	5.25	12.8019	3.68283	5.64724	8.10097	6.14283	9.0587	13.8508	
5.66048	15.3717	23.9853	4.45881	17.9612	0	7.27632	1.52971	3.24084	4.04191	2.62084	13.2319	8.41665	9.60508	5.03435	13.098	16.4181	13.6126	13.512	12.8994	9.27983	16.4982	9.25917	8.44436	9.68463	
8.14587	8.09543	19.3187	4.89506	15.9931	7.27632	0	8.80602	11.1028	10.3511	9.89716	8.97866	8.8529	8.52967	11.6793	17.2564	10.2625	14.0489	11.0635	12.9837	18.6181	16.5025	9.69541	11.2016	20.6935	
5.05351	20.634	11.2413	4.35412	15.0525	1.52971	8.80602	0	5.29349	5.57161	4.15055	12.625	8.31196	11.1348	3.50464	9.84316	7.85381	13.5079	14.0504	11.3696	7.75012	9.38561	9.15448	6.91466	8.15492	
5.32229	23.7187	11.3853	9.11614	25.9842	3.24084	11.1028	5.29349	0	12.9398	0.62	7.45291	13.074	14.4096	1.78885	18.4176	12.2962	18.27	18.2902	11.9678	17.8253	13.1522	13.9165	15.6231	13.6931	
9.70238	17.016	14.5046	5.45601	11.7833	4.04191	10.3511	5.57161	12.9398	0	6.66275	13.4849	4.4	9.06149	14.7287	9.05608	11.1171	14.6098	9.47012	8.97	11.1491	10.9694	10.2564	10.178	19.313	
5.95	18.5782	12.0053	7.07965	23.326	2.62084	9.89716	4.15055	0.62	6.66275	0	8.07291	16.7298	12.2259	2.40885	17.0279	20.7452	18.076	21.5462	21.2998	16.3955	13.7722	20.8937	17.7879	13.0731	
7.57145	15.7045	10.34	12.4507	8.19769	13.2319	8.97866	12.625	7.45291	13.4849	8.07291	0	14.2647	11.1528	9.24176	10.9647	4.8433	15.4771	20.0421	4.51486	13.0577	8.93301	6.97486	5.78245	25.0219	
11.1679	15.6382	15.1506	3.95784	7.38326	8.41665	8.8529	8.31196	13.074	4.4	16.7298	14.2647	0	13.4615	14.7013	5.18662	10.5268	12.6333	12.0084	9.74987	7.27965	6.56938	8.75819	9.04033	10.3149	
15.2656	7.95447	21.4367	13.4247	22.8283	9.60508	8.52967	11.1348	14.4096	9.06149	12.2259	11.1528	13.4615	0	12.6207	18.1176	15.9961	16.6966	18.5316	15.6677	23.3798	19.581	21.6055	17.11	28.0413	
3.53344	20.5752	13.1742	7.85876	20.8296	5.03435	11.6793	3.50464	1.78885	14.7287	2.40885	9.24176	14.7013	12.6207	0	25.4844	23.8981	25.5889	16.5013	14.8743	11.2548	14.941	21.2355	10.4193	11.6596	
16.3545	10.4516	16.2732	9.14446	3.55421	13.098	17.2564	9.84316	18.4176	9.05608	17.0279	10.9647	5.18662	18.1176	25.4844	0	6.99392	8.74098	14.7491	7.23703	2.09304	11.756	10.0907	7.93307	16.5412	
12.4148	10.8612	5.26581	14.4846	6.40407	16.4181	10.2625	7.85381	12.2962	11.1171	20.7452	4.8433	10.5268	15.9961	23.8981	6.99392	0	12.3655	8.07486	2.72125	9.08695	3.4101	5.18125	0.939149	19.5586	
23.7072	8.74216	15.9542	9.15382	5.25	13.6126	14.0489	13.5079	18.27	14.6098	18.076	15.4771	12.6333	16.6966	25.5889	8.74098	12.3655	0	16.8385	8.93283	10.834	14.0985	10.9713	11.6276	18.7919	
19.2093	19.1589	11.4624	10.6676	12.8019	13.512	11.0635	14.0504	18.2902	9.47012	21.5462	20.0421	12.0084	18.5316	16.5013	14.7491	8.07486	16.8385	0	8.32728	12.6561	5.43902	5.86728	7.13571	9.18452	
12.0863	13.5824	6.53367	7.26035	3.68283	12.8994	12.9837	11.3696	11.9678	8.97	21.2998	4.51486	9.74987	15.6677	14.8743	7.23703	2.72125	8.93283	8.32728	0	9.92323	4.41814	2.46	3.6604	8.16365	
12.8036	12.5446	14.1801	12.1042	5.64724	9.27983	18.6181	7.75012	17.8253	11.1491	16.3955	13.0577	7.27965	23.3798	11.2548	2.09304	9.08695	10.834	12.6561	9.92323	0	14.3414	8.47366	14.6648	14.4481	
14.6799	25.7509	6.79761	10.5272	8.10097	16.4982	16.5025	9.38561	13.1522	10.9694	13.7722	8.93301	6.56938	19.581	14.941	11.756	3.4101	14.0985	5.43902	4.41814	14.3414	0	6.87814	2.47095	3.7455	
19.4002	19.7134	8.99367	4.80035	6.14283	9.25917	9.69541	9.15448	13.9165	10.2564	20.8937	6.97486	8.75819	21.6055	21.2355	10.0907	5.18125	10.9713	5.86728	2.46	8.47366	6.87814	0	7.19124	7.8206	
11.9682	11.8003	4.32666	11.2688	9.0587	8.44436	11.2016	6.91466	15.6231	10.178	17.7879	5.78245	9.04033	17.11	10.4193	7.93307	0.939149	11.6276	7.13571	3.6604	14.6648	2.47095	7.19124	0	6.21646	
13.2084	29.0523	15.3528	12.509	13.8508	9.68463	20.6935	8.15492	13.6931	19.313	13.0731	25.0219	10.3149	28.0413	11.6596	16.5412	19.5586	18.7919	9.18452	8.16365	14.4481	3.7455	7.8206	6.21646	0	

0	5.91486	18.518	5.63274	19.5782	5.6921	8.82469	0.894427	3.42218	5.81589	6.12218	16.3595	7.94987	4.37055	3.07967	16.9183	14.0607	10.7778	14.7607	18.0876	15.4874	21.3593	13.5381	12.7458	14.3066	
5.91486	0	18.0417	11.6175	18.8867	10.0807	8.34841	6.80929	9.33704	7.43303	14.8649	11.6954	14.2266	4.6911	7.39138	14.0117	8.14587	18.6035	24.9436	10.9084	22.5605	14.6189	12.1026	8.59308	15.2593	
18.518	18.0417	0	15.8159	11.2985	15.6856	9.6933	18.3541	19.8964	16.1214	20.8295	13.42	15.3687	19.67	20.5393	12.6448	10.0047	13.7485	13.7011	12.7672	16.8985	16.4777	11.4518	10.452	16.5006	
5.63274	11.6175	15.8159	0	14.6407	5.21776	8.28025	4.73831	4.97491	5.94794	15.0412	11.6695	0.447214	8.21443	4.22617	13.7842	7.04398	7.06839	6.50021	4.34677	15.0131	11.1949	5.46247	9.72721	5.44721	
19.5782	18.8867	11.2985	14.6407	0	15.3953	20.9918	12.3334	12.4267	9.39614	14.4035	16.5033	9.07118	18.3979	13.6621	1.34629	7.21216	2.45	6.19129	11.7582	2.06754	13.7556	9.17824	15.1709	7.96894	
5.6921	10.0807	15.6856	5.21776	15.3953	0	5.99226	4.87456	8.26	11.1657	10.96	19.8584	5.66497	9.87341	2.68931	10.5166	14.4978	12.8359	15.1187	9.56453	9.79535	19.3599	10.6802	16.0016	15.2859	
8.82469	8.34841	9.6933	8.28025	20.9918	5.99226	0	9.71912	12.2469	14.783	17.7747	16.1825	7.83304	9.97666	8.68157	21.1701	14.4298	14.4542	13.886	18.2161	15.7876	13.3676	19.3318	22.2406	12.833	
0.894427	6.80929	18.3541	4.73831	12.3334	4.87456	9.71912	0	4.3166	4.92146	7.30805	13.3169	5.18553	3.47612	2.18525	12.9713	14.0183	9.88342	14.6393	9.08508	12.924	17.4123	9.59105	8.79878	12.7477	
3.42218	9.33704	19.8964	4.97491	12.4267	8.26	12.2469	4.3166	0	4.24891	2.7	10.1095	4.52769	8.08417	6.79329	12.2988	11.1245	9.9767	10.5807	13.0034	13.0173	16.7397	8.91849	8.12622	9.52769	
5.81589	7.43303	16.1214	5.94794	9.39614	11.1657	14.783	4.92146	4.24891	0	6.94891	18.1722	6.39515	8.39758	7.10671	8.04984	4.32453	11.1834	12.8948	7.24958	8.77109	12.4908	4.66958	3.87732	7.82624	
6.12218	14.8649	20.8295	15.0412	14.4035	10.96	17.7747	7.30805	2.7	6.94891	0	7.40945	7.22769	15.0927	9.98958	15.087	16.0198	11.9535	14.0385	16.6423	14.994	23.1697	13.1234	21.3602	20.4162	
16.3595	11.6954	13.42	11.6695	16.5033	19.8584	16.1825	13.3169	10.1095	18.1722	7.40945	0	11.2222	9.84073	17.0248	14.4762	8.61032	17.8434	17.2752	11.3728	15.8783	15.0833	19.1641	9.05753	16.2222	
7.94987	14.2266	15.3687	0.447214	9.07118	5.66497	7.83304	5.18553	4.52769	6.39515	7.22769	11.2222	0	14.0193	4.67338	9.75474	6.59676	6.62118	6.053	4.79398	9.66174	11.7074	5.90969	7.04398	5	
4.37055	4.6911	19.67	8.21443	18.3979	9.87341	9.97666	3.47612	8.08417	8.39758	15.0927	9.84073	14.0193	0	5.66136	17.1113	12.837	13.3595	20.2664	20.4435	18.9885	21.5523	13.7311	12.9388	16.8877	
3.07967	7.39138	20.5393	4.22617	13.6621	2.68931	8.68157	2.18525	6.79329	7.10671	9.98958	17.0248	4.67338	5.66136	0	14.3457	13.432	11.2121	12.8882	8.57294	12.4847	21.2598	9.68864	15.01	11.8352	
16.9183	14.0117	12.6448	13.7842	1.34629	10.5166	21.1701	12.9713	12.2988	8.04984	15.087	14.4762	9.75474	17.1113	14.3457	0	5.86587	3.13356	4.845	8.62835	0.721249	10.4994	10.5245	6.31308	9.31523	
14.0607	8.14587	10.0047	7.04398	7.21216	14.4978	14.4298	14.0183	11.1245	4.32453	16.0198	8.61032	6.59676	12.837	13.432	5.86587	0	8.99943	10.7109	2.76248	6.58712	6.47299	5.34248	0.447214	6.91271	
10.7778	18.6035	13.7485	7.06839	2.45	12.8359	14.4542	9.88342	9.9767	11.1834	11.9535	17.8434	6.62118	13.3595	11.2121	3.13356	8.99943	0	6.5752	14.4608	3.04056	12.2296	11.6282	19.5017	10.4189	
14.7607	24.9436	13.7011	6.50021	6.19129	15.1187	13.886	14.6393	10.5807	12.8948	14.0385	17.2752	6.053	20.2664	12.8882	4.845	10.7109	6.5752	0	12.2284	5.56625	5.65442	9.64842	15.6411	8.65499	
18.0876	10.9084	12.7672	4.34677	11.7582	9.56453	18.2161	9.08508	13.0034	7.24958	16.6423	11.3728	4.79398	20.4435	8.57294	8.62835	2.76248	14.4608	12.2284	0	11.8724	6.84812	2.58	3.20969	4.15023	
15.4874	22.5605	16.8985	15.0131	2.06754	9.79535	15.7876	12.924	13.0173	8.77109	14.994	15.8783	9.66174	18.9885	12.4847	0.721249	6.58712	3.04056	5.56625	11.8724	0	13.7933	13.801	14.8618	8.75224	
21.3593	14.6189	16.4777	11.1949	13.7556	19.3599	13.3676	17.4123	16.7397	12.4908	23.1697	15.0833	11.7074	21.5523	21.2598	10.4994	6.47299	12.2296	5.65442	6.84812	13.7933	0	9.42812	6.9202	10.066	
13.5381	12.1026	11.4518	5.46247	9.17824	10.6802	19.3318	9.59105	8.91849	4.66958	13.1234	19.1641	5.90969	13.7311	9.68864	10.5245	5.34248	11.6282	9.64842	2.58	13.801	9.42812	0	5.9927	5.04874	
12.7458	8.59308	10.452	9.72721	15.1709	16.0016	22.2406	8.79878	8.12622	3.87732	21.3602	9.05753	7.04398	12.9388	15.01	6.31308	0.447214	19.5017	15.6411	3.20969	14.8618	6.9202	5.9927	0	10.538	
14.3066	15.2593	16.5006	5.44721	7.96894	15.2859	12.833	12.7477	9.52769	7.82624	20.4162	16.2222	5	16.8877	11.8352	9.31523	6.91271	10.4189	8.65499	4.15023	8.75224	10.066	5.04874	10.538	0	

0	8.97427	18.8347	10.6522	14.1566	3.44688	12.3164	6.11116	2.10278	7.86622	3.64278	11.4424	8.26045	8.30475	2.23544	17.9337	10.4971	10.3331	14.1813	16.0862	16.9867	16.0903	21.8926	10.7323	17.3043	
8.97427	0	16.706	12.129	18.1491	7.89677	12.3798	4.83735	9.13299	11.1165	11.0813	8.02655	9.78115	3.92625	8.71307	19.007	11.3661	29.4028	21.8871	17.581	28.8358	17.5671	20.1455	18.6667	15.4928	
18.8347	16.706	0	12.8783	13.8093	22.3129	8.61626	20.8108	16.688	15.1804	19.9348	16.4465	10.5304	12.7797	22.8454	18.279	9.38531	14.1628	8.66334	13.3398	17.3093	6.67083	9.46977	16.5855	13.6937	
10.6522	12.129	12.8783	0	12.8784	10.2458	6.35992	11.1537	8.50553	4.87463	12.8031	9.45186	2.34787	12.5003	10.5054	10.5766	6.4	13.814	9.58254	10.1478	11.4505	7.59003	15.3095	9.59758	11.3479	
14.1566	18.1491	13.8093	12.8784	0	12.3337	22.4255	14.2829	14.4256	8.00381	13.3021	13.7648	11.6563	19.5505	11.9212	4.46969	8.24586	8.46687	13.0734	4.73506	3.5	9.67913	7.30908	5.04829	2.65631	
3.44688	7.89677	22.3129	10.2458	12.3337	0	13.5809	3.05941	5.54967	9.33852	6.4793	7.16755	11.7512	13.6344	5.68232	19.1599	7.05022	14.083	15.9106	11.6681	14.4759	9.7647	15.9598	7.28538	17.8159	
12.3164	12.3798	8.61626	6.35992	22.4255	13.5809	0	11.9384	10.1697	8.66204	12.9338	7.83023	4.01204	8.45351	17.3127	23.5343	6.53067	13.6102	16.118	11.1485	13.9564	9.24515	15.4402	9.72824	13.012	
6.11116	4.83735	20.8108	11.1537	14.2829	3.05941	11.9384	0	4.29564	6.27911	5.83564	4.10814	10.2804	8.20844	3.87572	17.5774	6.52871	9.8881	16.0123	11.1466	12.855	9.24319	15.4383	9.72628	14.7565	
