10
5
3
3
30

6	7
19	44
37	23
35	6
5	8

26	20
20	33
15	46
20	26
17	19
15	12
5	30
13	40
38	5
9	40

70

1.79769e+308
1.79769e+308
1.79769e+308
1.79769e+308
1.79769e+308

16
18
15
11
18
16
15
15
15
16

0
0
0
0
0

0

0	21.1774	19.578	19.0538	2.20617	14.7893	10.3695	16.3413	14.2402	11.1361	8.44242	15.4062	14.489	15.0693	11.929	
21.1774	0	22.0387	15.2872	23.3835	8.4153	13.8219	2.90689	12.2956	5.51757	8.21121	12.6714	6.57513	11.0701	7.31923	
19.578	22.0387	0	15.342	17.6304	4.78874	9.46708	19.7331	10.389	7.68646	12.1335	15.5859	16.9541	11.3575	15.204	
19.0538	15.2872	15.342	0	25.42	12.6673	18.0739	31.8078	16.5476	9.53702	12.4632	27.1687	19.1757	3.98447	32.8949	
2.20617	23.3835	17.6304	25.42	0	16.6108	8.16333	21.9524	12.6433	16.4677	10.6486	13.2	15.8893	17.2755	13.9002	
14.7893	8.4153	4.78874	12.6673	16.6108	0	8.44751	15.8336	5.60029	2.89772	5.59136	14.5663	12.1654	8.45027	14.1844	
10.3695	13.8219	9.46708	18.0739	8.16333	8.44751	0	10.1492	4.48	8.30434	10.2778	6.11882	8.2969	13.8569	5.7369	
16.3413	2.90689	19.7331	31.8078	21.9524	15.8336	10.1492	0	10.3078	8.42446	16.0196	6.35755	3.66824	31.0906	4.41235	
14.2402	12.2956	10.389	16.5476	12.6433	5.60029	4.48	10.3078	0	6.77804	5.79777	10.5988	13.9549	12.3306	10.2169	
11.1361	5.51757	7.68646	9.53702	16.4677	2.89772	8.30434	8.42446	6.77804	0	2.69364	12.0954	9.40613	5.55255	11.9661	
8.44242	8.21121	12.1335	12.4632	10.6486	5.59136	10.2778	16.0196	5.79777	2.69364	0	11.9429	12.0998	8.24619	14.9114	
15.4062	12.6714	15.5859	27.1687	13.2	14.5663	6.11882	6.35755	10.5988	12.0954	11.9429	0	2.68931	22.9709	5.24931	
14.489	6.57513	16.9541	19.1757	15.8893	12.1654	8.2969	3.66824	13.9549	9.40613	12.0998	2.68931	0	14.9587	2.56	
15.0693	11.0701	11.3575	3.98447	17.2755	8.45027	13.8569	31.0906	12.3306	5.55255	8.24619	22.9709	14.9587	0	26.9983	
11.929	7.31923	15.204	32.8949	13.9002	14.1844	5.7369	4.41235	10.2169	11.9661	14.9114	5.24931	2.56	26.9983	0	

0	14.1182	13.9542	13.5944	0.282843	10.9265	11.8031	17.7854	17.8282	11.5994	4.9419	7.36695	9.84845	8.97748	13.7214	
14.1182	0	15.2842	22.9432	14.4011	15.9818	6.51676	3.66715	9.73676	12.1007	9.9972	10.6915	7.65162	22.018	8.07775	
13.9542	15.2842	0	6.16221	14.2371	11.5158	18.6803	12.1279	21.0605	12.5998	17.5004	13.561	14.1265	10.7791	7.20647	
13.5944	22.9432	6.16221	0	20.6521	8.65089	25.6361	29.5361	13.4677	21.9733	12.946	28.2124	37.0202	4.61693	13.3687	
0.282843	14.4011	14.2371	20.6521	0	12.9253	19.5837	13.5501	23.8994	13.9998	5.22475	7.6498	9.56561	9.26033	16.4856	
10.9265	15.9818	11.5158	8.65089	12.9253	0	18.2389	25.5199	12.8847	15.012	5.98465	20.0094	26.9801	4.03397	18.7222	
11.8031	6.51676	18.6803	25.6361	19.5837	18.2389	0	3.89995	3.22	5.58395	14.6113	4.43615	7.88442	12.0708	8.82141	
17.7854	3.66715	12.1279	29.5361	13.5501	25.5199	3.89995	0	7.11995	9.4839	13.6644	8.3361	3.98447	26.5349	4.92146	
17.8282	9.73676	21.0605	13.4677	23.8994	12.8847	3.22	7.11995	0	8.80395	20.6033	7.65615	18.4652	8.85076	14.6938	
11.5994	12.1007	12.5998	21.9733	13.9998	15.012	5.58395	9.4839	8.80395	0	9.02734	4.23249	12.3133	17.9196	5.39333	
4.9419	9.9972	17.5004	12.946	5.22475	5.98465	14.6113	13.6644	20.6033	9.02734	0	12.3089	17.9665	10.0186	14.4207	
7.36695	10.6915	13.561	28.2124	7.6498	20.0094	4.43615	8.3361	7.65615	4.23249	12.3089	0	13.2745	16.3444	6.35449	
9.84845	7.65162	14.1265	37.0202	9.56561	26.9801	7.88442	3.98447	18.4652	12.3133	17.9665	13.2745	0	30.9599	6.92	
8.97748	22.018	10.7791	4.61693	9.26033	4.03397	12.0708	26.5349	8.85076	17.9196	10.0186	16.3444	30.9599	0	20.3667	
13.7214	8.07775	7.20647	13.3687	16.4856	18.7222	8.82141	4.92146	14.6938	5.39333	14.4207	6.35449	6.92	20.3667	0	

0	15.8175	10.3276	7.83465	0.339411	6.67904	8.85889	15.3591	8.96832	9.94392	5.45668	9.57941	15.2293	11.408	14.3337	
15.8175	0	15.834	20.7113	17.9516	22.1355	6.95858	6.09105	9.50599	23.0021	18.0318	6.95881	3.245	27.3418	6.685	
10.3276	15.834	0	7.18924	18.5788	3.64856	8.87539	21.0641	13.1521	8.97427	18.2928	21.2918	20.9343	10.7626	18.7457	
7.83465	20.7113	7.18924	0	8.17407	10.8378	16.0646	22.8419	16.803	16.1635	13.2913	22.2036	14.9965	3.57337	11.5565	
0.339411	17.9516	18.5788	8.17407	0	7.01845	9.19831	20.6836	9.30773	9.6045	5.7961	9.24	12.9538	25.1834	21.4146	
6.67904	22.1355	3.64856	10.8378	7.01845	0	12.5239	15.8943	9.50352	11.5003	12.1357	24.9404	15.7645	21.5145	16.6253	
8.85889	6.95858	8.87539	16.0646	9.19831	12.5239	0	12.257	7.07	16.1791	12.4218	14.9911	10.2036	21.7966	14.1918	
15.3591	6.09105	21.0641	22.8419	20.6836	15.8943	12.257	0	6.39081	16.7483	11.7426	6.55986	2.84605	30.4062	6.28605	
8.96832	9.50599	13.1521	16.803	9.30773	9.50352	7.07	6.39081	0	10.3575	5.35178	9.9748	6.26099	30.7035	7.1218	
9.94392	23.0021	8.97427	16.1635	9.6045	11.5003	16.1791	16.7483	10.3575	0	9.31854	18.8445	16.6184	26.5008	17.4792	
5.45668	18.0318	18.2928	13.2913	5.7961	12.1357	12.4218	11.7426	5.35178	9.31854	0	10.2956	11.6128	24.2452	8.87705	
9.57941	6.95881	21.2918	22.2036	9.24	24.9404	14.9911	6.55986	9.9748	18.8445	10.2956	0	3.71381	18.6302	7.15381	
15.2293	3.245	20.9343	14.9965	12.9538	15.7645	10.2036	2.84605	6.26099	16.6184	11.6128	3.71381	0	22.344	3.44	
11.408	27.3418	10.7626	3.57337	25.1834	21.5145	21.7966	30.4062	30.7035	26.5008	24.2452	18.6302	22.344	0	15.1299	
14.3337	6.685	18.7457	11.5565	21.4146	16.6253	14.1918	6.28605	7.1218	17.4792	8.87705	7.15381	3.44	15.1299	0	

0	38.4761	32.7999	28.0065	2.30517	18.4131	20.528	24.7026	18.027	14.6771	9.62899	14.6252	32.7464	23.7262	27.004	
38.4761	0	14.5993	15.1158	27.2274	18.8332	13.439	4.82991	11.4269	10.6371	20.9189	10.8791	1.65855	14.7499	8.21855	
32.7999	14.5993	0	14.4784	29.4609	8.89337	11.8338	23.0846	14.4088	19.0734	14.334	22.1613	12.9408	9.73499	19.5008	
28.0065	15.1158	14.4784	0	22.3579	20.4746	22.5895	10.2859	11.6581	14.0818	15.034	20.3619	21.2906	4.74342	18.4048	
2.30517	27.2274	29.4609	22.3579	0	12.7644	14.8793	22.3974	12.3783	12.3719	7.32382	12.32	21.3505	21.7103	21.3553	
18.4131	18.8332	8.89337	20.4746	12.7644	0	12.996	12.1124	5.51543	8.6379	5.44059	10.7937	17.1747	12.4301	13.5275	
20.528	13.439	11.8338	22.5895	14.8793	12.996	0	15.837	9.24	12.3625	7.55546	10.7079	11.7804	16.1547	12.3865	
24.7026	4.82991	23.0846	10.2859	22.3974	12.1124	15.837	0	6.59697	9.71944	11.6514	11.8752	6.48846	13.5116	10.6915	
18.027	11.4269	14.4088	11.6581	12.3783	5.51543	9.24	6.59697	0	3.12247	5.05446	5.27822	12.101	6.91466	8.01202	
14.6771	10.6371	19.0734	14.0818	12.3719	8.6379	12.3625	9.71944	3.12247	0	7.06171	8.40069	8.97857	9.33838	11.1345	
9.62899	20.9189	14.334	15.034	7.32382	5.44059	7.55546	11.6514	5.05446	7.06171	0	9.26607	16.0403	11.9691	13.0665	
14.6252	10.8791	22.1613	20.3619	12.32	10.7937	10.7079	11.8752	5.27822	8.40069	9.26607	0	9.2205	12.1929	13.2902	
32.7464	1.65855	12.9408	21.2906	21.3505	17.1747	11.7804	6.48846	12.101	8.97857	16.0403	9.2205	0	16.4084	6.56	
23.7262	14.7499	9.73499	4.74342	21.7103	12.4301	16.1547	13.5116	6.91466	9.33838	11.9691	12.1929	16.4084	0	14.9267	
27.004	8.21855	19.5008	18.4048	21.3553	13.5275	12.3865	10.6915	8.01202	11.1345	13.0665	13.2902	6.56	14.9267	0	

0	16.4713	6.97711	13.4139	0.551543	8.58734	14.7648	17.8381	12.7872	11.0696	6.69216	14.7228	15.5063	12.4622	22.2367	
16.4713	0	14.7307	18.0674	17.0228	20.9004	6.1854	3.30938	8.5654	10.0779	17.092	8.40373	6.20155	22.862	5.93982	
6.97711	14.7307	0	15.7722	7.52865	10.9457	12.7859	12.4504	15.5945	16.2884	13.6693	13.7797	8.52916	17.4869	10.3292	
13.4139	18.0674	15.7722	0	27.0599	4.82656	16.4059	14.758	12.1239	10.1692	7.63574	17.3996	12.1491	1.86574	13.9491	
0.551543	17.0228	7.52865	27.0599	0	9.13888	15.3164	19.9543	16.6001	11.6211	7.2437	22.5705	30.0873	20.3099	31.3883	
8.58734	20.9004	10.9457	4.82656	9.13888	0	9.63802	12.1112	7.29734	5.34268	3.80841	11.839	15.4494	6.69231	13.6494	
14.7648	6.1854	12.7859	16.4059	15.3164	9.63802	0	8.17801	2.38	4.29535	8.47509	6.73071	4.25678	24.722	6.05678	
17.8381	3.30938	12.4504	14.758	19.9543	12.1112	8.17801	0	12.5301	6.76849	13.1249	5.09435	3.92122	16.6238	2.63044	
12.7872	8.5654	15.5945	12.1239	16.6001	7.29734	2.38	12.5301	0	6.67535	6.09509	9.11071	6.63678	11.8651	9.97052	
11.0696	10.0779	16.2884	10.1692	11.6211	5.34268	4.29535	6.76849	6.67535	0	9.15109	11.0261	8.55213	16.6174	9.39893	
6.69216	17.092	13.6693	7.63574	7.2437	3.80841	8.47509	13.1249	6.09509	9.15109	0	8.03059	13.2812	5.76999	16.0656	
14.7228	8.40373	13.7797	17.3996	22.5705	11.839	6.73071	5.09435	9.11071	11.0261	8.03059	0	5.25056	13.8006	7.05056	
15.5063	6.20155	8.52916	12.1491	30.0873	15.4494	4.25678	3.92122	6.63678	8.55213	13.2812	5.25056	0	14.0148	1.8	
12.4622	22.862	17.4869	1.86574	20.3099	6.69231	24.722	16.6238	11.8651	16.6174	5.76999	13.8006	14.0148	0	20.454	
22.2367	5.93982	10.3292	13.9491	31.3883	13.6494	6.05678	2.63044	9.97052	9.39893	16.0656	7.05056	1.8	20.454	0	

0	16.1241	24.9459	19.231	2.09304	10.8003	13.5836	22.5261	15.1045	11.372	10.3862	26.1272	17.2465	18.2756	25.7872	
16.1241	0	20.4674	12.3693	16.2432	13.7083	2.54043	2.41495	5.61918	20.7241	6.85784	15.084	2.01911	16.2905	8.97911	
24.9459	20.4674	0	10.5915	17.0305	8.32328	16.0881	18.4697	11.0481	14.8432	19.4765	30.7111	14.6482	6.67027	21.7308	
19.231	12.3693	10.5915	0	17.138	11.8168	14.9097	14.7843	13.8783	18.3366	22.97	28.645	14.1739	3.92122	21.1339	
2.09304	16.2432	17.0305	17.138	0	8.70724	12.6106	28.2915	17.1976	9.27893	8.29315	26.2463	17.3656	20.3686	25.244	
10.8003	13.7083	8.32328	11.8168	8.70724	0	11.1679	18.7919	11.3703	6.51988	11.1532	22.3527	14.8307	13.2545	16.5367	
13.5836	2.54043	16.0881	14.9097	12.6106	11.1679	0	4.95539	5.04	16.3113	4.31741	12.5436	3.66281	14.9971	10.6228	
22.5261	2.41495	18.4697	14.7843	28.2915	18.7919	4.95539	0	6.95208	18.6929	21.0315	13.4527	3.35201	17.3787	7.63675	
15.1045	5.61918	11.0481	13.8783	17.1976	11.3703	5.04	6.95208	0	11.2713	9.35741	16.4987	3.60007	9.95711	10.5601	
11.372	20.7241	14.8432	18.3366	9.27893	6.51988	16.3113	18.6929	11.2713	0	12.0122	23.7937	14.8714	15.3957	17.9778	
10.3862	6.85784	19.4765	22.97	8.29315	11.1532	4.31741	21.0315	9.35741	12.0122	0	16.861	7.98022	24.4077	21.4767	
26.1272	15.084	30.7111	28.645	26.2463	22.3527	12.5436	13.4527	16.4987	23.7937	16.861	0	12.776	27.3243	5.81598	
17.2465	2.01911	14.6482	14.1739	17.3656	14.8307	3.66281	3.35201	3.60007	14.8714	7.98022	12.776	0	13.5572	6.96	
18.2756	16.2905	6.67027	3.92122	20.3686	13.2545	14.9971	17.3787	9.95711	15.3957	24.4077	27.3243	13.5572	0	20.6398	
25.7872	8.97911	21.7308	21.1339	25.244	16.5367	10.6228	7.63675	10.5601	17.9778	21.4767	5.81598	6.96	20.6398	0	

0	16.1882	16.2605	12.7337	0.707107	13.5261	10.4018	14.7085	11.9636	6.56748	5.86851	19.5346	17.1493	31.4212	19.9	
16.1882	0	28.6469	22.8481	21.6285	12.5865	13.5898	4.96407	16.4148	13.6277	10.3197	18.549	6.22898	17.1868	11.922	
16.2605	28.6469	0	17.2884	15.4465	10.8317	19.7518	18.2498	13.9828	9.58616	19.5599	14.7405	19.9994	12.7997	18.9688	
12.7337	22.8481	17.2884	0	12.0266	7.98879	17.0616	15.6112	12.9622	14.9614	12.5284	15.9751	12.1685	5.21776	11.1285	
0.707107	21.6285	15.4465	12.0266	0	12.819	15.8421	14.524	14.39	5.86038	6.57562	18.7206	16.3354	17.2444	20.9561	
13.5261	12.5865	10.8317	7.98879	12.819	0	14.5259	7.62242	11.4551	6.97265	12.6494	12.9838	8.88733	13.2066	8.13713	
10.4018	13.5898	19.7518	17.0616	15.8421	14.5259	0	3.24481	7.84	10.1657	4.53328	11.2355	1.9799	15.5844	3.0199	
14.7085	4.96407	18.2498	15.6112	14.524	7.62242	3.24481	0	14.9351	8.66367	8.84	11.8046	1.26491	12.2228	2.30491	
11.9636	16.4148	13.9828	12.9622	14.39	11.4551	7.84	14.9351	0	8.52967	6.09509	7.4516	9.8199	7.74442	10.8607	
6.56748	13.6277	9.58616	14.9614	5.86038	6.97265	10.1657	8.66367	8.52967	0	9.97375	12.8603	9.92858	16.2741	11.515	
5.86851	10.3197	19.5599	12.5284	6.57562	12.6494	4.53328	8.84	6.09509	9.97375	0	13.5467	6.51318	13.8395	10.9221	
19.5346	18.549	14.7405	15.9751	18.7206	12.9838	11.2355	11.8046	7.4516	12.8603	13.5467	0	5.88665	15.196	4.84665	
17.1493	6.22898	19.9994	12.1685	16.3354	8.88733	1.9799	1.26491	9.8199	9.92858	6.51318	5.88665	0	13.4877	1.04	
31.4212	17.1868	12.7997	5.21776	17.2444	13.2066	15.5844	12.2228	7.74442	16.2741	13.8395	15.196	13.4877	0	16.3462	
19.9	11.922	18.9688	11.1285	20.9561	8.13713	3.0199	2.30491	10.8607	11.515	10.9221	4.84665	1.04	16.3462	0	

0	9.01999	15.8095	18.0908	0.551543	12.541	13.0784	11.8822	10.6212	7.65105	12.6743	23.7671	16.6638	24.2037	25.3909	
9.01999	0	19.1936	9.07083	9.57153	15.9251	18.7771	2.86217	14.0053	11.0351	16.0584	16.6081	7.64377	9.92465	6.08657	
15.8095	19.1936	0	24.9912	34.4548	11.7438	7.61931	23.8827	5.86931	8.15843	13.1817	18.7216	25.1219	25.845	24.386	
18.0908	9.07083	24.9912	0	30.4393	14.979	16.1657	11.933	22.8703	19.8689	17.5397	21.9568	16.7146	0.853815	24.035	
0.551543	9.57153	34.4548	30.4393	0	25.8365	15.7436	29.8633	11.88	8.20259	13.524	27.5	24.5029	31.0554	26.3977	
12.541	15.9251	11.7438	14.979	25.8365	0	9.64131	20.7514	7.86006	4.88991	9.91318	6.97782	15.9422	15.8328	23.2947	
13.0784	18.7771	7.61931	16.1657	15.7436	9.64131	0	20.3763	1.75	4.72015	11.8729	13.1555	13.1663	15.3119	18.3842	
11.8822	2.86217	23.8827	11.933	29.8633	20.7514	20.3763	0	20.3491	13.8973	22.4103	13.7736	7.20999	18.0459	3.22441	
10.6212	14.0053	5.86931	22.8703	11.88	7.86006	1.75	20.3491	0	2.97015	7.99343	14.8691	14.9163	17.0619	18.5167	
7.65105	11.0351	8.15843	19.8689	8.20259	4.88991	4.72015	13.8973	2.97015	0	5.02328	11.8677	18.6789	21.7252	21.4868	
12.6743	16.0584	13.1817	17.5397	13.524	9.91318	11.8729	22.4103	7.99343	5.02328	0	21.1393	25.0392	18.3935	19.1859	
23.7671	16.6081	18.7216	21.9568	27.5	6.97782	13.1555	13.7736	14.8691	11.8677	21.1393	0	8.96437	21.1142	15.0844	
16.6638	7.64377	25.1219	16.7146	24.5029	15.9422	13.1663	7.20999	14.9163	18.6789	25.0392	8.96437	0	22.8275	6.12	
24.2037	9.92465	25.845	0.853815	31.0554	15.8328	15.3119	18.0459	17.0619	21.7252	18.3935	21.1142	22.8275	0	23.1812	
25.3909	6.08657	24.386	24.035	26.3977	23.2947	18.3842	3.22441	18.5167	21.4868	19.1859	15.0844	6.12	23.1812	0	

0	14.4776	20.5869	8.48509	1.56978	21.6141	15.5641	22.0529	10.0048	14.5195	8.35508	17.8135	12.7846	23.1418	17.899	
14.4776	0	15.131	27.3254	12.8734	12.2052	9.71992	3.71187	13.459	10.0319	16.4384	6.65299	1.65855	11.9813	6.73855	
20.5869	15.131	0	22.6893	17.9295	7.27231	16.0745	13.0493	8.52612	5.09902	11.5055	17.4709	18.1827	20.1911	13.1027	
8.48509	27.3254	22.6893	0	6.91532	17.1426	17.6055	29.282	15.3504	19.3159	13.7006	34.7975	12.821	2.4982	31.2454	
1.56978	12.8734	17.9295	6.91532	0	18.9568	13.9943	20.4487	8.43507	11.8622	6.78531	16.2093	11.2148	9.41352	16.2948	
21.6141	12.2052	7.27231	17.1426	18.9568	0	14.8905	12.1394	5.60039	2.17329	8.57979	14.5452	18.4202	19.6408	16.1275	
15.5641	9.71992	16.0745	17.6055	13.9943	14.8905	0	13.4318	6.58	10.0071	8.85068	19.1507	11.3785	20.1037	17.0847	
22.0529	3.71187	13.0493	29.282	20.4487	12.1394	13.4318	0	14.4927	13.7438	20.8039	13.2506	5.37043	19.5566	3.98808	
10.0048	13.459	8.52612	15.3504	8.43507	5.60039	6.58	14.4927	0	3.4271	7.73036	15.799	15.5847	22.3562	10.5047	
14.5195	10.0319	5.09902	19.3159	11.8622	2.17329	10.0071	13.7438	3.4271	0	6.4065	12.3719	11.6905	18.9291	13.9317	
8.35508	16.4384	11.5055	13.7006	6.78531	8.57979	8.85068	20.8039	7.73036	6.4065	0	18.7784	18.0002	18.0312	18.235	
17.8135	6.65299	17.4709	34.7975	16.2093	14.5452	19.1507	13.2506	15.799	12.3719	18.7784	0	4.99444	15.3172	9.26248	
12.7846	1.65855	18.1827	12.821	11.2148	18.4202	11.3785	5.37043	15.5847	11.6905	18.0002	4.99444	0	10.3228	5.08	
23.1418	11.9813	20.1911	2.4982	9.41352	19.6408	20.1037	19.5566	22.3562	18.9291	18.0312	15.3172	10.3228	0	15.4028	
17.899	6.73855	13.1027	31.2454	16.2948	16.1275	17.0847	3.98808	10.5047	13.9317	18.235	9.26248	5.08	15.4028	0	

0	12.5495	21.629	9.94168	2.47487	23.1049	21.0174	15.1881	9.97271	9.76961	5.76555	10.1749	16.9882	17.0651	21.8243	
12.5495	0	18.5524	15.1605	11.9742	13	6.67779	2.63856	11.5378	8.27636	12.2804	6.73166	4.68722	18.4509	7.48722	
21.629	18.5524	0	16.4326	24.1039	8.66533	9.07262	13.1119	11.8049	12.5089	20.6087	20.3091	16.7642	20.6068	19.5642	
9.94168	15.1605	16.4326	0	17.5313	8.48809	16.5612	12.522	11.6276	8.18018	4.17612	12.294	17.9379	4.17421	18.8639	
2.47487	11.9742	24.1039	17.5313	0	10.6374	14.4978	14.6127	7.49784	14.9765	8.24043	7.7	14.2312	15.9053	14.2699	
23.1049	13	8.66533	8.48809	10.6374	0	8.96006	15.6386	3.13955	5.52378	9.52785	15.5589	16.4494	12.6623	10.4677	
21.0174	6.67779	9.07262	16.5612	14.4978	8.96006	0	4.03923	7	3.43628	7.44034	19.4193	9.79458	16.6805	8.38016	
15.1881	2.63856	13.1119	12.522	14.6127	15.6386	4.03923	0	11.0392	7.47551	16.6981	9.37022	5.75535	16.6962	8.55535	
9.97271	11.5378	11.8049	11.6276	7.49784	3.13955	7	11.0392	0	8.66334	15.758	12.4193	13.3047	9.68052	10.5047	
9.76961	8.27636	12.5089	8.18018	14.9765	5.52378	3.43628	7.47551	8.66334	0	4.00406	11.5138	7.74389	15.3036	4.94389	
5.76555	12.2804	20.6087	4.17612	8.24043	9.52785	7.44034	16.6981	15.758	4.00406	0	13.5902	19.9306	8.35033	8.94795	
10.1749	6.73166	20.3091	12.294	7.7	15.5589	19.4193	9.37022	12.4193	11.5138	13.5902	0	6.53119	16.4682	6.5699	
16.9882	4.68722	16.7642	17.9379	14.2312	16.4494	9.79458	5.75535	13.3047	7.74389	19.9306	6.53119	0	13.7637	2.8	
17.0651	18.4509	20.6068	4.17421	15.9053	12.6623	16.6805	16.6962	9.68052	15.3036	8.35033	16.4682	13.7637	0	16.5637	
21.8243	7.48722	19.5642	18.8639	14.2699	10.4677	8.38016	8.55535	10.5047	4.94389	8.94795	6.5699	2.8	16.5637	0	

0	15.4002	20.4697	17.4551	0.325269	11.9947	6.15622	12.1227	13.6885	19.0195	7.11058	15.2853	6.74685	13.7868	11.2899	
15.4002	0	15.8958	24.3731	14.7777	13.9011	8.94674	3.80132	14.1967	9.75759	21.6831	17.4231	8.65332	16.6027	8.04396	
20.4697	15.8958	0	14.6652	13.1285	5.81489	7.29754	12.0945	11.1606	15.8664	20.0339	25.501	11.0627	10.9969	14.8598	
17.4551	24.3731	14.6652	0	21.8921	25.1499	11.3242	20.5718	20.4295	15.0985	25.873	29.2381	25.9477	3.66824	23.6235	
0.325269	14.7777	13.1285	21.8921	0	21.0425	5.83095	15.2073	11.081	17.5599	6.78531	12.7568	7.07212	13.4869	10.9647	
11.9947	13.9011	5.81489	25.1499	21.0425	0	10.5957	10.6237	5.34573	10.0515	20.826	14.5964	5.24782	16.8118	11.8478	
6.15622	8.94674	7.29754	11.3242	5.83095	10.5957	0	10.307	5.25	10.581	12.6163	11.5473	12.2754	7.65593	7.56227	
12.1227	3.80132	12.0945	20.5718	15.2073	10.6237	10.307	0	11.2873	5.95627	16.7308	8.22766	5.37587	17.9629	4.24264	
13.6885	14.1967	11.1606	20.4295	11.081	5.34573	5.25	11.2873	0	5.33104	16.1056	10.8669	9.70454	12.9059	12.8123	
19.0195	9.75759	15.8664	15.0985	17.5599	10.0515	10.581	5.95627	5.33104	0	10.7746	14.0975	11.3321	18.7667	10.1125	
7.11058	21.6831	20.0339	25.873	6.78531	20.826	12.6163	16.7308	16.1056	10.7746	0	5.97147	15.32	20.3923	9.95649	
15.2853	17.4231	25.501	29.2381	12.7568	14.5964	11.5473	8.22766	10.8669	14.0975	5.97147	0	9.34856	25.8594	3.98502	
6.74685	8.65332	11.0627	25.9477	7.07212	5.24782	12.2754	5.37587	9.70454	11.3321	15.32	9.34856	0	19.9313	6.6	
13.7868	16.6027	10.9969	3.66824	13.4869	16.8118	7.65593	17.9629	12.9059	18.7667	20.3923	25.8594	19.9313	0	15.2182	
11.2899	8.04396	14.8598	23.6235	10.9647	11.8478	7.56227	4.24264	12.8123	10.1125	9.95649	3.98502	6.6	15.2182	0	

0	15.4753	11.8611	27.7079	1.0748	15.346	18.1483	11.2912	7.78828	9.27893	12.0605	10.1296	19.8407	17.6428	14.3759	
15.4753	0	20.3537	13.1034	11.245	15.0959	4.85996	1.02859	7.75194	9.02875	11.5231	5.34573	9.44654	23.1625	7.47741	
11.8611	20.3537	0	17.3161	12.9359	12.6559	22.6815	27.8572	12.6018	18.7231	24.3532	21.9906	22.0582	19.47	19.1894	
27.7079	13.1034	17.3161	0	18.0543	4.66013	14.5168	12.0748	16.7941	10.7272	16.3574	21.7725	19.121	1.48627	18.5236	
1.0748	11.245	12.9359	18.0543	0	22.683	22.544	10.2164	8.86308	10.3537	10.9857	11.2044	18.8178	16.568	16.6652	
15.346	15.0959	12.6559	4.66013	22.683	0	15.5169	16.7349	12.134	6.06711	10.9448	13.067	21.0314	6.1464	16.629	
18.1483	4.85996	22.6815	14.5168	22.544	15.5169	0	5.88855	10.36	9.44976	13.8621	10.2057	8.01859	16.0031	7.56227	
11.2912	1.02859	27.8572	12.0748	10.2164	16.7349	5.88855	0	8.78053	10.0573	12.7487	6.37432	8.04881	13.561	6.44881	
7.78828	7.75194	12.6018	16.7941	8.86308	12.134	10.36	8.78053	0	8.75814	12.8875	13.0977	8.18766	16.5952	6.58766	
9.27893	9.02875	18.7231	10.7272	10.3537	6.06711	9.44976	10.0573	8.75814	0	4.87767	6.99989	12.1619	14.1338	10.5619	
12.0605	11.5231	24.3532	16.3574	10.9857	10.9448	13.8621	12.7487	12.8875	4.87767	0	6.17738	7.89984	19.0114	6.29984	
10.1296	5.34573	21.9906	21.7725	11.2044	13.067	10.2057	6.37432	13.0977	6.99989	6.17738	0	8.81612	20.2862	7.21612	
19.8407	9.44654	22.0582	19.121	18.8178	21.0314	8.01859	8.04881	8.18766	12.1619	7.89984	8.81612	0	17.6348	1.6	
17.6428	23.1625	19.47	1.48627	16.568	6.1464	16.0031	13.561	16.5952	14.1338	19.0114	20.2862	17.6348	0	19.2348	
14.3759	7.47741	19.1894	18.5236	16.6652	16.629	7.56227	6.44881	6.58766	10.5619	6.29984	7.21612	1.6	19.2348	0	

0	22.699	15.3496	14.7351	2.10718	16.9575	15.7304	22.9883	10.6204	16.2561	12.2313	16.8059	23.5932	27.6085	25.5148	
22.699	0	11.3505	28.7558	20.9823	7.5	9.16765	3.71187	12.0786	13.2049	10.7644	14.8637	8.07643	24.1403	12.709	
15.3496	11.3505	0	17.6664	17.4568	16.7926	15.4676	7.63864	10.3576	15.9933	13.5282	16.8778	18.6702	12.2589	13.4302	
14.7351	28.7558	17.6664	0	12.628	18.3623	24.3681	23.5738	16.509	15.503	22.7521	9.98887	16.7762	5.40749	24.098	
2.10718	20.9823	17.4568	12.628	0	13.3885	14.0137	24.1592	8.90368	14.5394	10.1241	15.4238	26.591	18.0355	27.0191	
16.9575	7.5	16.7926	18.3623	13.3885	0	6.72938	11.2119	7.89131	5.70489	3.26435	8.37339	11.8771	15.8004	12.727	
15.7304	9.16765	15.4676	24.3681	14.0137	6.72938	0	12.8795	5.11	10.7457	9.99373	11.6302	5.14774	31.8586	5.99767	
22.9883	3.71187	7.63864	23.5738	24.1592	11.2119	12.8795	0	15.2555	17.7566	21.1668	13.5849	11.068	19.8975	14.0856	
10.6204	12.0786	10.3576	16.509	8.90368	7.89131	5.11	15.2555	0	5.63567	5.94643	6.52015	10.2577	15.7312	11.1077	
16.2561	13.2049	15.9933	15.503	14.5394	5.70489	10.7457	17.7566	5.63567	0	5.31448	11.8835	18.6709	10.0955	22.2095	
12.2313	10.7644	13.5282	22.7521	10.1241	3.26435	9.99373	21.1668	5.94643	5.31448	0	11.6377	22.135	15.41	16.895	
16.8059	14.8637	16.8778	9.98887	15.4238	8.37339	11.6302	13.5849	6.52015	11.8835	11.6377	0	6.78731	15.3964	12.0273	
23.5932	8.07643	18.6702	16.7762	26.591	11.8771	5.14774	11.068	10.2577	18.6709	22.135	6.78731	0	29.3007	5.24	
27.6085	24.1403	12.2589	5.40749	18.0355	15.8004	31.8586	19.8975	15.7312	10.0955	15.41	15.3964	29.3007	0	25.6891	
25.5148	12.709	13.4302	24.098	27.0191	12.727	5.99767	14.0856	11.1077	22.2095	16.895	12.0273	5.24	25.6891	0	

0	13.8162	10.5459	14.2184	0.296985	8.59427	24.5377	22.0374	10.7002	6.51153	5.25134	17.4183	24.626	19.12	24.124	
13.8162	0	12.3919	19.588	13.5192	19.5	13.248	1.2522	5.58146	21.5827	18.4736	11.0874	7.4988	23.0012	3.3388	
10.5459	12.3919	0	11.031	10.2489	11.1737	10.256	11.1397	13.966	13.2565	15.2033	15.3956	13.9188	6.12944	15.9763	
14.2184	19.588	11.031	0	14.5154	11.9832	12.96	13.5793	9.25	10.8798	14.5182	13.4466	18.1797	4.90153	20.9729	
0.296985	13.5192	10.2489	14.5154	0	14.4546	20.0653	14.7714	16.5606	6.80851	4.95435	19.1748	24.6965	14.571	16.858	
8.59427	19.5	11.1737	11.9832	14.4546	0	12.7272	15.445	6.27141	2.08274	9.87246	12.9895	9.06441	12.8703	13.2244	
24.5377	13.248	10.256	12.96	20.0653	12.7272	0	8.03926	3.71	7.89868	15.1109	5.65991	3.66281	16.3854	7.82281	
22.0374	1.2522	11.1397	13.5793	14.7714	15.445	8.03926	0	4.32926	8.51794	19.9386	12.3396	8.99661	17.2691	4.591	
10.7002	5.58146	13.966	9.25	16.5606	6.27141	3.71	4.32926	0	4.18868	11.9784	9.36991	7.37281	14.1515	9.16587	
6.51153	21.5827	13.2565	10.8798	6.80851	2.08274	7.89868	8.51794	4.18868	0	7.78972	10.9068	11.1472	14.953	20.1693	
5.25134	18.4736	15.2033	14.5182	4.95435	9.87246	15.1109	19.9386	11.9784	7.78972	0	18.6965	18.7737	9.61665	25.0201	
17.4183	11.0874	15.3956	13.4466	19.1748	12.9895	5.65991	12.3396	9.36991	10.9068	18.6965	0	9.32272	14.4902	9.26248	
24.626	7.4988	13.9188	18.1797	24.6965	9.06441	3.66281	8.99661	7.37281	11.1472	18.7737	9.32272	0	21.9347	4.16	
19.12	23.0012	6.12944	4.90153	14.571	12.8703	16.3854	17.2691	14.1515	14.953	9.61665	14.4902	21.9347	0	23.7527	
24.124	3.3388	15.9763	20.9729	16.858	13.2244	7.82281	4.591	9.16587	20.1693	25.0201	9.26248	4.16	23.7527	0	

0	14.3901	17.4723	13.7781	2.05061	9.79038	17.1272	10.3023	26.5772	9.86444	6.03563	15.7902	7.91858	13.1456	6.95858	
14.3901	0	27.9352	17.276	14.2891	15.049	13.1176	6.03738	7.54328	19.0329	8.93137	8.90955	3.31711	17.6036	4.27711	
17.4723	27.9352	0	4.95912	18.7308	18.3568	14.2006	26.6849	22.0962	15.705	22.7159	13.0208	24.0011	4.32666	27.5439	
13.7781	17.276	4.95912	0	12.9637	19.0315	25.7	21.5587	16.25	20.4812	8.97866	9.32656	10.8044	0.632456	9.84443	
2.05061	14.2891	18.7308	12.9637	0	7.73977	19.1778	8.25169	13.5946	7.81383	3.98502	15.6102	9.59929	15.1962	9.00919	
9.79038	15.049	18.3568	19.0315	7.73977	0	15.3048	15.9915	5.85484	5.25212	11.7248	11.1645	10.081	19.2094	9.18708	
17.1272	13.1176	14.2006	25.7	19.1778	15.3048	0	16.2962	9.45	14.1746	15.4148	19.1213	9.8005	18.5273	10.7605	
10.3023	6.03738	26.6849	21.5587	8.25169	15.9915	16.2962	0	14.9147	12.9955	12.2367	7.35851	9.35449	16.0526	11.6485	
26.5772	7.54328	22.0962	16.25	13.5946	5.85484	9.45	14.9147	0	11.107	9.84044	15.0584	4.22617	16.8825	5.18617	
9.86444	19.0329	15.705	20.4812	7.81383	5.25212	14.1746	12.9955	11.107	0	11.5026	16.4166	15.8021	20.0316	14.4392	
6.03563	8.93137	22.7159	8.97866	3.98502	11.7248	15.4148	12.2367	9.84044	11.5026	0	19.9385	5.61427	9.61112	6.57427	
15.7902	8.90955	13.0208	9.32656	15.6102	11.1645	19.1213	7.35851	15.0584	16.4166	19.9385	0	9.79167	8.6941	8.83167	
7.91858	3.31711	24.0011	10.8044	9.59929	10.081	9.8005	9.35449	4.22617	15.8021	5.61427	9.79167	0	29.9525	0.96	
13.1456	17.6036	4.32666	0.632456	15.1962	19.2094	18.5273	16.0526	16.8825	20.0316	9.61112	8.6941	29.9525	0	10.4769	
6.95858	4.27711	27.5439	9.84443	9.00919	9.18708	10.7605	11.6485	5.18617	14.4392	6.57427	8.83167	0.96	10.4769	0	

0	21.9617	15.488	13.5429	2.41831	23.0366	21.6836	25.763	16.8935	12.148	9.16311	17.4965	18.5809	10.26	22.0778	
21.9617	0	13.9248	22.5358	22.2961	15.6041	6.62722	3.80132	3.78583	12.3155	11.5162	5.74171	5.88842	18.9117	10.5549	
15.488	13.9248	0	8.51682	19.4377	7.63918	7.29754	11.4986	14.1072	17.3212	19.818	14.9461	9.41148	5.22805	13.3315	
13.5429	22.5358	8.51682	0	11.1246	21.5041	21.1625	24.1495	18.75	20.3158	17.3309	25.645	12.3212	3.28877	15.1066	
2.41831	22.2961	19.4377	11.1246	0	21.8875	19.8254	18.2497	18.5103	16.2324	11.5814	19.9148	16.1626	12.6783	20.0826	
23.0366	15.6041	7.63918	21.5041	21.8875	0	9.38771	7.812	10.4206	13.6346	13.8735	15.4576	5.72489	12.8672	8.9246	
21.6836	6.62722	7.29754	21.1625	19.8254	9.38771	0	5.74992	8.35856	11.5725	12.5205	7.64853	3.66281	12.5256	7.58281	
25.763	3.80132	11.4986	24.1495	18.2497	7.812	5.74992	0	6.78285	9.9968	17.34	9.54302	2.0871	11.1195	6.0071	
16.8935	3.78583	14.1072	18.75	18.5103	10.4206	8.35856	6.78285	0	8.52967	7.73036	9.52754	4.69574	13.7282	8.61574	
12.148	12.3155	17.3212	20.3158	16.2324	13.6346	11.5725	9.9968	8.52967	0	2.98485	14.1041	7.9097	16.9421	11.8297	
9.16311	11.5162	19.818	17.3309	11.5814	13.8735	12.5205	17.34	7.73036	2.98485	0	11.1193	10.8945	19.4231	19.6399	
17.4965	5.74171	14.9461	25.645	19.9148	15.4576	7.64853	9.54302	9.52754	14.1041	11.1193	0	9.73275	18.7652	13.6527	
18.5809	5.88842	9.41148	12.3212	16.1626	5.72489	3.66281	2.0871	4.69574	7.9097	10.8945	9.73275	0	9.03244	3.92	
10.26	18.9117	5.22805	3.28877	12.6783	12.8672	12.5256	11.1195	13.7282	16.9421	19.4231	18.7652	9.03244	0	11.8179	
22.0778	10.5549	13.3315	15.1066	20.0826	8.9246	7.58281	6.0071	8.61574	11.8297	19.6399	13.6527	3.92	11.8179	0	

0	17.8503	16.7356	7.83465	1.51321	9.01111	15.3554	14.8092	9.94828	17.2897	3.77498	23.1112	21.9881	13.1789	14.4128	
17.8503	0	11.742	16.9047	12.5815	7.25	5.96601	3.04105	4.14638	6.58343	9.49817	11.343	7.58993	24.3105	3.3388	
16.7356	11.742	0	8.90097	16.0306	11.0745	12.4794	16.5504	7.59558	6.32278	12.8021	24.8523	11.0391	14.2452	12.12	
7.83465	16.9047	8.90097	0	9.34786	14.8126	16.0612	13.8636	16.4965	15.2238	11.8831	22.1655	21.8326	5.34425	18.3608	
1.51321	12.5815	16.0306	9.34786	0	7.4979	14.4551	16.3225	7.61355	8.74107	2.26177	25.9317	11.8786	14.9656	12.8996	
9.01111	7.25	11.0745	14.8126	7.4979	0	9.49897	10.2911	3.47897	4.79935	8.16088	20.7236	6.92251	20.1568	10.5888	
15.3554	5.96601	12.4794	16.0612	14.4551	9.49897	0	2.92496	6.02	6.15666	11.3718	11.2269	6.63266	21.4054	7.42216	
14.8092	3.04105	16.5504	13.8636	16.3225	10.2911	2.92496	0	7.18744	9.08162	19.1152	8.3019	7.96894	19.2079	4.4972	
9.94828	4.14638	7.59558	16.4965	7.61355	3.47897	6.02	7.18744	0	2.43705	5.35178	17.4928	3.44354	23.0994	7.48519	
17.2897	6.58343	6.32278	15.2238	8.74107	4.79935	6.15666	9.08162	2.43705	0	6.4793	17.6295	5.88059	21.8267	17.3835	
3.77498	9.49817	12.8021	11.8831	2.26177	8.16088	11.3718	19.1152	5.35178	6.4793	0	27.3162	8.79533	18.2716	15.1614	
23.1112	11.343	24.8523	22.1655	25.9317	20.7236	11.2269	8.3019	17.4928	17.6295	27.3162	0	16.2708	47.3729	12.7991	
21.9881	7.58993	11.0391	21.8326	11.8786	6.92251	6.63266	7.96894	3.44354	5.88059	8.79533	16.2708	0	30.4523	5.84	
13.1789	24.3105	14.2452	5.34425	14.9656	20.1568	21.4054	19.2079	23.0994	21.8267	18.2716	47.3729	30.4523	0	27.6238	
14.4128	3.3388	12.12	18.3608	12.8996	10.5888	7.42216	4.4972	7.48519	17.3835	15.1614	12.7991	5.84	27.6238	0	

0	24.8926	16.7714	12.5553	2.1496	8.1963	14.9777	19.9571	11.0924	12.9963	5.59611	14.5037	11.7152	9.29811	21.8006	
24.8926	0	14.9681	11.5447	13.4437	14.25	9.32416	1.52053	10.3852	7.4768	8.32053	17.9357	3.54438	14.8018	7.61733	
16.7714	14.9681	0	3.42345	16.2368	12.5419	12.82	19.5903	22.4234	19.188	12.7903	15.8794	16.0868	6.68059	26.8605	
12.5553	11.5447	3.42345	0	15.4975	10.9846	14.8257	13.0652	17.6685	15.7646	16.2138	17.8851	17.602	3.25715	22.0996	
2.1496	13.4437	16.2368	15.4975	0	6.04669	12.2034	10.2465	13.242	12.6922	3.44651	15.8875	9.56561	11.4477	11.1256	
8.1963	14.25	12.5419	10.9846	6.04669	0	6.15666	13.11	9.0577	7.15375	9.4932	9.21607	9.4235	14.2417	24.8049	
14.9777	9.32416	12.82	14.8257	12.2034	6.15666	0	5.29069	10.9365	13.3104	16.2746	3.05941	3.26683	18.0829	4.82683	
19.9571	1.52053	19.5903	13.0652	10.2465	13.11	5.29069	0	7.86022	5.95627	6.8	13.7843	2.02386	33.3893	3.58386	
11.0924	10.3852	22.4234	17.6685	13.242	9.0577	10.9365	7.86022	0	1.90394	10.2576	14.7642	7.66971	20.3905	9.22971	
12.9963	7.4768	19.188	15.7646	12.6922	7.15375	13.3104	5.95627	1.90394	0	9.24574	12.8603	7.98013	19.0217	17.3266	
5.59611	8.32053	12.7903	16.2138	3.44651	9.4932	16.2746	6.8	10.2576	9.24574	0	15.6494	8.82386	25.0504	18.1703	
14.5037	17.9357	15.8794	17.8851	15.8875	9.21607	3.05941	13.7843	14.7642	12.8603	15.6494	0	6.32625	16.9742	7.75464	
11.7152	3.54438	16.0868	17.602	9.56561	9.4235	3.26683	2.02386	7.66971	7.98013	8.82386	6.32625	0	29.5387	1.56	
9.29811	14.8018	6.68059	3.25715	11.4477	14.2417	18.0829	33.3893	20.3905	19.0217	25.0504	16.9742	29.5387	0	24.7288	
21.8006	7.61733	26.8605	22.0996	11.1256	24.8049	4.82683	3.58386	9.22971	17.3266	18.1703	7.75464	1.56	24.7288	0	

0	17.7227	19.9468	25.2967	0.509117	9.76475	6.34007	20.0499	11.2124	6.18595	4.32416	6.22912	11.1323	11.2337	12.9323	
17.7227	0	22.3364	11.49	13.6396	13.75	7.93647	2.5044	6.48999	11.5164	17.1857	7.9196	8.4776	15.6674	6.6776	
19.9468	22.3364	0	10.3099	19.4377	15.1643	17.9164	18.5713	20.37	10.4561	13.8229	14.5199	10.2938	5.40833	12.0938	
25.2967	11.49	10.3099	0	19.1666	20.1038	12.42	11.8031	5	9.9493	13.3161	13.4466	17.6726	4.90153	25.3555	
0.509117	13.6396	19.4377	19.1666	0	14.7031	5.83095	11.263	13.251	6.69507	4.83328	5.72	9.94606	17.6771	16.447	
9.76475	13.75	15.1643	20.1038	14.7031	0	18.7563	16.2544	14.5346	9.50815	5.44059	14.7067	25.4581	13.8552	18.8993	
6.34007	7.93647	17.9164	12.42	5.83095	18.7563	0	5.43207	7.42	10.4495	13.8552	4.58912	7.62261	17.8373	9.42261	
20.0499	2.5044	18.5713	11.8031	11.263	16.2544	5.43207	0	6.80312	11.8295	18.02	10.0212	8.91762	13.163	9.182	
11.2124	6.48999	20.37	5	13.251	14.5346	7.42	6.80312	0	5.02641	14.4201	10.8868	15.0426	9.90153	13.1676	
6.18595	11.5164	10.4561	9.9493	6.69507	9.50815	10.4495	11.8295	5.02641	0	10.5101	5.86038	10.0864	5.04777	14.1575	
4.32416	17.1857	13.8229	13.3161	4.83328	5.44059	13.8552	18.02	14.4201	10.5101	0	9.26607	13.4921	8.41457	13.4588	
6.22912	7.9196	14.5199	13.4466	5.72	14.7067	4.58912	10.0212	10.8868	5.86038	9.26607	0	4.22606	10.9081	6.02606	
11.1323	8.4776	10.2938	17.6726	9.94606	25.4581	7.62261	8.91762	15.0426	10.0864	13.4921	4.22606	0	15.7021	1.8	
11.2337	15.6674	5.40833	4.90153	17.6771	13.8552	17.8373	13.163	9.90153	5.04777	8.41457	10.9081	15.7021	0	19.2053	
12.9323	6.6776	12.0938	25.3555	16.447	18.8993	9.42261	9.182	13.1676	14.1575	13.4588	6.02606	1.8	19.2053	0	

0	16.0791	10.1168	21.4728	0.678823	13.481	12.6323	22.2113	10.9335	8.95335	11.6646	7.27882	20.6795	23.3069	22.1105	
16.0791	0	6.63807	26.4029	16.7579	11.7712	12.8126	6.52932	10.6364	12.6165	14.0494	13.3234	4.61511	21.4855	6.03138	
10.1168	6.63807	0	22.9371	10.7956	5.47284	8.47958	12.0945	4.31567	6.29577	16.4798	16.5798	11.2532	17.5747	12.6695	
21.4728	26.4029	22.9371	0	22.1516	13.936	13.5902	32.9507	20.9402	23.5395	19.419	31.5678	25.2716	1.83412	17.2882	
0.678823	16.7579	10.7956	22.1516	0	14.9602	11.9535	28.6755	12.7153	9.63217	10.9857	6.6	15.3082	37.3127	19.0037	
13.481	11.7712	5.47284	13.936	14.9602	0	3.00674	9.88092	6.50779	4.52769	8.75016	15.8644	7.15612	12.1019	10.3161	
12.6323	12.8126	8.47958	13.5902	11.9535	3.00674	0	12.8877	7.35	7.53443	7.9872	18.5535	10.1629	15.1086	14.8414	
22.2113	6.52932	12.0945	32.9507	28.6755	9.88092	12.8877	0	16.4102	14.4086	13.2789	18.5113	8.42087	20.715	5.26087	
10.9335	10.6364	4.31567	20.9402	12.7153	6.50779	7.35	16.4102	0	1.9801	6.20256	12.2641	14.8066	20.1629	16.6678	
8.95335	12.6165	6.29577	23.5395	9.63217	4.52769	7.53443	14.4086	1.9801	0	4.22246	14.2442	11.6838	16.6296	12.2404	
11.6646	14.0494	16.4798	19.419	10.9857	8.75016	7.9872	13.2789	6.20256	4.22246	0	12.1488	11.178	21.2531	8.01798	
7.27882	13.3234	16.5798	31.5678	6.6	15.8644	18.5535	18.5113	12.2641	14.2442	12.1488	0	8.70825	29.7787	11.8682	
20.6795	4.61511	11.2532	25.2716	15.3082	7.15612	10.1629	8.42087	14.8066	11.6838	11.178	8.70825	0	18.6141	3.16	
23.3069	21.4855	17.5747	1.83412	37.3127	12.1019	15.1086	20.715	20.1629	16.6296	21.2531	29.7787	18.6141	0	15.4541	
22.1105	6.03138	12.6695	17.2882	19.0037	10.3161	14.8414	5.26087	16.6678	12.2404	8.01798	11.8682	3.16	15.4541	0	

0	21.2074	14.9993	11.7395	1.21622	7.2472	9.96265	18.5624	4.95618	7.16268	5.30895	14.6198	27.2743	14.6944	15.2527	
21.2074	0	13.2761	13.6062	22.1113	14.0008	6.0254	5.81378	18.9291	14.0447	23.3608	20.3559	2.95655	16.1044	3.99655	
14.9993	13.2761	0	9.58566	13.7831	8.89337	21.1261	12.4128	11.1844	11.9722	10.0847	17.7034	15.1254	12.0839	14.0854	
11.7395	13.6062	9.58566	0	10.5233	13.041	19.2697	12.9692	10.75	11.0794	10.1915	32.8429	16.5628	2.4982	17.2118	
1.21622	22.1113	13.7831	10.5233	0	11.8976	8.74643	23.2129	6.1724	8.3789	4.09273	11.7115	11.8153	11.786	15.7872	
7.2472	14.0008	8.89337	13.041	11.8976	0	11.741	8.18704	2.29103	3.07883	9.79306	17.4118	13.6394	11.66	11.1688	
9.96265	6.0254	21.1261	19.2697	8.74643	11.741	0	11.2834	9.45	15.1307	12.8392	11.7787	3.06884	22.0403	4.10884	
18.5624	5.81378	12.4128	12.9692	23.2129	8.18704	11.2834	0	10.4781	11.2659	17.9801	12.4281	5.28264	15.4674	4.24264	
4.95618	18.9291	11.1844	10.75	6.1724	2.29103	9.45	10.4781	0	5.36986	11.2982	18.917	12.5188	13.2482	14.8905	
7.16268	14.0447	11.9722	11.0794	8.3789	3.07883	15.1307	11.2659	5.36986	0	11.9394	16.2754	9.12999	8.58121	8.08999	
5.30895	23.3608	10.0847	10.1915	4.09273	9.79306	12.8392	17.9801	11.2982	11.9394	0	7.61877	25.3803	7.69332	15.8042	
14.6198	20.3559	17.7034	32.8429	11.7115	17.4118	11.7787	12.4281	18.917	16.2754	7.61877	0	9.22545	15.3121	8.18545	
27.2743	2.95655	15.1254	16.5628	11.8153	13.6394	3.06884	5.28264	12.5188	9.12999	25.3803	9.22545	0	16.0396	1.04	
14.6944	16.1044	12.0839	2.4982	11.786	11.66	22.0403	15.4674	13.2482	8.58121	7.69332	15.3121	16.0396	0	14.9996	
15.2527	3.99655	14.0854	17.2118	15.7872	11.1688	4.10884	4.24264	14.8905	8.08999	15.8042	8.18545	1.04	14.9996	0	

0	15.8268	8.54383	9.50298	1.58392	5.00928	13.703	8.8055	7.30031	6.34874	6.75368	16.116	15.7435	9.23534	16.1028	
15.8268	0	12.2444	13.5763	22.8358	6.79797	7.51085	7.02125	4.50694	11.8181	7.92613	4.35578	7.71588	14.501	11.9559	
8.54383	12.2444	0	8.02824	14.7625	3.53454	4.73354	15.1093	5.82557	4.07922	9.59273	13.8465	14.2687	7.76061	9.81852	
9.50298	13.5763	8.02824	0	23.9272	4.4937	9.3619	16.0685	6.78472	14.6357	11.8385	9.2205	15.2279	2.37171	17.4397	
1.58392	22.8358	14.7625	23.9272	0	6.5932	12.0776	10.3894	8.58895	7.93266	5.16976	18.48	35.3182	21.7833	29.4657	
5.00928	6.79797	3.53454	4.4937	6.5932	0	8.26808	11.5748	2.29103	7.61376	5.71022	12.0713	10.7342	4.22606	14.9742	
13.703	7.51085	4.73354	9.3619	12.0776	8.26808	0	12.3823	7.35	8.81276	6.90785	11.8666	9.32498	6.99019	5.08498	
8.8055	7.02125	15.1093	16.0685	10.3894	11.5748	12.3823	0	11.5282	11.1003	12.58	8.67926	9.55008	15.8008	7.29734	
7.30031	4.50694	5.82557	6.78472	8.58895	2.29103	7.35	11.5282	0	7.31114	3.4192	8.86272	12.2228	6.51709	12.435	
6.34874	11.8181	4.07922	14.6357	7.93266	7.61376	8.81276	11.1003	7.31114	0	10.7303	9.76729	20.6504	14.3681	18.3977	
6.75368	7.92613	9.59273	11.8385	5.16976	5.71022	6.90785	12.58	3.4192	10.7303	0	13.1994	18.079	11.5709	11.9928	
16.116	4.35578	13.8465	9.2205	18.48	12.0713	11.8666	8.67926	8.86272	9.76729	13.1994	0	12.0717	11.5922	10.9857	
15.7435	7.71588	14.2687	15.2279	35.3182	10.7342	9.32498	9.55008	12.2228	20.6504	18.079	12.0717	0	14.9602	4.24	
9.23534	14.501	7.76061	2.37171	21.7833	4.22606	6.99019	15.8008	6.51709	14.3681	11.5709	11.5922	14.9602	0	12.0752	
16.1028	11.9559	9.81852	17.4397	29.4657	14.9742	5.08498	7.29734	12.435	18.3977	11.9928	10.9857	4.24	12.0752	0	

0	18.7761	24.9609	11.6069	2.05061	12.6498	13.0268	12.4605	14.0003	7.48826	6.38329	23.8306	10.0099	15.876	7.28994	
18.7761	0	16.9953	22.6771	18.2594	13.5326	8.54971	3.30938	6.30971	16.4387	17.2905	14.9718	4.63754	12.3946	10.3638	
24.9609	16.9953	0	9.27325	34.6344	4.44668	7.5966	13.6859	17.6837	9.60825	20.3604	15.146	15.0141	15.6841	22.0863	
11.6069	22.6771	9.27325	0	13.6575	4.82656	7.97648	24.7032	10.354	7.10515	10.0227	15.5259	20.6968	4.26907	17.9768	
2.05061	18.2594	34.6344	13.6575	0	20.1381	14.1897	18.4803	11.9497	9.53887	8.4339	21.78	13.1829	18.0346	9.34055	
12.6498	13.5326	4.44668	4.82656	20.1381	0	3.14992	18.1326	5.38992	5.16157	10.0578	7.73904	12.7524	9.09564	8.88682	
13.0268	8.54971	7.5966	7.97648	14.1897	3.14992	0	10.9307	2.24	8.31149	6.90785	4.58912	8.4569	8.3249	5.7369	
12.4605	3.30938	13.6859	24.7032	18.4803	18.1326	10.9307	0	9.6191	17.5981	18.9956	20.1533	1.32816	26.9066	4.04816	
14.0003	6.30971	17.6837	10.354	11.9497	5.38992	2.24	9.6191	0	10.129	9.14785	6.82912	8.29581	6.0849	7.9769	
7.48826	16.4387	9.60825	7.10515	9.53887	5.16157	8.31149	17.5981	10.129	0	12.0122	15.8609	18.4248	11.3742	14.7782	
6.38329	17.2905	20.3604	10.0227	8.4339	10.0578	6.90785	18.9956	9.14785	12.0122	0	11.497	13.3152	14.2918	10.5952	
23.8306	14.9718	15.146	15.5259	21.78	7.73904	4.58912	20.1533	6.82912	15.8609	11.497	0	14.1916	25.0244	10.326	
10.0099	4.63754	15.0141	20.6968	13.1829	12.7524	8.4569	1.32816	8.29581	18.4248	13.3152	14.1916	0	14.3807	2.72	
15.876	12.3946	15.6841	4.26907	18.0346	9.09564	8.3249	26.9066	6.0849	11.3742	14.2918	25.0244	14.3807	0	22.2459	
7.28994	10.3638	22.0863	17.9768	9.34055	8.88682	5.7369	4.04816	7.9769	14.7782	10.5952	10.326	2.72	22.2459	0	

0	24.5716	10.4657	20.0513	1.49907	14.3181	22.053	30.0187	17.9586	19.0462	13.3464	14.9191	30.3608	37.0781	30.9775	
24.5716	0	14.1059	14.3505	25.4974	12.7906	6.43846	3.75659	6.85055	8.75449	11.013	5.3251	2.37966	15.1481	7.81966	
10.4657	14.1059	0	9.58566	11.9647	17.7867	19.7228	17.8625	10.8036	12.2468	6.64112	19.1057	16.4856	11.483	23.8225	
20.0513	14.3505	9.58566	0	25.4679	12.6489	11.2176	21.6829	7.5	9.40394	11.6625	12.623	16.7762	1.89737	17.8158	
1.49907	25.4974	11.9647	25.4679	0	12.819	23.5574	21.853	16.0099	17.2561	11.8474	13.42	16.3654	32.4125	17.405	
14.3181	12.7906	17.7867	12.6489	12.819	0	7.44388	9.03398	6.34108	4.43714	10.0428	13.4346	14.7972	14.5463	9.44957	
22.053	6.43846	19.7228	11.2176	23.5574	7.44388	0	10.8256	4.91069	3.00674	8.61243	7.00423	4.05879	9.32026	9.49879	
30.0187	3.75659	17.8625	21.6829	21.853	9.03398	10.8256	0	10.6071	13.4711	22.7165	10.7879	6.13626	26.5915	8.23072	
17.9586	6.85055	10.8036	7.5	16.0099	6.34108	4.91069	10.6071	0	1.90394	4.1625	5.12298	8.06841	8.29759	9.108	
