20
5
3
5
30

6	21
10	1
47	15
18	25
31	42

9	22
22	5
8	17
2	22
20	29
2	24
25	15
20	24
15	2
4	18
29	47
34	25
27	39
46	33
33	29
28	46
44	28
33	32
35	23
40	39

70

1.79769e+308
1.79769e+308
1.79769e+308
1.79769e+308
1.79769e+308

20
11
18
13
12
17
19
13
18
14
12
15
15
20
13
14
17
19
14
16

0
0
0
0
0

0

0	12.6456	10.9243	7.08941	14.2342	3.03579	14.8878	2.61739	1.36062	10.1527	2.3	11.7557	10.4148	6.73462	1.298	17.7114	12.4451	12.522	13.0719	13.3109	16.1688	18.7555	9.34862	16.1122	15.8851	
12.6456	0	21.2809	14.7247	21.4138	15.6814	10.7517	16.7695	14.0062	13.878	14.9456	13.8838	11.0351	5.91486	11.3515	27.3359	16.088	17.8219	24.4413	19.3922	26.1719	19.9716	22.1781	17.1988	24.8876	
10.9243	21.2809	0	13.9353	16.0062	16.5636	13.2521	16.3586	9.56365	14.9217	12.1036	10.12	10.2458	28.1613	17.1663	18.6988	7.59751	15.5947	16.9461	6.73166	17.1562	19.7457	10.1517	14.4222	18	
7.08941	14.7247	13.9353	0	9.093	5.59723	6.32278	3.20156	9.99648	5.81378	12.6977	9.45488	3.68951	11.228	4.52096	9.95099	8.74235	4.993	15.4827	11.862	8.14079	17.9228	8.442	9.85316	15.3853	
14.2342	21.4138	16.0062	9.093	0	14.4916	10.6621	9.85147	16.3795	11.9206	17.3188	10.8433	10.8867	19.7249	11.1709	2.69258	9.9603	4.1	13.4655	9.84476	1.15	15.7646	6.42476	12.8784	7.99716	
3.03579	15.6814	16.5636	5.59723	14.4916	0	11.92	4.64011	4.39641	10.4101	5.33579	14.7915	7.37902	12.4801	4.33379	23.6798	12.4319	10.5902	10.0361	15.7361	13.738	14.5058	14.0392	13.5427	19.7942	
14.8878	10.7517	13.2521	6.32278	10.6621	11.92	0	9.52435	17.6524	9.37584	18.5917	3.13209	10.0123	9.06277	12.1142	13.3547	20.6744	9.87538	23.0463	22.079	11.8121	28.1399	14.7648	16.5931	21.7081	
2.61739	16.7695	16.3586	3.20156	9.85147	4.64011	9.52435	0	5.74332	5.76999	6.68269	11.1262	6.52945	6.75601	1.31939	12.544	9.99246	8.13929	14.6762	13.96	11.0015	20.1825	9.37001	12.6931	15.9065	
1.36062	14.0062	9.56365	9.99648	16.3795	4.39641	17.6524	5.74332	0	10.0429	2.54	13.1163	13.3244	13.0392	2.65862	24.1757	13.8057	14.9342	17.0361	16.2856	30.3331	17.3948	15.6465	18.1206	22.1897	
10.1527	13.878	14.9217	5.81378	11.9206	10.4101	9.37584	5.76999	10.0429	0	12.5829	6.24375	6	7.96313	7.08939	14.6132	4.22246	10.8068	14.1738	5.08832	13.0706	14.4125	7.758	7.88962	17.3216	
2.3	14.9456	12.1036	12.6977	17.3188	5.33579	18.5917	6.68269	2.54	12.5829	0	14.0557	11.34	13.4056	3.598	21.6357	14.7451	17.6354	21.7571	17.2249	23.4459	19.9348	16.0196	17.5037	22.556	
11.7557	13.8838	10.12	9.45488	10.8433	14.7915	3.13209	11.1262	13.1163	6.24375	14.0557	0	12.2437	12.1949	12.4456	19.8548	10.4662	6.74329	19.9142	14.4337	10.3495	20.6562	13.197	14.3215	25.1887	
10.4148	11.0351	10.2458	3.68951	10.8867	7.37902	10.0123	6.52945	13.3244	6	11.34	12.2437	0	13.9631	7.84884	16.3008	5.05284	6.78671	15.0042	5.91869	10.393	16.7682	8.58837	6.16365	18.152	
6.73462	5.91486	28.1613	11.228	19.7249	12.4801	9.06277	6.75601	13.0392	7.96313	13.4056	12.1949	13.9631	0	5.43662	26.8181	12.1856	24.7846	25.1661	16.0806	25.2755	22.3756	13.4872	16.0409	20.0237	
1.298	11.3515	17.1663	4.52096	11.1709	4.33379	12.1142	1.31939	2.65862	7.08939	3.598	12.4456	7.84884	5.43662	0	19.8916	11.5862	9.45868	15.0914	11.4706	13.9322	17.5314	8.05062	14.5043	14.5871	
17.7114	27.3359	18.6988	9.95099	2.69258	23.6798	13.3547	12.544	24.1757	14.6132	21.6357	19.8548	16.3008	26.8181	19.8916	0	12.7049	5.41644	14.6883	15.6318	1.81019	10.2205	9.11735	12.3693	5.30457	
12.4451	16.088	7.59751	8.74235	9.9603	12.4319	20.6744	9.99246	13.8057	4.22246	14.7451	10.4662	5.05284	12.1856	11.5862	12.7049	0	9.7289	9.95132	0.865852	11.1624	12.3196	3.53553	3.66715	13.0991	
12.522	17.8219	15.5947	4.993	4.1	10.5902	9.87538	8.13929	14.9342	10.8068	17.6354	6.74329	6.78671	24.7846	9.45868	5.41644	9.7289	0	13.4944	8.86305	3.60624	15.9345	6.45368	12.9074	18.416	
13.0719	24.4413	16.9461	15.4827	13.4655	10.0361	23.0463	14.6762	17.0361	14.1738	21.7571	19.9142	15.0042	25.1661	15.0914	14.6883	9.95132	13.4944	0	10.4607	12.8781	4.46969	7.04074	12.3388	9.38566	
13.3109	19.3922	6.73166	11.862	9.84476	15.7361	22.079	13.96	16.2856	5.08832	17.2249	14.4337	5.91869	16.0806	11.4706	15.6318	0.865852	8.86305	10.4607	0	12.4693	12.9008	3.42	4.533	13.965	
16.1688	26.1719	17.1562	8.14079	1.15	13.738	11.8121	11.0015	30.3331	13.0706	23.4459	10.3495	10.393	25.2755	13.9322	1.81019	11.1624	3.60624	12.8781	12.4693	0	14.8822	7.57476	14.1795	7.11477	
18.7555	19.9716	19.7457	17.9228	15.7646	14.5058	28.1399	20.1825	17.3948	14.4125	19.9348	20.6562	16.7682	22.3756	17.5314	10.2205	12.3196	15.9345	4.46969	12.9008	14.8822	0	9.48081	10.6045	4.91597	
9.34862	22.1781	10.1517	8.442	6.42476	14.0392	14.7648	9.37001	15.6465	7.758	16.0196	13.197	8.58837	13.4872	8.05062	9.11735	3.53553	6.45368	7.04074	3.42	7.57476	9.48081	0	6.45368	12.1764	
16.1122	17.1988	14.4222	9.85316	12.8784	13.5427	16.5931	12.6931	18.1206	7.88962	17.5037	14.3215	6.16365	16.0409	14.5043	12.3693	3.66715	12.9074	12.3388	4.533	14.1795	10.6045	6.45368	0	13.2428	
15.8851	24.8876	18	15.3853	7.99716	19.7942	21.7081	15.9065	22.1897	17.3216	22.556	25.1887	18.152	20.0237	14.5871	5.30457	13.0991	18.416	9.38566	13.965	7.11477	4.91597	12.1764	13.2428	0	

0	14.6746	17.264	3.38364	9.4684	1.29653	12.6424	7.1107	5.84653	9.7715	6.25	15.6074	14.4489	7.56072	5.66072	14.4229	7.07107	14.6184	19.4612	10.1634	12.6684	13.2894	8.6267	9.5531	15.3883	
14.6746	0	21.118	12.8441	17.5586	14.4226	15.4696	10.9647	13.7096	10.4062	12.9063	13.2428	14.2499	8.15843	9.01388	15.9262	9.1641	19.4386	18.035	12.2564	17.595	16.6811	10.7197	11.6461	22.8725	
17.264	21.118	0	10.8062	19.0137	17.3015	8.07775	10.1533	12.7515	11.8614	13.7915	11.4333	17.0614	15.3889	15.7195	16.026	7.84409	8.01709	19.4901	4.75176	20.0944	15.0798	7.12176	9.24219	17.25	
3.38364	12.8441	10.8062	0	10.4865	2.0871	15.0084	9.47662	6.6371	4.82991	7.18318	6.80941	3.82368	8.35129	8.61829	15.2135	3.68	9.31976	12.4586	6.05443	13.6865	10.7307	5.23563	6.16204	13.2203	
9.4684	17.5586	19.0137	10.4865	0	10.7649	10.8231	16.5791	15.5706	7.15234	15.7184	12.5434	12.3523	12.9187	15.1291	4.86877	11.0836	5.15	5.81351	8.41533	3.2	3.82099	13.3018	14.5839	9.05	
1.29653	14.4226	17.3015	2.0871	10.7649	0	11.9926	8.3114	4.55	6.91701	5.09608	11.3486	5.91078	6.26418	6.53119	13.1264	5.7671	11.4074	15.7737	8.14153	14.7952	12.8178	10.14	14.3813	15.5563	
12.6424	15.4696	8.07775	15.0084	10.8231	11.9926	0	5.53173	7.93656	13.0775	6.89656	11.3799	13.4026	7.31114	11.0979	13.6854	10.6974	18.5914	8.9946	12.7058	12.0166	7.00209	13.4035	8.21533	18.3355	
7.1107	10.9647	10.1533	9.47662	16.5791	8.3114	5.53173	0	8.59127	12.5531	8.75857	11.8173	12.8782	6.78671	5.56619	16.4101	9.42742	15.1896	15.6678	10.2418	17.5484	12.5338	7.87179	13.4164	12.8149	
5.84653	13.7096	12.7515	6.6371	15.5706	4.55	7.93656	8.59127	0	13.025	1.04	11.4132	14.4049	10.8142	4.69574	13.2468	13.1733	19.9015	24.2591	16.6357	14.1534	19.2109	14.69	12.5459	12.479	
9.7715	10.4062	11.8614	4.82991	7.15234	6.91701	13.0775	12.5531	13.025	0	13.571	8.18573	5.2	5.7664	15.0061	14.4448	3.93126	12.0845	7.62871	7.02359	10.3523	9.62122	5.48689	6.41329	11.7016	
6.25	12.9063	13.7915	7.18318	15.7184	5.09608	6.89656	8.75857	1.04	13.571	0	10.3732	13.359	11.3603	5.73574	14.2868	13.3211	15.339	15.5119	17.6965	15.1934	13.8986	14.3188	13.2061	11.439	
15.6074	13.2428	11.4333	6.80941	12.5434	11.3486	11.3799	11.8173	11.4132	8.18573	10.3732	0	2.98573	5.08438	15.5384	11.0122	5.50118	13.8105	17.0556	6.31554	9.34345	13.4263	3.94554	13.1904	16.0229	
14.4489	14.2499	17.0614	3.82368	12.3523	5.91078	13.4026	12.8782	14.4049	5.2	13.359	2.98573	0	6.09148	18.6935	19.4599	7.50368	13.1439	12.8287	9.8781	12.3292	13.8687	6.93127	12.6315	19.4598	
7.56072	8.15843	15.3889	8.35129	12.9187	6.26418	7.31114	6.78671	10.8142	5.7664	11.3603	5.08438	6.09148	0	12.3529	18.1857	9.69766	11.2802	13.2876	14.5456	14.4278	11.2951	9.02992	13.1979	15.1802	
5.66072	9.01388	15.7195	8.61829	15.1291	6.53119	11.0979	5.56619	4.69574	15.0061	5.73574	15.5384	18.6935	12.3529	0	17.9426	10.3322	19.0836	11.7153	12.3406	18.8492	21.0737	11.5929	7.85016	17.3208	
14.4229	15.9262	16.026	15.2135	4.86877	13.1264	13.6854	16.4101	13.2468	14.4448	14.2868	11.0122	19.4599	18.1857	17.9426	0	10.0939	9.23481	12.7706	10.9083	1.66877	6.72624	8.5383	17.5362	11.6973	
7.07107	9.1641	7.84409	3.68	11.0836	5.7671	10.6974	9.42742	13.1733	3.93126	13.3211	5.50118	7.50368	9.69766	10.3322	10.0939	0	6.35766	6.34721	3.09233	12.5745	7.51702	1.55563	2.48204	13.633	
14.6184	19.4386	8.01709	9.31976	5.15	11.4074	18.5914	15.1896	19.9015	12.0845	15.339	13.8105	13.1439	11.2802	19.0836	9.23481	6.35766	0	7.97294	3.26533	7.56604	8.97099	5.63533	7.75577	3.9	
19.4612	18.035	19.4901	12.4586	5.81351	15.7737	8.9946	15.6678	24.2591	7.62871	15.5119	17.0556	12.8287	13.2876	11.7153	12.7706	6.34721	7.97294	0	8.35561	7.04998	1.99251	11.4733	3.86518	4.07294	
10.1634	12.2564	4.75176	6.05443	8.41533	8.14153	12.7058	10.2418	16.6357	7.02359	17.6965	6.31554	9.8781	14.5456	12.3406	10.9083	3.09233	3.26533	8.35561	0	10.8314	10.6093	2.37	4.49043	7.16533	
12.6684	17.595	20.0944	13.6865	3.2	14.7952	12.0166	17.5484	14.1534	10.3523	15.1934	9.34345	12.3292	14.4278	18.8492	1.66877	12.5745	7.56604	7.04998	10.8314	0	5.05747	10.2071	14.967	11.466	
13.2894	16.6811	15.0798	10.7307	3.82099	12.8178	7.00209	12.5338	19.2109	9.62122	13.8986	13.4263	13.8687	11.2951	21.0737	6.72624	7.51702	8.97099	1.99251	10.6093	5.05747	0	9.07266	5.85769	6.06545	
8.6267	10.7197	7.12176	5.23563	13.3018	10.14	13.4035	7.87179	14.69	5.48689	14.3188	3.94554	6.93127	9.02992	11.5929	8.5383	1.55563	5.63533	11.4733	2.37	10.2071	9.07266	0	4.03767	12.0774	
9.5531	11.6461	9.24219	6.16204	14.5839	14.3813	8.21533	13.4164	12.5459	6.41329	13.2061	13.1904	12.6315	13.1979	7.85016	17.5362	2.48204	7.75577	3.86518	4.49043	14.967	5.85769	4.03767	0	7.93811	
15.3883	22.8725	17.25	13.2203	9.05	15.5563	18.3355	12.8149	12.479	11.7016	11.439	16.0229	19.4598	15.1802	17.3208	11.6973	13.633	3.9	4.07294	7.16533	11.466	6.06545	12.0774	7.93811	0	

0	11.0976	17.7312	3.54175	14.5801	4.71242	11.4494	0.939149	3.79326	7.89708	4.89326	10.1333	4.32437	7.56033	2.2715	16.5458	13.8593	10.5319	11.6955	16.0445	9.04155	10.5177	8.67316	15.6929	15.0155	
11.0976	0	24.1603	9.05898	23.4551	13.9317	15.2431	10.1584	13.5285	9.27636	15.7736	16.101	8.27636	8.61734	14.7351	20.7012	9.79467	20.0877	15.2262	7.60942	18.2608	11.6962	11.1794	11.1512	19.8501	
17.7312	24.1603	0	15.5451	12.5203	17.3877	20.5681	16.792	20.3743	16.0723	19.2743	8.15359	19.911	15.5429	21.3687	17.7421	7.16979	22.867	7.39138	8.87797	15.6067	13.3151	10.9601	5.33622	10.5328	
3.54175	9.05898	15.5451	0	11.3595	9.20223	8.6796	4.4809	6.03475	1.78262	10.26	6.59154	0.782624	12.8283	5.81325	18.5044	4.01083	6.99019	8.15372	8.70141	13.9906	7.35201	5.13141	9.40891	11.4738	
14.5801	23.4551	12.5203	11.3595	0	8.91964	10.6893	11.3856	12.0696	4.42764	12.5927	10.0015	5.42764	23.9117	13.4046	8.43291	9.01768	8.55	11.082	9.24513	6.75	5.15834	9.60613	7.1841	3.605	
4.71242	13.9317	17.3877	9.20223	8.91964	0	7.15269	3.77327	3.15	6.77997	4.25	5.06463	7.77997	10.3945	6.72328	10.8853	19.1363	16.477	15.4609	14.3523	11.8757	13.9862	13.4508	7.88201	12.5246	
11.4494	15.2431	20.5681	8.6796	10.6893	7.15269	0	10.5103	15.7766	6.26163	18.8146	2.08806	7.26163	6.62572	15.0869	14.9028	14.5936	17.2605	13.8806	12.0437	15.7459	7.95692	12.4047	4.90544	17.0866	
0.939149	10.1584	16.792	4.4809	11.3856	3.77327	10.5103	0	4.73241	6.95793	7.81681	8.83791	7.95793	6.62118	3.21065	9.78532	12.4705	13.1089	14.8432	16.7079	8.1024	12.8229	13.6288	21.2874	18.5855	
3.79326	13.5285	20.3743	6.03475	12.0696	3.15	15.7766	4.73241	0	6.25212	1.1	8.21463	5.25212	13.338	4.95798	10.3218	8.48033	15.9631	20.4117	9.26417	14.8192	11.8215	11.345	19.3505	10.0877	
7.89708	9.27636	16.0723	1.78262	4.42764	6.77997	6.26163	6.95793	6.25212	0	12.9681	8.34969	1	12.8874	11.5346	12.9901	4.2282	9.16011	8.68094	9.75	11.1776	7.20625	6.67083	11.6117	8.03264	
4.89326	15.7736	19.2743	10.26	12.5927	4.25	18.8146	7.81681	1.1	12.9681	0	11.2527	6.35212	17.9419	3.85798	9.22176	10.3494	12.7343	15.781	8.16417	10.9047	12.1042	10.245	11.7059	8.98775	
10.1333	16.101	8.15359	6.59154	10.0015	5.06463	2.08806	8.83791	8.21463	8.34969	11.2527	0	7.37416	8.71378	11.7879	15.9499	4.65095	13.5817	14.7453	6.35913	17.834	10.045	8.4413	2.81737	8.01392	
4.32437	8.27636	19.911	0.782624	5.42764	7.77997	7.26163	7.95793	5.25212	1	6.35212	7.37416	0	15.3415	9.70454	12.7038	3.2282	7.77282	8.93635	5.41345	7.59627	6.56938	5.91404	5.06178	12.2564	
7.56033	8.61734	15.5429	12.8283	23.9117	10.3945	6.62572	6.62118	13.338	12.8874	17.9419	8.71378	15.3415	0	11.1978	21.5285	18.5697	10.1861	21.4644	11.2669	14.7236	12.1446	7.69686	13.3208	16.7054	
2.2715	14.7351	21.3687	5.81325	13.4046	6.72328	15.0869	3.21065	4.95798	11.5346	3.85798	11.7879	9.70454	11.1978	0	13.0797	15.7632	14.4413	14.1699	12.0221	12.679	8.24621	12.694	18.303	12.8457	
16.5458	20.7012	17.7421	18.5044	8.43291	10.8853	14.9028	9.78532	10.3218	12.9901	9.22176	15.9499	12.7038	21.5285	13.0797	0	6.05098	8.68327	9.89825	11.6609	1.68291	13.7208	14.2822	11.3092	12.1674	
13.8593	9.79467	7.16979	4.01083	9.01768	19.1363	14.5936	12.4705	8.48033	4.2282	10.3494	4.65095	3.2282	18.5697	15.7632	6.05098	0	11.3684	9.80207	2.18525	4.36807	6.27203	5.75525	1.83358	7.03012	
10.5319	20.0877	22.867	6.99019	8.55	16.477	17.2605	13.1089	15.9631	9.16011	12.7343	13.5817	7.77282	10.1861	14.4413	8.68327	11.3684	0	15.1439	6.05928	7.00036	6.93706	2.48928	8.1132	10.14	
11.6955	15.2262	7.39138	8.15372	11.082	15.4609	13.8806	14.8432	20.4117	8.68094	15.781	14.7453	8.93635	21.4644	14.1699	9.89825	9.80207	15.1439	0	7.61682	8.21533	5.92368	10.3715	11.1586	12.7279	
16.0445	7.60942	8.87797	8.70141	9.24513	14.3523	12.0437	16.7079	9.26417	9.75	8.16417	6.35913	5.41345	11.2669	12.0221	11.6609	2.18525	6.05928	7.61682	0	6.55331	4.08678	3.57	3.54175	8.7383	
9.04155	18.2608	15.6067	13.9906	6.75	11.8757	15.7459	8.1024	14.8192	11.1776	10.9047	17.834	7.59627	14.7236	12.679	1.68291	4.36807	7.00036	8.21533	6.55331	0	11.8851	9.48963	6.20164	10.355	
10.5177	11.6962	13.3151	7.35201	5.15834	13.9862	7.95692	12.8229	11.8215	7.20625	12.1042	10.045	6.56938	12.1446	8.24621	13.7208	6.27203	6.93706	5.92368	4.08678	11.8851	0	4.44779	7.62853	8.76334	
8.67316	11.1794	10.9601	5.13141	9.60613	13.4508	12.4047	13.6288	11.345	6.67083	10.245	8.4413	5.91404	7.69686	12.694	14.2822	5.75525	2.48928	10.3715	3.57	9.48963	4.44779	0	5.62392	9.00854	
15.6929	11.1512	5.33622	9.40891	7.1841	7.88201	4.90544	21.2874	19.3505	11.6117	11.7059	2.81737	5.06178	13.3208	18.303	11.3092	1.83358	8.1132	11.1586	3.54175	6.20164	7.62853	5.62392	0	5.19655	
15.0155	19.8501	10.5328	11.4738	3.605	12.5246	17.0866	18.5855	10.0877	8.03264	8.98775	8.01392	12.2564	16.7054	12.8457	12.1674	7.03012	10.14	12.7279	8.7383	10.355	8.76334	9.00854	5.19655	0	

0	7.17505	14.9655	7.62904	20.4005	3.82309	8.06725	4.56719	1.44309	9.08209	4.30309	10.3609	14.0774	6.26029	1.40616	10.7611	12.2313	15.7088	13.6887	11.8273	13.3066	14.4782	9.45679	9.57033	16.0133	
7.17505	0	11.4724	9.0173	11.7031	8.66105	12.4167	9.56214	6.96638	9.48254	6.33141	6.36067	7.27316	6.62873	5.76888	16.8725	16.5854	18.3454	19.212	13.9588	15.8048	14.0859	13.8195	9.56223	20.2438	
14.9655	11.4724	0	10.701	11.473	9.27345	10.5011	15.5937	11.6534	12.6634	11.6031	14.3067	17.5751	16.2891	14.524	11.8207	7.38055	6.87302	12.9091	10.8894	13.9326	12.6746	9.91022	7.98429	16.4201	
7.62904	9.0173	10.701	0	6.17409	8.56595	13.2731	8.27358	6.18595	4.49413	9.04595	10.3667	1.74413	15.208	10.345	8.77569	8.16	3.82796	7.86252	8.42976	13.586	8.55683	8.80652	8.76374	9.12688	
20.4005	11.7031	11.473	6.17409	0	12.8152	29.7015	10.9594	20.0726	7.17995	23.503	16.4393	4.42995	17.5261	19.2685	9.54773	6.21456	4.6	11.8663	11.1156	8.35	9.24787	9.57855	6.8183	5.50236	
3.82309	8.66105	9.27345	8.56595	12.8152	0	9.46718	5.5041	2.38	3.38999	2.32964	6.51186	6.13999	10.1047	5.25056	16.3542	13.3451	9.3712	8.49211	10	16.7297	12.6509	11.4909	12.8069	13.6759	
8.06725	12.4167	10.5011	13.2731	29.7015	9.46718	0	10.2113	7.08718	13.7511	7.72414	13.1685	25.3791	5.78799	6.66108	17.7647	17.8816	17.3741	19.3328	21.3905	14.964	20.0514	14.7117	14.8252	21.6574	
4.56719	9.56214	15.5937	8.27358	10.9594	5.5041	10.2113	0	3.1241	9.27945	5.9841	16.2341	6.52945	8.64738	3.79326	13.6684	19.9738	8.72067	9.89545	13.2151	18.4787	13.3421	11.8439	11.9574	16.2594	
1.44309	6.96638	11.6534	6.18595	20.0726	2.38	7.08718	3.1241	0	5.76999	2.86	11.804	7.93008	9.01321	2.84925	12.2042	14.346	10.0139	10.8721	12.38	18.3995	18.3158	12.2097	12.3233	14.5703	
9.08209	9.48254	12.6634	4.49413	7.17995	3.38999	13.7511	9.27945	5.76999	0	5.71962	3.12187	2.75	7.96313	8.64055	10.9289	13.3466	5.98121	11.8821	9.43563	13.3397	9.56269	9.20575	6.32344	10.2859	
4.30309	6.33141	11.6031	9.04595	23.503	2.32964	7.72414	5.9841	2.86	5.71962	0	11.935	10.7149	9.4078	4.55368	15.6573	15.6747	18.8832	10.8217	12.3296	21.2595	16.0322	12.6043	12.7178	17.4303	
10.3609	6.36067	14.3067	10.3667	16.4393	6.51186	13.1685	16.2341	11.804	3.12187	11.935	0	5.87187	7.38055	11.3657	12.5771	3.8053	9.10309	16.3385	8.95691	15.1227	12.4317	12.3276	3.20156	13.4078	
14.0774	7.27316	17.5751	1.74413	4.42995	6.13999	25.3791	6.52945	7.93008	2.75	10.7149	5.87187	0	10.7131	10.3227	14.0694	9.90413	5.5721	9.60665	6.68563	12.78	6.81269	10.6456	12.441	9.93232	
6.26029	6.62873	16.2891	15.208	17.5261	10.1047	5.78799	8.64738	9.01321	7.96313	9.4078	7.38055	10.7131	0	4.85412	11.7216	15.7282	13.9443	18.0427	17.8475	9.17606	19.8123	12.9047	10.5821	18.249	
1.40616	5.76888	14.524	10.345	19.2685	5.25056	6.66108	3.79326	2.84925	8.64055	4.55368	11.3657	10.3227	4.85412	0	11.1036	8.7679	12.5139	11.0495	12.0106	13.6492	15.3075	8.05062	8.16417	18.7293	
10.7611	16.8725	11.8207	8.77569	9.54773	16.3542	17.7647	13.6684	12.2042	10.9289	15.6573	12.5771	14.0694	11.7216	11.1036	0	7.89636	4.94773	14.3315	10.3973	2.54558	7.74638	9.92628	8.5001	11.4919	
12.2313	16.5854	7.38055	8.16	6.21456	13.3451	17.8816	19.9738	14.346	13.3466	15.6747	3.8053	9.90413	15.7282	8.7679	7.89636	0	10.8146	13.0397	6.26712	6.5521	8.91801	10.0409	0.603738	11.7169	
15.7088	18.3454	6.87302	3.82796	4.6	9.3712	17.3741	8.72067	10.0139	5.98121	18.8832	9.10309	5.5721	13.9443	12.5139	4.94773	10.8146	0	7.97739	8.93855	7.49331	11.6306	4.97855	12.8127	10.1024	
13.6887	19.212	12.9091	7.86252	11.8663	8.49211	19.3328	9.89545	10.8721	11.8821	10.8217	16.3385	9.60665	18.0427	11.0495	14.3315	13.0397	7.97739	0	6.95883	14.8917	7.53923	2.99883	14.1228	6.36396	
11.8273	13.9588	10.8894	8.42976	11.1156	10	21.3905	13.2151	12.38	9.43563	12.3296	8.95691	6.68563	17.8475	12.0106	10.3973	6.26712	8.93855	6.95883	0	12.8192	2.65089	3.96	5.75535	6.39639	
13.3066	15.8048	13.9326	13.586	8.35	16.7297	14.964	18.4787	18.3995	13.3397	21.2595	15.1227	12.78	9.17606	13.6492	2.54558	6.5521	7.49331	14.8917	12.8192	0	10.292	11.8929	7.15584	11.3918	
14.4782	14.0859	12.6746	8.55683	9.24787	12.6509	20.0514	13.3421	18.3158	9.56269	16.0322	12.4317	6.81269	19.8123	15.3075	7.74638	8.91801	11.6306	7.53923	2.65089	10.292	0	6.61089	8.40623	3.7455	
9.45679	13.8195	9.91022	8.80652	9.57855	11.4909	14.7117	11.8439	12.2097	9.20575	12.6043	12.3276	10.6456	12.9047	8.05062	9.92628	10.0409	4.97855	2.99883	3.96	11.8929	6.61089	0	9.71535	9.36279	
9.57033	9.56223	7.98429	8.76374	6.8183	12.8069	14.8252	11.9574	12.3233	6.32344	12.7178	3.20156	12.441	10.5821	8.16417	8.5001	0.603738	12.8127	14.1228	5.75535	7.15584	8.40623	9.71535	0	16.2032	
16.0133	20.2438	16.4201	9.12688	5.50236	13.6759	21.6574	16.2594	14.5703	10.2859	17.4303	13.4078	9.93232	18.249	18.7293	11.4919	11.7169	10.1024	6.36396	6.39639	11.3918	3.7455	9.36279	16.2032	0	

0	8.40537	13.1374	5.22204	13.7129	4.76955	11.2663	5.72433	0.989545	9.79727	3.60955	9.99779	7.44527	16.9803	4.65116	21.6467	11.2251	12.7488	19.8503	13.514	19.5321	19.9067	11.5553	9.59273	12.7113	
8.40537	0	28.6504	11.6483	24.6775	11.1958	13.1868	12.8996	7.41583	13.6768	10.0358	19.0618	20.9268	8.61734	7.03082	33.0297	13.3056	15.1285	22.7963	9.05884	13.666	16.7906	12.7788	12.9801	17.6034	
13.1374	28.6504	0	9.26981	19.595	10.7233	9.51309	20.6822	19.6221	12.9421	15.7721	11.6636	5.6921	20.0331	21.5409	26.7837	17.5493	20.4242	18.9922	18.5385	27.2397	10.8067	11.1873	12.6074	19.9364	
5.22204	11.6483	9.26981	0	8.81602	8.01249	7.3987	10.4658	4.23249	7.42375	6.85249	9.54917	3.57771	22.1413	9.39149	15.036	11.36	13.2829	14.0225	8.35482	13.723	7.20986	4.63482	10.493	12.5667	
13.7129	24.6775	19.595	8.81602	0	9.51428	20.4288	10.0121	13.2943	13.8091	15.12	14.5789	9.67636	16.1184	15.2131	8.1316	15.4949	7.95	13.5688	7.9012	7.4	6.75623	4.1812	12.9588	9.5817	
4.76955	11.1958	10.7233	8.01249	9.51428	0	8.85215	6.2208	3.78	10.2937	5.60568	5.06463	5.03115	15.4839	5.69878	17.0272	10.7152	13.7964	17.2344	15.5456	16.9143	11.9712	10.5263	9.29069	7.77817	
11.2663	13.1868	9.51309	7.3987	20.4288	8.85215	0	15.8255	13.4346	11.071	13.901	9.79246	3.82099	4.56946	13.1001	28.296	9.796	12.7379	16.286	11.0883	15.6955	18.8201	9.31616	10.7363	18.6927	
5.72433	12.8996	20.6822	10.4658	10.0121	6.2208	15.8255	0	6.71388	4.07294	4.97855	6.16221	11.252	11.256	7.09174	16.2321	11.8127	9.93208	15.2186	9.55095	12.1519	8.40599	5.83095	10.3883	9.21589	
0.989545	7.41583	19.6221	4.23249	13.2943	3.78	13.4346	6.71388	0	10.0926	2.62	8.84463	7.8102	16.0332	5.59017	17.5167	15.5925	13.6878	18.7927	15.9145	17.9555	20.8457	8.86732	10.5823	11.5582	
9.79727	13.6768	12.9421	7.42375	13.8091	10.2937	11.071	4.07294	10.0926	0	7.47262	10.2351	7.25	14.0276	11.1647	9.42247	11.6482	5.85915	18.1382	12.35	8.07897	14.2726	9.90389	10.8679	5.14296	
3.60955	10.0358	15.7721	6.85249	15.12	5.60568	13.901	4.97855	2.62	7.47262	0	10.6703	10.08	16.2346	8.21017	14.8967	19.1208	13.3318	20.5931	14.9255	15.5516	13.7805	10.8095	16.3427	12.6156	
9.99779	19.0618	11.6636	9.54917	14.5789	5.06463	9.79246	6.16221	8.84463	10.2351	10.6703	0	5.97147	17.4182	10.7634	17.0902	5.65052	9.23485	12.1405	8.14729	15.0881	6.90652	9.48155	4.22606	12.8428	
7.44527	20.9268	5.6921	3.57771	9.67636	5.03115	3.82099	11.252	7.8102	7.25	10.08	5.97147	0	8.39046	10.7299	15.8964	8.54765	11.9241	14.8828	9.21516	15.329	8.0702	5.49516	6.91532	12.393	
16.9803	8.61734	20.0331	22.1413	16.1184	15.4839	4.56946	11.256	16.0332	14.0276	16.2346	17.4182	8.39046	0	15.6482	22.1045	14.3655	8.16843	22.1158	15.6578	19.765	18.9001	17.087	13.1772	20.52	
4.65116	7.03082	21.5409	9.39149	15.2131	5.69878	13.1001	7.09174	5.59017	11.1647	8.21017	10.7634	10.7299	15.6482	0	22.0338	20.7515	8.09765	22.0451	16.0897	19.6942	15.2555	12.9227	13.1064	13.477	
21.6467	33.0297	26.7837	15.036	8.1316	17.0272	28.296	16.2321	17.5167	9.42247	14.8967	17.0902	15.8964	22.1045	22.0338	0	14.4964	12.9401	19.7888	5.95071	1.3435	12.9762	10.4012	12.8641	9.249	
11.2251	13.3056	17.5493	11.36	15.4949	10.7152	9.796	11.8127	15.5925	11.6482	19.1208	5.65052	8.54765	14.3655	20.7515	14.4964	0	6.64112	6.48999	4.2468	8.85401	11.9786	7.9668	1.63233	12.7914	
12.7488	15.1285	20.4242	13.2829	7.95	13.7964	12.7379	9.93208	13.6878	5.85915	13.3318	9.23485	11.9241	8.16843	8.09765	12.9401	6.64112	0	13.9474	8.93002	11.5966	10.7317	12.1312	5.00879	11.0021	
19.8503	22.7963	18.9922	14.0225	13.5688	17.2344	16.286	15.2186	18.7927	18.1382	20.5931	12.1405	14.8828	22.1158	22.0451	19.7888	6.48999	13.9474	0	10.7368	18.3447	8.18545	9.38765	8.12232	13.9159	
13.514	9.05884	18.5385	8.35482	7.9012	15.5456	11.0883	9.55095	15.9145	12.35	14.9255	8.14729	9.21516	15.6578	16.0897	5.95071	4.2468	8.93002	10.7368	0	4.60721	6.29503	3.72	3.92122	8.54459	
19.5321	13.666	27.2397	13.723	7.4	16.9143	15.6955	12.1519	17.9555	8.07897	15.5516	15.0881	15.329	19.765	19.6942	1.3435	8.85401	11.5966	18.3447	4.60721	0	12.339	8.32721	8.52844	10.5925	
19.9067	16.7906	10.8067	7.20986	6.75623	11.9712	18.8201	8.40599	20.8457	14.2726	13.7805	6.90652	8.0702	18.9001	15.2555	12.9762	11.9786	10.7317	8.18545	6.29503	12.339	0	2.57503	11.1326	9.12967	
11.5553	12.7788	11.1873	4.63482	4.1812	10.5263	9.31616	5.83095	8.86732	9.90389	10.8095	9.48155	5.49516	17.087	12.9227	10.4012	7.9668	12.1312	9.38765	3.72	8.32721	2.57503	0	7.64122	11.7047	
9.59273	12.9801	12.6074	10.493	12.9588	9.29069	10.7363	10.3883	10.5823	10.8679	16.3427	4.22606	6.91532	13.1772	13.1064	12.8641	1.63233	5.00879	8.12232	3.92122	8.52844	11.1326	7.64122	0	12.4658	
12.7113	17.6034	19.9364	12.5667	9.5817	7.77817	18.6927	9.21589	11.5582	5.14296	12.6156	12.8428	12.393	20.52	13.477	9.249	12.7914	11.0021	13.9159	8.54459	10.5925	9.12967	11.7047	12.4658	0	

0	12.2376	13.0855	7.28285	10.4479	1.26491	13.9655	2.47334	3.08491	12.6083	3.01214	8.82806	8.53213	9.30386	0.865332	13.191	7.63675	13.2752	12.5284	8.72968	13.8685	12.8569	10.1697	9.00075	15.7528	
12.2376	0	26.7734	19.3975	22.6855	13.5026	8.71632	7.05648	15.5361	27.8784	12.8232	16.8517	22.1699	2.0906	12.98	25.4286	19.8744	28.708	19.6855	20.9673	25.4895	11.8278	26.9545	13.6906	16.4611	
13.0855	26.7734	0	20.211	15.3227	19.5563	15.3477	15.4015	17.2817	15.9752	11.8919	10.6443	18.2842	21.9734	13.7934	21.6885	9.22104	20.5432	19.5996	4.35578	9.49459	9.10528	5.79578	14.4751	15.0975	
7.28285	19.3975	20.211	0	10.3474	9.50329	5.7109	8.02553	9.90578	7.20014	8.01561	9.2371	2.23607	12.3366	6.41752	7.5748	7.56962	6.70536	12.4161	11.1863	6.04745	14.6602	10.4021	6.89639	12.9861	
10.4479	22.6855	15.3227	10.3474	0	11.7128	18.7414	14.7859	13.7464	5.75151	18.2671	13.4467	12.7693	16.2329	11.3132	3.01569	11.7158	5.78492	8.04671	3.98951	4.3	6.49569	2.54951	12.8039	11.2711	
1.26491	13.5026	19.5563	9.50329	11.7128	0	16.284	5.40496	1.82	11.3434	1.74723	7.34958	7.26722	10.3708	2.13024	14.4559	8.90166	11.7365	13.7933	9.28338	16.5878	20.57	14.5454	11.9275	14.4118	
13.9655	8.71632	15.3477	5.7109	18.7414	16.284	0	10.8791	16.5884	12.911	13.7265	17.6093	7.94697	6.62572	12.1284	18.4026	15.1509	13.4026	10.6947	19.7035	11.7583	15.2182	16.9669	15.4518	13.9191	
2.47334	7.05648	15.4015	8.02553	14.7859	5.40496	10.8791	0	5.09628	16.7484	7.15219	9.24331	12.6722	4.96588	1.60801	17.529	10.0651	20.5079	16.158	13.0677	21.9272	14.7031	20.1405	11.4291	17.0286	
3.08491	15.5361	17.2817	9.90578	13.7464	1.82	16.5884	5.09628	0	13.1634	2.96	5.52958	9.08722	13.6926	3.48827	12.8789	10.2383	9.9767	12.4442	10.4962	11.4616	15.4438	16.4268	16.9756	15.6246	
12.6083	27.8784	15.9752	7.20014	5.75151	11.3434	12.911	16.7484	13.1634	0	13.0906	12.151	5.15	18.87	13.6177	8.85479	8.63397	8.81236	12.0271	4.642	7.32743	7.64979	3.202	7.26997	13.6955	
3.01214	12.8232	11.8919	8.01561	18.2671	1.74723	13.7265	7.15219	2.96	13.0906	0	8.48958	9.01445	10.7326	6.44827	15.2514	12.4014	11.6619	15.889	7.53615	12.675	12.2857	8.97615	17.6554	12.6646	
8.82806	16.8517	10.6443	9.2371	13.4467	7.34958	17.6093	9.24331	5.52958	12.151	8.48958	0	7.00103	14.2092	9.01784	14.6226	4.70877	11.4703	6.91466	6.28856	11.4274	9.92892	7.72856	6.07277	10.1391	
8.53213	22.1699	18.2842	2.23607	12.7693	7.26722	7.94697	12.6722	9.08722	5.15	9.01445	7.00103	0	16.2603	8.65358	10.1592	5.33355	4.4693	9.41746	10.1988	5.95422	9.93638	8.352	4.66032	10.75	
9.30386	2.0906	21.9734	12.3366	16.2329	10.3708	6.62572	4.96588	13.6926	18.87	10.7326	14.2092	16.2603	0	6.57389	24.9263	12.964	15.2043	14.2607	14.4867	23.3989	9.73717	14.185	11.6	18.2816	
0.865332	12.98	13.7934	6.41752	11.3132	2.13024	12.1284	1.60801	3.48827	13.6177	6.44827	9.01784	8.65358	6.57389	0	14.0563	8.50209	13.465	13.3937	9.59501	12.465	23.965	16.9005	14.331	15.4206	
13.191	25.4286	21.6885	7.5748	3.01569	14.4559	18.4026	17.529	12.8789	8.85479	15.2514	14.6226	10.1592	24.9263	14.0563	0	18.2362	3.01227	7.70795	6.66616	1.52735	9.51138	5.5652	12.4651	10.9324	
7.63675	19.8744	9.22104	7.56962	11.7158	8.90166	15.1509	10.0651	10.2383	8.63397	12.4014	4.70877	5.33355	12.964	8.50209	18.2362	0	9.80285	6.12114	4.86526	10.0041	5.22015	6.30526	1.364	13.7526	
13.2752	28.708	20.5432	6.70536	5.78492	11.7365	13.4026	20.5079	9.9767	8.81236	11.6619	11.4703	4.4693	15.2043	13.465	3.01227	9.80285	0	9.99062	6.62374	1.48492	5.46708	9.21954	9.12962	14.0115	
12.5284	19.6855	19.5996	12.4161	8.04671	13.7933	10.6947	16.158	12.4442	12.0271	15.889	6.91466	9.41746	14.2607	13.3937	7.70795	6.12114	9.99062	0	9.27304	9.2353	4.52354	8.97132	4.75714	3.22441	
8.72968	20.9673	4.35578	11.1863	3.98951	9.28338	19.7035	13.0677	10.4962	4.642	7.53615	6.28856	10.1988	14.4867	9.59501	6.66616	4.86526	6.62374	9.27304	0	5.13881	4.74951	1.44	6.22927	10.7418	
13.8685	25.4895	9.49459	6.04745	4.3	16.5878	11.7583	21.9272	11.4616	7.32743	12.675	11.4274	5.95422	23.3989	12.465	1.52735	10.0041	1.48492	9.2353	5.13881	0	6.95201	6.57881	14.5974	15.8806	
12.8569	11.8278	9.10528	14.6602	6.49569	20.57	15.2182	14.7031	15.4438	7.64979	12.2857	9.92892	9.93638	9.73717	23.965	9.51138	5.22015	5.46708	4.52354	4.74951	6.95201	0	4.44779	6.58415	7.74795	
10.1697	26.9545	5.79578	10.4021	2.54951	14.5454	16.9669	20.1405	16.4268	3.202	8.97615	7.72856	8.352	14.185	16.9005	5.5652	6.30526	9.21954	8.97132	1.44	6.57881	4.44779	0	10.472	10.4935	
9.00075	13.6906	14.4751	6.89639	12.8039	11.9275	15.4518	11.4291	16.9756	7.26997	17.6554	6.07277	4.66032	11.6	14.331	12.4651	1.364	9.12962	4.75714	6.22927	14.5974	6.58415	10.472	0	7.98155	
15.7528	16.4611	15.0975	12.9861	11.2711	14.4118	13.9191	17.0286	15.6246	13.6955	12.6646	10.1391	10.75	18.2816	15.4206	10.9324	13.7526	14.0115	3.22441	10.7418	15.8806	7.74795	10.4935	7.98155	0	

0	10.8167	11.1323	9.26547	17.0501	2.24522	10.0948	3.21994	6.26712	6.54789	3.75	7.6259	9.06522	9.88293	1.26194	12.1496	15.7407	15.4481	22.4038	15.2452	13.4648	11.8331	17.8789	15.515	20.9835	
10.8167	0	11.4724	21.1215	14.2802	14.6132	17.8352	15.4095	15.0554	17.8564	11.9458	15.9187	23.0542	5.81288	9.55471	16.2036	20.2618	12.9051	17.2886	27.682	21.0368	20.0111	22.2168	16.2529	20.8351	
11.1323	11.4724	0	15.9073	16.9582	8.88705	17.611	15.5158	17.2871	13.1897	16.0944	11.66	15.7071	17.2853	13.9455	20.8282	12.6289	19.9856	14.8393	12.2941	26.217	8.53867	11.816	16.0725	11.3478	
9.26547	21.1215	15.9073	0	8.00359	7.02026	10.5895	13.649	15.4203	4.42741	14.2276	4.63849	3.71187	15.3086	11.0025	7.59526	7.52	14.4118	12.3192	9.3754	6.28004	9.89849	6.62118	10.9635	17.8775	
17.0501	14.2802	16.9582	8.00359	0	7.87884	14.0892	25.1288	21.1512	3.57617	20.434	20.0402	10.1262	18.0962	19.5074	4.9005	10.2739	3.65	8.03347	13.4562	6.21572	15.9229	12.6456	18.1773	11.58	
2.24522	14.6132	8.88705	7.02026	7.87884	0	13.5521	5.46516	8.4	4.30267	5.99522	10.3039	6.82001	10.8579	3.50716	11.7488	11.0004	20.7815	12.1944	13	13.3003	9.58785	12.8652	13.2698	12.397	
10.0948	17.8352	17.611	10.5895	14.0892	13.5521	0	15.3655	9.18483	17.6654	6.34483	5.95097	23.7624	12.4778	12.3149	18.4194	12.6778	15.1209	15.4888	19.5693	19.0609	15.3899	15.7454	10.2137	19.5359	
3.21994	15.4095	15.5158	13.649	25.1288	5.46516	15.3655	0	9.48706	10.9314	6.96994	9.41448	11.2529	17.4866	4.48188	15.3695	16.1413	25.2899	20.8827	19.6287	25.0118	16.2166	23.0087	17.4824	22.9994	
6.26712	15.0554	17.2871	15.4203	21.1512	8.4	9.18483	9.48706	0	12.7027	2.84	11.8647	15.22	8.97293	5.50073	18.4167	14.8854	24.7061	17.1104	13.03	18.1664	16.7854	17.68	19.8091	16.0816	
6.54789	17.8564	13.1897	4.42741	3.57617	4.30267	17.6654	10.9314	12.7027	0	11.51	9.06591	6.55	15.1606	9.36114	7.44611	6.6977	7.22617	7.89177	8.5531	8.76132	13.6354	11.0486	10.1412	12.9316	
3.75	11.9458	16.0944	14.2276	20.434	5.99522	6.34483	6.96994	2.84	11.51	0	12.2958	14.0273	6.13293	5.01194	15.8996	21.6378	21.4657	21.8337	15.87	15.3264	16.7952	23.5873	16.5585	22.834	
7.6259	15.9187	11.66	4.63849	20.0402	10.3039	5.95097	9.41448	11.8647	9.06591	12.2958	0	8.35036	18.5079	6.36396	18.1334	6.72681	14.0835	11.7746	8.58221	10.9185	9.43891	11.2597	8.06794	12.248	
9.06522	23.0542	15.7071	3.71187	10.1262	6.82001	23.7624	11.2529	15.22	6.55	14.0273	8.35036	0	17.6779	11.8785	10.3732	10.6671	13.6717	9.62977	9.05345	9.99191	8.75918	10.3331	14.1107	11.5683	
9.88293	5.81288	17.2853	15.3086	18.0962	10.8579	12.4778	17.4866	8.97293	15.1606	6.13293	18.5079	17.6779	0	14.6078	13.1957	13.8835	16.4942	21.4819	20.5593	14.5109	20.4458	15.9717	10.44	28.8641	
1.26194	9.55471	13.9455	11.0025	19.5074	3.50716	12.3149	4.48188	5.50073	9.36114	5.01194	6.36396	11.8785	14.6078	0	13.4115	13.0908	21.8354	19.5265	16.3341	23.1822	14.6463	21.4385	14.4319	19.9489	
12.1496	16.2036	20.8282	7.59526	4.9005	11.7488	18.4194	15.3695	18.4167	7.44611	15.8996	18.1334	10.3732	13.1957	13.4115	0	10.6551	3.29848	7.68195	9.58833	1.31522	13.3437	12.6102	12.8552	11.2285	
15.7407	20.2618	12.6289	7.52	10.2739	11.0004	12.6778	16.1413	14.8854	6.6977	21.6378	6.72681	10.6671	13.8835	13.0908	10.6551	0	7.35666	5.04777	1.8554	13.2726	5.61082	6.5054	3.44354	4.90704	
15.4481	12.9051	19.9856	14.4118	3.65	20.7815	15.1209	25.2899	24.7061	7.22617	21.4657	14.0835	13.6717	16.4942	21.8354	3.29848	7.35666	0	4.38347	8.46391	4.6137	10.6841	9.31174	10.8002	7.93	
22.4038	17.2886	14.8393	12.3192	8.03347	12.1944	15.4888	20.8827	17.1104	7.89177	21.8337	11.7746	9.62977	21.4819	19.5265	7.68195	5.04777	4.38347	0	4.08044	12.5152	6.30064	8.73044	8.49132	7.13208	
15.2452	27.682	12.2941	9.3754	13.4562	13	19.5693	19.6287	13.03	8.5531	15.87	8.58221	9.05345	20.5593	16.3341	9.58833	1.8554	8.46391	4.08044	0	10.9035	3.75542	4.65	5.29894	3.05164	
13.4648	21.0368	26.217	6.28004	6.21572	13.3003	19.0609	25.0118	18.1664	8.76132	15.3264	10.9185	9.99191	14.5109	23.1822	1.31522	13.2726	4.6137	12.5152	10.9035	0	19.0257	12.9012	11.54	16.0617	
11.8331	20.0111	8.53867	9.89849	15.9229	9.58785	15.3899	16.2166	16.7854	13.6354	16.7952	9.43891	8.75918	20.4458	14.6463	13.3437	5.61082	10.6841	6.30064	3.75542	19.0257	0	3.27732	8.80904	2.80913	
17.8789	22.2168	11.816	6.62118	12.6456	12.8652	15.7454	23.0087	17.68	11.0486	23.5873	11.2597	10.3331	15.9717	21.4385	12.6102	6.5054	9.31174	8.73044	4.65	12.9012	3.27732	0	5.53173	6.08644	
15.515	16.2529	16.0725	10.9635	18.1773	13.2698	10.2137	17.4824	19.8091	10.1412	16.5585	8.06794	14.1107	10.44	14.4319	12.8552	3.44354	10.8002	8.49132	5.29894	11.54	8.80904	5.53173	0	13.1709	
20.9835	20.8351	11.3478	17.8775	11.58	12.397	19.5359	22.9994	16.0816	12.9316	22.834	12.248	11.5683	28.8641	19.9489	11.2285	4.90704	7.93	7.13208	3.05164	16.0617	2.80913	6.08644	13.1709	0	

0	11.8435	13.2597	6.57754	15.3924	1.51789	11.5763	5.2324	4.82403	9.08017	4.2	9.63236	10.5577	8.40952	3.64161	16.6139	9.77754	18.6041	25.8362	19.7731	13.3348	12.8589	16.4562	13.4442	17.7291	
11.8435	0	18.7169	6.07157	19.4013	10.8942	12.1904	6.61105	13.7184	10.5143	20.817	12.0528	10.0518	7.90348	8.59014	14.963	9.27157	18.7332	25.3992	19.2671	12.6013	12.353	15.9502	18.3435	24.0646	
13.2597	18.7169	0	10.6842	15.6747	14.7776	18.5029	12.1059	18.0838	13.6862	17.4597	16.9568	15.205	15.3142	14.085	14.5639	16.4012	9.86983	10.0572	12.5763	18.1197	4.40275	6.86074	10.786	10.1383	
6.57754	6.07157	10.6842	0	11.5129	8.09543	6.11882	4.22606	10.7895	7.51319	10.7775	5.98121	3.9802	6.7265	6.20515	10.5766	3.2	11.7485	11.9358	9.71451	10.7689	6.2814	8.73939	4.65344	15.177	
15.3924	19.4013	15.6747	11.5129	0	21.1098	13.4231	12.0363	10.3401	8.80226	11.3883	5.53173	13.5887	12.9123	12.0442	1.29244	14.6567	4.67339	6.35766	7.37734	3.65418	11.2719	8.5888	13.2032	8.53815	
1.51789	10.8942	14.7776	8.09543	21.1098	0	10.0584	4.28318	6.34193	7.56227	5.71789	10.7877	9.39149	9.92741	5.1595	17.4663	14.5847	16.5951	21.5044	20.25	12.3856	18.964	17.3289	16.6094	18.7383	
11.5763	12.1904	18.5029	6.11882	13.4231	10.0584	0	8.71987	21.237	4.81664	19.5226	8.08717	9.56664	4.56946	19.7612	10.2541	9.31882	6.87314	18.7588	15.844	19.5303	12.3402	12.5893	10.783	24.1118	
5.2324	6.61105	12.1059	4.22606	12.0363	4.28318	8.71987	0	3.4549	3.90323	7.92733	6.50455	6.2516	10.9526	1.97909	10.4641	7.42606	12.9361	15.0787	16.9158	8.1024	10.5075	14.1891	12.9503	17.3997	
4.82403	13.7184	18.0838	10.7895	10.3401	6.34193	21.237	3.4549	0	8.07886	0.82	4.80833	10.5042	12.1889	1.4758	11.8608	15.6974	16.3683	13.3825	18.8863	14.1518	21.7881	15.7759	10.0642	12.9051	
9.08017	10.5143	13.6862	7.51319	8.80226	7.56227	4.81664	3.90323	8.07886	0	12.6558	3.27054	4.75	9.3861	5.88232	11.8735	9.9432	9.03285	11.8447	13.917	11.5387	13.7946	12.6875	9.04708	17.2799	
4.2	20.817	17.4597	10.7775	11.3883	5.71789	19.5226	7.92733	0.82	12.6558	0	5.62833	11.16	12.6095	2.2958	12.4139	10.6977	15.7949	17.4791	14.1141	14.6453	15.6275	19.0975	9.24424	13.7251	
9.63236	12.0528	16.9568	5.98121	5.53173	10.7877	8.08717	6.50455	4.80833	3.27054	5.62833	0	8.02054	7.38055	6.28413	6.82417	9.18121	11.5599	8.57418	11.4305	9.34345	12.2626	14.8326	12.3176	13.8351	
10.5577	10.0518	15.205	3.9802	13.5887	9.39149	9.56664	6.2516	10.5042	4.75	11.16	8.02054	0	10.3781	8.23069	9.15046	5.1932	13.6536	14.1959	11.7077	6.78873	10.2616	7.93746	6.64664	10.8083	
8.40952	7.90348	15.3142	6.7265	12.9123	9.92741	4.56946	10.9526	12.1889	9.3861	12.6095	7.38055	10.3781	0	12.0511	14.6476	9.9265	11.4426	14.3051	13.3867	16.724	10.5047	8.04671	10.44	10.9176	
3.64161	8.59014	14.085	6.20515	12.0442	5.1595	19.7612	1.97909	1.4758	5.88232	2.2958	6.28413	8.23069	12.0511	0	13.4009	19.7916	15.3508	18.4662	18.8949	10.0815	16.6599	18.2915	19.49	14.3809	
16.6139	14.963	14.5639	10.5766	1.29244	17.4663	10.2541	10.4641	11.8608	11.8735	12.4139	6.82417	9.15046	14.6476	13.4009	0	12.5994	3.38095	5.06522	6.0849	2.36174	8.84803	7.29636	10.9548	9.83059	
9.77754	9.27157	16.4012	3.2	14.6567	14.5847	9.31882	7.42606	15.6974	9.9432	10.6977	9.18121	5.1932	9.9265	19.7916	12.5994	0	15.1829	9.37082	6.32335	11.9819	7.83673	9.82878	1.45344	12.4957	
18.6041	18.7332	9.86983	11.7485	4.67339	16.5951	6.87314	12.9361	16.3683	9.03285	15.7949	11.5599	13.6536	11.4426	15.3508	3.38095	15.1829	0	8.44617	9.46585	5.74268	5.46708	5.71612	11.8504	8.58697	
25.8362	25.3992	10.0572	11.9358	6.35766	21.5044	18.7588	15.0787	13.3825	11.8447	17.4791	8.57418	14.1959	14.3051	18.4662	5.06522	9.37082	8.44617	0	2.85631	7.42696	5.65442	6.25843	7.72622	5.26087	
19.7731	19.2671	12.5763	9.71451	7.37734	20.25	15.844	16.9158	18.8863	13.917	14.1141	11.4305	11.7077	13.3867	18.8949	6.0849	6.32335	9.46585	2.85631	0	8.44664	7.79799	5.34	4.86991	5.98121	
13.3348	12.6013	18.1197	10.7689	3.65418	12.3856	19.5303	8.1024	14.1518	11.5387	14.6453	9.34345	6.78873	16.724	10.0815	2.36174	11.9819	5.74268	7.42696	8.44664	0	13.3102	9.6581	20.0032	12.0864	
12.8589	12.353	4.40275	6.2814	11.2719	18.964	12.3402	10.5075	21.7881	13.7946	15.6275	12.2626	10.2616	10.5047	16.6599	8.84803	7.83673	5.46708	5.65442	7.79799	13.3102	0	2.45799	6.38329	5.32884	
16.4562	15.9502	6.86074	8.73939	8.5888	17.3289	12.5893	14.1891	15.7759	12.6875	19.0975	14.8326	7.93746	8.04671	18.2915	7.29636	9.82878	5.71612	6.25843	5.34	9.6581	2.45799	0	8.84128	2.87085	
13.4442	18.3435	10.786	4.65344	13.2032	16.6094	10.783	12.9503	10.0642	9.04708	9.24424	12.3176	6.64664	10.44	19.49	10.9548	1.45344	11.8504	7.72622	4.86991	20.0032	6.38329	8.84128	0	10.8511	
17.7291	24.0646	10.1383	15.177	8.53815	18.7383	24.1118	17.3997	12.9051	17.2799	13.7251	13.8351	10.8083	10.9176	14.3809	9.83059	12.4957	8.58697	5.26087	5.98121	12.0864	5.32884	2.87085	10.8511	0	

0	9.17824	16.4407	11.7816	13.7325	5.40749	12.214	2.77272	2.30894	11.7709	4.44894	6.37595	8.05185	12.0424	3.06472	16.322	9.05841	10.1694	15.5522	13.8773	21.9485	18.2957	10.7873	11.3369	13.8495	
9.17824	0	13.7871	20.354	19.0981	14.5857	3.03579	11.951	11.4872	20.9491	15.0282	15.5542	14.3288	6.88368	12.243	12.829	12.8502	14.1796	12.7794	11.5821	12.5662	9.11748	8.49211	13.4707	19.8334	
16.4407	13.7871	0	12.6442	20.0908	18.281	23.745	13.6679	15.9074	17.1604	13.7674	16.8711	14.402	13.1251	14.7812	13.9517	9.70652	9.7317	8.33149	17.4822	16.2428	4.66958	13.3434	8.36488	16.4111	
11.7816	20.354	12.6442	0	4.28019	7.49083	21.76	9.08044	8.07155	6.0821	5.93155	13.7559	3.80132	11.2465	14.2438	10.4193	5.62095	7.83019	13.199	12.6981	11.2302	13.5337	9.25786	4.27931	7.12624	
13.7325	19.0981	20.0908	4.28019	0	8.325	15.9323	15.1067	11.4104	10.3623	9.6725	18.806	8.0815	15.7958	13.1273	6.13909	7.87246	3.55	5.64619	8.41789	6.95	8.61211	10.606	8.5595	2.84605	
5.40749	14.5857	18.281	7.49083	8.325	0	19.0468	5.91558	6.3	10.9395	4.51367	11.7834	3.68951	11.1347	4.80234	11.099	13.0495	5.44694	15.2452	16.7429	13.013	10.5091	15.3119	12.9601	8.93951	
12.214	3.03579	23.745	21.76	15.9323	19.0468	0	17.1484	17.3242	19.0506	18.8643	13.7812	17.2027	9.91946	18.2616	9.79325	14.8771	17.0965	10.6947	27.6924	9.53044	12.1533	11.5279	17.7629	13.4948	
2.77272	11.951	13.6679	9.08044	15.1067	5.91558	17.1484	0	5.08166	11.0156	5.53173	9.14868	5.27913	9.26965	1.11324	12.6886	14.4176	11.6542	13.6007	13.0335	15.8403	15.0115	13.56	14.1096	10.5291	
