10
10
3
3
30

6	7
19	44
37	23
35	6
5	8
20	35
8	31
29	43
18	39
19	47

26	20
20	33
15	46
20	26
17	19
15	12
5	30
13	40
38	5
9	40

70

1.79769e+308
1.79769e+308
1.79769e+308
1.79769e+308
1.79769e+308
1.79769e+308
1.79769e+308
1.79769e+308
1.79769e+308
1.79769e+308

16
18
15
11
18
16
15
15
15
16

0
0
0
0
0
0
0
0
0
0

0

0	16.026	11.5358	8.47831	0.961665	14.0946	14.6314	9.3984	9.99467	12.8449	9.06441	9.70809	12.0597	12.568	3.58134	6.13142	7.34167	8.77091	16.0312	13.8509	
16.026	0	10.3139	13.1939	11.6182	4.69179	5.7302	5.06651	3.1104	1.62	12.0352	2.87179	1.92302	6.09179	17.9055	13.2221	7.22136	4.33417	14.5537	12.4936	
11.5358	10.3139	0	11.9962	13.0762	11.0495	15.4971	14.9286	7.20345	11.7183	13.9101	17.8287	12.0775	16.9411	7.95447	17.4186	11.3144	8.42722	10.6364	10.4821	
8.47831	13.1939	11.9962	0	7.51665	17.8812	23.2538	26.5715	15.9549	14.8139	10.3882	16.0612	15.117	19.2812	13.1001	11.0667	13.8966	18.5361	1.35978	22.6354	
0.961665	11.6182	13.0762	7.51665	0	10.5664	8.11925	10.3601	10.491	14.0885	10.0261	8.74643	16.9873	9.79532	4.54301	5.16976	6.38	9.73257	8.87643	8.96488	
14.0946	4.69179	11.0495	17.8812	10.5664	0	14.2935	4.69622	3.84604	8.14273	8.29264	1.82	8.72013	4.05	13.0366	21.1003	7.46532	4.29487	18.4411	11.1718	
14.6314	5.7302	15.4971	23.2538	8.11925	14.2935	0	10.1584	5.85021	10.6103	5.90661	13.2853	3.80718	5.15457	13.7848	17.3886	1.73925	6.09338	14.935	4.32413	
9.3984	5.06651	14.9286	26.5715	10.3601	4.69622	10.1584	0	7.7251	3.44651	14.5511	6.51622	10.0225	8.74622	12.9797	15.8847	11.8361	8.94887	22.3202	20.5357	
9.99467	3.1104	7.20345	15.9549	10.491	3.84604	5.85021	7.7251	0	4.51486	13.7009	3.69864	4.51253	7.52628	15.1579	16.3325	4.11096	1.22376	14.5951	6.30376	
12.8449	1.62	11.7183	14.8139	14.0885	8.14273	10.6103	3.44651	4.51486	0	19.5498	4.49179	3.54302	13.6064	20.2114	14.8421	8.62583	5.73863	19.1099	14.1136	
9.06441	12.0352	13.9101	10.3882	10.0261	8.29264	5.90661	14.5511	13.7009	19.5498	0	7.46264	9.71378	4.24264	7.87819	15.5507	7.64586	11.6383	9.02841	11.3644	
9.70809	2.87179	17.8287	16.0612	8.74643	1.82	13.2853	6.51622	3.69864	4.49179	7.46264	0	4.79481	3.22	12.2066	13.9162	6.63532	2.47487	17.421	7.55487	
12.0597	1.92302	12.0775	15.117	16.9873	8.72013	3.80718	10.0225	4.51253	3.54302	9.71378	4.79481	0	11.1324	19.7495	15.1451	5.54643	3.28877	19.4692	8.36877	
12.568	6.09179	16.9411	19.2812	9.79532	4.05	5.15457	8.74622	7.52628	13.6064	4.24264	3.22	11.1324	0	8.98661	18.4508	3.41532	5.69487	13.271	6.0002	
3.58134	17.9055	7.95447	13.1001	4.54301	13.0366	13.7848	12.9797	15.1579	20.2114	7.87819	12.2066	19.7495	8.98661	0	9.46414	12.4019	12.3522	14.4599	16.1084	
6.13142	13.2221	17.4186	11.0667	5.16976	21.1003	17.3886	15.8847	16.3325	14.8421	15.5507	13.9162	15.1451	18.4508	9.46414	0	11.5498	15.2572	12.4265	18.2342	
7.34167	7.22136	11.3144	13.8966	6.38	7.46532	1.73925	11.8361	4.11096	8.62583	7.64586	6.63532	5.54643	3.41532	12.4019	11.5498	0	4.35412	18.706	2.58488	
8.77091	4.33417	8.42722	18.5361	9.73257	4.29487	6.09338	8.94887	1.22376	5.73863	11.6383	2.47487	3.28877	5.69487	12.3522	15.2572	4.35412	0	15.8188	5.08	
16.0312	14.5537	10.6364	1.35978	8.87643	18.4411	14.935	22.3202	14.5951	19.1099	9.02841	17.421	19.4692	13.271	14.4599	12.4265	18.706	15.8188	0	21.1185	
13.8509	12.4936	10.4821	22.6354	8.96488	11.1718	4.32413	20.5357	6.30376	14.1136	11.3644	7.55487	8.36877	6.0002	16.1084	18.2342	2.58488	5.08	21.1185	0	

0	15.2948	8.72138	19.763	1.27279	9.07844	14.2646	13.2449	12.3034	18.0276	8.3488	12.1384	15.4331	11.0584	16.2788	11.7492	9.19279	12.1443	16.8009	16.5594	
15.2948	0	10.3525	13.3882	16.5676	7.78763	10.9144	5.82893	8.5442	2.82	13.6671	8.35673	4.87463	9.76763	16.0254	22.9004	9.59162	7.35532	8.6764	8.83167	
8.72138	10.3525	0	12.4956	9.99417	12.1053	6.91914	4.52354	12.7728	22.1869	12.1999	11.1158	8.67571	9.14003	14.0476	11.3145	7.8616	15.5167	17.2074	8.51674	
19.763	13.3882	12.4956	0	20.0238	14.9556	18.4619	17.0191	10.394	16.1182	10.4998	13.3665	17.629	20.762	8.88144	7.09941	15.0674	12.8415	4.71179	14.65	
1.27279	16.5676	9.99417	20.0238	0	10.3512	11.6199	15.8355	13.5762	21.0407	9.62159	11.8972	12.637	18.9734	14.106	12.9244	7.92	13.4171	29.8084	13.5206	
9.07844	7.78763	12.1053	14.9556	10.3512	0	5.18614	6.59649	4.56158	10.2858	9.50931	3.06	6.5421	1.98	8.62777	17.1327	7.03724	7.00911	16.464	7.26887	
14.2646	10.9144	6.91914	18.4619	11.6199	5.18614	0	8.55434	6.33877	13.7921	13.0157	5.83945	8.41686	7.16614	9.88582	11.9466	3.69986	9.08274	25.3075	2.08274	
13.2449	5.82893	4.52354	17.0191	15.8355	6.59649	8.55434	0	9.56482	7.69804	16.7234	6.59228	4.15217	4.61649	10.1965	15.838	7.91546	7.44094	14.5053	6.4716	
12.3034	8.5442	12.7728	10.394	13.5762	4.56158	6.33877	9.56482	0	5.7242	4.94773	2.97254	5.7363	6.54158	13.1894	8.34809	6.94978	2.44753	13.3999	4.25603	
18.0276	2.82	22.1869	16.1182	21.0407	10.2858	13.7921	7.69804	5.7242	0	10.6719	7.02797	3.54587	12.7353	26.5698	22.0884	8.26286	6.83464	11.4964	9.98023	
8.3488	13.6671	12.1999	10.4998	9.62159	9.50931	13.0157	16.7234	4.94773	10.6719	0	7.92027	12.1827	12.4734	13.6736	3.40037	16.49	7.39526	8.45212	9.20376	
12.1384	8.35673	11.1158	13.3665	11.8972	3.06	5.83945	6.59228	2.97254	7.02797	7.92027	0	3.4821	5.04	10.1632	17.786	3.97724	5.42007	21.6363	7.22857	
15.4331	4.87463	8.67571	17.629	12.637	6.5421	8.41686	4.15217	5.7363	3.54587	12.1827	3.4821	0	8.76866	10.9029	19.8509	4.71699	3.28877	13.551	10.2888	
11.0584	9.76763	9.14003	20.762	18.9734	1.98	7.16614	4.61649	6.54158	12.7353	12.4734	5.04	8.76866	0	10.6078	15.8737	10.0672	14.834	18.5917	7.83398	
16.2788	16.0254	14.0476	8.88144	14.106	8.62777	9.88582	10.1965	13.1894	26.5698	13.6736	10.1632	10.9029	10.6078	0	11.9394	6.18595	22.3915	13.5932	11.7865	
11.7492	22.9004	11.3145	7.09941	12.9244	17.1327	11.9466	15.838	8.34809	22.0884	3.40037	17.786	19.8509	15.8737	11.9394	0	15.6465	16.5621	11.8112	14.0293	
9.19279	9.59162	7.8616	15.0674	7.92	7.03724	3.69986	7.91546	6.94978	8.26286	16.49	3.97724	4.71699	10.0672	6.18595	15.6465	0	8.00576	19.9618	5.60057	
12.1443	7.35532	15.5167	12.8415	13.4171	7.00911	9.08274	7.44094	2.44753	6.83464	7.39526	5.42007	3.28877	14.834	22.3915	16.5621	8.00576	0	16.0317	6.70356	
16.8009	8.6764	17.2074	4.71179	29.8084	16.464	25.3075	14.5053	13.3999	11.4964	8.45212	21.6363	13.551	18.5917	13.5932	11.8112	19.9618	16.0317	0	17.5081	
16.5594	8.83167	8.51674	14.65	13.5206	7.26887	2.08274	6.4716	4.25603	9.98023	9.20376	7.22857	10.2888	7.83398	11.7865	14.0293	5.60057	6.70356	17.5081	0	

0	21.6603	19.883	13.225	1.49907	11.3002	7.22496	18.5927	10.1031	16.9332	13.1976	9.70658	23.2957	5.90021	5.69759	8.28437	12.6008	9.03071	16.3557	11.1738	
21.6603	0	10.6747	19.3786	22.0606	1.81108	9.02107	8.81547	5.29116	1.32	6	2.76134	3.89076	6.88027	6.77033	7.69538	13.6223	3.74977	14.4059	5.82977	
19.883	10.6747	0	27.5727	21.7893	15.1758	21.1288	11.4165	16.4496	23.2639	4.67472	16.2722	21.3311	11.9721	14.4545	15.004	16.7059	17.1133	18.6976	19.3038	
13.225	19.3786	27.5727	0	11.726	14.2076	10.7435	25.8635	21.3358	17.747	15.6356	22.1399	17.8885	34.7588	13.9798	18.5113	27.6615	19.2475	1.61276	21.4007	
1.49907	22.0606	21.7893	11.726	0	12.6696	8.72402	17.562	20.6843	15.5339	20.3435	15.4201	19.7722	7.39928	7.19665	6.78531	21.6123	11.7547	13.3387	9.67471	
11.3002	1.81108	15.1758	14.2076	12.6696	0	7.20999	7.46579	4.68982	3.13108	7.81108	2.16	5.70184	5.4	6.16899	5.8843	12.5859	4.90333	12.5949	6.98333	
7.22496	9.02107	21.1288	10.7435	8.72402	7.20999	0	11.3678	7.1715	9.70824	16.0073	9.36999	9.84118	8.71	11.1	13.0943	5.37587	8.13355	9.13074	10.2135	
18.5927	8.81547	11.4165	25.8635	17.562	7.46579	11.3678	0	5.03302	10.596	16.0913	6.05413	15.5446	10.8203	9.43852	13.3501	16.7437	8.50035	20.0606	7.88726	
10.1031	5.29116	16.4496	21.3358	20.6843	4.68982	7.1715	5.03302	0	5.56296	13.0366	2.52982	5.17496	5.7873	4.4055	10.3024	12.5474	3.46733	16.3022	5.54733	
16.9332	1.32	23.2639	17.747	15.5339	3.13108	9.70824	10.596	5.56296	0	7.32	4.08134	4.08187	11.3503	9.96845	17.027	15.0841	5.06977	16.1342	5.85915	
13.1976	6	4.67472	15.6356	20.3435	7.81108	16.0073	16.0913	13.0366	7.32	0	8.76134	9.89076	7.29734	9.77982	15.6767	19.7167	9.74977	14.0228	15.3979	
9.70658	2.76134	16.2722	22.1399	15.4201	2.16	9.36999	6.05413	2.52982	4.08134	8.76134	0	6.6521	7.56	4.00899	8.0443	10.8609	5.99716	14.7549	9.62704	
23.2957	3.89076	21.3311	17.8885	19.7722	5.70184	9.84118	15.5446	5.17496	4.08187	9.89076	6.6521	0	4.83813	15.7155	17.8465	17.9716	1.70763	19.3424	3.78763	
5.90021	6.88027	11.9721	34.7588	7.39928	5.4	8.71	10.8203	5.7873	11.3503	7.29734	7.56	4.83813	0	10.1928	11.2843	12.4193	3.1305	17.8407	5.2105	
5.69759	6.77033	14.4545	13.9798	7.19665	6.16899	11.1	9.43852	4.4055	9.96845	9.77982	4.00899	15.7155	10.1928	0	5.89689	14.8699	7.69805	12.367	5.61805	
8.28437	7.69538	15.004	18.5113	6.78531	5.8843	13.0943	13.3501	10.3024	17.027	15.6767	8.0443	17.8465	11.2843	5.89689	0	19.4957	10.7876	18.2639	11.1679	
12.6008	13.6223	16.7059	27.6615	21.6123	12.5859	5.37587	16.7437	12.5474	15.0841	19.7167	10.8609	17.9716	12.4193	14.8699	19.4957	0	13.5094	14.5066	15.8324	
9.03071	3.74977	17.1133	19.2475	11.7547	4.90333	8.13355	8.50035	3.46733	5.06977	9.74977	5.99716	1.70763	3.1305	7.69805	10.7876	13.5094	0	17.2643	2.08	
16.3557	14.4059	18.6976	1.61276	13.3387	12.5949	9.13074	20.0606	16.3022	16.1342	14.0228	14.7549	19.3424	17.8407	12.367	18.2639	14.5066	17.2643	0	17.9851	
11.1738	5.82977	19.3038	21.4007	9.67471	6.98333	10.2135	7.88726	5.54733	5.85915	15.3979	9.62704	3.78763	5.2105	5.61805	11.1679	15.8324	2.08	17.9851	0	

0	14.0434	13.9542	8.3731	0.961665	8.92123	10.5966	22.4291	11.7668	12.1972	13.8045	6.20123	13.9286	11.8712	10.9068	10.9504	12.0196	15.0148	6.41249	13.6754	
14.0434	0	14.9357	15.409	15.1136	7.55371	14.0646	6.58358	1.78466	5.19	10.4432	7.35027	2.14663	11.2869	10.8103	12.5914	10.2552	4.80294	13.4484	7.5801	
13.9542	14.9357	0	10.2534	14.9159	10.1769	14.5437	14.8631	14.4734	15.6151	5.81489	18.9873	17.0823	13.3668	8.71262	19.9234	21.9597	16.8951	8.29277	11.4648	
8.3731	15.409	10.2534	0	28.8008	12.1065	17.5589	23.2325	16.6849	21.2011	19.5504	11.1193	21.8441	16.7893	16.6527	15.8684	16.1359	10.5629	1.96061	17.1207	
0.961665	15.1136	14.9159	28.8008	0	19.4918	9.74183	21.6435	19.4403	13.1589	21.7144	7.16289	12.9669	21.5563	11.8685	13.1105	11.1649	15.6233	7.37415	12.8207	
8.92123	7.55371	10.1769	12.1065	19.4918	0	14.7639	9.27203	5.76906	7.94745	4.36198	2.72	6.52484	8.39	7.25971	7.46915	12.3719	9.18116	10.1459	11.5645	
10.5966	14.0646	14.5437	17.5589	9.74183	14.7639	0	8.51964	8.87428	6.48825	9.04772	11.4311	11.0457	8.59822	5.00437	6.68199	1.42302	8.99883	17.0091	3.07883	
22.4291	6.58358	14.8631	23.2325	21.6435	9.27203	8.51964	0	4.79893	10.2318	13.4574	10.3645	11.2723	9.04063	10.678	17.9362	7.09662	8.95335	17.5557	10.5944	
11.7668	1.78466	14.4734	16.6849	19.4403	5.76906	8.87428	4.79893	0	6.97466	8.65852	5.56561	3.93128	11.2356	11.5562	10.3148	11.8955	7.85249	15.2331	5.79545	
12.1972	5.19	15.6151	21.2011	13.1589	7.94745	6.48825	10.2318	6.97466	0	12.3094	10.6675	5.23634	6.0969	8.64657	18.5712	5.06522	7.89266	18.0933	4.15023	
13.8045	10.4432	5.81489	19.5504	21.7144	4.36198	9.04772	13.4574	8.65852	12.3094	0	7.08198	10.8868	7.23871	2.89772	5.66417	6.47906	12.9452	14.1077	8.39962	
6.20123	7.35027	18.9873	11.1193	7.16289	2.72	11.4311	10.3645	5.56561	10.6675	7.08198	0	9.24484	5.67	7.51559	4.74915	13.4669	11.5824	12.6137	11.1894	
13.9286	2.14663	17.0823	21.8441	12.9669	6.52484	11.0457	11.2723	3.93128	5.23634	10.8868	9.24484	0	11.3332	8.66367	11.4301	9.62266	2.65631	11.2586	8.40043	
11.8712	11.2869	13.3668	16.7893	21.5563	8.39	8.59822	9.04063	11.2356	6.0969	7.23871	5.67	11.3332	0	4.34099	7.10743	7.92233	11.4394	19.9891	5.51939	
10.9068	10.8103	8.71262	16.6527	11.8685	7.25971	5.00437	10.678	11.5562	8.64657	2.89772	7.51559	8.66367	4.34099	0	2.76644	3.58134	10.0475	15.6481	9.22883	
10.9504	12.5914	19.9234	15.8684	13.1105	7.46915	6.68199	17.9362	10.3148	18.5712	5.66417	4.74915	11.4301	7.10743	2.76644	0	6.34778	8.98283	14.9058	9.76082	
12.0196	10.2552	21.9597	16.1359	11.1649	12.3719	1.42302	7.09662	11.8955	5.06522	6.47906	13.4669	9.62266	7.92233	3.58134	6.34778	0	11.9098	18.0965	4.50186	
15.0148	4.80294	16.8951	10.5629	15.6233	9.18116	8.99883	8.95335	7.85249	7.89266	12.9452	11.5824	2.65631	11.4394	10.0475	8.98283	11.9098	0	8.60233	5.92	
6.41249	13.4484	8.29277	1.96061	7.37415	10.1459	17.0091	17.5557	15.2331	18.0933	14.1077	12.6137	11.2586	19.9891	15.6481	14.9058	18.0965	8.60233	0	14.5223	
13.6754	7.5801	11.4648	17.1207	12.8207	11.5645	3.07883	10.5944	5.79545	4.15023	8.39962	11.1894	8.40043	5.51939	9.22883	9.76082	4.50186	5.92	14.5223	0	

0	13.2793	21.2802	29.5976	1.04652	10.5448	12.5789	20.0113	13.738	20.9413	10.0774	9.74478	19.4487	10.1845	8.97612	5.04486	6.10652	15.4144	28.2149	13.2544	
13.2793	0	21.2853	20.6647	12.7816	4.33452	11.8326	7.16258	6.11882	4.47	14.7778	3.53452	6.82017	13.6145	13.9286	14.5439	7.72161	7.44457	24.2939	8.22834	
21.2802	21.2853	0	24.7542	13.6263	13.1283	11.5083	15.2773	12.2078	19.8357	6.61302	14.5683	14.2354	4.4883	10.2001	11.6456	21.7201	10.882	21.9939	13.042	
29.5976	20.6647	24.7542	0	30.6441	24.1431	32.52	11.6198	26.3678	14.3124	18.1412	31.8172	14.6266	21.4505	23.4839	23.1738	34.6554	16.0151	4.83828	28.2033	
1.04652	12.7816	13.6263	30.6441	0	12.0459	9.17096	23.7229	13.7453	17.8332	12.4473	9.34318	14.8713	9.13799	10.3254	6.09138	5.06	23.815	29.2615	14.301	
10.5448	4.33452	13.1283	24.1431	12.0459	0	2.7828	12.5233	1.69941	14.1959	11.2031	0.8	11.6641	8.64	5.86038	9.79163	5.08318	3.02516	30.8896	5.49383	
12.5789	11.8326	11.5083	32.52	9.17096	2.7828	0	15.3061	4.48222	16.8841	8.64268	3.5828	13.9223	7.02	3.3	7.23126	4.11096	11.8493	34.538	9.68926	
20.0113	7.16258	15.2773	11.6198	23.7229	12.5233	15.3061	0	5.72103	2.69258	10.6292	12.5794	3.00674	18.04	17.0852	14.9665	12.8181	4.39528	16.4581	6.55528	
13.738	6.11882	12.2078	26.3678	13.7453	1.69941	4.48222	5.72103	0	10.5888	10.6287	2.49941	6.57513	10.3394	7.55979	8.69317	8.71037	1.32575	24.1219	3.48575	
20.9413	4.47	19.8357	14.3124	17.8332	14.1959	16.8841	2.69258	10.5888	0	9.97259	8.00452	2.35017	15.3474	16.4286	17.6591	12.1615	7.08786	28.7639	8.54443	
10.0774	14.7778	6.61302	18.1412	12.4473	11.2031	8.64268	10.6292	10.6287	9.97259	0	13.3893	7.62242	3.30926	5.34268	5.03254	15.9459	9.30295	22.9795	11.463	
9.74478	3.53452	14.5683	31.8172	9.34318	0.8	3.5828	12.5794	2.49941	8.00452	13.3893	0	10.6899	9.44	6.66038	11.0094	4.28318	5.75293	27.8284	4.69383	
19.4487	6.82017	14.2354	14.6266	14.8713	11.6641	13.9223	3.00674	6.57513	2.35017	7.62242	10.6899	0	10.9317	12.9651	12.655	9.81134	5.24938	28.0455	6.19426	
10.1845	13.6145	4.4883	21.4505	9.13799	8.64	7.02	18.04	10.3394	15.3474	3.30926	9.44	10.9317	0	5.71183	8.3418	11.131	12.6122	26.4822	14.7738	
8.97612	13.9286	10.2001	23.4839	10.3254	5.86038	3.3	17.0852	7.55979	16.4286	5.34268	6.66038	12.9651	5.71183	0	3.93126	7.41096	9.13549	32.8105	12.9893	
5.04486	14.5439	11.6456	23.1738	6.09138	9.79163	7.23126	14.9665	8.69317	17.6591	5.03254	11.0094	12.655	8.3418	3.93126	0	10.9134	10.0189	31.7743	15.7032	
6.10652	7.72161	21.7201	34.6554	5.06	5.08318	4.11096	12.8181	8.71037	12.1615	15.9459	4.28318	9.81134	11.131	7.41096	10.9134	0	13.0937	32.0155	8.977	
15.4144	7.44457	10.882	16.0151	23.815	3.02516	11.8493	4.39528	1.32575	7.08786	9.30295	5.75293	5.24938	12.6122	9.13549	10.0189	13.0937	0	22.7962	2.16	
28.2149	24.2939	21.9939	4.83828	29.2615	30.8896	34.538	16.4581	24.1219	28.7639	22.9795	27.8284	28.0455	26.4822	32.8105	31.7743	32.0155	22.7962	0	24.9562	
13.2544	8.22834	13.042	28.2033	14.301	5.49383	9.68926	6.55528	3.48575	8.54443	11.463	4.69383	6.19426	14.7738	12.9893	15.7032	8.977	2.16	24.9562	0	

0	16.4349	13.6776	17.7005	0.381838	10.2656	21.2572	19.224	19.0902	15.5946	10.2571	18.2753	12.0075	17.2149	17.0442	12.4577	25.3843	18.2688	18.8706	19.0439	
16.4349	0	19.7623	10.3078	13.4154	3.5316	7.32633	10.2437	4.43615	4.32	6.92425	5.6716	4.42741	7.4916	11.0351	15.6216	10.9188	6.52674	11.4778	6.55236	
13.6776	19.7623	0	8.38115	26.1146	6.81318	20.0255	14.554	18.8693	21.5014	3.42053	15.1868	16.6892	14.706	16.1129	10.6293	20.1826	19.6845	7.2111	19.2515	
17.7005	10.3078	8.38115	0	18.0824	10.71	11.1623	13.8671	10.1698	14.6278	18.0354	10.1927	11.1803	6.75	11.7535	11.5071	7.68375	13.0624	1.17004	14.806	
0.381838	13.4154	26.1146	18.0824	0	9.8838	13.6785	19.6058	12.5224	19.4752	10.6389	12.0238	12.3893	13.8438	19.3718	12.8396	17.4733	20.9153	20.9018	12.9046	
10.2656	3.5316	6.81318	10.71	9.8838	0	3.79473	11.0771	2.63856	7.8516	3.39265	2.14	7.95901	3.96	6.57852	8.71714	7.27324	4.72916	16.6567	3.02076	
21.2572	7.32633	20.0255	11.1623	13.6785	3.79473	0	8.58036	4.97337	7.12377	7.18739	5.93473	9.14409	6.11	7.54821	8.66894	3.47851	2.88278	15.3561	2.08274	
19.224	10.2437	14.554	13.8671	19.6058	11.0771	8.58036	0	7.78819	5.92368	11.1335	10.8271	9.51078	7.11709	11.042	11.8742	11.0762	5.69759	18.171	9.10069	
19.0902	4.43615	18.8693	10.1698	12.5224	2.63856	4.97337	7.78819	0	6.33159	6.03121	4.77856	7.08267	3.41977	7.43499	8.17691	6.48267	2.0906	14.564	5.65932	
15.5946	4.32	21.5014	14.6278	19.4752	7.8516	7.12377	5.92368	6.33159	0	16.8558	9.85488	3.5871	13.0408	9.58538	12.3297	9.61961	4.24099	14.2903	9.24099	
10.2571	6.92425	3.42053	18.0354	10.6389	3.39265	7.18739	11.1335	6.03121	16.8558	0	5.53265	13.2687	7.35265	11.7952	7.20878	10.9821	16.1241	10.6316	6.41342	
18.2753	5.6716	15.1868	10.1927	12.0238	2.14	5.93473	10.8271	4.77856	9.85488	5.53265	0	6.26777	3.71	4.43852	8.46714	8.50823	9.78291	11.3627	5.16076	
12.0075	4.42741	16.6892	11.1803	12.3893	7.95901	9.14409	9.51078	7.08267	3.5871	13.2687	6.26777	0	9.97777	10.7063	15.9168	11.6399	6.26131	12.3504	11.2613	
17.2149	7.4916	14.706	6.75	13.8438	3.96	6.11	7.11709	3.41977	13.0408	7.35265	3.71	9.97777	0	7.15883	4.75714	9.58851	5.51036	7.92004	6.98076	
17.0442	11.0351	16.1129	11.7535	19.3718	6.57852	7.54821	11.042	7.43499	9.58538	11.7952	4.43852	10.7063	7.15883	0	4.58647	4.06971	5.34439	11.3575	10.3444	
12.4577	15.6216	10.6293	11.5071	12.8396	8.71714	8.66894	11.8742	8.17691	12.3297	7.20878	8.46714	15.9168	4.75714	4.58647	0	8.65617	9.93086	15.944	6.5862	
25.3843	10.9188	20.1826	7.68375	17.4733	7.27324	3.47851	11.0762	6.48267	9.61961	10.9821	8.50823	11.6399	9.58851	4.06971	8.65617	0	5.37862	8.85379	5.56124	
18.2688	6.52674	19.6845	13.0624	20.9153	4.72916	2.88278	5.69759	2.0906	4.24099	16.1241	9.78291	6.26131	5.51036	5.34439	9.93086	5.37862	0	12.4734	4.96552	
18.8706	11.4778	7.2111	1.17004	20.9018	16.6567	15.3561	18.171	14.564	14.2903	10.6316	11.3627	12.3504	7.92004	11.3575	15.944	8.85379	12.4734	0	13.636	
19.0439	6.55236	19.2515	14.806	12.9046	3.02076	2.08274	9.10069	5.65932	9.24099	6.41342	5.16076	11.2613	6.98076	10.3444	6.5862	5.56124	4.96552	13.636	0	

0	26.029	29.4981	9.09078	2.10718	19.107	14.6324	24.2578	20.4674	14.3433	14.2006	19.1696	21.5659	8.9021	7.32547	12.0459	17.9067	18.4418	8.01561	18.6321	
26.029	0	13.079	16.2537	19.7749	5.97655	11.0362	7.69958	2.54951	3.57	9.35263	3.94091	6.39515	5.83775	10.5878	10.971	11.6687	6.12944	31.8026	5.81598	
29.4981	13.079	0	21.4419	31.2483	8.32346	13.3831	6.24679	11.3969	10.7657	16.7243	11.6282	6.68381	14.1054	22.4357	15.3846	14.0156	11.4203	25.0586	10.2915	
9.09078	16.2537	21.4419	0	13.7949	13.1165	16.6105	17.2423	10.2882	13.1667	16.8429	13.1791	14.4216	7	9.97015	6.05538	21.7047	10.1242	1.07517	12.6416	
2.10718	19.7749	31.2483	13.7949	0	17.5849	12.5252	25.6516	10.0832	18.0874	12.0934	14.2149	14.2165	6.79492	9.43265	11.4165	13.7269	17.7517	10.1228	18.0027	
19.107	5.97655	8.32346	13.1165	17.5849	0	5.05964	8.94145	4.15909	6.13929	8.40086	3.56	2.41661	7.44732	14.2132	7.06116	5.6921	3.09684	20.012	5.5582	
14.6324	11.0362	13.3831	16.6105	12.5252	5.05964	0	10.6552	9.21873	9.5287	13.4605	8.61964	7.47625	13.1702	10.2	12.1208	1.20167	6.48625	25.5963	6.61043	
24.2578	7.69958	6.24679	17.2423	25.6516	8.94145	10.6552	0	5.15007	9.04708	11.9532	5.38145	9.73612	8.4383	16.0649	10.6309	17.0946	7.65105	18.3175	4.04475	
20.4674	2.54951	11.3969	10.2882	10.0832	4.15909	9.21873	5.15007	0	6.11951	6.80312	1.3914	6.39725	3.28824	6.25839	8.42151	9.85119	7.25592	22.6061	8.36549	
14.3433	3.57	10.7657	13.1667	18.0874	6.13929	9.5287	9.04708	6.11951	0	18.1709	10.8631	4.08187	9.98799	7.01783	13.6019	8.36863	3.04245	23.9279	9.36245	
14.2006	9.35263	16.7243	16.8429	12.0934	8.40086	13.4605	11.9532	6.80312	18.1709	0	8.19453	10.8175	9.84293	12.8131	13.6015	14.093	11.4977	27.786	13.9591	
19.1696	3.94091	11.6282	13.1791	14.2149	3.56	8.61964	5.38145	1.3914	10.8631	8.19453	0	5.97661	4.67964	10.3902	7.12372	9.2521	6.65684	21.3083	9.1182	
21.5659	6.39515	6.68381	14.4216	14.2165	2.41661	7.47625	9.73612	6.39725	4.08187	10.8175	5.97661	0	7.42159	10.3917	9.47777	7.35851	5.51345	15.8332	7.97481	
8.9021	5.83775	14.1054	7	6.79492	7.44732	13.1702	8.4383	3.28824	9.98799	9.84293	4.67964	7.42159	0	2.97015	11.1496	13.5514	10.9567	8.07517	16.0563	
7.32547	10.5878	22.4357	9.97015	9.43265	14.2132	10.2	16.0649	6.25839	7.01783	12.8131	10.3902	10.3917	2.97015	0	8.80893	10.5812	10.0603	15.3411	15.3951	
12.0459	10.971	15.3846	6.05538	11.4165	7.06116	12.1208	10.6309	8.42151	13.6019	13.6015	7.12372	9.47777	11.1496	8.80893	0	12.7533	10.158	7.13055	6.5862	
17.9067	11.6687	14.0156	21.7047	13.7269	5.6921	1.20167	17.0946	9.85119	8.36863	14.093	9.2521	7.35851	13.5514	10.5812	12.7533	0	7.68791	27.4913	7.8121	
18.4418	6.12944	11.4203	10.1242	17.7517	3.09684	6.48625	7.65105	7.25592	3.04245	11.4977	6.65684	5.51345	10.9567	10.0603	10.158	7.68791	0	11.1994	6.32	
8.01561	31.8026	25.0586	1.07517	10.1228	20.012	25.5963	18.3175	22.6061	23.9279	27.786	21.3083	15.8332	8.07517	15.3411	7.13055	27.4913	11.1994	0	20.7708	
18.6321	5.81598	10.2915	12.6416	18.0027	5.5582	6.61043	4.04475	8.36549	9.36245	13.9591	9.1182	7.97481	16.0563	15.3951	6.5862	7.8121	6.32	20.7708	0	

0	10.0141	12.9177	8.12483	0.608112	18.2462	18.4428	17.6969	16.0627	18.8039	6.91351	8.77144	18.4597	8.23743	3.74413	7.61877	9.76729	16.2312	9.29487	12.2836	
10.0141	0	10.7869	11.957	16.295	11.2204	4.76823	2.00998	4.6911	5.37	9.43935	8.48336	2.77272	7.20353	6.26997	12.8947	8.90955	5.04777	13.127	6.36777	
12.9177	10.7869	0	4.79283	18.9241	14.9142	15.5551	12.7968	14.1585	16.1569	4.67472	15.1267	13.5596	11.566	7.8441	10.2513	11.6525	15.8346	5.96287	14.6493	
8.12483	11.957	4.79283	0	8.73294	10.1214	16.7252	11.6198	16.6481	16.0218	9.46755	12.3614	14.7297	13.6164	11.518	14.8252	17.1302	15.7938	1.17004	17.0802	
0.608112	16.295	18.9241	8.73294	0	10.4033	21.4238	12.9257	13.4127	14.4598	14.2702	8.16333	13.874	7.73215	4.35224	8.22688	14.8733	15.7859	15.3013	15.5193	
18.2462	11.2204	14.9142	10.1214	10.4033	0	8.72789	14.9316	6.52932	5.90038	12.692	2.24	7.95064	6.79	16.7333	15.8398	12.9653	8.94283	11.2914	12.2595	
18.4428	4.76823	15.5551	16.7252	21.4238	8.72789	0	6.7782	9.45933	10.1382	11.7212	10.9679	7.54095	11.8845	10.7666	22.0671	4.74342	4.8516	27.5264	3.5316	
17.6969	2.00998	12.7968	11.6198	12.9257	14.9316	6.7782	0	6.70107	7.37998	14.26	9.74355	4.7827	5.19355	8.27994	10.8847	10.9195	6.78041	12.7899	5.46041	
16.0627	4.6911	14.1585	16.6481	13.4127	6.52932	9.45933	6.70107	0	2.74117	15.7014	5.24938	7.46382	9.46878	10.9611	18.8492	13.6006	5.78362	20.6485	9.37645	
18.8039	5.37	16.1569	16.0218	14.4598	5.90038	10.1382	7.37998	2.74117	0	17.5888	7.71962	6.51451	6.72761	11.2209	13.7147	9.18945	3.04245	19.174	4.36245	
6.91351	9.43935	4.67472	9.46755	14.2702	12.692	11.7212	14.26	15.7014	17.5888	0	10.452	15.0227	7.66269	3.16938	5.5766	6.97782	11.2945	11.1647	9.97455	
8.77144	8.48336	15.1267	12.3614	8.16333	2.24	10.9679	9.74355	5.24938	7.71962	10.452	0	5.71064	4.55	9.04331	11.5371	11.6911	7.62261	16.9964	8.94261	
18.4597	2.77272	13.5596	14.7297	13.874	7.95064	7.54095	4.7827	7.46382	6.51451	15.0227	5.71064	0	10.2606	9.04269	19.3105	11.3208	6.45105	25.6403	5.34573	
8.23743	7.20353	11.566	13.6164	7.73215	6.79	11.8845	5.19355	9.46878	6.72761	7.66269	4.55	10.2606	0	4.49331	6.98705	7.14112	9.77006	12.4464	10.654	
3.74413	6.26997	7.8441	11.518	4.35224	16.7333	10.7666	8.27994	10.9611	11.2209	3.16938	9.04331	9.04269	4.49331	0	8.74599	6.02316	9.85944	10.3479	8.53944	
7.61877	12.8947	10.2513	14.8252	8.22688	15.8398	22.0671	10.8847	18.8492	13.7147	5.5766	11.5371	19.3105	6.98705	8.74599	0	12.5544	21.2224	15.9953	15.5512	
9.76729	8.90955	11.6525	17.1302	14.8733	12.9653	4.74342	10.9195	13.6006	9.18945	6.97782	11.6911	11.3208	7.14112	6.02316	12.5544	0	6.147	16.3711	7.467	
16.2312	5.04777	15.8346	15.7938	15.7859	8.94283	4.8516	6.78041	5.78362	3.04245	11.2945	7.62261	6.45105	9.77006	9.85944	21.2224	6.147	0	16.9638	1.32	
9.29487	13.127	5.96287	1.17004	15.3013	11.2914	27.5264	12.7899	20.6485	19.174	11.1647	16.9964	25.6403	12.4464	10.3479	15.9953	16.3711	16.9638	0	18.8874	
12.2836	6.36777	14.6493	17.0802	15.5193	12.2595	3.5316	5.46041	9.37645	4.36245	9.97455	8.94261	5.34573	10.654	8.53944	15.5512	7.467	1.32	18.8874	0	

0	28.4609	20.5747	12.1872	0.509117	18.2319	15.8177	22.3077	21.1665	17.0838	26.1338	16.8319	25.6068	18.1872	21.7348	15.803	20.6562	17.6612	15.223	28.9118	
28.4609	0	6.63807	12.5798	19.4247	11.5003	8.0219	7.71346	4.43615	2.85	7.75	9.02569	5.99266	11.0126	8.64139	16.999	10.1282	5.76189	9.54405	9.81104	
20.5747	6.63807	0	8.38745	23.1847	12.525	20.5736	18.5079	11.0742	9.48807	14.2522	16.2539	12.6307	10.185	17.935	13.19	21.2464	16.5173	7.93221	20.7472	
12.1872	12.5798	8.38745	0	12.6964	8.34	17.3207	10.1205	12.5765	20.2446	14.0515	11.3574	16.4766	6	9.54755	4.80254	16.6712	14.7654	3.03579	16.8295	
0.509117	19.4247	23.1847	12.6964	0	23.0487	15.3086	26.6988	18.4779	16.5747	24.5429	17.341	21.6049	25.9175	24.9764	15.2939	19.6725	17.1521	19.426	23.3921	
18.2319	11.5003	12.525	8.34	23.0487	0	10.8753	3.97373	6.3964	7.57569	8.2393	1.4	10.0313	2.34	11.4948	14.1223	5.22426	5.16181	9.72166	13.8961	
15.8177	8.0219	20.5736	17.3207	15.3086	10.8753	0	6.86307	3.58575	8.41916	17.1675	7.57119	6.32743	10.1622	7.791	24.5037	4.36394	3.80938	19.6821	10.0494	
22.3077	7.71346	18.5079	10.1205	26.6988	3.97373	6.86307	0	3.27732	10.1241	12.213	5.37373	6.01899	6.31373	7.48256	14.6263	6.55073	4.60306	13.1563	15.9209	
21.1665	4.43615	11.0742	12.5765	18.4779	6.3964	3.58575	3.27732	0	5.93552	12.1861	4.9964	2.74168	6.57647	4.20525	13.8878	5.6921	1.32575	13.3181	6.56005	
17.0838	2.85	9.48807	20.2446	16.5747	7.57569	8.41916	10.1241	5.93552	0	10.6	6.17569	5.03019	13.3752	13.5883	23.4894	9.09196	4.60977	12.394	8.84857	
26.1338	7.75	14.2522	14.0515	24.5429	8.2393	17.1675	12.213	12.1861	10.6	0	9.6393	13.7427	10.5793	10.4137	9.249	15.0382	13.3581	17.294	18.5037	
16.8319	9.02569	16.2539	11.3574	17.341	1.4	7.57119	5.37373	4.9964	6.17569	9.6393	0	7.73808	3.74	9.20165	15.5223	3.82426	3.76181	8.32166	10.0018	
25.6068	5.99266	12.6307	16.4766	21.6049	10.0313	6.32743	6.01899	2.74168	5.03019	13.7427	7.73808	0	9.31815	6.94693	15.8453	8.43378	4.06742	15.5367	3.81838	
18.1872	11.0126	10.185	6	25.9175	2.34	10.1622	6.31373	6.57647	13.3752	10.5793	3.74	9.31815	0	10.4336	10.8025	9.1389	7.90222	9.03579	15.0054	
21.7348	8.64139	17.935	9.54755	24.9764	11.4948	7.791	7.48256	4.20525	13.5883	10.4137	9.20165	6.94693	10.4336	0	9.68255	9.89735	5.53099	12.5833	8.08999	
15.803	16.999	13.19	4.80254	15.2939	14.1223	24.5037	14.6263	13.8878	23.4894	9.249	15.5223	15.8453	10.8025	9.68255	0	20.9212	18.267	7.83833	12.027	
20.6562	10.1282	21.2464	16.6712	19.6725	5.22426	4.36394	6.55073	5.6921	9.09196	15.0382	3.82426	8.43378	9.1389	9.89735	20.9212	0	4.48219	12.1459	9.37019	
17.6612	5.76189	16.5173	14.7654	17.1521	5.16181	3.80938	4.60306	1.32575	4.60977	13.3581	3.76181	4.06742	7.90222	5.53099	18.267	4.48219	0	12.0835	6.24	
15.223	9.54405	7.93221	3.03579	19.426	9.72166	19.6821	13.1563	13.3181	12.394	17.294	8.32166	15.5367	9.03579	12.5833	7.83833	12.1459	12.0835	0	19.9994	
28.9118	9.81104	20.7472	16.8295	23.3921	13.8961	10.0494	15.9209	6.56005	8.84857	18.5037	10.0018	3.81838	15.0054	8.08999	12.027	9.37019	6.24	19.9994	0	

0	9.01999	10.5468	9.86586	2.41831	10.4095	13.2208	17.747	10.7537	9.79999	13.9162	9.44949	13.8052	7.55227	15.4727	14.208	13.6383	14.5959	12.825	15.1591	
9.01999	0	13.8293	18.8858	11.4383	6.47413	8.4049	10.7463	1.73367	0.78	8.12448	6.64722	4.78519	4.68722	9.78115	10.4268	9.16502	3.31436	21.845	4.72194	
10.5468	13.8293	0	15.2279	8.12847	8.32346	11.1063	18.054	13.0639	14.6093	18.2979	9.28346	18.6145	13.4649	5.7109	10.7342	19.3485	16.9258	9.91527	16.2983	
9.86586	18.8858	15.2279	0	8.71931	13.0859	10.3031	19.0214	12.5488	29.3089	6.15803	14.0744	22.0792	12.522	15.8812	10.8579	11.6312	11.8829	5.31263	25.1539	
2.41831	11.4383	8.12847	8.71931	0	16.4519	12.5482	19.5216	18.6514	20.1218	14.8773	11.8678	13.3599	9.97058	13.8394	14.7554	11.22	15.9583	14.0319	19.2977	
10.4095	6.47413	8.32346	13.0859	16.4519	0	2.7828	13.7531	4.74046	11.1096	11.1313	0.96	6.1135	2.92	12.2328	13.4336	4.11096	4.84193	18.2387	7.72874	
13.2208	8.4049	11.1063	10.3031	12.5482	2.7828	0	16.6306	3.63982	7.31427	7.78402	3.7428	7.56149	5.73131	9.45	14.4733	1.32816	2.05913	15.6157	9.01913	
17.747	10.7463	18.054	19.0214	19.5216	13.7531	16.6306	0	9.01262	10.0164	15.4034	12.1548	16.7783	10.1948	12.3431	8.16353	16.444	10.5933	20.9056	12.0009	
10.7537	1.73367	13.0639	12.5488	18.6514	4.74046	3.63982	9.01262	0	2.51367	6.39081	5.70046	6.51885	5.39271	11.5148	8.69317	6.31901	1.5807	21.4352	2.98828	
9.79999	0.78	14.6093	29.3089	20.1218	11.1096	7.31427	10.0164	2.51367	0	10.98	11.1626	5.56519	5.46722	10.5612	15.0624	9.99345	5.25514	35.4153	6.91909	
13.9162	8.12448	18.2979	6.15803	14.8773	11.1313	7.78402	15.4034	6.39081	10.98	0	8.32396	11.2273	6.36396	12.587	10.0651	10.4632	5.72489	11.4707	9.37909	
9.44949	6.64722	9.28346	14.0744	11.8678	0.96	3.7428	12.1548	5.70046	11.1626	8.32396	0	5.1535	1.96	9.8804	12.6636	5.09947	5.83044	22.2745	8.93481	
13.8052	4.78519	18.6145	22.0792	13.3599	6.1135	7.56149	16.7783	6.51885	5.56519	11.2273	5.1535	0	7.1135	14.5663	18.36	10.2407	5.50236	31.1021	10.9243	
7.55227	4.68722	13.4649	12.522	9.97058	2.92	5.73131	10.1948	5.39271	5.46722	6.36396	1.96	7.1135	0	7.9204	10.7036	9.12816	6.9734	20.3772	8.38099	
15.4727	9.78115	5.7109	15.8812	13.8394	12.2328	9.45	12.3431	11.5148	10.5612	12.587	9.8804	14.5663	7.9204	0	5.02328	10.7782	11.5091	15.6262	15.9202	
14.208	10.4268	10.7342	10.8579	14.7554	13.4336	14.4733	8.16353	8.69317	15.0624	10.0651	12.6636	18.36	10.7036	5.02328	0	16.1245	10.2739	12.7421	11.6814	
13.6383	9.16502	19.3485	11.6312	11.22	4.11096	1.32816	16.444	6.31901	9.99345	10.4632	5.09947	10.2407	9.12816	10.7782	16.1245	0	3.38728	26.8271	8.07775	
14.5959	3.31436	16.9258	11.8829	15.9583	4.84193	2.05913	10.5933	1.5807	5.25514	5.72489	5.83044	5.50236	6.9734	11.5091	10.2739	3.38728	0	21.8608	4.56897	
12.825	21.845	9.91527	5.31263	14.0319	18.2387	15.6157	20.9056	21.4352	35.4153	11.4707	22.2745	31.1021	20.3772	15.6262	12.7421	26.8271	21.8608	0	31.0654	
15.1591	4.72194	16.2983	25.1539	19.2977	7.72874	9.01913	12.0009	2.98828	6.91909	9.37909	8.93481	10.9243	8.38099	15.9202	11.6814	8.07775	4.56897	31.0654	0	

0	8.53138	12.9271	14.5198	0.806102	14.7111	10.6604	11.1072	13.7964	14.6704	12.4039	18.4174	11.207	11.2676	5.86038	4.79112	24.1261	16.0769	9.75284	11.4483	
8.53138	0	13.8627	16.3354	7.72528	6.17821	7.20829	5.72843	2.6005	2.16	13.5687	6.3578	5.18986	9.37443	12.2929	11.7103	3.9598	2.596	16.672	5.60057	
12.9271	13.8627	0	11.1262	9.39631	13.1095	11.8983	8.52773	16.1457	16.5	12.0859	10.2283	15.8268	4.4883	9.77935	5.41128	17.2204	12.7841	16.6286	14.2808	
14.5198	16.3354	11.1262	0	14.4491	17.3126	13.4594	14.6185	13.7349	25.6671	4.993	11.0065	16.3243	14.0666	8.65941	11.9019	20.7461	15.9657	5.50236	25.0743	
0.806102	7.72528	9.39631	14.4491	0	14.7504	13.0871	11.9133	10.3258	9.88528	13.21	14.4233	12.0131	11.0125	6.66648	3.98502	11.6851	10.3213	8.94674	10.6422	
14.7111	6.17821	13.1095	17.3126	14.7504	0	6.55319	8.49368	3.57771	6.96749	9.51348	3.5	3.50408	9.24	11.558	15.926	4.11096	6.84108	25.5396	4.10824	
10.6604	7.20829	11.8983	13.4594	13.0871	6.55319	0	10.884	8.06794	5.04829	12.9498	6.22609	6.77245	7.41	4.8	9.16807	3.54175	7.24495	23.7291	2.44495	
11.1072	5.72843	8.52773	14.6185	11.9133	8.49368	10.884	0	4.91597	7.88843	18.6341	9.77943	7.50534	4.03943	9.44663	18.623	9.68823	8.17935	20.1209	11.329	
13.7964	2.6005	16.1457	13.7349	10.3258	3.57771	8.06794	4.91597	0	4.7605	14.2361	7.02518	2.58936	8.9554	12.8679	16.4569	6.5603	3.26337	19.2373	6.91686	
14.6704	2.16	16.5	25.6671	9.88528	6.96749	5.04829	7.88843	4.7605	0	14.1074	6.89645	3.46341	11.4305	9.84829	16.3282	6.1198	3.13465	31.6598	7.49324	
12.4039	13.5687	12.0859	4.993	13.21	9.51348	12.9498	18.6341	14.2361	14.1074	0	6.01348	14.1156	11.7535	8.14985	12.5179	10.4496	9.77529	10.4954	9.79462	
18.4174	6.3578	10.2283	11.0065	14.4233	3.5	6.22609	9.77943	7.02518	6.89645	6.01348	0	7.00408	5.74	11.1472	16.9535	4.43615	3.76181	29.0396	3.78114	
11.207	5.18986	15.8268	16.3243	12.0131	3.50408	6.77245	7.50534	2.58936	3.46341	14.1156	7.00408	0	11.3385	15.062	17.4999	7.61504	4.86991	25.3145	4.32749	
11.2676	9.37443	4.4883	14.0666	11.0125	9.24	7.41	4.03943	8.9554	11.4305	11.7535	5.74	11.3385	0	5.4072	9.77526	10.1761	8.29581	19.9592	9.52114	
5.86038	12.2929	9.77935	8.65941	6.66648	11.558	4.8	9.44663	12.8679	9.84829	8.14985	11.1472	15.062	5.4072	0	4.36807	8.34175	13.703	14.1618	7.24495	
4.79112	11.7103	5.41128	11.9019	3.98502	15.926	9.16807	18.623	16.4569	16.3282	12.5179	16.9535	17.4999	9.77526	4.36807	0	18.1203	13.1935	12.9318	13.1724	
24.1261	3.9598	17.2204	20.7461	11.6851	4.11096	3.54175	9.68823	6.5603	6.1198	10.4496	4.43615	7.61504	10.1761	8.34175	18.1203	0	6.55579	26.2485	5.9867	
16.0769	2.596	12.7841	15.9657	10.3213	6.84108	7.24495	8.17935	3.26337	3.13465	9.77529	3.76181	4.86991	8.29581	13.703	13.1935	6.55579	0	32.0958	4.8	
9.75284	16.672	16.6286	5.50236	8.94674	25.5396	23.7291	20.1209	19.2373	31.6598	10.4954	29.0396	25.3145	19.9592	14.1618	12.9318	26.2485	32.0958	0	19.5889	
11.4483	5.60057	14.2808	25.0743	10.6422	4.10824	2.44495	11.329	6.91686	7.49324	9.79462	3.78114	4.32749	9.52114	7.24495	13.1724	5.9867	4.8	19.5889	0	

0	12.7714	24.5416	7.54448	1.56978	25.3527	9.45602	23.989	23.5784	21.6854	22.6899	23.7274	22.0855	18.7945	14.2673	14.7096	25.7205	18.4786	8.49316	16.5329	
12.7714	0	16.8575	9.07083	11.2017	11.1974	18.3607	6.73342	6.32278	4.98	18.4876	8.66287	4.82991	8.92234	5.26677	8.68842	10.679	7.44457	10.0195	6.24679	
24.5416	16.8575	0	4.55423	14.5045	10.6124	6.61831	10.1241	14.1585	16.4959	4.5607	7.8538	16.4432	13.7624	17.7816	13.9078	8.1362	14.1022	3.60555	14.0598	
7.54448	9.07083	4.55423	0	9.11426	14.4	15.4546	13.6399	12.056	14.0508	15.1454	15.5869	11.8734	11.25	14.3376	17.1221	14.1968	10.9342	0.948683	8.98839	
1.56978	11.2017	14.5045	9.11426	0	15.6022	7.88624	17.9351	17.5244	16.1817	23.4612	22.1576	16.0316	16.3531	12.6975	13.1398	9.40413	18.4694	26.5773	17.4485	
25.3527	11.1974	10.6124	14.4	15.6022	0	5.15451	9.08832	2.74009	4.47034	3.6931	0.4	7.15936	3.15	6.80557	9.39375	3.63662	5.05276	14.218	10.9956	
9.45602	18.3607	6.61831	15.4546	7.88624	5.15451	0	16.2516	12.0379	14.5624	11.179	8.11596	7.36696	10.866	10.7111	7.28944	1.51789	9.45777	10.2239	9.38023	
23.989	6.73342	10.1241	13.6399	17.9351	9.08832	16.2516	0	4.21369	9.37354	14.6848	6.55378	6.49842	6.92474	10.5803	13.1685	12.5138	5.33548	13.7297	4.65146	
23.5784	6.32278	14.1585	12.056	17.5244	2.74009	12.0379	4.21369	0	5.15984	5.63318	2.34009	2.28473	8.02463	6.89373	9.08473	8.1338	1.12178	17.7641	5.16973	
21.6854	4.98	16.4959	14.0508	16.1817	4.47034	14.5624	9.37354	5.15984	0	7.36344	4.07034	5.73112	9.55055	5.89498	9.31663	11.5802	6.28163	21.3056	8.61611	
22.6899	18.4876	4.5607	15.1454	23.4612	3.6931	11.179	14.6848	5.63318	7.36344	0	3.2931	17.9531	9.5231	13.2209	16.6425	17.4814	7.94586	8.16625	14.3815	
23.7274	8.66287	7.8538	15.5869	22.1576	0.4	8.11596	6.55378	2.34009	4.07034	3.2931	0	4.62482	3.55	9.88557	12.4737	4.03662	3.46187	16.0311	9.49276	
22.0855	4.82991	16.4432	11.8734	16.0316	7.15936	7.36696	6.49842	2.28473	5.73112	17.9531	4.62482	0	13.0437	10.0967	6.8	5.84907	3.40652	13.3392	2.885	
18.7945	8.92234	13.7624	11.25	16.3531	3.15	10.866	6.92474	8.02463	9.55055	9.5231	3.55	13.0437	0	3.65557	6.24375	6.78662	9.42751	12.1987	10.5047	
14.2673	5.26677	17.7816	14.3376	12.6975	6.80557	10.7111	10.5803	6.89373	5.89498	13.2209	9.88557	10.0967	3.65557	0	3.42165	9.93008	5.77194	18.8678	10.6119	
14.7096	8.68842	13.9078	17.1221	13.1398	9.39375	7.28944	13.1685	9.08473	9.31663	16.6425	12.4737	6.8	6.24375	3.42165	0	8.80734	9.19359	18.0708	9.685	
25.7205	10.679	8.1362	14.1968	9.40413	3.63662	1.51789	12.5138	8.1338	11.5802	17.4814	4.03662	5.84907	6.78662	9.93008	8.80734	0	7.93987	13.2482	7.86234	
18.4786	7.44457	14.1022	10.9342	18.4694	5.05276	9.45777	5.33548	1.12178	6.28163	7.94586	3.46187	3.40652	9.42751	5.77194	9.19359	7.93987	0	11.8828	4.84	
8.49316	10.0195	3.60555	0.948683	26.5773	14.218	10.2239	13.7297	17.7641	21.3056	8.16625	16.0311	13.3392	12.1987	18.8678	18.0708	13.2482	11.8828	0	9.93708	
16.5329	6.24679	14.0598	8.98839	17.4485	10.9956	9.38023	4.65146	5.16973	8.61611	14.3815	9.49276	2.885	10.5047	10.6119	9.685	7.86234	4.84	9.93708	0	

0	14.0413	10.8396	8.76137	0.79196	13.936	12.7641	8.544	9.91104	16.5221	7.80612	16.244	16.9023	15.6611	18.3141	4.56157	15.8947	12.6135	7.05374	17.2012	
14.0413	0	8.62309	14.9028	19.5388	4.07492	8.14563	8.74339	4.13021	3.9	13.3934	4.08678	6.4846	7.40492	15.9605	18.0446	7.19877	3.10077	11.0721	8.18545	
10.8396	8.62309	0	5.49346	11.5749	6.01631	10.822	6.6776	6.95506	13.446	4.5607	4.53631	6.68381	9.31246	7.75051	15.295	8.2076	8.39711	3.78583	12.1729	
8.76137	14.9028	5.49346	0	9.7873	8.70477	13.8535	10.8702	14.3155	11.0028	11.9211	11.8967	14.0442	17.9873	15.1109	7.93463	16.583	13.8609	1.70763	9.41641	
0.79196	19.5388	11.5749	9.7873	0	16.932	13.556	9.33596	10.703	20.7183	7.01416	15.452	15.3296	11.7659	14.5442	3.76962	12.4179	19.3128	7.8457	14.6263	
13.936	4.07492	6.01631	8.70477	16.932	0	6.57754	10.4471	4.02492	7.97492	8.08176	1.48	8.16563	3.33	12.1275	15.2992	5.15129	5.3408	6.99714	6.28318	
12.7641	8.14563	10.822	13.8535	13.556	6.57754	0	6.04669	4.35412	7.90292	11.3818	6.80195	4.13824	6.63	5.55	11.779	3.13065	5.04486	13.5747	4.43714	
8.544	8.74339	6.6776	10.8702	9.33596	10.4471	6.04669	0	7.13987	12.6434	11.2383	11.2139	10.1849	7.11709	11.5967	18.2219	9.17735	9.84235	10.4634	10.4838	
9.91104	4.13021	6.95506	14.3155	10.703	4.02492	4.35412	7.13987	0	5.56054	11.5158	5.50492	8.49236	7.35492	9.90412	18.2013	6.80048	2.70248	10.7409	8.78248	
16.5221	3.9	13.446	11.0028	20.7183	7.97492	7.90292	12.6434	5.56054	0	15.7905	6.71886	7.13297	14.8899	13.7121	15.0349	6.38659	2.85806	12.7105	8.17839	
7.80612	13.3934	4.5607	11.9211	7.01416	8.08176	11.3818	11.2383	11.5158	15.7905	0	9.09701	11.2445	4.75176	12.3112	10.7452	12.9779	13.1674	8.34653	7.61215	
16.244	4.08678	4.53631	11.8967	15.452	1.48	6.80195	11.2139	5.50492	6.71886	9.09701	0	6.68563	4.81	10.9968	12.3196	3.67129	3.8608	8.32214	7.76318	
16.9023	6.4846	6.68381	14.0442	15.3296	8.16563	4.13824	10.1849	8.49236	7.13297	11.2445	6.68563	0	10.7682	9.47589	11.56	7.26889	6.19806	10.4696	6.53367	
15.6611	7.40492	9.31246	17.9873	11.7659	3.33	6.63	7.11709	7.35492	14.8899	4.75176	4.81	10.7682	0	8.98661	15.4969	9.76065	11.6749	10.3271	9.61318	
18.3141	15.9605	7.75051	15.1109	14.5442	12.1275	5.55	11.5967	9.90412	13.7121	12.3112	10.9968	9.47589	8.98661	0	10.7746	7.32547	10.5949	11.5363	9.98714	
4.56157	18.0446	15.295	7.93463	3.76962	15.2992	11.779	18.2219	18.2013	15.0349	10.7452	12.3196	11.56	15.4969	10.7746	0	8.64833	12.7463	9.64226	17.351	
15.8947	7.19877	8.2076	16.583	12.4179	5.15129	3.13065	9.17735	6.80048	6.38659	12.9779	3.67129	7.26889	9.76065	7.32547	8.64833	0	4.098	23.1843	7.56779	
12.6135	3.10077	8.39711	13.8609	19.3128	5.3408	5.04486	9.84235	2.70248	2.85806	13.1674	3.8608	6.19806	11.6749	10.5949	12.7463	4.098	0	14.3737	6.08	
7.05374	11.0721	3.78583	1.70763	7.8457	6.99714	13.5747	10.4634	10.7409	12.7105	8.34653	8.32214	10.4696	10.3271	11.5363	9.64226	23.1843	14.3737	0	11.124	
17.2012	8.18545	12.1729	9.41641	14.6263	6.28318	4.43714	10.4838	8.78248	8.17839	7.61215	7.76318	6.53367	9.61318	9.98714	17.351	7.56779	6.08	11.124	0	

0	15.7349	11.8611	11.3033	0.975807	15.9336	18.2815	17.731	15.7553	10.5149	8.31299	23.7084	14.9678	21.6607	13.9989	5.45668	18.2233	14.4793	22.1369	11.1838	
15.7349	0	20.9195	19.9313	26.2309	7.02935	12.5236	9.92332	8.05645	5.22	11	8.61538	1.4758	10.0955	19.4707	8.52741	8.93937	7.06688	15.9384	2.80029	
