10
5
2
2
50

6	11
10	43
1	33
14	23
27	48

12	21
1	2
11	28
2	10
14	5
10	12
23	24
24	11
8	30
11	27

150

1.79769e+308
1.79769e+308
1.79769e+308
1.79769e+308
1.79769e+308

11
15
11
14
17
13
14
15
13
17

0
0
0
0
0

0

0	21.9293	20.6247	7.07193	20.3961	14.3402	5.25077	6.20202	3.95818	5.02727	3.09233	13.8843	10.8	10.2763	6.96202
21.9293	0	5.11238	11.3092	8.86002	8.39447	19.1522	7.36251	11.6405	16.9145	15.4225	15.885	13.9692	3.28824	5.3247
20.6247	5.11238	0	7.70857	13.2073	4.72086	15.4786	11.8388	18.7859	14.2005	11.6882	10.9341	11.9063	8.40061	10.1953
7.07193	11.3092	7.70857	0	13.0562	3.0547	13.8124	6.16	10.9064	5.91454	3.9796	10.8425	7.81025	7.43647	5.4
20.3961	8.86002	13.2073	13.0562	0	13.1307	26.7609	8.41622	24.7757	16.6212	18.4779	13.0987	22.802	9.69269	7.65622
14.3402	8.39447	4.72086	3.0547	13.1307	0	10.7577	6.23449	14.36	13.1828	7.0343	8.89337	7.18543	6.0078	5.47449
5.25077	19.1522	15.4786	13.8124	26.7609	10.7577	0	11.4528	9.20895	10.1397	8.3431	14.3118	16.0508	16.7655	16.2322
6.20202	7.36251	11.8388	6.16	8.41622	6.23449	11.4528	0	10.1602	5.3015	3.36656	6.2025	9.41641	2.79647	0.76
3.95818	11.6405	18.7859	10.9064	24.7757	14.36	9.20895	10.1602	0	8.86176	6.92682	17.7188	9.46977	8.35225	10.3887
5.02727	16.9145	14.2005	5.91454	16.6212	13.1828	10.1397	5.3015	8.86176	0	1.93494	12.7269	6.18081	13.6263	15.6627
3.09233	15.4225	11.6882	3.9796	18.4779	7.0343	8.3431	3.36656	6.92682	1.93494	0	10.792	8.11575	7.44083	4.12656
13.8843	15.885	10.9341	10.8425	13.0987	8.89337	14.3118	6.2025	17.7188	12.7269	10.792	0	13.9511	7.47897	5.4425
10.8	13.9692	11.9063	7.81025	22.802	7.18543	16.0508	9.41641	9.46977	6.18081	8.11575	13.9511	0	10.681	10.1764
10.2763	3.28824	8.40061	7.43647	9.69269	6.0078	16.7655	2.79647	8.35225	13.6263	7.44083	7.47897	10.681	0	2.03647
6.96202	5.3247	10.1953	5.4	7.65622	5.47449	16.2322	0.76	10.3887	15.6627	4.12656	5.4425	10.1764	2.03647	0
														
0	14.4029	5.83983	8.16298	22.3185	9.32952	2.88278	4.94949	3.91695	12.4522	7.05051	13.5482	15.7289	4.01204	6.89704
14.4029	0	2.82526	5.50694	11.518	9.01419	18.4721	9.64527	9.75297	18.4217	13.02	17.46	21.6557	4.65305	11.2569
5.83983	2.82526	0	8.3322	14.3433	12.9011	9.90907	2.76523	19.0071	18.6494	7.44212	21.1578	16.8784	1.82779	4.71278
8.16298	5.50694	8.3322	0	16.9068	3.50725	15.6944	7.11376	4.24603	12.96	7.87437	7.7259	10.9039	8.0512	5.75
22.3185	11.518	14.3433	16.9068	0	15.6943	35.6417	14.9204	21.1528	24.5115	19.1098	18.1481	18.3543	16.0854	13.2004
9.32952	9.01419	12.9011	3.50725	15.6943	0	12.2123	4.21393	5.64911	16.4672	9.27744	4.21865	7.64781	5.37893	2.49393
2.88278	18.4721	9.90907	15.6944	35.6417	12.2123	0	8.55319	6.79973	16.4828	9.93329	24.825	23.2228	6.89482	10.9663
4.94949	9.64527	2.76523	7.11376	14.9204	4.21393	8.55319	0	9.58736	11.8294	6.55178	6.66773	6.87388	0.937443	1.72
3.91695	9.75297	19.0071	4.24603	21.1528	5.64911	6.79973	9.58736	0	9.03005	3.62833	9.86776	19.3743	7.92899	8.14304
12.4522	18.4217	18.6494	12.96	24.5115	16.4672	16.4828	11.8294	9.03005	0	5.40171	22.6006	18.7757	11.0161	13.5494
7.05051	13.02	7.44212	7.87437	19.1098	9.27744	9.93329	6.55178	3.62833	5.40171	0	17.0049	21.2632	5.61434	8.49933
13.5482	17.46	21.1578	7.7259	18.1481	4.21865	24.825	6.66773	9.86776	22.6006	17.0049	0	5.99767	7.83272	4.94773
15.7289	21.6557	16.8784	10.9039	18.3543	7.64781	23.2228	6.87388	19.3743	18.7757	21.2632	5.99767	0	8.03888	5.15388
4.01204	4.65305	1.82779	8.0512	16.0854	5.37893	6.89482	0.937443	7.92899	11.0161	5.61434	7.83272	8.03888	0	2.65744
6.89704	11.2569	4.71278	5.75	13.2004	2.49393	10.9663	1.72	8.14304	13.5494	8.49933	4.94773	5.15388	2.65744	0
														
0	23.2331	14.5712	7.93221	29.6866	8.61104	5.97147	11.518	6.30835	14.7	6.80312	11.2827	6.3	11.1497	9.08221
23.2331	0	17.1692	23.908	31.3645	11.2397	21.2733	13.0497	22.0374	26.4272	11.8438	32.0535	24.6364	7.49718	9.15181
14.5712	17.1692	0	5.4649	24.2263	9.34078	12.6114	5.0649	11.5109	9.64377	7.76809	10.1285	17.5931	5.96953	4.3149
7.93221	23.908	5.4649	0	12.8396	0.678823	13.9037	1.9	14.2406	6.47886	13.3096	3.35049	5.20877	2.80463	1.15
29.6866	31.3645	24.2263	12.8396	0	18.841	25.3629	20.4673	33.1124	28.3545	26.8271	9.48911	23.3709	22.5836	15.3027
8.61104	11.2397	9.34078	0.678823	18.841	0	16.817	1.62635	14.2714	9.51346	8.08915	4.02932	4.52994	3.74257	1.82882
5.97147	21.2733	12.6114	13.9037	25.3629	16.817	0	17.4895	10.4003	14.8405	4.8433	22.1813	12.2715	9.18989	19.7172
11.518	13.0497	5.0649	1.9	20.4673	1.62635	17.4895	0	15.8978	6.07886	9.89913	6.56358	6.15629	2.40463	0.75
6.30835	22.0374	11.5109	14.2406	33.1124	14.2714	10.4003	15.8978	0	15.6046	5.60742	19.9808	12.6084	9.95401	15.8258
14.7	26.4272	9.64377	6.47886	28.3545	9.51346	14.8405	6.07886	15.6046	0	9.9972	11.1424	8.97967	6.98349	5.32886
6.80312	11.8438	7.76809	13.3096	26.8271	8.08915	4.8433	9.89913	5.60742	9.9972	0	17.338	9.82497	4.34658	6.00121
11.2827	32.0535	10.1285	3.35049	9.48911	4.02932	22.1813	6.56358	19.9808	11.1424	17.338	0	15.3616	7.46821	4.50049
6.3	24.6364	17.5931	5.20877	23.3709	4.52994	12.2715	6.15629	12.6084	8.97967	9.82497	15.3616	0	8.27251	10.4302
11.1497	7.49718	5.96953	2.80463	22.5836	3.74257	9.18989	2.40463	9.95401	6.98349	4.34658	7.46821	8.27251	0	1.65463
9.08221	9.15181	4.3149	1.15	15.3027	1.82882	19.7172	0.75	15.8258	5.32886	6.00121	4.50049	10.4302	1.65463	0
														
0	22.1171	10.5901	10.4719	15.6518	7.93009	16.3843	8.38811	6.22589	9.06424	6.96805	16.9375	14.9684	8.65061	7.20811
22.1171	0	8.59815	12.5277	18.0783	9.95749	24.9204	8.94547	18.1154	20.8893	10.4789	17.6726	7.68427	6.31341	7.75591
10.5901	8.59815	0	4.42833	12.9072	5.92881	23.4822	4.56195	8.67436	11.4483	6.45021	8.23159	17.7058	2.28473	3.38195
10.4719	12.5277	4.42833	0	12.728	5.00632	14.4045	3.20702	4.24603	7.02	7.04975	3.80326	13.2774	5.0925	3.65
15.6518	18.0783	12.9072	12.728	0	7.72172	20.5869	13.0957	12.3586	11.6511	9.55489	16.7291	10.394	11.3658	15.021
7.93009	9.95749	5.92881	5.00632	7.72172	0	13.3922	5.37401	7.32129	6.61376	4.51758	8.80958	12.5179	3.64408	5.08658
16.3843	24.9204	23.4822	14.4045	20.5869	13.3922	0	15.5998	10.1584	7.73817	9.83435	21.0112	19.0323	15.1974	16.7798
8.38811	8.94547	4.56195	3.20702	13.0957	5.37401	15.5998	0	7.45306	7.5468	5.45061	7.01029	13.4509	2.6225	1.18
6.22589	18.1154	8.67436	4.24603	12.3586	7.32129	10.1584	7.45306	0	4.8999	2.80371	8.0493	10.804	6.96919	7.89603
9.06424	20.8893	11.4483	7.02	11.6511	6.61376	7.73817	7.5468	4.8999	0	2.09619	10.8233	10.0965	6.26166	10.67
6.96805	10.4789	6.45021	7.04975	9.55489	4.51758	9.83435	5.45061	2.80371	2.09619	0	10.4382	8.00033	4.16548	5.60797
16.9375	17.6726	8.23159	3.80326	16.7291	8.80958	21.0112	7.01029	8.0493	10.8233	10.4382	0	17.0807	11.8327	7.45326
14.9684	7.68427	17.7058	13.2774	10.394	12.5179	19.0323	13.4509	10.804	10.0965	8.00033	17.0807	0	12.1658	16.9274
8.65061	6.31341	2.28473	5.0925	11.3658	3.64408	15.1974	2.6225	6.96919	6.26166	4.16548	11.8327	12.1658	0	1.4425
7.20811	7.75591	3.38195	3.65	15.021	5.08658	16.7798	1.18	7.89603	10.67	5.60797	7.45326	16.9274	1.4425	0
														
0	22.0581	15.5671	8.17318	16.3228	7.23038	12.9478	5.31601	5.77235	12.6754	2.59756	12.1331	6.3	6.39768	6.16601
22.0581	0	5.04685	16.0383	9.04352	5.91375	29.5839	3.84378	9.44391	35.0947	29.385	9.54743	17.169	2.76212	7.72601
15.5671	5.04685	0	10.4643	8.56613	5.43637	30.0839	3.3664	8.96653	22.0173	18.1647	9.07004	16.6916	2.28473	5.71433
8.17318	16.0383	10.4643	0	16.5691	4.21436	12.6298	2.85717	18.4072	7.56	8.42738	8.05929	19.6559	3.93883	3.70717
16.3228	9.04352	8.56613	16.5691	0	9.43304	20.396	7.36307	12.9632	24.4668	21.2513	13.0667	10.0228	6.2814	11.2453
7.23038	5.91375	5.43637	4.21436	9.43304	0	17.8082	4.2333	9.83343	11.7744	9.82794	4.90275	13.5304	3.15163	6.32607
12.9478	29.5839	30.0839	12.6298	20.396	17.8082	0	19.8329	7.17541	5.06983	15.1477	17.5233	10.3732	13.8572	22.3886
5.31601	3.84378	3.3664	2.85717	7.36307	4.2333	19.8329	0	7.76346	10.4172	7.91357	7.86697	11.616	1.08167	0.85
5.77235	9.44391	8.96653	18.4072	12.9632	9.83343	7.17541	7.76346	0	12.2452	8.3699	10.3479	9.91022	6.6818	11.6457
12.6754	35.0947	22.0173	7.56	24.4668	11.7744	5.06983	10.4172	12.2452	0	10.0778	15.6193	15.4431	15.89	12.31
2.59756	29.385	18.1647	8.42738	21.2513	9.82794	15.1477	7.91357	8.3699	10.0778	0	16.4867	8.89756	12.6241	12.3925
12.1331	9.54743	9.07004	8.05929	13.0667	4.90275	17.5233	7.86697	10.3479	15.6193	16.4867	0	20.2582	6.78531	11.2288
6.3	17.169	16.6916	19.6559	10.0228	13.5304	10.3732	11.616	9.91022	15.4431	8.89756	20.2582	0	14.4069	19.3708
6.39768	2.76212	2.28473	3.93883	6.2814	3.15163	13.8572	1.08167	6.6818	15.89	12.6241	6.78531	14.4069	0	1.93167
6.16601	7.72601	5.71433	3.70717	11.2453	6.32607	22.3886	0.85	11.6457	12.31	12.3925	11.2288	19.3708	1.93167	0
														
0	8.38475	11.21	12.0596	14.1075	7.93009	10.479	10.4765	6.96805	6.1	6.30835	14.5095	14.449	17.0034	13.952
8.38475	0	2.82526	10.8099	13.29	14.9394	15.3306	9.92198	11.545	13.9387	11.16	9.89934	13.0286	9.86471	10.302
11.21	2.82526	0	13.6352	16.1153	19.0833	20.8698	10.0083	14.3703	11.1135	13.9853	12.7246	26.3905	9.21509	12.7902
12.0596	10.8099	13.6352	0	10.3069	4.1295	13.54	3.79012	11.2652	11.8506	7.95824	3.44105	6.57026	4.58334	4.17012
14.1075	13.29	16.1153	10.3069	0	6.17738	27.0342	10.477	13.3131	24.394	19.7301	14.3689	15.2373	9.68383	12.1993
7.93009	14.9394	19.0833	4.1295	6.17738	0	13.8304	6.40193	7.13571	14.0301	8.94988	7.57055	9.05989	11.3998	6.02193
10.479	15.3306	20.8698	13.54	27.0342	13.8304	0	8.18849	5.98479	8.28237	4.17062	18.0983	12.3113	10.5431	7.80849
10.4765	9.92198	10.0083	3.79012	10.477	6.40193	8.18849	0	5.98228	8.27987	4.16812	5.47831	11.4776	0.793221	0.38
6.96805	11.545	14.3703	11.2652	13.3131	7.13571	5.98479	5.98228	0	5.92592	1.81417	15.3342	9.95485	10.6491	10.7718
6.1	13.9387	11.1135	11.8506	24.394	14.0301	8.28237	8.27987	5.92592	0	4.11175	8.40952	11.5387	13.0946	8.21533
6.30835	11.16	13.9853	7.95824	19.7301	8.94988	4.17062	4.16812	1.81417	4.11175	0	11.2699	8.14069	4.96134	4.54812
14.5095	9.89934	12.7246	3.44105	14.3689	7.57055	18.0983	5.47831	15.3342	8.40952	11.2699	0	3.12922	4.68509	8.72841
14.449	13.0286	26.3905	6.57026	15.2373	9.05989	12.3113	11.4776	9.95485	11.5387	8.14069	3.12922	0	7.81431	15.0818
17.0034	9.86471	9.21509	4.58334	9.68383	11.3998	10.5431	0.793221	10.6491	13.0946	4.96134	4.68509	7.81431	0	1.17322
13.952	10.302	12.7902	4.17012	12.1993	6.02193	7.80849	0.38	10.7718	8.21533	4.54812	8.72841	15.0818	1.17322	0
														
0	15.0115	12.8955	9.63411	15.7352	8.16333	8.13355	10.1004	3.25725	6.6	5.40127	8.30503	14.5946	16.1578	10.7304
15.0115	0	8.47578	8.31891	15.7071	6.84812	19.0647	10.0723	13.5823	13.1367	12.7486	13.6141	14.5665	6.31341	10.7023
12.8955	8.47578	0	4.36944	8.42983	6.40133	20.706	2.79508	11.2279	13.5831	13.3757	6.18013	7.28928	8.85241	3.42508
9.63411	8.31891	4.36944	0	7.20911	1.47078	10.3732	1.57436	8.69865	7.75934	6.55463	5.11611	6.06855	7.63168	2.20436
15.7352	15.7071	8.42983	7.20911	0	9.24099	16.3802	5.63475	21.8625	24.2388	16.2154	9.1765	7.7955	11.6921	6.26475
8.16333	6.84812	6.40133	1.47078	9.24099	0	11.844	3.04514	8.04452	6.28856	5.90051	7.148	8.10044	9.66357	4.23624
8.13355	19.0647	20.706	10.3732	16.3802	11.844	0	11.9476	5.48234	14.7335	7.62635	10.5301	24.1757	12.9878	13.4732
10.1004	10.0723	2.79508	1.57436	5.63475	3.04514	11.9476	0	8.58952	9.89481	5.74132	3.54175	4.4942	5.46661	0.63
3.25725	13.5823	11.2279	8.69865	21.8625	8.04452	5.48234	8.58952	0	8.11009	2.14401	5.04777	19.4573	16.1855	7.25534
6.6	13.1367	13.5831	7.75934	24.2388	6.28856	14.7335	9.89481	8.11009	0	5.96607	17.9178	16.4433	23.3313	11.0774
5.40127	12.7486	13.3757	6.55463	16.2154	5.90051	7.62635	5.74132	2.14401	5.96607	0	7.19179	15.0748	9.94793	5.11132
8.30503	13.6141	6.18013	5.11611	9.1765	7.148	10.5301	3.54175	5.04777	17.9178	7.19179	0	8.03595	9.59908	4.17175
14.5946	14.5665	7.28928	6.06855	7.7955	8.10044	24.1757	4.4942	19.4573	16.4433	15.0748	8.03595	0	10.5515	5.1242
16.1578	6.31341	8.85241	7.63168	11.6921	9.66357	12.9878	5.46661	16.1855	23.3313	9.94793	9.59908	10.5515	0	4.83661
10.7304	10.7023	3.42508	2.20436	6.26475	4.23624	13.4732	0.63	7.25534	11.0774	5.11132	4.17175	5.1242	4.83661	0
														
0	11.9547	19.3873	8.39829	15.4069	4.66476	11.6341	8.62456	5.85481	12.0948	6.18466	14.8123	9.81953	12.6093	7.402
11.9547	0	14.799	7.61587	18.3501	7.28994	17.7817	4.05899	12.1957	7.64199	13.6777	17.1027	12.4234	8.0251	5.61899
19.3873	14.799	0	9.68095	12.9592	8.5682	12.5624	7.39095	16.8007	11.6039	19.1499	16.5923	12.2218	6.77804	5.83095
8.39829	7.61587	9.68095	0	10.9782	3.73352	10.5815	3.55688	8.63933	9.62294	10.9248	7.15375	5.93579	6.31073	3.85
15.4069	18.3501	12.9592	10.9782	0	9.86545	13.8597	8.6882	9.55211	12.9011	10.7493	9.00249	13.519	9.58894	7.1282
4.66476	7.28994	8.5682	3.73352	9.86545	0	9.4687	3.9598	4.9058	8.51018	7.19124	10.1476	5.15476	5.19797	2.73724
11.6341	17.7817	12.5624	10.5815	13.8597	9.4687	0	8.29146	13.3833	10.1397	17.8187	17.4928	13.1223	9.19219	6.73146
8.62456	4.05899	7.39095	3.55688	8.6882	3.9598	8.29146	0	8.8656	7.33294	9.61873	10.7106	7.95081	3.96611	1.56
5.85481	12.1957	16.8007	8.63933	9.55211	4.9058	13.3833	8.8656	0	6.24	4.53542	14.9736	10.0606	10.0227	7.64305
12.0948	7.64199	11.6039	9.62294	12.9011	8.51018	10.1397	7.33294	6.24	0	7.73977	9.46071	4.78138	8.23367	5.77294
6.18466	13.6777	19.1499	10.9248	10.7493	7.19124	17.8187	9.61873	4.53542	7.73977	0	10.4382	6.73712	13.5848	9.92849
14.8123	17.1027	16.5923	7.15375	9.00249	10.1476	17.4928	10.7106	14.9736	9.46071	10.4382	0	13.0895	13.222	10.7613
9.81953	12.4234	12.2218	5.93579	13.519	5.15476	13.1223	7.95081	10.0606	4.78138	6.73712	13.0895	0	8.85155	6.39081
12.6093	8.0251	6.77804	6.31073	9.58894	5.19797	9.19219	3.96611	10.0227	8.23367	13.5848	13.222	8.85155	0	2.46073
7.402	5.61899	5.83095	3.85	7.1282	2.73724	6.73146	1.56	7.64305	5.77294	9.92849	10.7613	6.39081	2.46073	0
														
0	20.3166	16.4458	9.2957	15.7545	17.282	13.2723	10.632	6.67943	4.2	6.72066	7.70434	7.81519	13.3612	11.212
20.3166	0	10.0939	8.15843	15.6343	9.3958	29.4391	9.87811	10.7592	18.4184	10.7335	15.9775	18.5751	4.07741	9.29811
16.4458	10.0939	0	8.91548	9.25166	10.3973	21.7	3.49548	12.6983	12.5403	10.3025	8.7948	12.1925	6.01646	2.91548
9.2957	8.15843	8.91548	0	12.3362	4.15779	12.7718	6.58	5.8383	10.26	2.57503	12.6794	9.59287	9.47617	6
15.7545	15.6343	9.25166	12.3362	0	13.818	30.635	5.1225	21.8618	11.849	9.61124	13.0156	15.6132	11.1077	5.7025
17.282	9.3958	10.3973	4.15779	13.818	0	23.1376	8.0618	9.99608	14.4178	6.73282	11.9718	16.7588	5.31838	7.4818
13.2723	29.4391	21.7	12.7718	30.635	23.1376	0	15.7988	6.93354	9.07233	10.8917	21.0887	12.6875	13.6153	24.6155
10.632	9.87811	3.49548	6.58	5.1225	8.0618	15.7988	0	8.44692	6.7265	4.48874	7.25943	9.85699	5.84087	0.58
6.67943	10.7592	12.6983	5.8383	21.8618	9.99608	6.93354	8.44692	0	10.8794	3.95818	14.3838	10.976	6.6818	11.8383
4.2	18.4184	12.5403	10.26	11.849	14.4178	9.07233	6.7265	10.8794	0	10.633	11.9043	3.61519	12.7117	7.3065
6.72066	10.7335	10.3025	2.57503	9.61124	6.73282	10.8917	4.48874	3.95818	10.633	0	14.425	7.01783	10.474	5.06874
7.70434	15.9775	8.7948	12.6794	13.0156	11.9718	21.0887	7.25943	14.3838	11.9043	14.425	0	14.4726	11.9403	6.67943
7.81519	18.5751	12.1925	9.59287	15.6132	16.7588	12.6875	9.85699	10.976	3.61519	7.01783	14.4726	0	14.5379	9.27699
13.3612	4.07741	6.01646	9.47617	11.1077	5.31838	13.6153	5.84087	6.6818	12.7117	10.474	11.9403	14.5379	0	5.26087
11.212	9.29811	2.91548	6	5.7025	7.4818	24.6155	0.58	11.8383	7.3065	5.06874	6.67943	9.27699	5.26087	0
														
0	12.245	7.67075	11.2493	20.0196	9.67938	10.6045	16.6721	6.18466	2.5	2.68002	10.2788	8.575	11.7354	6.13768
12.245	0	4.57423	14.579	22.1501	21.7669	18.0498	13.8306	23.09	27.4185	25.8912	10.279	17.6236	9.29601	10.1719
7.67075	4.57423	0	8.77838	22.5125	10.4639	11.9273	7.15771	13.8554	10.1707	9.05537	5.70473	13.0493	4.72178	5.59771
11.2493	14.579	8.77838	0	32.5172	3.81838	18.6284	5.42279	15.3448	11.2357	8.60766	8.74169	7.87971	4.0566	5.15
20.0196	22.1501	22.5125	32.5172	0	18.5387	26.9039	33.5524	27.9196	17.5196	20.3723	20.6814	14.4774	25.3665	26.4011
9.67938	21.7669	10.4639	3.81838	18.5387	0	20.2839	6.42621	15.061	7.41728	8.32387	15.0503	4.06133	7.87498	4.86621
10.6045	18.0498	11.9273	18.6284	26.9039	20.2839	0	16.7141	11.2872	13.1045	10.6284	6.22254	16.5233	10.9076	14.086
16.6721	13.8306	7.15771	5.42279	33.5524	6.42621	16.7141	0	11.7548	10.4414	5.01766	9.9492	14.8801	5.2641	1.56
6.18466	23.09	13.8554	15.3448	27.9196	15.061	11.2872	11.7548	0	8.68466	8.86468	17.5097	18.3468	15.8693	10.1948
2.5	27.4185	10.1707	11.2357	17.5196	7.41728	13.1045	10.4414	8.68466	0	5.18002	7.7788	11.4786	12.4639	8.88144
2.68002	25.8912	9.05537	8.60766	20.3723	8.32387	10.6284	5.01766	8.86468	5.18002	0	13.7405	5.89498	9.05539	3.45766
10.2788	10.279	5.70473	8.74169	20.6814	15.0503	6.22254	9.9492	17.5097	7.7788	13.7405	0	16.8564	4.68509	11.3024
8.575	17.6236	13.0493	7.87971	14.4774	4.06133	16.5233	14.8801	18.3468	11.4786	5.89498	16.8564	0	12.1713	8.92754
11.7354	9.29601	4.72178	4.0566	25.3665	7.87498	10.9076	5.2641	15.8693	12.4639	9.05539	4.68509	12.1713	0	6.7458
6.13768	10.1719	5.59771	5.15	26.4011	4.86621	14.086	1.56	10.1948	8.88144	3.45766	11.3024	8.92754	6.7458	0
														
0	9.9972	5.74625	6.0433	13.7184	5.36448	6.21009	7.76864	3.7108	6.91439	0.948314	8.34636	3.8958	12.6895	8.52751
9.9972	0	9.55207	14.2076	3.72121	7.51548	15.7521	5.11132	13.708	25.0972	10.9455	11.3094	21.59	10.0509	6.76132
5.74625	9.55207	0	9.51271	13.2733	10.1915	6.2	14.6462	8.6993	10.764	4.79794	16.3042	7.74543	13.5561	15.6219
6.0433	14.2076	9.51271	0	12.107	0.678823	4.93964	3.08299	7.43894	17.1	7.59348	6.26568	12.184	10.6025	3.84186
13.7184	3.72121	13.2733	12.107	0	11.4281	17.338	8.83253	21.3785	28.1976	18.3428	17.015	19.3031	22.9245	12.6987
5.36448	7.51548	10.1915	0.678823	11.4281	0	5.61846	2.40416	9.07527	12.8807	6.31279	5.58686	9.86215	7.34377	3.16304
6.21009	15.7521	6.2	4.93964	17.338	5.61846	0	14.0359	2.4993	12.6929	6.72681	11.7312	9.6743	11.478	12.6896
7.76864	5.11132	14.6462	3.08299	8.83253	2.40416	14.0359	0	13.886	19.1737	9.31882	6.19806	16.4787	4.93961	1.65
3.7108	13.708	8.6993	7.43894	21.3785	9.07527	2.4993	13.886	0	14.56	4.65911	12.0572	16.3888	8.97866	15.536
6.91439	25.0972	10.764	17.1	28.1976	12.8807	12.6929	19.1737	14.56	0	5.96607	17.8702	8.91356	23.5387	16.79
0.948314	10.9455	4.79794	7.59348	18.3428	6.31279	6.72681	9.31882	4.65911	5.96607	0	9.29468	2.94749	17.9516	10.0777
8.34636	11.3094	16.3042	6.26568	17.015	5.58686	11.7312	6.19806	12.0572	17.8702	9.29468	0	18.9755	11.1377	7.84806
3.8958	21.59	7.74543	12.184	19.3031	9.86215	9.6743	16.4787	16.3888	8.91356	2.94749	18.9755	0	21.4183	13.7715
12.6895	10.0509	13.5561	10.6025	22.9245	7.34377	11.478	4.93961	8.97866	23.5387	17.9516	11.1377	21.4183	0	6.58961
8.52751	6.76132	15.6219	3.84186	12.6987	3.16304	12.6896	1.65	15.536	16.79	10.0777	7.84806	13.7715	6.58961	0
														
0	20.28	12.1541	5.64427	19.495	4.3149	9.05548	8.66864	1.15447	15.5524	5.07142	10.4762	9.70319	10.9758	7.87864
20.28	0	4.03609	11.1875	21.0869	18.9517	18.8893	9.65793	22.5691	20.0533	11.1188	13.0686	17.3303	5.65577	8.75289
12.1541	4.03609	0	11.5482	25.1229	11.6002	21.5106	9.39149	17.3984	17.5636	7.08267	9.0325	11.7144	6.01646	9.11359
5.64427	11.1875	11.5482	0	20.1163	1.32936	6.42153	3.20702	14.3225	17.82	5.84694	3.5316	12.0057	5.53173	3.99702
19.495	21.0869	25.1229	20.1163	0	21.0446	29.1338	12.4063	37.9688	24.0504	24.545	14.2139	29.7134	14.7135	11.6163
4.3149	18.9517	11.6002	1.32936	21.0446	0	6.58635	4.53638	5.46937	14.9985	4.51758	4.86096	9.14935	6.86109	9.42828
9.05548	18.8893	21.5106	6.42153	29.1338	6.58635	0	9.62855	7.90101	13.2082	11.1039	9.95313	20.9107	11.9533	14.9215
8.66864	9.65793	9.39149	3.20702	12.4063	4.53638	9.62855	0	16.7034	13.224	8.97748	3.38756	13.6093	3.88713	0.79
1.15447	22.5691	17.3984	14.3225	37.9688	5.46937	7.90101	16.7034	0	14.95	6.22589	11.6409	16.0766	16.9133	9.03311
15.5524	20.0533	17.5636	17.82	24.0504	14.9985	13.2082	13.224	14.95	0	10.4809	15.0316	15.1127	14.3976	12.434
5.07142	11.1188	7.08267	5.84694	24.545	4.51758	11.1039	8.97748	6.22589	10.4809	0	10.9056	4.63177	12.9057	9.76748
10.4762	13.0686	9.0325	3.5316	14.2139	4.86096	9.95313	3.38756	11.6409	15.0316	10.9056	0	10.6915	5.69468	2.59756
9.70319	17.3303	11.7144	12.0057	29.7134	9.14935	20.9107	13.6093	16.0766	15.1127	4.63177	10.6915	0	11.6746	13.289
10.9758	5.65577	6.01646	5.53173	14.7135	6.86109	11.9533	3.88713	16.9133	14.3976	12.9057	5.69468	11.6746	0	3.09713
7.87864	8.75289	9.11359	3.99702	11.6163	9.42828	14.9215	0.79	9.03311	12.434	9.76748	2.59756	13.289	3.09713	0
														
0	20.9619	12.301	17.8835	10.2106	13.7086	9.70338	12.9356	3.09233	10	4.32926	14.4498	14.9846	13.8731	13.1456
20.9619	0	13.5882	10.4578	28.0011	6.98836	27.1126	4.2178	22.7969	16.3349	18.8908	11.7411	17.2017	9.82022	4.0078
12.301	13.5882	0	6.06845	17.6214	10.7636	15.8197	8.55322	9.20869	15.3287	13.0844	11.7733	21.101	7.61577	10.1605
17.8835	10.4578	6.06845	0	11.553	4.69519	25.2077	6.66	15.2771	8.40383	16.2695	5.70489	19.6439	7.75966	6.45
10.2106	28.0011	17.6214	11.553	0	16.2482	24.3061	17.9287	13.3029	20.2106	14.5398	17.2579	34.1935	18.8662	18.003
13.7086	6.98836	10.7636	4.69519	16.2482	0	12.781	3.19055	12.1902	3.70864	11.529	10.4001	11.872	3.25012	2.98055
9.70338	27.1126	15.8197	25.2077	24.3061	12.781	0	14.5025	6.61105	9.07233	10.4868	17.9685	17.2357	13.565	18.5955
12.9356	4.2178	8.55322	6.66	17.9287	3.19055	14.5025	0	16.028	6.2626	14.083	8.00267	13.4039	0.937443	0.21
3.09233	22.7969	9.20869	15.2771	13.3029	12.1902	6.61105	16.028	0	10.01	3.87572	11.3575	11.8923	15.4403	15.1707
10	16.3349	15.3287	8.40383	20.2106	3.70864	9.07233	6.2626	10.01	0	7.82039	14.1983	8.16333	6.95876	6.4726
4.32926	18.8908	13.0844	16.2695	14.5398	11.529	10.4868	14.083	3.87572	7.82039	0	15.2332	15.768	15.5334	14.883
14.4498	11.7411	11.7733	5.70489	17.2579	10.4001	17.9685	8.00267	11.3575	14.1983	15.2332	0	17.4715	10.5011	7.79267
14.9846	17.2017	21.101	19.6439	34.1935	11.872	17.2357	13.4039	11.8923	8.16333	15.768	17.4715	0	15.8763	13.1939
13.8731	9.82022	7.61577	7.75966	18.8662	3.25012	13.565	0.937443	15.4403	6.95876	15.5334	10.5011	15.8763	0	1.14744
13.1456	4.0078	10.1605	6.45	18.003	2.98055	18.5955	0.21	15.1707	6.4726	14.883	7.79267	13.1939	1.14744	0
														
0	18.0328	15.1584	6.77844	27.6537	6.53067	7.02736	8.81927	4.20557	7.9	6.01973	9.95119	13.6143	7.64199	9.32706
18.0328	0	7.66857	12.7879	10.9864	16.2963	16.7437	11.6935	13.9219	17.9393	18.2164	16.7884	12.225	10.3908	14.909
15.1584	7.66857	0	6.06576	18.655	8.62777	12.1034	4.02492	20.3488	13.0347	17.7551	11.8674	7.32036	7.19781	5.15492
6.77844	12.7879	6.06576	0	22.5424	1.38593	9.72159	2.04083	6.8998	9.77068	6.95733	4.80646	12.7889	2.39708	3.17083
27.6537	10.9864	18.655	22.5424	0	23.9283	23.7777	24.5832	24.9083	23.3595	33.3546	28.224	23.2114	21.3773	25.8955
6.53067	16.2963	8.62777	1.38593	23.9283	0	13.8313	3.42676	8.28573	8.38475	8.55115	3.42053	7.98397	3.78301	5.03593
7.02736	16.7437	12.1034	9.72159	23.7777	13.8313	0	8.07847	2.82179	9.45179	11.4803	15.9209	13.831	11.2514	9.20847
8.81927	11.6935	4.02492	2.04083	24.5832	3.42676	8.07847	0	8.94064	8.01312	4.43733	3.60386	11.3453	3.17289	1.13
4.20557	13.9219	20.3488	6.8998	24.9083	8.28573	2.82179	8.94064	0	6.63	8.65852	13.7891	12.3443	9.29689	10.5498
7.9	17.9393	13.0347	9.77068	23.3595	8.38475	9.45179	8.01312	6.63	0	10.1904	9.35698	5.71433	13.2047	6.88312
6.01973	18.2164	17.7551	6.95733	33.3546	8.55115	11.4803	4.43733	8.65852	10.1904	0	5.13062	9.69407	9.62886	3.30733
9.95119	16.7884	11.8674	4.80646	28.224	3.42053	15.9209	3.60386	13.7891	9.35698	5.13062	0	4.56344	8.7954	2.47386
13.6143	12.225	7.32036	12.7889	23.2114	7.98397	13.831	11.3453	12.3443	5.71433	9.69407	4.56344	0	18.744	7.03731
7.64199	10.3908	7.19781	2.39708	21.3773	3.78301	11.2514	3.17289	9.29689	13.2047	9.62886	8.7954	18.744	0	4.30289
9.32706	14.909	5.15492	3.17083	25.8955	5.03593	9.20847	1.13	10.5498	6.88312	3.30733	2.47386	7.03731	4.30289	0
														
0	18.4167	14.8911	5.48238	16.9623	2.68224	9.96732	11.8724	4.08187	8.00333	6.73884	9.84443	13.1112	11.5989	7.79176
18.4167	0	6.18867	16.2925	17.6853	15.6378	18.6109	9.20736	25.142	10.3167	16.0409	9.89934	16.0274	11.672	11.5425
14.8911	6.18867	0	11.357	19.1546	12.6353	18.4711	3.01869	13.0004	16.5054	15.0792	7.1929	23.9916	5.48336	3.74869
5.48238	16.2925	11.357	0	12.3983	2.80014	10.3732	5.48	12.7782	8.12123	6.85674	7.60652	3.74892	8.4411	4.75
16.9623	17.6853	19.1546	12.3983	0	14.0096	16.4975	11.9601	16.7974	13.0419	9.95301	7.78594	13.914	19.3448	16.8659
2.68224	15.6378	12.6353	2.80014	14.0096	0	13.1734	5.83952	6.76411	5.32109	4.0566	10.4067	6.54906	8.80062	5.10952
9.96732	18.6109	18.4711	10.3732	16.4975	13.1734	0	12.8858	5.88545	10.5399	12.7298	8.71156	14.078	12.9878	15.1232
11.8724	9.20736	3.01869	5.48	11.9601	5.83952	12.8858	0	10.726	9.43016	10.652	4.17421	10.3023	3.20894	0.73
4.08187	25.142	13.0004	12.7782	16.7974	6.76411	5.88545	10.726	0	12.1819	6.84436	13.9263	9.02931	7.51702	11.2081
8.00333	10.3167	16.5054	8.12123	13.0419	5.32109	10.5399	9.43016	12.1819	0	5.7242	5.25595	11.384	19.5034	10.4306
6.73884	16.0409	15.0792	6.85674	9.95301	4.0566	12.7298	10.652	6.84436	5.7242	0	10.9802	15.8737	13.6131	9.16612
9.84443	9.89934	7.1929	7.60652	7.78594	10.4067	8.71156	4.17421	13.9263	5.25595	10.9802	0	6.12805	7.38315	4.90421
13.1112	16.0274	23.9916	3.74892	13.914	6.54906	14.078	10.3023	9.02931	11.384	15.8737	6.12805	0	16.5463	8.49892
11.5989	11.672	5.48336	8.4411	19.3448	8.80062	12.9878	3.20894	7.51702	19.5034	13.6131	7.38315	16.5463	0	3.6911
7.79176	11.5425	3.74869	4.75	16.8659	5.10952	15.1232	0.73	11.2081	10.4306	9.16612	4.90421	8.49892	3.6911	0
														
0	14.0508	17.6252	5.12742	23.6856	5.95847	6.15859	7.75996	1.40186	11.7536	1.03078	13.2144	9.45218	5.99559	6.36996
14.0508	0	4.03609	8.20532	20.2116	13.3785	22.8411	3.30733	12.9671	19.4871	13.02	17.9569	17.9742	9.58098	4.69733
17.6252	4.03609	0	13.4825	22.2059	10.9289	22.32	7.34341	12.6665	18.8311	16.5848	19.7289	15.5246	8.07272	10.491
5.12742	8.20532	13.4825	0	21.8022	0.622254	9.13833	3.59	5.91081	14.76	4.09664	7.87819	12.518	3.47842	2.2
23.6856	20.2116	22.2059	21.8022	0	16.9893	30.0033	16.9042	18.7269	25.1884	22.6452	18.4916	21.585	14.1332	16.5515
5.95847	13.3785	10.9289	0.622254	16.9893	0	9.76058	3.57979	7.4499	13.9114	4.7189	8.50044	10.308	2.85617	2.18979
6.15859	22.8411	22.32	9.13833	30.0033	9.76058	0	14.0363	4.75673	15.2095	6.5709	11.5117	18.2425	9.35047	11.1044
7.75996	3.30733	7.34341	3.59	16.9042	3.57979	14.0363	0	7.73768	17.3289	8.99464	11.7802	13.7255	3.80831	1.39
1.40186	12.9671	12.6665	5.91081	18.7269	7.4499	4.75673	7.73768	0	11.83	1.81417	16.1445	10.2356	4.59373	6.34768
11.7536	19.4871	18.8311	14.76	25.1884	13.9114	15.2095	17.3289	11.83	0	10.7228	22.6382	18.5071	11.0553	13.4736
1.03078	13.02	16.5848	4.09664	22.6452	4.7189	6.5709	8.99464	1.81417	10.7228	0	11.9748	8.4214	6.4079	6.29664
13.2144	17.9569	19.7289	7.87819	18.4916	8.50044	11.5117	11.7802	16.1445	22.6382	11.9748	0	8.2142	12.0916	10.0782
9.45218	17.9742	15.5246	12.518	21.585	10.308	18.2425	13.7255	10.2356	18.5071	8.4214	8.2142	0	7.45185	9.87015
5.99559	9.58098	8.07272	3.47842	14.1332	2.85617	9.35047	3.80831	4.59373	11.0553	6.4079	12.0916	7.45185	0	2.41831
6.36996	4.69733	10.491	2.2	16.5515	2.18979	11.1044	1.39	6.34768	13.4736	6.29664	10.0782	9.87015	2.41831	0
														
0	19.0463	5.18904	12.9815	20.9563	8.53185	13.0115	8.54314	5.11265	8.6582	5.03019	4.92221	16.0049	15.775	16.4257
19.0463	0	13.8572	14.0714	17.1884	20.4297	12.5929	11.3505	19.6228	12.7349	15.5	20.6822	24.201	6.05036	10.7597
5.18904	13.8572	0	6.85267	16.209	11.4151	18.6763	3.3541	10.3017	14.9515	10.2192	10.1113	25.1831	8.65426	4.4641
12.9815	14.0714	6.85267	0	14.0631	3.25269	5.68058	3.49857	6.67189	14.6304	8.96881	8.05929	15.2805	8.021	3.75
20.9563	17.1884	16.209	14.0631	0	10.8104	22.1925	18.8714	14.2296	31.2081	16.5265	27.913	17.4471	23.2388	18.0489
8.53185	20.4297	11.4151	3.25269	10.8104	0	8.93327	6.75126	3.4192	9.34413	5.71612	11.312	12.0278	11.2737	7.00269
13.0115	12.5929	18.6763	5.68058	22.1925	8.93327	0	9.17915	9.75533	23.2703	16.683	8.0893	11.6081	13.7016	9.43058
8.54314	11.3505	3.3541	3.49857	18.8714	6.75126	9.17915	0	7.64735	11.5974	13.7771	11.5579	20.0888	5.30016	1.11
5.11265	19.6228	10.3017	6.67189	14.2296	3.4192	9.75533	7.64735	0	15.7499	9.13531	9.33838	15.447	12.9475	8.75735
8.6582	12.7349	14.9515	14.6304	31.2081	9.34413	23.2703	11.5974	15.7499	0	3.62802	21.7222	13.761	6.68458	11.3939
5.03019	15.5	10.2192	8.96881	16.5265	5.71612	16.683	13.7771	9.13531	3.62802	0	9.9524	17.3891	10.3126	12.9546
4.92221	20.6822	10.1113	8.05929	27.913	11.312	8.0893	11.5579	9.33838	21.7222	9.9524	0	11.0826	16.0803	11.5035
16.0049	24.201	25.1831	15.2805	17.4471	12.0278	11.6081	20.0888	15.447	13.761	17.3891	11.0826	0	20.4456	19.2663
15.775	6.05036	8.65426	8.021	23.2388	11.2737	13.7016	5.30016	12.9475	6.68458	10.3126	16.0803	20.4456	0	4.70933
16.4257	10.7597	4.4641	3.75	18.0489	7.00269	9.43058	1.11	8.75735	11.3939	12.9546	11.5035	19.2663	4.70933	0
														
0	20.0789	17.372	5.62686	26.5881	3.73181	4.53008	6.84308	5.4425	8.5625	7.33913	15.4195	20.3369	18.6036	4.94836
20.0789	0	14.2166	12.4904	12.7584	14.0856	17.1053	10.9743	22.4109	12.7332	15.0618	6.21587	14.5604	13.2097	11.6743
17.372	14.2166	0	4.75835	19.2107	6.35357	17.5694	3.2423	13.813	15.4353	12.5404	13.1204	29.7795	3.4271	3.9423
5.62686	12.4904	4.75835	0	18.1642	1.89505	11.8984	1.51605	6.76202	10.0198	3.62846	7.24431	15.5889	3.75149	2.21605
26.5881	12.7584	19.2107	18.1642	0	19.7594	38.3764	16.6481	24.6321	34.646	21.4985	18.9743	24.5001	18.8836	17.3481
3.73181	14.0856	6.35357	1.89505	19.7594	0	7.14023	1.91655	7.19016	9.87596	4.0566	9.13935	17.709	3.25302	1.21655
4.53008	17.1053	17.5694	11.8984	38.3764	7.14023	0	6.62368	4.9986	8.1186	8.13216	10.8894	15.8068	7.96015	5.92368
6.84308	10.9743	3.2423	1.51605	16.6481	1.91655	6.62368	0	8.41585	9.35941	5.1445	8.76036	17.1924	2.23544	0.7
5.4425	22.4109	13.813	6.76202	24.6321	7.19016	4.9986	8.41585	0	3.12	3.13356	9.63738	17.7307	15.9202	10.9223
8.5625	12.7332	15.4353	10.0198	34.646	9.87596	8.1186	9.35941	3.12	0	6.25356	6.51738	14.862	10.6959	8.65941
7.33913	15.0618	12.5404	3.62846	21.4985	4.0566	8.13216	5.1445	3.13356	6.25356	0	8.8459	14.5971	11.5335	5.27315
15.4195	6.21587	13.1204	7.24431	18.9743	9.13935	10.8894	8.76036	9.63738	6.51738	8.8459	0	8.34458	9.6933	11.7298
20.3369	14.5604	29.7795	15.5889	24.5001	17.709	15.8068	17.1924	17.7307	14.862	14.5971	8.34458	0	18.0379	16.4924
18.6036	13.2097	3.4271	3.75149	18.8836	3.25302	7.96015	2.23544	15.9202	10.6959	11.5335	9.6933	18.0379	0	2.03647
4.94836	11.6743	3.9423	2.21605	17.3481	1.21655	5.92368	0.7	10.9223	8.65941	5.27315	11.7298	16.4924	2.03647	0
														
0	8.50898	5.41465	5.28787	11.9123	2.79886	7.83834	8.21574	6.22589	12.9	6.30835	12.8182	9.82808	7.32933	6.57017
8.50898	0	3.09433	8.50674	8.86002	16.568	39.8953	7.45467	22.893	16.06	22.0576	13.3526	19.4807	7.73996	7.64248
5.41465	3.09433	0	5.4124	11.9544	7.90142	19.2363	4.36033	11.6405	12.9657	11.723	7.90208	22.5511	4.64562	4.54814
5.28787	8.50674	5.4124	0	25.5422	2.48902	16.4736	6.45683	10.5167	12.42	9.77246	10.1307	9.51824	4.97855	6.26033
11.9123	8.86002	11.9544	25.5422	0	14.7112	27.9735	18.9532	18.1382	24.8123	18.2207	22.2126	21.9016	20.4315	19.2881
2.79886	16.568	7.90142	2.48902	14.7112	0	9.64013	4.61131	8.02768	14.909	7.28344	9.21381	7.02922	4.53047	3.77131
7.83834	39.8953	19.2363	16.4736	27.9735	9.64013	0	28.3043	1.61245	6.27058	11.1781	23.5703	20.7313	20.6681	21.8096
8.21574	7.45467	4.36033	6.45683	18.9532	4.61131	28.3043	0	18.7757	15.8758	11.9825	3.54175	9.6698	1.47828	0.84
6.22589	22.893	11.6405	10.5167	18.1382	8.02768	1.61245	18.7757	0	7.88303	9.56561	21.9578	15.0569	12.5582	11.799
12.9	16.06	12.9657	12.42	24.8123	14.909	6.27058	15.8758	7.88303	0	13.5446	20.5888	14.4608	14.3976	17.5138
6.30835	22.0576	11.723	9.77246	18.2207	7.28344	11.1781	11.9825	9.56561	13.5446	0	13.4266	7.29855	10.5042	11.0548
12.8182	13.3526	7.90208	10.1307	22.2126	9.21381	23.5703	3.54175	21.9578	20.5888	13.4266	0	6.12805	5.02003	4.38175
9.82808	19.4807	22.5511	9.51824	21.9016	7.02922	20.7313	9.6698	15.0569	14.4608	7.29855	6.12805	0	11.5597	10.8005
7.32933	7.73996	4.64562	4.97855	20.4315	4.53047	20.6681	1.47828	12.5582	14.3976	10.5042	5.02003	11.5597	0	2.31828
6.57017	7.64248	4.54814	6.26033	19.2881	3.77131	21.8096	0.84	11.799	17.5138	11.0548	4.38175	10.8005	2.31828	0
														
0	16.007	12.142	6.93181	14.8904	9.44614	9.47198	6.94181	4.65911	8.6	3.91695	7.06231	13.9645	10.7503	5.53181
16.007	0	5.11238	16.6548	10.4548	15.2426	22.4287	15.0629	17.657	15.6661	12.09	23.4519	15.0193	10.5196	19.7184
12.142	5.11238	0	12.7899	15.5672	11.8835	20.0067	9.9505	15.7866	13.1202	8.22503	18.4931	20.1316	5.4072	10.6256
6.93181	16.6548	12.7899	0	23.3126	4.75176	12.8749	2.81	12.1513	11.7	4.56483	7.21358	17.0645	6.61845	1.4
14.8904	10.4548	15.5672	23.3126	0	24.3366	17.3894	17.6626	11.8264	23.4904	18.8074	21.9527	25.4741	25.8438	20.4222
9.44614	15.2426	11.8835	4.75176	24.3366	0	8.12316	4.87904	10.7152	15.2064	5.53173	8.20926	15.5326	9.78259	6.15176
9.47198	22.4287	20.0067	12.8749	17.3894	8.12316	0	11.3991	5.56296	12.7739	13.1495	16.3324	7.40945	18.169	15.0038
6.94181	15.0629	9.9505	2.81	17.6626	4.87904	11.3991	0	5.83614	12.6165	10.4108	7.22358	21.546	4.90355	1.41
4.65911	17.657	15.7866	12.1513	11.8264	10.7152	5.56296	5.83614	0	13.13	7.58651	11.7214	12.9724	10.7397	7.24614
8.6	15.6661	13.1202	11.7	23.4904	15.2064	12.7739	12.6165	13.13	0	9.67471	13.8757	5.36448	7.71298	12.9314
3.91695	12.09	8.22503	4.56483	18.8074	5.53173	13.1495	10.4108	7.58651	9.67471	0	10.9793	15.0392	13.6322	5.96483
7.06231	23.4519	18.4931	7.21358	21.9527	8.20926	16.3324	7.22358	11.7214	13.8757	10.9793	0	11.3434	11.032	5.81358
13.9645	15.0193	20.1316	17.0645	25.4741	15.5326	7.40945	21.546	12.9724	5.36448	15.0392	11.3434	0	13.0775	17.157
10.7503	10.5196	5.4072	6.61845	25.8438	9.78259	18.169	4.90355	10.7397	7.71298	13.6322	11.032	13.0775	0	5.21845
5.53181	19.7184	10.6256	1.4	20.4222	6.15176	15.0038	1.41	7.24614	12.9314	5.96483	5.81358	17.157	5.21845	0
														
0	13.5986	10.5589	9.96815	26.5058	9.2317	6.48625	7.62522	3.42218	9	6.39081	12.0574	15.7693	11.148	6.70522
13.5986	0	18.3187	14.5434	7.97402	14.0856	15.5097	7.81342	13.2501	20.1789	16.5852	14.0101	16.702	5.52424	6.89342
10.5589	18.3187	0	8.66113	23.1128	6.51153	10.281	9.6228	7.13674	21.0467	8.81641	16.564	16.2321	12.7945	14.4482
9.96815	14.5434	8.66113	0	20.6611	2.1496	9.17504	5.26087	6.54597	15.9797	4.45449	9.04167	7.02922	8.49371	6.92588
26.5058	7.97402	23.1128	20.6611	0	21.4915	28.4168	13.0115	28.0718	36.4533	15.1064	9.97573	21.7103	13.4983	14.8674
9.2317	14.0856	6.51153	2.1496	21.4915	0	7.02544	3.11127	5.27352	10.3671	2.30489	6.14706	9.17883	5.5991	4.03127
6.48625	15.5097	10.281	9.17504	28.4168	7.02544	0	9.53626	3.14428	15.4862	6.11292	13.8755	15.8068	10.8701	8.61626
7.62522	7.81342	9.6228	5.26087	13.0115	3.11127	9.53626	0	8.57956	9.97378	5.41616	3.03579	13.0351	2.48783	0.92
3.42218	13.2501	7.13674	6.54597	28.0718	5.27352	3.14428	8.57956	0	11.0309	2.96864	8.09926	11.8111	7.72583	8.27122
9	20.1789	21.0467	15.9797	36.4533	10.3671	15.4862	9.97378	11.0309	0	8.06226	13.0096	12.7115	12.4616	10.8938
6.39081	16.5852	8.81641	4.45449	15.1064	2.30489	6.11292	5.41616	2.96864	8.06226	0	5.13062	8.84247	8.09876	6.53093
12.0574	14.0101	16.564	9.04167	9.97573	6.14706	13.8755	3.03579	8.09926	13.0096	5.13062	0	11.7346	5.52362	3.95579
15.7693	16.702	16.2321	7.02922	21.7103	9.17883	15.8068	13.0351	11.8111	12.7115	8.84247	11.7346	0	11.1778	14.6792
11.148	5.52424	12.7945	8.49371	13.4983	5.5991	10.8701	2.48783	7.72583	12.4616	8.09876	5.52362	11.1778	0	3.40783
6.70522	6.89342	14.4482	6.92588	14.8674	4.03127	8.61626	0.92	8.27122	10.8938	6.53093	3.95579	14.6792	3.40783	0
														
0	10.2826	7.92257	7.78799	8.50882	6.06419	7.41285	5.74076	3.13356	8.1	6.76189	10.7465	17.4483	8.64554	4.19076
10.2826	0	9.82367	10.1419	4.60721	8.52497	24.7659	7.64186	19.9413	29.6277	24.7332	12.6476	21.3474	7.76024	6.09186
7.92257	9.82367	0	7.78181	13.5075	6.16491	6.51	5.28181	11.428	21.062	13.2514	10.2875	9.86657	5.9403	3.73181
7.78799	10.1419	7.78181	0	13.5254	3.76181	6.42153	5.6	10.792	15.888	6.90577	4.16548	13.6835	8.43005	4.05
8.50882	4.60721	13.5075	13.5254	0	13.5214	15.9217	12.6383	11.6424	16.6088	15.2707	17.6441	23.3741	12.3675	10.6991
6.06419	8.52497	6.16491	3.76181	13.5214	0	10.1833	3.98311	9.19775	14.1642	10.6676	7.92729	17.6886	6.88788	2.43311
7.41285	24.7659	6.51	6.42153	15.9217	10.1833	0	6.40706	4.91798	12.718	11.6974	10.587	16.3766	8.71461	7.95706
5.74076	7.64186	5.28181	5.6	12.6383	3.98311	6.40706	0	11.325	14.6425	5.2903	6.57754	16.0956	2.30755	1.55
3.13356	19.9413	11.428	10.792	11.6424	9.19775	4.91798	11.325	0	7.8	9.89545	14.9575	14.3148	15.1697	7.32432
8.1	29.6277	21.062	15.888	16.6088	14.1642	12.718	14.6425	7.8	0	9.35222	20.7135	11.1954	20.1361	12.2908
6.76189	24.7332	13.2514	6.90577	15.2707	10.6676	11.6974	5.2903	9.89545	9.35222	0	11.0713	17.9657	7.59786	6.8403
10.7465	12.6476	10.2875	4.16548	17.6441	7.92729	10.587	6.57754	14.9575	20.7135	11.0713	0	9.51804	8.88509	6.55574
17.4483	21.3474	9.86657	13.6835	23.3741	17.6886	16.3766	16.0956	14.3148	11.1954	17.9657	9.51804	0	15.8069	13.5984
8.64554	7.76024	5.9403	8.43005	12.3675	6.88788	8.71461	2.30755	15.1697	20.1361	7.59786	8.88509	15.8069	0	3.85755
4.19076	6.09186	3.73181	4.05	10.6991	2.43311	7.95706	1.55	7.32432	12.2908	6.8403	6.55574	13.5984	3.85755	0
														
0	14.5455	9.22071	7.06688	20.6353	3.46165	12.3548	6.20202	6.43204	7.3	1.52555	17.596	16.6295	8.4014	4.68254
14.5455	0	18.1624	13.2575	17.72	14.9561	24.4556	17.589	23.8276	21.7272	13.02	17.6269	15.0193	19.7883	16.177
9.22071	18.1624	0	10.6139	28.4772	7.32547	18.8969	3.01869	5.75543	14.2005	9.26157	13.0263	10.5031	5.21808	4.28869
7.06688	13.2575	10.6139	0	25.0784	3.50725	18.2243	5.12	13.4989	11.34	5.44335	9.20813	18.5452	6.735	3.85
20.6353	17.72	28.4772	25.0784	0	16.4065	30.5454	23.6078	29.8313	21.4278	19.1098	10.7057	13.3133	33.7028	20.6011
3.46165	14.9561	7.32547	3.50725	16.4065	0	13.3717	5.28462	11.6834	10.6433	1.9361	5.70088	8.30856	4.92443	4.01462
12.3548	24.4556	18.8969	18.2243	30.5454	13.3717	0	18.5568	13.1415	19.6548	11.4356	24.579	27.1867	25.3421	14.5926
6.20202	17.589	3.01869	5.12	23.6078	5.28462	18.5568	0	6.23863	9.91236	4.42699	11.1456	13.5218	2.19939	1.27
6.43204	23.8276	5.75543	13.4989	29.8313	11.6834	13.1415	6.23863	0	13.732	7.95759	19.1407	16.2586	8.43802	7.50863
7.3	21.7272	14.2005	11.34	21.4278	10.6433	19.6548	9.91236	13.732	0	8.70724	10.7221	9.32952	7.71298	10.598
1.52555	13.02	9.26157	5.44335	19.1098	1.9361	11.4356	4.42699	7.95759	8.70724	0	7.63698	18.0368	6.04199	3.15699
17.596	17.6269	13.0263	9.20813	10.7057	5.70088	24.579	11.1456	19.1407	10.7221	7.63698	0	2.60768	10.6253	9.7155
16.6295	15.0193	10.5031	18.5452	13.3133	8.30856	27.1867	13.5218	16.2586	9.32952	18.0368	2.60768	0	17.0425	12.5031
8.4014	19.7883	5.21808	6.735	33.7028	4.92443	25.3421	2.19939	8.43802	7.71298	6.04199	10.6253	17.0425	0	2.885
4.68254	16.177	4.28869	3.85	20.6011	4.01462	14.5926	1.27	7.50863	10.598	3.15699	9.7155	12.5031	2.885	0
														
0	14.1896	14.4249	9.08599	21.7661	9.43786	10.1444	11.518	6.59697	7.2	7.13297	13.4884	10.62	13.465	11.958
14.1896	0	17.2206	19.2206	22.8589	10.0549	19.9928	14.4831	18.3876	19.6821	7.75	15.7113	21.2242	19.7031	21.3363
14.4249	17.2206	0	9.0877	24.3135	9.6244	23.8949	2.90689	16.9941	22.2162	9.64	10.4964	25.1264	4.85389	3.34689
9.08599	19.2206	9.0877	0	12.6801	1.32936	12.7457	5.24	12.1094	10.5729	3.63425	7.0632	9.93165	8.12781	4.8
21.7661	22.8589	24.3135	12.6801	0	14.0095	34.3456	18.8609	32.318	36.4401	24.1507	19.7433	36.379	19.1059	17.4801
9.43786	10.0549	9.6244	1.32936	14.0095	0	11.4163	6.71751	12.9425	12.7681	2.30489	8.39256	15.7791	8.17455	6.12936
10.1444	19.9928	23.8949	12.7457	34.3456	11.4163	0	17.6346	3.54739	20.3174	12.2428	20.2041	9.93398	19.5909	10.8568
11.518	14.4831	2.90689	5.24	18.8609	6.71751	17.6346	0	7.74945	6.21294	6.73311	7.58947	10.4579	1.947	0.44
6.59697	18.3876	16.9941	12.1094	32.318	12.9425	3.54739	7.74945	0	13.0824	10.6376	9.25504	6.38659	13.2491	7.30945
7.2	19.6821	22.2162	10.5729	36.4401	12.7681	20.3174	6.21294	13.0824	0	11.9321	19.8935	17.82	11.7126	5.77294
7.13297	7.75	9.64	3.63425	24.1507	2.30489	12.2428	6.73311	10.6376	11.9321	0	7.96131	10.8298	8.68011	7.17311
