20
5
3
5
20

6	21
10	1
47	15
18	25
31	42

9	22
22	5
8	17
2	22
20	29
2	24
25	15
20	24
15	2
4	18
29	47
34	25
27	39
46	33
33	29
28	46
44	28
33	32
35	23
40	39

70

1.79769e+308
1.79769e+308
1.79769e+308
1.79769e+308
1.79769e+308

20
11
18
13
12
17
19
13
18
14
12
15
15
20
13
14
17
19
14
16

0
0
0
0
0

0

0	4.29797	9.12701	2.69992	9.61589	2.51183	2.62239	0.417682	1.961	4.87082	1.24469	4.23157	3.65678	6.33663	1.05403	4.39724	1.6898	6.99041	5.49732	5.67777	12.1889	4.58812	5.70359	3.43772	4.65431	
4.29797	0	9.62079	9.78081	14.5228	5.15662	7.21508	4.71565	5.86131	8.60714	3.75106	8.52954	4.28776	4.3071	3.94173	6.93631	4.22887	10.5266	8.0364	8.23861	14.8476	7.1272	7.96532	5.82427	7.19339	
9.12701	9.62079	0	5.15128	5.69085	9.57859	7.717	7.43352	8.97996	8.12556	8.26365	8.71508	5.55546	5.98897	8.07299	5.0835	5.54445	5.53511	3.28275	6.21087	4.56462	3.31472	5.93758	3.79652	5.59897	
2.69992	9.78081	5.15128	0	8.27591	3.9524	2.56573	2.28224	8.33598	2.07538	0.940879	3.5638	0.404183	9.12758	5.69262	4.4196	6.36405	7.05946	8.43403	5.7973	9.90866	7.92344	4.752	4.80801	9.12534	
9.61589	14.5228	5.69085	8.27591	0	5.53705	10.8416	8.98592	9.46884	5.90966	8.29734	9.59012	4.62277	8.40798	7.91883	0.607347	3.31479	1.05895	2.91462	3.29509	1.12754	6.40846	1.89086	5.70944	3.32768	
2.51183	5.15662	9.57859	3.9524	5.53705	0	4.29886	2.09415	2.41258	5.21941	1.40556	6.75135	1.94226	4.30741	1.5056	4.92971	7.63715	5.38131	7.7519	6.12934	5.4499	11.4546	6.21323	7.70612	7.88324	
2.62239	7.21508	7.717	2.56573	10.8416	4.29886	0	2.20471	8.60711	1.73229	3.64463	3.86376	2.96991	8.63082	5.54908	6.50577	3.79833	8.77743	7.17832	4.34685	8.25454	5.35771	7.69815	5.54625	6.55962	
0.417682	4.71565	7.43352	2.28224	8.98592	2.09415	2.20471	0	3.55017	3.93699	1.43992	4.64925	1.97661	4.34177	1.47171	7.02386	2.10748	6.57273	7.16469	5.96618	8.44656	7.56242	7.41466	7.90959	8.76432	
1.961	5.86131	8.97996	8.33598	9.46884	2.41258	8.60711	3.55017	0	4.72377	1.09764	7.37079	2.64695	5.0121	0.906977	9.10669	4.82902	8.88578	13.5671	5.53072	10.647	12.2633	11.9852	7.1075	13.5289	
4.87082	8.60714	8.12556	2.07538	5.90966	5.21941	1.73229	3.93699	4.72377	0	2.20789	5.59605	1.67119	6.99619	3.8168	5.68661	5.53061	3.67803	6.63145	2.61457	10.5662	4.81084	4.25511	4.80375	6.60619	
1.24469	3.75106	8.26365	0.940879	8.29734	1.40556	3.64463	1.43992	1.09764	2.20789	0	5.34579	0.536696	2.90185	0.190667	4.55212	5.12457	6.77553	8.60461	4.81441	7.87559	10.3788	4.88452	4.94053	10.958	
4.23157	8.52954	8.71508	3.5638	9.59012	6.75135	3.86376	4.64925	7.37079	5.59605	5.34579	0	3.96799	8.24764	5.2856	6.85133	5.92137	6.39972	7.55054	7.46318	7.95737	5.72993	8.69623	10.425	9.65229	
3.65678	4.28776	5.55546	0.404183	4.62277	1.94226	2.96991	1.97661	2.64695	1.67119	0.536696	3.96799	0	3.43855	0.727363	4.01542	5.34657	4.46703	8.25393	4.28576	4.53561	6.48203	4.34782	4.40383	6.20627	
6.33663	4.3071	5.98897	9.12758	8.40798	4.30741	8.63082	4.34177	5.0121	6.99619	2.90185	8.24764	3.43855	0	3.09252	12.1224	3.94037	6.17635	9.49663	4.60679	11.5357	11.911	4.3335	2.19245	3.99489	
1.05403	3.94173	8.07299	5.69262	7.91883	1.5056	5.54908	1.47171	0.906977	3.8168	0.190667	5.2856	0.727363	3.09252	0	6.43531	2.74382	5.6872	9.00748	4.62374	7.97563	8.62764	6.26428	6.20052	8.00297	
4.39724	6.93631	5.0835	4.4196	0.607347	4.92971	6.50577	7.02386	9.10669	5.68661	4.55212	6.85133	4.01542	12.1224	6.43531	0	2.70744	0.451605	1.80206	1.51507	0.520192	4.05487	1.28352	3.42457	2.21511	
1.6898	4.22887	5.54445	6.36405	3.31479	7.63715	3.79833	2.10748	4.82902	5.53061	5.12457	5.92137	5.34657	3.94037	2.74382	2.70744	0	3.15905	3.80753	4.16227	3.22763	2.89833	3.88897	1.74792	2.96452	
6.99041	10.5266	5.53511	7.05946	1.05895	5.38131	8.77743	6.57273	8.88578	3.67803	6.77553	6.39972	4.46703	6.17635	5.6872	0.451605	3.15905	0	3.1811	1.06346	0.971797	3.60327	1.73512	3.47781	3.40513	
5.49732	8.0364	3.28275	8.43403	2.91462	7.7519	7.17832	7.16469	13.5671	6.63145	8.60461	7.55054	8.25393	9.49663	9.00748	1.80206	3.80753	3.1811	0	4.38374	1.28187	1.82061	3.90611	5.55545	2.97679	
5.67777	8.23861	6.21087	5.7973	3.29509	6.12934	4.34685	5.96618	5.53072	2.61457	4.81441	7.46318	4.28576	4.60679	4.62374	1.51507	4.16227	1.06346	4.38374	0	2.96269	4.66673	1.64054	2.41434	4.21679	
12.1889	14.8476	4.56462	9.90866	1.12754	5.4499	8.25454	8.44656	10.647	10.5662	7.87559	7.95737	4.53561	11.5357	7.97563	0.520192	3.22763	0.971797	1.28187	2.96269	0	3.10247	1.80371	3.49737	1.69492	
4.58812	7.1272	3.31472	7.92344	6.40846	11.4546	5.35771	7.56242	12.2633	4.81084	10.3788	5.72993	6.48203	11.911	8.62764	4.05487	2.89833	3.60327	1.82061	4.66673	3.10247	0	5.72672	4.64625	5.86285	
5.70359	7.96532	5.93758	4.752	1.89086	6.21323	7.69815	7.41466	11.9852	4.25511	4.88452	8.69623	4.34782	4.3335	6.26428	1.28352	3.88897	1.73512	3.90611	1.64054	1.80371	5.72672	0	2.14105	3.9435	
3.43772	5.82427	3.79652	4.80801	5.70944	7.70612	5.54625	7.90959	7.1075	4.80375	4.94053	10.425	4.40383	2.19245	6.20052	3.42457	1.74792	3.47781	5.55545	2.41434	3.49737	4.64625	2.14105	0	1.80244	
4.65431	7.19339	5.59897	9.12534	3.32768	7.88324	6.55962	8.76432	13.5289	6.60619	10.958	9.65229	6.20627	3.99489	8.00297	2.21511	2.96452	3.40513	2.97679	4.21679	1.69492	5.86285	3.9435	1.80244	0	

0	8.4279	5.49414	3.98554	2.88115	1.47708	3.77041	0.712948	1.95018	4.71467	0.515033	5.93673	4.62058	6.21864	0.615198	5.23244	8.13048	5.39306	6.68075	5.48342	6.69172	5.87579	4.76886	8.74939	8.81938	
8.4279	0	10.9178	5.01153	8.00874	5.16751	4.00117	5.93164	10.0414	8.24148	7.11663	4.59073	13.2869	1.55294	10.6059	7.13958	5.80419	7.43533	5.22945	10.2497	7.97644	10.2168	10.2272	4.20675	7.84259	
5.49414	10.9178	0	6.85437	7.96619	8.83245	9.8736	6.44517	9.48493	5.08869	5.44399	9.45292	4.87386	11.5659	4.87894	5.56891	7.43286	5.76708	1.50595	4.31697	5.27762	2.31092	5.56354	2.52865	5.47004	
3.98554	5.01153	6.85437	0	3.31816	0.725159	5.90682	1.48929	3.03795	2.24246	2.67427	3.90109	1.9805	3.45859	4.43068	2.69722	6.20698	1.56407	6.44013	3.79464	4.18653	5.63517	2.54808	4.79265	3.50532	
2.88115	8.00874	7.96619	3.31816	0	2.93233	8.34056	2.1682	3.22797	2.43248	3.22841	6.03037	3.09233	9.06816	3.73443	5.13159	5.39942	1.75409	4.0603	6.26209	4.37655	3.25534	3.68201	3.80198	3.47847	
1.47708	5.16751	8.83245	0.725159	2.93233	0	5.48612	0.764131	2.00136	5.98521	1.82434	3.17593	2.70566	4.18375	2.33036	1.97206	7.22378	2.28923	8.83195	4.5366	2.26336	6.36033	3.27324	9.37427	4.30519	
3.77041	4.00117	9.8736	5.90682	8.34056	5.48612	0	4.48336	3.8985	8.48507	4.28544	2.31019	10.3369	2.44823	4.38561	8.12116	4.36008	5.37238	10.2215	5.55662	6.4855	8.18841	6.80319	5.95752	7.88268	
0.712948	5.93164	6.44517	1.48929	2.1682	0.764131	4.48336	0	1.23723	5.42761	1.06021	3.94006	4.81843	8.37072	1.32815	2.73619	6.64379	2.71111	9.59608	4.77047	6.94107	5.42354	5.4818	5.97019	5.64668	
1.95018	10.0414	9.48493	3.03795	3.22797	2.00136	3.8985	1.23723	0	2.15227	2.29743	6.2087	6.05566	6.34674	2.80346	5.99513	5.40656	1.47388	14.1619	6.0077	4.09635	10.9184	3.40181	4.70246	3.41513	
4.71467	8.24148	5.08869	2.24246	2.43248	5.98521	8.48507	5.42761	2.15227	0	5.2297	8.23763	3.26358	8.71864	5.32986	5.11032	5.63216	0.678394	5.05742	4.30893	3.30086	6.53976	2.60632	3.90697	2.61964	
0.515033	7.11663	5.44399	2.67427	3.22841	1.82434	4.28544	1.06021	2.29743	5.2297	0	5.12504	4.57044	7.32422	0.565054	3.92118	8.93833	5.00565	10.7811	5.83067	6.39601	6.39082	5.28389	9.51872	13.2778	
5.93673	4.59073	9.45292	3.90109	6.03037	3.17593	2.31019	3.94006	6.2087	8.23763	5.12504	0	6.01036	3.03779	5.32153	4.4666	6.67027	5.59393	6.68317	7.86682	4.1753	5.87821	6.57794	9.18294	9.50049	
4.62058	13.2869	4.87386	1.9805	3.09233	2.70566	10.3369	4.81843	6.05566	3.26358	4.57044	6.01036	0	5.43909	4.00539	8.22392	6.69506	3.54457	5.46219	4.28271	6.85018	4.65723	3.03615	6.89431	6.5708	
6.21864	1.55294	11.5659	3.45859	9.06816	4.18375	2.44823	8.37072	6.34674	8.71864	7.32422	3.03779	5.43909	0	8.27297	9.23808	6.80831	5.02266	7.16785	8.00486	7.2131	8.916	6.00667	5.7597	9.39553	
0.615198	10.6059	4.87894	4.43068	3.73443	2.33036	4.38561	1.32815	2.80346	5.32986	0.565054	5.32153	4.00539	8.27297	0	7.10146	10.0126	5.22622	6.38489	6.3367	6.96106	6.49098	5.38405	8.4548	7.16747	
5.23244	7.13958	5.56891	2.69722	5.13159	1.97206	8.12116	2.73619	5.99513	5.11032	3.92118	4.4666	8.22392	9.23808	7.10146	0	5.25171	2.91376	6.29721	2.56453	0.291295	5.57128	3.8111	6.84916	2.33312	
8.13048	5.80419	7.43286	6.20698	5.39942	7.22378	4.36008	6.64379	5.40656	5.63216	8.93833	6.67027	6.69506	6.80831	10.0126	5.25171	0	4.82602	2.62014	3.11589	5.54301	5.51188	3.65891	1.59744	7.58484	
5.39306	7.43533	5.76708	1.56407	1.75409	2.28923	5.37238	2.71111	1.47388	0.678394	5.00565	5.59393	3.54457	5.02266	5.22622	2.91376	4.82602	0	4.25127	3.17449	2.62247	5.00943	1.92793	3.22858	1.94125	
6.68075	5.22945	1.50595	6.44013	4.0603	8.83195	10.2215	9.59608	14.1619	5.05742	10.7811	6.68317	5.46219	7.16785	6.38489	6.29721	2.62014	4.25127	0	3.81171	6.78357	0.804963	5.75553	1.0227	3.96409	
5.48342	10.2497	4.31697	3.79464	6.26209	4.5366	5.55662	4.77047	6.0077	4.30893	5.83067	7.86682	4.28271	8.00486	6.3367	2.56453	3.11589	3.17449	3.81171	0	2.85583	3.00675	1.24657	4.71333	4.89766	
6.69172	7.97644	5.27762	4.18653	4.37655	2.26336	6.4855	6.94107	4.09635	3.30086	6.39601	4.1753	6.85018	7.2131	6.96106	0.291295	5.54301	2.62247	6.78357	2.85583	0	10.0535	3.81403	5.85104	2.62442	
5.87579	10.2168	2.31092	5.63517	3.25534	6.36033	8.18841	5.42354	10.9184	6.53976	6.39082	5.87821	4.65723	8.916	6.49098	5.57128	5.51188	5.00943	0.804963	3.00675	10.0535	0	4.25331	1.82766	4.76905	
4.76886	10.2272	5.56354	2.54808	3.68201	3.27324	6.80319	5.4818	3.40181	2.60632	5.28389	6.57794	3.03615	6.00667	5.38405	3.8111	3.65891	1.92793	5.75553	1.24657	3.81403	4.25331	0	5.1565	3.86917	
8.74939	4.20675	2.52865	4.79265	3.80198	9.37427	5.95752	5.97019	4.70246	3.90697	9.51872	9.18294	6.89431	5.7597	8.4548	6.84916	1.59744	3.22858	1.0227	4.71333	5.85104	1.82766	5.1565	0	4.98678	
8.81938	7.84259	5.47004	3.50532	3.47847	4.30519	7.88268	5.64668	3.41513	2.61964	13.2778	9.50049	6.5708	9.39553	7.16747	2.33312	7.58484	1.94125	3.96409	4.89766	2.62442	4.76905	3.86917	4.98678	0	

0	4.94432	14.1362	3.84836	8.21281	1.98572	4.02956	1.43471	3.94784	1.75876	4.54758	8.55628	4.23825	3.49262	1.78762	5.82882	6.33246	2.64355	8.59354	4.71654	9.5907	5.33164	7.22309	9.20068	8.07327	
4.94432	0	5.69619	6.89295	15.6731	3.8357	1.18857	2.97542	4.68434	9.90096	8.93118	6.54663	4.64293	0.917504	3.37294	9.42257	6.43104	5.58229	6.19746	3.94227	23.9052	10.9372	14.3826	4.37258	10.2687	
14.1362	5.69619	0	6.72433	10.4813	11.8994	6.88476	12.5922	14.3012	10.7079	14.5632	7.65358	9.84403	6.61369	10.5056	11.3648	14.0098	9.82309	14.5303	13.4655	14.101	5.24105	5.13989	12.4363	4.57256	
3.84836	6.89295	6.72433	0	8.8675	3.36042	3.84424	2.43645	4.18619	4.9354	3.25773	3.89581	0.389887	4.96231	2.08354	6.69669	8.46971	5.82019	8.83189	7.89318	8.9723	1.48328	7.53675	8.97482	8.10409	
8.21281	15.6731	10.4813	8.8675	0	9.89569	5.0519	7.79282	8.80194	1.54297	5.39832	3.96551	9.25739	8.43261	9.901	2.3132	2.7816	0.658176	3.15265	2.46984	0.104795	10.3508	2.00444	5.35249	2.57178	
1.98572	3.8357	11.8994	3.36042	9.89569	0	2.64713	1.6298	3.37954	3.74448	2.56186	8.00519	6.10149	6.01254	1.27689	5.89004	7.8896	7.04085	8.02524	8.35665	18.0989	8.31599	7.89125	5.83114	8.45858	
4.02956	1.18857	6.88476	3.84424	5.0519	2.64713	0	2.53729	4.28703	5.27851	5.20899	5.35806	3.45435	2.10607	2.18437	4.16171	5.24247	4.39372	7.24686	7.16044	12.288	7.7706	9.16679	3.18401	11.8554	
1.43471	2.97542	12.5922	2.43645	7.79282	1.6298	2.53729	0	2.45557	3.07662	5.56315	11.5864	3.29428	2.05791	0.352913	4.96607	7.65032	3.96142	7.10126	5.08267	7.46833	4.38768	5.78837	6.23763	6.35571	
3.94784	4.68434	14.3012	4.18619	8.80194	3.37954	4.28703	2.45557	0	5.7314	2.90838	15.4083	5.58015	3.76684	2.10265	6.71581	10.2271	7.64852	8.851	6.7916	10.8108	6.67354	6.7975	8.01344	7.36484	
1.75876	9.90096	10.7079	4.9354	1.54297	3.74448	5.27851	3.07662	5.7314	0	5.62493	5.75761	5.32528	5.13454	3.42954	4.07006	4.5737	0.884791	4.58781	2.95778	6.27846	6.41868	3.42318	5.04776	7.98668	
4.54758	8.93118	14.5632	3.25773	5.39832	2.56186	5.20899	5.56315	2.90838	5.62493	0	10.3269	3.64761	6.67522	3.83875	10.7689	10.8158	4.74014	10.6608	11.0384	12.6344	4.74101	9.5132	10.9218	17.5211	
8.55628	6.54663	7.65358	3.89581	3.96551	8.00519	5.35806	11.5864	15.4083	5.75761	10.3269	0	4.26415	12.8755	7.54244	8.42188	1.18391	7.25958	3.18829	3.10187	8.60025	2.41253	7.66645	3.7548	9.17816	
4.23825	4.64293	9.84403	0.389887	9.25739	6.10149	3.45435	3.29428	5.58015	5.32528	3.64761	4.26415	0	8.31895	2.47342	9.45759	5.44806	7.84808	11.5928	12.6749	15.4783	1.87317	7.92664	6.63836	14.4166	
3.49262	0.917504	6.61369	4.96231	8.43261	6.01254	2.10607	2.05791	3.76684	5.13454	6.67522	12.8755	8.31895	0	2.41083	6.15157	4.94272	9.28642	4.65479	3.02476	10.2139	9.67443	3.49016	5.17386	11.9177	
1.78762	3.37294	10.5056	2.08354	9.901	1.27689	2.18437	0.352913	2.10265	3.42954	3.83875	7.54244	2.47342	2.41083	0	4.61316	7.42685	6.5781	6.74835	8.37838	6.82156	3.56682	6.14129	5.36838	9.67107	
5.82882	9.42257	11.3648	6.69669	2.3132	5.89004	4.16171	4.96607	6.71581	4.07006	10.7689	8.42188	9.45759	6.15157	4.61316	0	3.54859	4.95485	5.64944	4.01941	2.2084	6.12373	4.40966	0.977707	4.977	
6.33246	6.43104	14.0098	8.46971	2.7816	7.8896	5.24247	7.65032	10.2271	4.5737	10.8158	1.18391	5.44806	4.94272	7.42685	3.54859	0	3.43978	2.00439	1.91796	2.8864	3.59644	2.38336	2.57089	7.04988	
2.64355	5.58229	9.82309	5.82019	0.658176	7.04085	4.39372	3.96142	7.64852	0.884791	4.74014	7.25958	7.84808	9.28642	6.5781	4.95485	3.43978	0	3.81083	3.84258	0.762972	13.5003	2.66262	6.99484	5.3404	
8.59354	6.19746	14.5303	8.83189	3.15265	8.02524	7.24686	7.10126	8.851	4.58781	10.6608	3.18829	11.5928	4.65479	6.74835	5.64944	2.00439	3.81083	0	1.63003	3.25745	10.7731	2.09543	4.57527	9.95777	
4.71654	3.94227	13.4655	7.89318	2.46984	8.35665	7.16044	5.08267	6.7916	2.95778	11.0384	3.10187	12.6749	3.02476	8.37838	4.01941	1.91796	3.84258	1.63003	0	6.22781	10.1431	0.465401	4.48885	1.03274	
9.5907	23.9052	14.101	8.9723	0.104795	18.0989	12.288	7.46833	10.8108	6.27846	12.6344	8.60025	15.4783	10.2139	6.82156	2.2084	2.8864	0.762972	3.25745	6.22781	0	8.33213	2.10924	3.18611	8.94677	
5.33164	10.9372	5.24105	1.48328	10.3508	8.31599	7.7706	4.38768	6.67354	6.41868	4.74101	2.41253	1.87317	9.67443	3.56682	6.12373	3.59644	13.5003	10.7731	10.1431	8.33213	0	9.02003	7.10144	9.8136	
7.22309	14.3826	5.13989	7.53675	2.00444	7.89125	9.16679	5.78837	6.7975	3.42318	9.5132	7.66645	7.92664	3.49016	6.14129	4.40966	2.38336	2.66262	2.09543	0.465401	2.10924	9.02003	0	5.38737	0.567338	
9.20068	4.37258	12.4363	8.97482	5.35249	5.83114	3.18401	6.23763	8.01344	5.04776	10.9218	3.7548	6.63836	5.17386	5.36838	0.977707	2.57089	6.99484	4.57527	4.48885	3.18611	7.10144	5.38737	0	9.59981	
8.07327	10.2687	4.57256	8.10409	2.57178	8.45858	11.8554	6.35571	7.36484	7.98668	17.5211	9.17816	14.4166	11.9177	9.67107	4.977	7.04988	5.3404	9.95777	1.03274	8.94677	9.8136	0.567338	9.59981	0	

0	7.8109	8.63038	2.51035	8.43046	1.22908	4.35921	2.07598	3.19875	8.5948	2.77862	6.25331	4.03939	7.14882	2.13074	12.4355	4.18022	4.34824	5.81197	5.73372	9.49271	7.5385	7.2561	4.91652	8.69687	
7.8109	0	13.6949	9.33007	14.0172	12.3569	6.61287	7.6678	6.23999	8.03288	5.03228	7.502	8.81121	7.34081	8.96421	15.4084	12.1003	15.6054	11.7579	13.4966	11.5034	15.3014	14.1835	10.008	14.2016	
8.63038	13.6949	0	6.84945	10.9742	7.92027	8.74967	9.84505	5.95061	9.61818	7.15831	8.95024	7.64103	6.3541	7.88359	7.07982	4.45015	8.77159	6.0819	9.633	8.60764	5.81026	11.2545	8.43223	11.3938	
2.51035	9.33007	6.84945	0	8.48265	1.28127	3.86191	2.12816	2.05474	2.35894	3.26245	1.82807	1.36498	3.48422	2.40973	4.55959	2.3993	3.04498	4.03105	2.00641	4.77016	5.89585	2.10883	2.8236	5.11773	
8.43046	14.0172	10.9742	8.48265	0	7.20138	3.7136	8.04827	9.17104	10.9322	5.29419	8.27797	6.21053	7.14582	8.32984	4.90023	8.01312	5.81844	6.09191	7.45342	6.42806	5.16394	6.75459	7.6492	15.0048	
1.22908	12.3569	7.92027	1.28127	7.20138	0	6.63981	0.846895	1.96966	6.61848	3.17737	3.10934	2.64624	3.39914	1.12846	9.02717	3.68057	3.11915	3.73004	3.28767	5.6092	8.41608	3.39009	4.55514	8.81847	
4.35921	6.61287	8.74967	3.86191	3.7136	6.63981	0	4.21611	2.78829	5.09525	1.58059	3.80614	2.49694	3.43222	4.40559	8.61383	4.29952	7.41	5.93127	7.74245	7.79117	7.14974	6.47384	7.07032	6.24969	
2.07598	7.6678	9.84505	2.12816	8.04827	0.846895	4.21611	0	2.81656	6.76424	2.63552	6.23336	4.35337	3.8453	1.97536	6.29013	4.5149	3.96605	2.88315	5.96377	4.76231	3.81112	4.69517	7.03474	12.933	
3.19875	6.23999	5.95061	2.05474	9.17104	1.96966	2.78829	2.81656	0	4.64881	1.2077	3.88281	3.41972	1.42948	1.93299	10.6808	4.45404	5.08882	6.7776	4.06115	7.20905	10.6797	4.16357	5.32862	11.3718	
8.5948	8.03288	9.61818	2.35894	10.9322	6.61848	5.09525	6.76424	4.64881	0	5.85652	0.530876	1.84008	6.07829	6.01066	6.03195	5.12922	5.74316	4.78673	6.0756	4.53224	6.03086	4.807	3.03683	6.72301	
2.77862	5.03228	7.15831	3.26245	5.29419	3.17737	1.58059	2.63552	1.2077	5.85652	0	6.14496	4.07753	2.63718	3.14069	10.8158	5.88011	7.18503	5.51867	8.22603	7.39782	8.73033	7.33068	7.69515	13.934	
6.25331	7.502	8.95024	1.82807	8.27797	3.10934	3.80614	6.23336	3.88281	0.530876	6.14496	0	1.30921	7.99659	3.21786	5.5292	4.22737	6.75982	4.25585	3.32315	4.00137	5.12792	3.93689	2.50595	5.06196	
4.03939	8.81121	7.64103	1.36498	6.21053	2.64624	2.49694	4.35337	3.41972	1.84008	4.07753	1.30921	0	5.92915	1.90865	6.82206	3.76428	7.11755	5.56506	3.37138	5.29423	5.98704	3.4738	3.81516	3.75276	
7.14882	7.34081	6.3541	3.48422	7.14582	3.39914	3.43222	3.8453	1.42948	6.07829	2.63718	7.99659	5.92915	0	3.36247	7.3074	7.73174	7.40681	6.72845	12.3816	5.77957	9.34733	8.44091	13.2604	15.8443	
2.13074	8.96421	7.88359	2.40973	8.32984	1.12846	4.40559	1.97536	1.93299	6.01066	3.14069	3.21786	1.90865	3.36247	0	9.98818	6.31096	4.24761	5.32786	9.00013	7.20288	7.89569	7.13988	7.04726	5.66141	
12.4355	15.4084	7.07982	4.55959	4.90023	9.02717	8.61383	6.29013	10.6808	6.03195	10.8158	5.5292	6.82206	7.3074	9.98818	0	8.31422	4.30588	11.0634	2.55319	1.52783	10.0642	3.82179	3.37038	12.755	
4.18022	12.1003	4.45015	2.3993	8.01312	3.68057	4.29952	4.5149	4.45404	5.12922	5.88011	4.22737	3.76428	7.73174	6.31096	8.31422	0	4.32143	1.63175	4.40571	8.59972	2.55972	4.50813	5.15764	8.36133	
4.34824	15.6054	8.77159	3.04498	5.81844	3.11915	7.41	3.96605	5.08882	5.74316	7.18503	6.75982	7.11755	7.40681	4.24761	4.30588	4.32143	0	4.99199	1.7527	3.5975	5.29693	0.936157	2.56989	9.76755	
5.81197	11.7579	6.0819	4.03105	6.09191	3.73004	5.93127	2.88315	6.7776	4.78673	5.51867	4.25585	5.56506	6.72845	5.32786	11.0634	1.63175	4.99199	0	5.32444	6.71717	0.927969	4.05583	3.54994	10.9555	
5.73372	13.4966	9.633	2.00641	7.45342	3.28767	7.74245	5.96377	4.06115	6.0756	8.22603	3.32315	3.37138	12.3816	9.00013	2.55319	4.40571	1.7527	5.32444	0	3.92994	3.43917	1.2686	0.817196	11.5202	
9.49271	11.5034	8.60764	4.77016	6.42806	5.6092	7.79117	4.76231	7.20905	4.53224	7.39782	4.00137	5.29423	5.77957	7.20288	1.52783	8.59972	3.5975	6.71717	3.92994	0	8.1056	2.66134	5.00092	9.04699	
7.5385	15.3014	5.81026	5.89585	5.16394	8.41608	7.14974	3.81112	10.6797	6.03086	8.73033	5.12792	5.98704	9.34733	7.89569	10.0642	2.55972	5.29693	0.927969	3.43917	8.1056	0	4.96155	2.62197	9.73979	
7.2561	14.1835	11.2545	2.10883	6.75459	3.39009	6.47384	4.69517	4.16357	4.807	7.33068	3.93689	3.4738	8.44091	7.13988	3.82179	4.50813	0.936157	4.05583	1.2686	2.66134	4.96155	0	2.0858	10.7037	
4.91652	10.008	8.43223	2.8236	7.6492	4.55514	7.07032	7.03474	5.32862	3.03683	7.69515	2.50595	3.81516	13.2604	7.04726	3.37038	5.15764	2.56989	3.54994	0.817196	5.00092	2.62197	2.0858	0	9.20557	
8.69687	14.2016	11.3938	5.11773	15.0048	8.81847	6.24969	12.933	11.3718	6.72301	13.934	5.06196	3.75276	15.8443	5.66141	12.755	8.36133	9.76755	10.9555	11.5202	9.04699	9.73979	10.7037	9.20557	0	

0	4.88998	5.61284	1.87379	4.89961	0.544454	8.18958	1.13511	2.71396	3.97331	3.15006	5.44743	5.92621	5.79141	2.07394	3.31011	5.41593	7.98773	5.87171	2.5688	1.74387	3.00305	2.75508	4.61898	2.98169	
4.88998	0	4.99598	5.67487	10.7272	4.34553	7.35837	5.57905	5.17924	5.87062	5.6992	6.84063	11.5516	1.23738	6.42169	7.11119	6.73265	10.951	9.31234	8.50354	5.54495	7.60577	8.73772	7.5936	6.78276	
5.61284	4.99598	0	9.20332	4.50635	2.60962	2.36322	9.23509	10.0951	4.25182	4.14202	1.84465	6.65293	4.57878	8.2208	1.67414	4.77183	3.00605	2.63232	3.50756	1.4102	2.60979	3.69385	6.41936	3.87266	
1.87379	5.67487	9.20332	0	6.77255	1.32934	7.87724	2.56286	1.75241	4.47631	2.27237	6.89962	9.13336	8.34993	2.99486	4.095	3.63526	3.55111	4.91855	4.27188	2.52876	8.41016	4.0856	3.1998	3.76657	
4.89961	10.7272	4.50635	6.77255	0	3.40838	10.9658	9.10118	5.43408	2.71018	10.6468	7.57589	5.50702	7.34342	19.395	0.642719	5.94412	2.57165	3.00355	4.72382	0.906657	1.89656	5.0519	4.40805	1.69015	
0.544454	4.34553	2.60962	1.32934	3.40838	0	6.08886	1.23352	2.81237	3.42886	3.69451	5.57028	6.44214	5.58291	2.17235	1.46336	4.56105	2.79526	2.42153	3.11326	1.19942	3.54751	4.01931	4.52914	2.43723	
8.18958	7.35837	2.36322	7.87724	10.9658	6.08886	0	7.05448	8.63333	6.51584	2.81595	0.518576	14.6598	6.12099	6.89473	10.7453	7.92694	11.2096	9.21022	12.3457	11.319	12.5186	8.63559	5.09329	12.6559	
1.13511	5.57905	9.23509	2.56286	9.10118	1.23352	7.05448	0	1.57886	4.30276	2.09882	6.8038	7.40634	4.65631	0.938838	3.99918	6.44403	9.39831	6.09763	3.70391	2.43293	4.13816	4.60996	6.00857	3.67075	
2.71396	5.17924	10.0951	1.75241	5.43408	2.81237	8.63333	1.57886	0	2.7239	0.519963	2.81733	4.38988	6.23516	1.24245	5.95317	5.62024	5.30352	7.67649	9.99623	5.56552	10.4305	5.83801	4.95221	9.47665	
3.97331	5.87062	4.25182	4.47631	2.71018	3.42886	6.51584	4.30276	2.7239	0	3.24386	5.99726	5.99567	4.63324	3.96635	3.10556	4.42124	4.43747	4.06373	6.40529	2.84162	4.60674	5.12989	3.98577	4.40033	
3.15006	5.6992	4.14202	2.27237	10.6468	3.69451	2.81595	2.09882	0.519963	3.24386	0	2.29737	3.86992	7.11749	1.76241	7.94099	5.10027	7.81356	8.89916	5.71886	6.7263	6.15311	6.62491	5.53574	7.96412	
5.44743	6.84063	1.84465	6.89962	7.57589	5.57028	0.518576	6.8038	2.81733	5.99726	2.29737	0	6.16729	6.42343	6.37615	8.33594	5.01017	10.1109	6.29346	5.35221	3.25485	4.45443	5.71883	4.57471	8.00751	
5.92621	11.5516	6.65293	9.13336	5.50702	6.44214	14.6598	7.40634	4.38988	5.99567	3.86992	6.16729	0	10.3142	9.50287	4.8643	6.98883	6.79323	6.46484	3.3574	5.12824	6.63182	3.54369	6.19188	6.39108	
5.79141	1.23738	4.57878	8.34993	7.34342	5.58291	6.12099	4.65631	6.23516	4.63324	7.11749	6.42343	10.3142	0	5.59515	7.86251	5.49527	10.7731	10.2846	8.08634	5.98898	7.18856	7.43634	5.93073	13.2083	
2.07394	6.42169	8.2208	2.99486	19.395	2.17235	6.89473	0.938838	1.24245	3.96635	1.76241	6.37615	9.50287	5.59515	0	7.24652	10.7011	14.6248	7.03647	5.80044	5.68028	6.2347	6.7065	6.9474	6.91809	
3.31011	7.11119	1.67414	4.095	0.642719	1.46336	10.7453	3.99918	5.95317	3.10556	7.94099	8.33594	4.8643	7.86251	7.24652	0	3.62557	1.85978	1.48605	3.82761	0.263937	2.53928	4.10228	3.76533	2.33286	
5.41593	6.73265	4.77183	3.63526	5.94412	4.56105	7.92694	6.44403	5.62024	4.42124	5.10027	5.01017	6.98883	5.49527	10.7011	3.62557	0	4.95748	2.15421	2.12735	3.36163	5.64582	1.57958	0.435463	6.77563	
7.98773	10.951	3.00605	3.55111	2.57165	2.79526	11.2096	9.39831	5.30352	4.43747	7.81356	10.1109	6.79323	10.7731	14.6248	1.85978	4.95748	0	2.81796	4.69916	1.59585	5.118	4.51288	5.657	4.91159	
5.87171	9.31234	2.63232	4.91855	3.00355	2.42153	9.21022	6.09763	7.67649	4.06373	8.89916	6.29346	6.46484	10.2846	7.03647	1.48605	2.15421	2.81796	0	4.78578	1.22211	2.86866	2.86287	1.71875	4.13153	
2.5688	8.50354	3.50756	4.27188	4.72382	3.11326	12.3457	3.70391	9.99623	6.40529	5.71886	5.35221	3.3574	8.08634	5.80044	3.82761	2.12735	4.69916	4.78578	0	3.56367	3.27441	0.186282	1.3304	3.03368	
1.74387	5.54495	1.4102	2.52876	0.906657	1.19942	11.319	2.43293	5.56552	2.84162	6.7263	3.25485	5.12824	5.98898	5.68028	0.263937	3.36163	1.59585	1.22211	3.56367	0	4.01999	3.74995	2.94086	3.63665	
3.00305	7.60577	2.60979	8.41016	1.89656	3.54751	12.5186	4.13816	10.4305	4.60674	6.15311	4.45443	6.63182	7.18856	6.2347	2.53928	5.64582	5.118	2.86866	3.27441	4.01999	0	3.4607	4.5874	1.26288	
2.75508	8.73772	3.69385	4.0856	5.0519	4.01931	8.63559	4.60996	5.83801	5.12989	6.62491	5.71883	3.54369	7.43634	6.7065	4.10228	1.57958	4.51288	2.86287	0.186282	3.74995	3.4607	0	1.14412	3.21996	
4.61898	7.5936	6.41936	3.1998	4.40805	4.52914	5.09329	6.00857	4.95221	3.98577	5.53574	4.57471	6.19188	5.93073	6.9474	3.76533	0.435463	5.657	1.71875	1.3304	2.94086	4.5874	1.14412	0	6.47324	
2.98169	6.78276	3.87266	3.76657	1.69015	2.43723	12.6559	3.67075	9.47665	4.40033	7.96412	8.00751	6.39108	13.2083	6.91809	2.33286	6.77563	4.91159	4.13153	3.03368	3.63665	1.26288	3.21996	6.47324	0	

0	4.3668	4.07911	1.26736	10.4291	1.44515	5.59096	0.980341	2.11941	5.36798	3.79976	3.40373	1.55275	2.46283	1.44482	8.03091	4.86268	5.88504	4.81173	8.40309	6.44019	7.50431	3.52053	5.9988	6.48984	
4.3668	0	6.48523	4.7045	7.30097	3.85127	11.0378	3.38646	6.5267	8.80512	6.91138	10.8428	4.98989	6.48712	3.98603	10.6924	7.47112	9.26366	8.24887	11.8402	8.76614	10.9517	8.23543	9.43594	10.5141	
4.07911	6.48523	0	4.7032	8.42961	3.56357	2.65101	3.09877	5.10008	7.56957	6.20608	8.4015	4.41781	6.97373	3.69834	9.78737	3.91228	12.1363	2.41649	2.18529	8.58936	2.02071	2.77934	6.60331	5.99655	
1.26736	4.7045	4.7032	0	5.92275	1.66415	6.85833	1.72898	4.68244	4.10061	3.79346	4.6711	0.285389	3.73019	2.32854	6.36305	5.1511	6.45624	3.54436	4.39555	5.99849	3.94015	4.98829	4.73143	6.10318	
10.4291	7.30097	8.42961	5.92275	0	2.33592	5.7786	5.11119	2.47414	8.17803	10.2479	4.444	9.68879	8.64685	8.48447	1.85992	1.02654	1.96269	3.9193	1.52851	1.46518	2.91811	0.934465	1.44621	10.1806	
1.44515	3.85127	3.56357	1.66415	2.33592	0	6.91925	0.464804	0.831833	7.37881	1.21652	4.56753	1.37876	4.33977	1.06437	4.71586	2.27944	7.04884	5.78101	1.9955	4.32112	5.38523	1.40145	7.45141	9.36107	
5.59096	11.0378	2.65101	6.85833	5.7786	6.91925	0	5.74978	9.00604	10.6877	9.77904	5.75049	7.06882	4.55068	7.03579	11.8448	6.80514	7.74129	14.2235	4.83631	7.24378	4.67172	6.71307	6.85866	8.5777	
0.980341	3.38646	3.09877	1.72898	5.11119	0.464804	5.74978	0	1.27416	5.82959	2.40264	4.38408	1.84356	3.44317	0.599568	6.37664	4.08465	9.9376	5.27334	5.28406	4.78592	5.11948	1.86626	4.50432	7.90198	
2.11941	6.5267	5.10008	4.68244	2.47414	0.831833	9.00604	1.27416	0	5.82565	0.384684	5.12524	2.21059	5.19277	0.674587	6.74367	1.4476	11.8769	7.84244	6.1826	2.37741	3.33917	2.23329	1.86727	9.21978	
5.36798	8.80512	7.56957	4.10061	8.17803	7.37881	10.6877	5.82959	5.82565	0	5.44097	4.93723	4.386	6.02958	9.14136	8.2588	4.80671	6.30144	7.64498	5.38428	9.0451	5.9784	5.97833	4.38704	2.00256	
3.79976	6.91138	6.20608	3.79346	10.2479	1.21652	9.77904	2.40264	0.384684	5.44097	0	5.78704	3.31659	5.57745	1.05927	7.84967	1.83229	8.26834	8.07	5.79792	6.25896	7.32307	3.33929	8.67091	7.44354	
3.40373	10.8428	8.4015	4.6711	4.444	4.56753	5.75049	4.38408	5.12524	4.93723	5.78704	0	5.94629	5.74095	4.84856	4.43867	3.30355	2.48131	5.39318	10.3215	4.60745	5.56921	5.96898	2.88388	6.9398	
1.55275	4.98989	4.41781	0.285389	9.68879	1.37876	7.06882	1.84356	2.21059	4.386	3.31659	5.94629	0	9.88581	4.71259	6.07766	8.14018	7.4738	3.82975	4.11016	5.69988	4.95771	2.78021	5.01682	12.1358	
2.46283	6.48712	6.97373	3.73019	8.64685	4.33977	4.55068	3.44317	5.19277	6.02958	5.57745	5.74095	9.88581	0	3.90765	8.64152	4.03538	6.68416	9.59603	11.5395	9.42782	8.00285	14.8965	3.61571	4.02701	
1.44482	3.98603	3.69834	2.32854	8.48447	1.06437	7.03579	0.599568	0.674587	9.14136	1.05927	4.84856	4.71259	3.90765	0	9.24566	2.12219	12.2969	13.9937	8.14406	7.65495	8.71906	4.73528	14.7976	13.8819	
8.03091	10.6924	9.78737	6.36305	1.85992	4.71586	11.8448	6.37664	6.74367	8.2588	7.84967	4.43867	6.07766	8.64152	9.24566	0	1.32454	1.95736	2.84886	4.3629	0.394737	7.13446	3.76885	5.18923	7.00439	
4.86268	7.47112	3.91228	5.1511	1.02654	2.27944	6.80514	4.08465	1.4476	4.80671	1.83229	3.30355	8.14018	4.03538	2.12219	1.32454	0	2.98923	2.28735	4.42795	0.929808	1.89157	1.961	0.419672	5.86741	
5.88504	9.26366	12.1363	6.45624	1.96269	7.04884	7.74129	9.9376	11.8769	6.30144	8.26834	2.48131	7.4738	6.68416	12.2969	1.95736	2.98923	0	2.91187	8.80641	2.3521	3.30765	2.89716	5.36519	8.304	
4.81173	8.24887	2.41649	3.54436	3.9193	5.78101	14.2235	5.27334	7.84244	7.64498	8.07	5.39318	3.82975	9.59603	13.9937	2.84886	2.28735	2.91187	0	5.13628	2.45412	0.395783	5.93273	6.81451	4.37162	
8.40309	11.8402	2.18529	4.39555	1.52851	1.9955	4.83631	5.28406	6.1826	5.38428	5.79792	10.3215	4.11016	11.5395	8.14406	4.3629	4.42795	8.80641	5.13628	0	9.55356	4.206	0.594048	8.7886	7.38684	
6.44019	8.76614	8.58936	5.99849	1.46518	4.32112	7.24378	4.78592	2.37741	9.0451	6.25896	4.60745	5.69988	9.42782	7.65495	0.394737	0.929808	2.3521	2.45412	9.55356	0	2.82138	2.39964	1.34948	7.39913	
7.50431	10.9517	2.02071	3.94015	2.91811	5.38523	4.67172	5.11948	3.33917	5.9784	7.32307	5.56921	4.95771	8.00285	8.71906	7.13446	1.89157	3.30765	0.395783	4.206	2.82138	0	5.33455	2.31124	3.97584	
3.52053	8.23543	2.77934	4.98829	0.934465	1.40145	6.71307	1.86626	2.23329	5.97833	3.33929	5.96898	2.78021	14.8965	4.73528	3.76885	1.961	2.89716	5.93273	0.594048	2.39964	5.33455	0	4.25357	9.51278	
5.9988	9.43594	6.60331	4.73143	1.44621	7.45141	6.85866	4.50432	1.86727	4.38704	8.67091	2.88388	5.01682	3.61571	14.7976	5.18923	0.419672	5.36519	6.81451	8.7886	1.34948	2.31124	4.25357	0	6.3896	
6.48984	10.5141	5.99655	6.10318	10.1806	9.36107	8.5777	7.90198	9.21978	2.00256	7.44354	6.9398	12.1358	4.02701	13.8819	7.00439	5.86741	8.304	4.37162	7.38684	7.39913	3.97584	9.51278	6.3896	0	

0	3.10136	13.1246	2.73593	9.11252	3.03932	11.6547	2.17608	2.3247	2.31656	3.38777	6.55001	3.07139	8.93498	1.77581	9.21773	2.51865	5.46417	8.68184	7.81657	5.7124	13.11	10.2979	3.36797	4.51753	
3.10136	0	13.8608	8.52186	12.2139	10.3011	10.7808	13.6413	6.32896	5.41792	6.74331	11.2933	6.42693	12.0363	4.87717	11.4374	5.62001	6.62195	12.4807	7.07997	11.8601	7.85418	10.3702	8.33391	4.73063	
13.1246	13.8608	0	5.33898	11.6026	12.0874	10.0074	5.73715	8.14205	8.20371	11.8793	8.08515	6.16371	9.4998	6.13742	7.09086	10.4561	9.70786	12.0443	9.04749	12.0934	9.33776	6.1242	10.5022	10.6199	
2.73593	8.52186	5.33898	0	8.23857	2.22364	11.5509	1.3604	1.50902	1.57956	3.90408	1.44805	0.824727	2.02751	0.960123	11.1647	7.28926	4.36887	6.70536	5.10301	5.28786	8.13396	6.12014	9.8181	6.26019	
9.11252	12.2139	11.6026	8.23857	0	10.0248	9.55561	9.55992	7.52928	8.16867	8.53003	7.21192	7.41384	6.83589	10.8883	3.95789	10.3117	6.57195	7.16824	7.00236	4.41688	5.73965	4.92455	11.6158	8.31277	
3.03932	10.3011	12.0874	2.22364	10.0248	0	3.75663	1.66379	1.81241	3.10684	2.03562	6.45948	4.39173	3.18895	1.26351	8.8242	2.90492	7.13115	10.7539	3.75765	4.5733	10.3892	6.68094	2.05559	6.10698	
11.6547	10.7808	10.0074	11.5509	9.55561	3.75663	0	4.27023	5.84513	11.3376	5.79225	4.78155	3.9225	2.71972	4.6705	9.64816	8.04902	7.94145	8.87389	7.51427	10.1072	7.44529	10.6148	5.81222	6.05014	
2.17608	13.6413	5.73715	1.3604	9.55992	1.66379	4.27023	0	0.949168	2.29126	7.90665	2.348	2.97132	6.04883	0.400273	10.8948	4.71899	6.26791	8.66361	7.1901	9.14797	10.0922	10.1134	5.56832	6.71787	
2.3247	6.32896	8.14205	1.50902	7.52928	1.81241	5.84513	0.949168	0	2.17223	1.10102	7.54296	3.62779	5.27746	0.548895	2.94378	5.74625	4.01226	8.43846	4.44266	2.4848	9.05315	9.94605	4.1441	10.9076	
2.31656	5.41792	8.20371	1.57956	8.16867	3.10684	11.3376	2.29126	2.17223	0	1.07122	1.37815	0.754832	1.95762	1.89099	8.94802	4.8352	3.14761	6.88972	5.50002	4.55675	9.42478	6.05025	8.70484	5.03893	
3.38777	6.74331	11.8793	3.90408	8.53003	2.03562	5.79225	7.90665	1.10102	1.07122	0	7.62727	1.82605	5.22457	1.64991	3.94453	7.27513	4.21883	9.4392	5.4434	3.48554	8.35356	9.05257	4.09121	11.4771	
6.55001	11.2933	8.08515	1.44805	7.21192	6.45948	4.78155	2.348	7.54296	1.37815	7.62727	0	0.623319	1.82611	2.74827	11.1698	4.03137	9.70367	7.35392	8.81673	12.2564	8.78251	5.91873	4.40389	6.03025	
3.07139	6.42693	6.16371	0.824727	7.41384	4.39173	3.9225	2.97132	3.62779	0.754832	1.82605	0.623319	0	1.20279	1.78485	6.26207	4.65469	3.90245	7.53009	5.92774	9.40444	8.50898	5.29542	5.02721	8.46342	
8.93498	12.0363	9.4998	2.02751	6.83589	3.18895	2.71972	6.04883	5.27746	1.95762	5.22457	1.82611	1.20279	0	4.45246	9.50874	7.66732	14.9236	13.6919	6.9466	9.96773	10.165	6.4982	5.24454	8.76985	
1.77581	4.87717	6.13742	0.960123	10.8883	1.26351	4.6705	0.400273	0.548895	1.89099	1.64991	2.74827	1.78485	4.45246	0	10.4945	4.29445	5.0386	7.66548	5.02116	3.03369	13.0456	9.12105	3.3191	7.75895	
9.21773	11.4374	7.09086	11.1647	3.95789	8.8242	9.64816	10.8948	2.94378	8.94802	3.94453	11.1698	6.26207	9.50874	10.4945	0	10.8647	1.98645	6.41265	2.41686	0.458989	4.18022	0.966659	8.44998	6.60618	
2.51865	5.62001	10.4561	7.28926	10.3117	2.90492	8.04902	4.71899	5.74625	4.8352	7.27513	4.03137	4.65469	7.66732	4.29445	10.8647	0	3.89019	6.16319	4.34821	7.74221	5.12243	7.6384	0.849326	1.99888	
5.46417	6.62195	9.70786	4.36887	6.57195	7.13115	7.94145	6.26791	4.01226	3.14761	4.21883	9.70367	3.90245	14.9236	5.0386	1.98645	3.89019	0	3.7421	3.48533	1.52747	5.01486	7.53083	8.62582	1.89131	
8.68184	12.4807	12.0443	6.70536	7.16824	10.7539	8.87389	8.66361	8.43846	6.88972	9.4392	7.35392	7.53009	13.6919	7.66548	6.41265	6.16319	3.7421	0	7.91153	5.26957	1.4286	4.64216	7.01252	4.55215	
7.81657	7.07997	9.04749	5.10301	7.00236	3.75765	7.51427	7.1901	4.44266	5.50002	5.4434	8.81673	5.92774	6.9466	5.02116	2.41686	4.34821	3.48533	7.91153	0	1.95787	5.47288	2.92329	5.81324	2.34933	
5.7124	11.8601	12.0934	5.28786	4.41688	4.5733	10.1072	9.14797	2.4848	4.55675	3.48554	12.2564	9.40444	9.96773	3.03369	0.458989	7.74221	1.52747	5.26957	1.95787	0	6.56835	1.42565	7.99099	3.41878	
13.11	7.85418	9.33776	8.13396	5.73965	10.3892	7.44529	10.0922	9.05315	9.42478	8.35356	8.78251	8.50898	10.165	13.0456	4.18022	5.12243	5.01486	1.4286	5.47288	6.56835	0	3.21356	10.1269	3.12355	
10.2979	10.3702	6.1242	6.12014	4.92455	6.68094	10.6148	10.1134	9.94605	6.05025	9.05257	5.91873	5.29542	6.4982	9.12105	0.966659	7.6384	7.53083	4.64216	2.92329	1.42565	3.21356	0	9.91313	5.27262	
3.36797	8.33391	10.5022	9.8181	11.6158	2.05559	5.81222	5.56832	4.1441	8.70484	4.09121	4.40389	5.02721	5.24454	3.3191	8.44998	0.849326	8.62582	7.01252	5.81324	7.99099	10.1269	9.91313	0	2.84821	
4.51753	4.73063	10.6199	6.26019	8.31277	6.10698	6.05014	6.71787	10.9076	5.03893	11.4771	6.03025	8.46342	8.76985	7.75895	6.60618	1.99888	1.89131	4.55215	2.34933	3.41878	3.12355	5.27262	2.84821	0	

0	8.19386	17.9641	6.3564	9.81615	3.26911	6.02948	3.46437	0.385083	5.40577	0.745832	8.36237	11.5057	12.5829	1.04415	4.5859	9.67655	2.9542	8.68901	6.56309	3.61013	8.32169	3.29875	6.32442	6.81503	
8.19386	0	13.3852	9.12403	9.18148	10.1464	9.33161	6.41284	3.07219	10.8422	2.71144	5.22175	7.33592	5.87524	6.45664	12.0982	6.53837	11.6926	11.1177	10.8401	11.0338	14.8273	8.25268	9.47187	15.4859	
17.9641	13.3852	0	3.58408	11.2288	11.3571	12.2733	12.2141	20.8203	9.99221	5.08494	3.73283	10.2547	8.71932	13.2122	17.3048	1.25801	8.69433	7.20654	3.28684	8.54688	10.1271	10.3555	8.23377	10.4092	
6.3564	9.12403	3.58408	0	7.28468	4.20952	7.0952	2.89204	6.03533	1.71574	6.153	3.90228	4.51363	9.56767	5.56697	8.10803	2.32607	5.09135	9.16397	4.17232	6.58715	1.97999	3.31236	5.85942	6.89234	
9.81615	9.18148	11.2288	7.28468	0	10.1323	7.75514	13.6577	8.65501	8.30031	10.8752	7.00324	14.9353	12.6383	6.22691	5.30263	9.97075	5.75129	9.50712	4.83227	5.42997	5.6458	3.97231	7.25762	6.30445	
3.26911	10.1464	11.3571	4.20952	10.1323	0	1.57666	1.31749	4.46078	6.72532	5.01888	4.99262	9.67379	8.13007	2.22496	9.03872	7.46743	4.58212	9.97183	6.74073	8.4113	8.04632	4.47956	7.22452	8.44296	
6.02948	9.33161	12.2733	7.0952	7.75514	1.57666	0	2.89415	6.76292	8.11083	8.58401	4.10986	8.09713	9.70674	3.80162	7.60286	6.58467	5.56181	8.33175	4.64279	10.1672	7.55467	3.78283	5.64786	7.42838	
3.46437	6.41284	12.2141	2.89204	13.6577	1.31749	2.89415	0	3.14329	4.60777	3.50404	6.3101	7.40566	9.44756	3.54244	8.05026	5.21811	5.89961	14.7864	8.05822	6.36833	4.87203	6.2044	8.60543	12.0461	
0.385083	3.07219	20.8203	6.03533	8.65501	4.46078	6.76292	3.14329	0	5.02068	0.360749	10.1789	10.597	13.3163	1.42923	4.74592	4.18768	3.33928	8.62323	8.44628	3.22504	9.81876	5.48432	5.93934	10.1973	
5.40577	10.8422	9.99221	1.71574	8.30031	6.72532	8.11083	4.60777	5.02068	0	5.38143	5.61802	6.22936	15.9643	4.50036	8.23798	4.04181	4.48219	8.37927	5.18795	8.24573	3.69573	4.328	8.075	5.1766	
0.745832	2.71144	5.08494	6.153	10.8752	5.01888	8.58401	3.50404	0.360749	5.38143	0	6.30175	10.0474	8.58668	3.59047	9.38677	3.82693	8.80382	13.5531	5.85576	3.58579	11.0227	5.99981	6.30009	17.3087	
8.36237	5.22175	3.73283	3.90228	7.00324	4.99262	4.10986	6.3101	10.1789	5.61802	6.30175	0	8.41591	5.66539	5.28553	6.20511	2.47482	4.8099	5.89592	3.89088	9.76369	5.88227	3.03092	4.25012	6.67647	
11.5057	7.33592	10.2547	4.51363	14.9353	9.67379	8.09713	7.40566	10.597	6.22936	10.0474	8.41591	0	13.2112	10.257	6.61266	6.8397	8.25047	7.34155	5.03877	10.26	6.49362	5.89873	4.65766	10.3227	
12.5829	5.87524	8.71932	9.56767	12.6383	8.13007	9.70674	9.44756	13.3163	15.9643	8.58668	5.66539	13.2112	0	10.355	14.8067	7.46131	12.7122	11.5613	9.49014	14.7502	16.2285	8.69631	9.9155	13.5108	
1.04415	6.45664	13.2122	5.56697	6.22691	2.22496	3.80162	3.54244	1.42923	4.50036	3.59047	5.28553	10.257	10.355	0	5.63005	7.57214	3.99835	8.1062	3.11456	6.45476	6.02644	2.2546	9.16906	5.90015	
4.5859	12.0982	17.3048	8.10803	5.30263	9.03872	7.60286	8.05026	4.74592	8.23798	9.38677	6.20511	6.61266	14.8067	5.63005	0	7.00967	5.54781	4.63889	4.98084	1.52088	5.83442	5.84079	1.955	11.3758	
9.67655	6.53837	1.25801	2.32607	9.97075	7.46743	6.58467	5.21811	4.18768	4.04181	3.82693	2.47482	6.8397	7.46131	7.57214	7.00967	0	5.63772	8.37074	2.02883	7.25007	4.30606	2.88879	5.60336	11.2972	
2.9542	11.6926	8.69433	5.09135	5.75129	4.58212	5.56181	5.89961	3.33928	4.48219	8.80382	4.8099	8.25047	12.7122	3.99835	5.54781	5.63772	0	5.73481	2.63894	5.75795	5.55082	1.77898	3.59281	3.86083	
8.68901	11.1177	7.20654	9.16397	9.50712	9.97183	8.33175	14.7864	8.62323	8.37927	13.5531	5.89592	7.34155	11.5613	8.1062	4.63889	8.37074	5.73481	0	6.25841	6.23579	6.56331	5.8516	2.68389	3.20267	
6.56309	10.8401	3.28684	4.17232	4.83227	6.74073	4.64279	8.05822	8.44628	5.18795	5.85576	3.89088	5.03877	9.49014	3.11456	4.98084	2.02883	2.63894	6.25841	0	5.22124	3.09026	0.859955	3.57452	4.5055	
3.61013	11.0338	8.54688	6.58715	5.42997	8.4113	10.1672	6.36833	3.22504	8.24573	3.58579	9.76369	10.26	14.7502	6.45476	1.52088	7.25007	5.75795	6.23579	5.22124	0	8.3115	6.08119	3.47587	9.43847	
8.32169	14.8273	10.1271	1.97999	5.6458	8.04632	7.55467	4.87203	9.81876	3.69573	11.0227	5.88227	6.49362	16.2285	6.02644	5.83442	4.30606	5.55082	6.56331	3.09026	8.3115	0	3.77184	3.87943	6.18526	
3.29875	8.25268	10.3555	3.31236	3.97231	4.47956	3.78283	6.2044	5.48432	4.328	5.99981	3.03092	5.89873	8.69631	2.2546	5.84079	2.88879	1.77898	5.8516	0.859955	6.08119	3.77184	0	4.43448	3.64555	
6.32442	9.47187	8.23377	5.85942	7.25762	7.22452	5.64786	8.60543	5.93934	8.075	6.30009	4.25012	4.65766	9.9155	9.16906	1.955	5.60336	3.59281	2.68389	3.57452	3.47587	3.87943	4.43448	0	5.88656	
6.81503	15.4859	10.4092	6.89234	6.30445	8.44296	7.42838	12.0461	10.1973	5.1766	17.3087	6.67647	10.3227	13.5108	5.90015	11.3758	11.2972	3.86083	3.20267	4.5055	9.43847	6.18526	3.64555	5.88656	0	

0	6.512	12.0573	4.22113	8.06218	3.1308	3.85541	4.62785	2.63714	4.42691	1.5113	3.43993	3.65587	6.3695	2.53358	8.14301	7.36142	5.21576	7.48722	6.9928	12.9735	7.21162	6.73127	5.9378	7.373	
6.512	0	9.63404	4.26012	7.10112	9.7043	5.13287	4.00957	3.87487	5.59954	6.33994	3.88205	7.10603	2.2514	8.13872	9.51272	7.40041	2.10621	5.57291	7.24636	6.88443	3.80925	3.66458	8.99247	8.51945	
12.0573	9.63404	0	6.012	3.28814	15.1881	4.40463	9.14079	11.115	5.59164	9.92095	4.82011	9.37463	7.38263	6.62003	3.28924	4.41351	8.4376	5.89812	3.02576	5.91753	6.73457	5.82507	3.21581	9.74096	
4.22113	4.26012	6.012	0	3.24863	6.57394	5.56118	4.75266	6.74337	5.55213	5.73243	5.14569	2.84591	6.51082	3.9682	5.04597	3.14029	4.0685	5.85861	2.98624	4.30067	7.52371	2.51014	6.90449	3.48476	
8.06218	7.10112	3.28814	3.24863	0	9.87109	5.21463	10.4065	7.84052	2.82828	6.55088	4.79914	9.9005	9.084	8.22047	8.65045	1.65015	4.99491	3.13476	0.262389	6.02215	6.69794	4.1056	4.8629	3.10465	
