20
5
2
3
40

6	25
1	50
11	25
47	42
3	33

22	35
37	29
8	32
40	14
47	10
42	35
5	14
4	36
42	25
29	13
40	12
50	19
49	12
45	9
11	8
25	5
17	28
33	35
2	41
7	15

150

1.79769e+308
1.79769e+308
1.79769e+308
1.79769e+308
1.79769e+308

14
17
16
17
17
12
20
15
15
12
13
15
11
18
13
13
19
18
19
14

0
0
0
0
0

0

0	5.97665	3.27536	8.78576	4.60443	4.14243	3.35464	3.70703	3.87882	3.83817	4.4538	1.61636	3.54868	4.58424	8.13416	3.33108	5.85853	5.42709	6.01816	5.4266	11.9222	3.86957	7.07812	7.47312	2.06039	
5.97665	0	2.76333	5.55355	1.37222	2.76362	6.6362	3.5671	9.49274	7.50331	7.37552	7.02213	3.35737	3.99856	3.80938	5.29528	5.27284	8.9077	13.8041	7.82798	11.8726	6.30275	6.16319	6.01092	6.10608	
3.27536	2.76333	0	5.57244	1.39111	6.05506	6.63	1.40635	3.63165	2.6364	7.41443	2.23806	3.86136	2.89841	9.32794	4.57214	10.3123	4.39839	4.37243	2.15124	11.4169	0.594214	3.51394	7.27248	2.68209	
8.78576	5.55355	5.57244	0	4.18133	6.9267	11.3153	6.37621	12.2215	10.832	6.83769	9.83124	6.65158	10.459	8.48843	11.7558	11.7333	11.7638	10.5246	11.0239	18.3331	12.7632	12.5842	3.67941	8.91519	
4.60443	1.37222	1.39111	4.18133	0	3.064	7.95907	2.19488	8.85086	5.45617	8.80554	3.62917	2.47025	5.37078	11.1697	7.93551	12.2977	9.46063	12.457	3.54235	16.5267	1.98532	4.30247	6.39469	4.73386	
4.14243	2.76362	6.05506	6.9267	3.064	0	3.87258	7.17154	5.66359	4.73969	4.6119	3.41413	0.593751	6.76218	1.04576	5.24677	10.9869	5.07302	5.04706	5.06436	3.38223	5.46084	6.0988	3.24729	9.26173	
3.35464	6.6362	6.63	11.3153	7.95907	3.87258	0	9.44197	1.79101	3.45074	6.30928	4.971	4.46633	3.92912	4.91834	2.33874	5.20341	3.78408	3.48787	8.93694	7.5869	4.82844	9.24604	7.11987	6.21638	
3.70703	3.5671	1.40635	6.37621	2.19488	7.17154	9.44197	0	5.5086	4.51336	4.73191	2.09067	4.66513	4.77536	8.2173	6.09748	7.96904	5.90139	9.34783	3.55759	8.47828	2.00056	2.10759	8.67883	2.5347	
3.87882	9.49274	3.63165	12.2215	8.85086	5.66359	1.79101	5.5086	0	1.05481	4.51827	4.55454	10.5228	1.84446	5.35081	0.547732	7.37744	2.93607	1.69687	9.61099	10.1717	3.03743	7.14258	7.67655	6.85568	
3.83817	7.50331	2.6364	10.832	5.45617	4.73969	3.45074	4.51336	1.05481	0	2.10517	4.14406	5.33344	1.80381	5.26288	0.507082	6.24724	0.333336	0.307373	6.21629	7.35186	2.04219	6.26888	7.98698	6.81503	
4.4538	7.37552	7.41443	6.83769	8.80554	4.6119	6.30928	4.73191	4.51827	2.10517	0	5.58256	5.20565	4.24784	5.65766	5.066	5.52212	1.77183	3.01104	9.56566	8.99501	6.55203	2.62432	3.15828	12.0632	
1.61636	7.02213	2.23806	9.83124	3.62917	3.41413	4.971	2.09067	4.55454	4.14406	5.58256	0	2.82038	5.30354	8.80989	4.00681	12.6544	3.81072	5.04993	4.3893	12.0148	2.83228	4.19826	6.74482	0.44403	
3.54868	3.35737	3.86136	6.65158	2.47025	0.593751	4.46633	4.66513	10.5228	5.33344	5.20565	2.82038	0	8.13293	1.63951	6.8272	13.4466	6.63111	12.2196	5.65811	13.9559	6.05459	6.69255	3.84104	3.26441	
4.58424	3.99856	2.89841	10.459	5.37078	6.76218	3.92912	4.77536	1.84446	1.80381	4.24784	5.30354	8.13293	0	6.09981	1.29673	1.27428	4.90914	3.9838	11.2032	7.87408	2.30419	6.87216	7.40613	7.60467	
8.13416	3.80938	9.32794	8.48843	11.1697	1.04576	4.91834	8.2173	5.35081	5.26288	5.65766	8.80989	1.63951	6.09981	0	4.80308	7.47495	5.59622	5.57025	6.11012	2.33647	6.5066	7.14456	4.29305	9.26078	
3.33108	5.29528	4.57214	11.7558	7.93551	5.24677	2.33874	6.09748	0.547732	0.507082	5.066	4.00681	6.8272	1.29673	4.80308	0	2.57101	0.840419	0.814455	9.93082	7.13955	2.54927	8.45041	12.5823	4.45084	
5.85853	5.27284	10.3123	11.7333	12.2977	10.9869	5.20341	7.96904	7.37744	6.24724	5.52212	12.6544	13.4466	1.27428	7.47495	2.57101	0	6.18343	6.55461	13.9697	9.14836	3.57848	5.86145	13.8653	12.2103	
5.42709	8.9077	4.39839	11.7638	9.46063	5.07302	3.78408	5.90139	2.93607	0.333336	1.77183	3.81072	6.63111	4.90914	5.59622	0.840419	6.18343	0	0.640709	9.73473	7.6852	2.37553	4.39615	4.93012	4.25475	
6.01816	13.8041	4.37243	10.5246	12.457	5.04706	3.48787	9.34783	1.69687	0.307373	3.01104	5.04993	12.2196	3.9838	5.57025	0.814455	6.55461	0.640709	0	11.9205	7.65923	2.34956	7.17475	9.46343	7.72318	
5.4266	7.82798	2.15124	11.0239	3.54235	5.06436	8.93694	3.55759	9.61099	6.21629	9.56566	4.3893	5.65811	11.2032	6.11012	9.93082	13.9697	9.73473	11.9205	0	14.4789	2.74545	8.10823	8.31165	4.19737	
11.9222	11.8726	11.4169	18.3331	16.5267	3.38223	7.5869	8.47828	10.1717	7.35186	8.99501	12.0148	13.9559	7.87408	2.33647	7.13955	9.14836	7.6852	7.65923	14.4789	0	9.39405	6.37069	15.2755	11.5972	
3.86957	6.30275	0.594214	12.7632	1.98532	5.46084	4.82844	2.00056	3.03743	2.04219	6.55203	2.83228	6.05459	2.30419	6.5066	2.54927	3.57848	2.37553	2.34956	2.74545	9.39405	0	4.57876	7.8667	8.24134	
7.07812	6.16319	3.51394	12.5842	4.30247	6.0988	9.24604	2.10759	7.14258	6.26888	2.62432	4.19826	6.69255	6.87216	7.14456	8.45041	5.86145	4.39615	7.17475	8.10823	6.37069	4.57876	0	5.7826	7.88832	
7.47312	6.01092	7.27248	3.67941	6.39469	3.24729	7.11987	8.67883	7.67655	7.98698	3.15828	6.74482	3.84104	7.40613	4.29305	12.5823	13.8653	4.93012	9.46343	8.31165	15.2755	7.8667	5.7826	0	9.01955	
2.06039	6.10608	2.68209	8.91519	4.73386	9.26173	6.21638	2.5347	6.85568	6.81503	12.0632	0.44403	3.26441	7.60467	9.26078	4.45084	12.2103	4.25475	7.72318	4.19737	11.5972	8.24134	7.88832	9.01955	0	

0	5.68404	1.29483	9.87024	1.17967	1.73725	3.49344	0.922808	2.96202	7.49408	7.35116	2.6948	0.657484	6.20073	5.7631	5.38892	6.98125	12.5172	11.2252	7.1679	4.7369	3.38258	4.79632	1.74896	5.38389	
5.68404	0	4.38921	15.0893	1.9714	8.9409	8.65386	5.52092	3.50453	3.77101	7.89043	5.76236	1.82219	9.44715	3.19124	4.91326	10.3823	11.2964	10.0312	5.17886	4.21743	5.07303	7.12191	0.730713	4.90793	
1.29483	4.38921	0	10.7445	2.4745	3.32638	6.36751	3.50306	1.66719	6.34794	6.33505	2.65458	1.95232	8.38192	3.70667	3.09875	7.9818	9.84799	2.67646	8.88503	5.85936	4.67742	7.63242	4.13749	9.64925	
9.87024	15.0893	10.7445	0	11.7136	7.45193	5.99003	7.66201	8.08199	6.20047	9.27386	9.53808	7.92734	7.11808	7.35949	6.65042	4.21644	7.53603	8.20929	9.27463	6.3333	15.4513	7.88637	12.4522	10.8377	
1.17967	1.9714	2.4745	11.7136	0	2.24221	6.25235	1.42777	4.0145	4.28099	7.62346	2.9671	1.16244	7.53402	7.6021	6.99088	8.31453	13.8504	15.9113	5.98823	5.91658	4.56226	5.30128	1.24069	5.4179	
1.73725	8.9409	3.32638	7.45193	2.24221	0	1.4619	1.34509	7.59398	3.88331	4.74573	4.72634	1.07976	2.58995	6.92452	6.12076	3.37047	8.90638	9.0256	9.54188	6.76845	5.41413	3.35825	2.17124	5.56998	
3.49344	8.65386	6.36751	5.99003	6.25235	1.4619	0	3.55506	6.09043	2.42141	2.66486	7.76748	2.54166	1.12805	5.46262	4.65887	1.90857	5.22815	4.72731	6.96675	4.43824	5.92768	1.89635	5.46171	6.73072	
0.922808	5.52092	3.50306	7.66201	1.42777	1.34509	3.55506	0	7.56402	5.97646	6.83889	4.90303	0.265324	4.68311	8.63066	8.21392	5.46362	10.9995	9.35314	7.14756	6.94513	4.76641	4.40416	1.3568	3.17567	
2.96202	3.50453	1.66719	8.08199	4.0145	7.59398	6.09043	7.56402	0	3.31518	4.66786	4.32176	3.86529	6.12379	2.03948	1.43156	5.31928	4.26883	1.00928	4.02709	3.06567	7.70257	4.58304	2.77381	6.95103	
7.49408	3.77101	6.34794	6.20047	4.28099	3.88331	2.42141	5.97646	3.31518	0	5.70524	10.4732	4.13178	3.54946	3.26679	2.25385	1.98402	2.89807	2.30591	5.25441	4.29298	10.7901	4.31775	3.0403	7.21752	
7.35116	7.89043	6.33505	9.27386	7.62346	4.74573	2.66486	6.83889	4.66786	5.70524	0	4.65636	4.90735	3.09375	6.70734	5.41702	5.1924	10.7283	4.34228	11.6789	3.31041	4.79985	0.768512	7.44168	11.651	
2.6948	5.76236	2.65458	9.53808	2.9671	4.72634	7.76748	4.90303	4.32176	10.4732	4.65636	0	3.35228	10.5236	4.23097	6.74866	12.1071	12.9651	9.77821	7.7086	3.20478	6.07738	5.42487	4.20779	6.99467	
0.657484	1.82219	1.95232	7.92734	1.16244	1.07976	2.54166	0.265324	3.86529	4.13178	4.90735	3.35228	0	5.68634	7.07992	11.9019	8.11193	12.0885	7.7126	7.15067	5.39439	4.04007	4.13883	1.09148	3.44099	
6.20073	9.44715	8.38192	7.11808	7.53402	2.58995	1.12805	4.68311	6.12379	3.54946	3.09375	10.5236	5.68634	0	6.41423	4.69222	3.03662	8.57253	5.899	10.9369	4.86713	6.35657	2.32524	10.2112	8.59668	
5.7631	3.19124	3.70667	7.35949	7.6021	6.92452	5.46262	8.63066	2.03948	3.26679	6.70734	4.23097	7.07992	6.41423	0	1.72201	5.25082	6.16486	3.04876	1.98761	1.02619	8.26428	3.56808	3.92196	5.95951	
5.38892	4.91326	3.09875	6.65042	6.99088	6.12076	4.65887	8.21392	1.43156	2.25385	5.41702	6.74866	11.9019	4.69222	1.72201	0	3.88771	4.81842	1.55886	3.70963	2.7482	10.0431	5.13263	4.20538	10.4105	
6.98125	10.3823	7.9818	4.21644	8.31453	3.37047	1.90857	5.46362	5.31928	1.98402	5.1924	12.1071	8.11193	3.03662	5.25082	3.88771	0	3.31958	4.28993	5.05818	9.56201	13.6524	3.80491	5.02432	9.03008	
12.5172	11.2964	9.84799	7.53603	13.8504	8.90638	5.22815	10.9995	4.26883	2.89807	10.7283	12.9651	12.0885	8.57253	6.16486	4.81842	3.31958	0	3.25955	8.37777	9.76029	11.7438	6.83331	5.93837	15.2705	
11.2252	10.0312	2.67646	8.20929	15.9113	9.0256	4.72731	9.35314	1.00928	2.30591	4.34228	9.77821	7.7126	5.899	3.04876	1.55886	4.28993	3.25955	0	9.25718	6.11566	7.6051	3.57376	3.78309	13.17	
7.1679	5.17886	8.88503	9.27463	5.98823	9.54188	6.96675	7.14756	4.02709	5.25441	11.6789	7.7086	7.15067	10.9369	1.98761	3.70963	5.05818	8.37777	9.25718	0	3.01381	8.65771	7.04572	7.22892	3.97189	
4.7369	4.21743	5.85936	6.3333	5.91658	6.76845	4.43824	6.94513	3.06567	4.29298	3.31041	3.20478	5.39439	4.86713	1.02619	2.7482	9.56201	9.76029	6.11566	3.01381	0	6.57323	2.54189	9.68741	5.51019	
3.38258	5.07303	4.67742	15.4513	4.56226	5.41413	5.92768	4.76641	7.70257	10.7901	4.79985	6.07738	4.04007	6.35657	8.26428	10.0431	13.6524	11.7438	7.6051	8.65771	6.57323	0	4.03134	5.59256	4.68581	
4.79632	7.12191	7.63242	7.88637	5.30128	3.35825	1.89635	4.40416	4.58304	4.31775	0.768512	5.42487	4.13883	2.32524	3.56808	5.13263	3.80491	6.83331	3.57376	7.04572	2.54189	4.03134	0	5.23031	8.05208	
1.74896	0.730713	4.13749	12.4522	1.24069	2.17124	5.46171	1.3568	2.77381	3.0403	7.44168	4.20779	1.09148	10.2112	3.92196	4.20538	5.02432	5.93837	3.78309	7.22892	9.68741	5.59256	5.23031	0	4.17722	
5.38389	4.90793	9.64925	10.8377	5.4179	5.56998	6.73072	3.17567	6.95103	7.21752	11.651	6.99467	3.44099	8.59668	5.95951	10.4105	9.03008	15.2705	13.17	3.97189	5.51019	4.68581	8.05208	4.17722	0	

0	8.22059	9.96194	7.92535	2.94794	8.35287	10.8215	2.9981	5.74701	8.25324	6.2735	2.2221	4.44105	8.3125	4.04703	7.19905	12.5089	9.48244	6.39482	5.08038	7.34777	7.40038	5.27586	4.43094	3.814	
8.22059	0	7.87986	4.94287	4.74691	5.37039	8.88916	5.16786	9.68487	10.723	3.29102	8.76642	3.25379	9.86596	8.87884	14.0341	14.9167	6.49996	8.1833	7.66597	4.36529	8.43631	3.3877	6.20675	6.03838	
9.96194	7.87986	0	9.68699	6.11918	2.52742	10.3098	6.54014	11.6277	11.3474	4.60679	7.73983	4.62607	12.8665	13.3277	14.5916	15.8256	14.4564	12.8295	5.35395	9.58329	5.2493	8.50612	4.84735	8.65694	
7.92535	4.94287	9.68699	0	9.03747	3.73123	1.73116	3.83059	3.70491	11.6488	1.65185	5.74348	7.04557	3.02091	7.23967	6.37484	12.089	4.86079	4.84633	15.0734	2.72613	6.0023	6.11617	7.55447	3.0147	
2.94794	4.74691	6.11918	9.03747	0	3.80293	6.65431	3.38255	6.60333	5.30531	9.22143	4.38621	1.49312	5.36456	6.99497	9.89385	11.3661	6.09805	6.77926	5.9053	6.18001	7.96439	8.22379	1.483	4.19844	
8.35287	5.37039	2.52742	3.73123	3.80293	0	7.67751	6.00737	8.32475	8.82003	2.07937	5.22315	6.84395	7.49938	6.07524	12.426	16.2344	5.28831	6.97165	4.7842	3.15365	2.72189	10.7257	2.31993	5.70948	
10.8215	8.88916	10.3098	1.73116	6.65431	7.67751	0	6.51188	1.97375	3.54363	3.38302	16.5339	11.3186	1.28975	3.67373	4.64368	5.87841	5.6496	3.11517	12.4671	6.67242	6.06725	5.54567	9.28563	4.69101	
2.9981	5.16786	6.54014	3.83059	3.38255	6.00737	6.51188	0	3.53315	6.15545	7.94772	3.54393	1.91407	8.74711	7.04513	5.45816	8.90647	7.38918	3.39672	6.32625	6.87345	3.80349	8.27396	3.68744	0.815892	
5.74701	9.68487	11.6277	3.70491	6.60333	8.32475	1.97375	3.53315	0	1.56989	6.88479	5.44604	6.74813	1.23876	1.69998	2.96388	4.1986	2.36262	2.20033	7.66518	4.97697	5.05333	7.28843	8.09451	2.71726	
8.25324	10.723	11.3474	11.6488	5.30531	8.82003	3.54363	6.15545	1.56989	0	4.00168	10.2332	6.79843	2.80865	3.26987	2.35809	2.16188	0.792737	2.75873	7.65592	3.40708	4.85022	7.33526	6.78831	4.28715	
6.2735	3.29102	4.60679	1.65185	9.22143	2.07937	3.38302	7.94772	6.88479	4.00168	0	8.4956	6.54481	6.88789	5.58782	4.77429	4.57809	3.20894	4.89228	5.36904	1.07428	2.51742	6.67872	4.39931	4.66655	
2.2221	8.76642	7.73983	5.74348	4.38621	5.22315	16.5339	3.54393	5.44604	10.2332	8.4956	0	5.458	10.2924	6.26913	12.6769	14.731	11.0813	6.94064	2.85828	7.15304	4.9206	7.49796	2.90321	2.72878	
4.44105	3.25379	4.62607	7.04557	1.49312	6.84395	11.3186	1.91407	6.74813	6.79843	6.54481	5.458	0	6.85768	13.1716	10.2649	15.1312	9.4514	5.31079	4.41218	8.70694	6.4745	6.64149	2.97612	2.72996	
8.3125	9.86596	12.8665	3.02091	5.36456	7.49938	1.28975	8.74711	1.23876	2.80865	6.88789	10.2924	6.85768	0	2.93875	4.20264	5.67493	4.91461	3.43909	6.83981	6.22064	4.7775	6.83542	6.84756	3.95602	
4.04703	8.87884	13.3277	7.23967	6.99497	6.07524	3.67373	7.04513	1.69998	3.26987	5.58782	6.26913	13.1716	2.93875	0	3.15202	4.38675	4.71737	3.90031	5.41567	4.7965	3.35335	8.98841	9.7945	4.41724	
7.19905	14.0341	14.5916	6.37484	9.89385	12.426	4.64368	5.45816	2.96388	2.35809	4.77429	12.6769	10.2649	4.20264	3.15202	0	1.23473	1.56535	2.06144	11.4134	9.2449	6.50537	10.1894	11.0584	5.68114	
12.5089	14.9167	15.8256	12.089	11.3661	16.2344	5.87841	8.90647	4.1986	2.16188	4.57809	14.731	15.1312	5.67493	4.38675	1.23473	0	1.36915	3.29617	16.1272	11.4985	10.039	11.7246	12.5307	7.15342	
9.48244	6.49996	14.4564	4.86079	6.09805	5.28831	5.6496	7.38918	2.36262	0.792737	3.20894	11.0813	9.4514	4.91461	4.71737	1.56535	1.36915	0	3.55147	8.44866	4.19982	8.35423	8.128	11.2248	6.39311	
6.39482	8.1833	12.8295	4.84633	6.77926	6.97165	3.11517	3.39672	2.20033	2.75873	4.89228	6.94064	5.31079	3.43909	3.90031	2.06144	3.29617	3.55147	0	9.35198	5.96655	7.80319	8.66084	7.08416	4.21261	
5.08038	7.66597	5.35395	15.0734	5.9053	4.7842	12.4671	6.32625	7.66518	7.65592	5.36904	2.85828	4.41218	6.83981	5.41567	11.4134	16.1272	8.44866	9.35198	0	3.50546	2.06232	10.3212	5.76149	5.04991	
7.34777	4.36529	9.58329	2.72613	6.18001	3.15365	6.67242	6.87345	4.97697	3.40708	1.07428	7.15304	8.70694	6.22064	4.7965	9.2449	11.4985	4.19982	5.96655	3.50546	0	1.44314	9.70198	4.69701	4.43074	
7.40038	8.43631	5.2493	6.0023	7.96439	2.72189	6.06725	3.80349	5.05333	4.85022	2.51742	4.9206	6.4745	4.7775	3.35335	6.50537	10.039	8.35423	7.80319	2.06232	1.44314	0	8.25884	5.04182	2.9876	
5.27586	3.3877	8.50612	6.11617	8.22379	10.7257	5.54567	8.27396	7.28843	7.33526	6.67872	7.49796	6.64149	6.83542	8.98841	10.1894	11.7246	8.128	8.66084	10.3212	9.70198	8.25884	0	9.59444	8.42356	
4.43094	6.20675	4.84735	7.55447	1.483	2.31993	9.28563	3.68744	8.09451	6.78831	4.39931	2.90321	2.97612	6.84756	9.7945	11.0584	12.5307	11.2248	7.08416	5.76149	4.69701	5.04182	9.59444	0	4.50333	
3.814	6.03838	8.65694	3.0147	4.19844	5.70948	4.69101	0.815892	2.71726	4.28715	4.66655	2.72878	2.72996	3.95602	4.41724	5.68114	7.15342	6.39311	4.21261	5.04991	4.43074	2.9876	8.42356	4.50333	0	

0	8.24808	1.79384	8.57019	10.3008	2.29637	6.04355	6.52377	7.19444	4.48791	7.91834	1.98947	8.73353	6.81583	2.47418	5.16285	5.57222	5.44595	4.07312	0.882132	7.31569	5.44191	4.34937	6.24007	2.19997	
8.24808	0	5.5818	5.70402	5.53847	7.25719	4.72647	9.6972	6.45159	4.58973	10.2476	6.12852	12.1016	6.91766	5.27398	5.26468	8.70199	7.15041	4.17495	4.68304	7.41752	9.9818	13.4538	10.0721	3.3652	
1.79384	5.5818	0	10.3562	4.38988	2.32595	7.3414	9.51278	6.66594	5.34726	7.38985	2.01905	7.26385	8.45662	2.50376	7.68582	11.464	4.91746	8.40345	0.911712	5.16088	5.33005	4.37895	8.92349	2.2166	
8.57019	5.70402	10.3562	0	16.6782	13.1684	7.86267	4.94916	7.18722	5.86854	7.91113	17.2683	17.7636	6.50909	9.9727	5.43967	2.99797	5.43874	9.87897	11.217	15.0722	10.8143	7.74974	14.0922	9.06922	
10.3008	5.53847	4.38988	16.6782	0	3.30928	13.3127	0.561174	5.63752	13.1003	3.7192	4.93659	1.56728	5.13626	10.0595	11.369	2.51236	8.74545	7.87897	3.49112	8.84405	5.13317	11.2456	5.64895	2.17328	
2.29637	7.25719	2.32595	13.1684	3.30928	0	2.53072	2.7481	5.65057	13.4041	5.90613	2.52157	5.15248	10.4302	3.00629	4.12865	4.69929	4.95465	4.50115	1.41424	6.65359	5.97402	4.88148	2.4644	2.73208	
6.04355	4.72647	7.3414	7.86267	13.3127	2.53072	0	5.27882	3.37648	2.38521	4.89632	4.92827	12.425	4.71314	2.19888	3.06016	7.754	2.42394	1.97043	3.79093	5.213	6.9067	7.94934	4.99512	8.09167	
6.52377	9.6972	9.51278	4.94916	0.561174	2.7481	5.27882	0	5.07635	7.23802	3.15803	9.60919	2.12845	5.46231	6.25395	4.39289	1.95119	5.63042	13.8722	4.16234	9.40523	5.97026	8.16673	5.09601	2.73445	
7.19444	6.45159	6.66594	7.18722	5.63752	5.65057	3.37648	5.07635	0	2.16167	4.22087	3.907	7.48072	3.95325	1.1776	1.52192	3.96362	1.74848	2.57645	2.76966	4.04685	5.88542	5.45987	4.83761	9.06382	
4.48791	4.58973	5.34726	5.86854	13.1003	13.4041	2.38521	7.23802	2.16167	0	2.90219	5.33878	12.7975	3.15749	3.33928	1.50451	6.05665	0.429803	0.414782	5.637	3.65735	8.75277	7.62154	6.99928	8.19209	
7.91834	10.2476	7.38985	7.91113	3.7192	5.90613	4.89632	3.15803	4.22087	2.90219	0	8.17667	5.5624	3.27709	10.5204	4.37663	5.10921	2.47239	5.46636	8.20022	6.61901	6.2348	10.6532	8.25403	6.88238	
1.98947	6.12852	2.01905	17.2683	4.93659	2.52157	4.92827	9.60919	3.907	5.33878	8.17667	0	8.97247	7.66671	2.69939	3.80004	6.24174	9.39072	4.88977	1.10733	6.32497	5.66712	4.57457	9.47021	2.42518	
8.73353	12.1016	7.26385	17.7636	1.56728	5.15248	12.425	2.12845	7.48072	12.7975	5.5624	8.97247	0	5.89993	8.27371	13.4761	4.35556	9.50911	8.64264	7.86513	10.4113	3.56589	7.98434	7.21623	3.74055	
6.81583	6.91766	8.45662	6.50909	5.13626	10.4302	4.71314	5.46231	3.95325	3.15749	3.27709	7.66671	5.89993	0	5.13086	3.83244	3.51112	3.60918	2.74271	7.68635	5.98528	3.12657	7.54502	8.79086	7.30954	
2.47418	5.27398	2.50376	9.9727	10.0595	3.00629	2.19888	6.25395	1.1776	3.33928	10.5204	2.69939	8.27371	5.13086	0	2.69952	6.19842	2.92609	4.16931	1.59205	4.6632	4.70782	5.05929	6.01521	2.90989	
5.16285	5.26468	7.68582	5.43967	11.369	4.12865	3.06016	4.39289	1.52192	1.50451	4.37663	3.80004	13.4761	3.83244	2.69952	0	2.4417	3.2704	1.08973	4.90737	2.52493	10.258	6.98178	6.35952	6.56336	
5.57222	8.70199	11.464	2.99797	2.51236	4.69929	7.754	1.95119	3.96362	6.05665	5.10921	6.24174	4.35556	3.51112	6.19842	2.4417	0	6.48645	3.53143	6.45435	4.96663	6.63769	10.4807	7.04719	14.8609	
5.44595	7.15041	4.91746	5.43874	8.74545	4.95465	2.42394	5.63042	1.74848	0.429803	2.47239	9.39072	9.50911	3.60918	2.92609	3.2704	6.48645	0	0.844585	5.82917	7.70929	6.73576	7.20835	6.58609	7.13406	
4.07312	4.17495	8.40345	9.87897	7.87897	4.50115	1.97043	13.8722	2.57645	0.414782	5.46636	4.88977	8.64264	2.74271	4.16931	1.08973	3.53143	0.844585	0	4.95525	3.24257	5.86928	11.899	10.8805	7.54015	
0.882132	4.68304	0.911712	11.217	3.49112	1.41424	3.79093	4.16234	2.76966	5.637	8.20022	1.10733	7.86513	7.68635	1.59205	4.90737	6.45435	5.82917	4.95525	0	6.07259	4.55978	3.46724	3.87864	1.31784	
7.31569	7.41752	5.16088	15.0722	8.84405	6.65359	5.213	9.40523	4.04685	3.65735	6.61901	6.32497	10.4113	5.98528	4.6632	2.52493	4.96663	7.70929	3.24257	6.07259	0	9.37102	11.1043	14.493	7.37748	
5.44191	9.9818	5.33005	10.8143	5.13317	5.97402	6.9067	5.97026	5.88542	8.75277	6.2348	5.66712	3.56589	3.12657	4.70782	10.258	6.63769	6.73576	5.86928	4.55978	9.37102	0	4.41845	12.6365	5.87762	
4.34937	13.4538	4.37895	7.74974	11.2456	4.88148	7.94934	8.16673	5.45987	7.62154	10.6532	4.57457	7.98434	7.54502	5.05929	6.98178	10.4807	7.20835	11.899	3.46724	11.1043	4.41845	0	7.88303	4.78508	
6.24007	10.0721	8.92349	14.0922	5.64895	2.4644	4.99512	5.09601	4.83761	6.99928	8.25403	9.47021	7.21623	8.79086	6.01521	6.35952	7.04719	6.58609	10.8805	3.87864	14.493	12.6365	7.88303	0	6.70689	
2.19997	3.3652	2.2166	9.06922	2.17328	2.73208	8.09167	2.73445	9.06382	8.19209	6.88238	2.42518	3.74055	7.30954	2.90989	6.56336	14.8609	7.13406	7.54015	1.31784	7.37748	5.87762	4.78508	6.70689	0	

0	7.29594	6.29072	1.784	0.750999	4.54011	5.81252	7.58487	7.14456	5.03206	11.9529	5.47803	1.74075	7.2784	3.55611	4.5517	4.87733	9.95086	11.4436	7.00088	7.02759	3.31174	5.52421	4.47773	9.14861	
7.29594	0	12.0847	7.57794	6.54494	7.30619	10.0487	16.446	13.6082	9.92378	11.6704	7.99322	7.53468	13.0723	11.3997	14.7747	10.6713	9.62539	13.6228	12.7948	10.3304	8.71242	5.19874	7.68615	9.78189	
6.29072	12.0847	0	6.57273	5.53973	4.40394	11.6947	4.16387	13.5147	6.47204	10.4233	2.95523	6.52947	7.55584	8.38303	13.0007	9.66605	5.81733	14.2151	3.91751	12.1131	3.17557	6.68925	8.78782	2.55904	
1.784	7.57794	6.57273	0	1.033	5.68058	3.3366	10.0127	9.57242	7.45992	8.61544	7.9059	2.02275	7.5604	5.98397	6.97956	5.15933	12.1973	10.5678	7.28289	9.45545	4.45221	7.77061	4.75974	11.808	
0.750999	6.54494	5.53973	1.033	0	9.89464	4.3696	3.10791	4.95513	12.821	9.64844	3.83068	0.989748	6.5274	4.30711	9.16626	4.12633	7.74217	12.9795	6.24989	10.9767	4.06274	6.21414	3.72673	7.60835	
4.54011	7.30619	4.40394	5.68058	9.89464	0	2.87014	2.69423	7.51056	5.7676	9.86951	4.90192	4.81239	7.74929	4.29165	5.28724	7.59793	6.5341	8.91069	11.8424	7.23914	1.22837	2.10745	4.59486	4.29906	
5.81252	10.0487	11.6947	3.3366	4.3696	2.87014	0	5.56437	8.93338	5.24896	8.17734	7.6444	7.41584	11.8651	6.72491	8.57385	8.32558	5.90367	10.1297	13.6027	9.98162	4.09851	4.84992	7.33734	9.43307	
7.58487	16.446	4.16387	10.0127	3.10791	2.69423	5.56437	0	6.08354	5.50471	12.0754	2.00102	2.11816	6.60164	4.02876	5.02435	7.33504	7.46948	11.9162	2.9633	5.01678	3.92259	4.80167	5.73455	1.60483	
7.14456	13.6082	13.5147	9.57242	4.95513	7.51056	8.93338	6.08354	0	3.68441	3.35252	5.51038	3.96538	5.22249	3.58845	4.29312	1.68303	4.33913	1.40013	8.22898	7.05993	8.73893	9.46614	7.58177	9.41244	
5.03206	9.92378	6.47204	7.45992	12.821	5.7676	5.24896	5.50471	3.68441	0	5.26065	3.39788	7.64979	16.9758	1.47595	2.47154	4.78223	0.654712	5.08455	12.1788	4.94743	9.2954	5.08136	4.67014	7.29994	
11.9529	11.6704	10.4233	8.61544	9.64844	9.86951	8.17734	12.0754	3.35252	5.26065	0	11.5885	14.5055	9.74108	6.2668	5.2712	11.5598	4.60594	1.95239	7.1206	11.8474	8.64114	8.79403	8.62137	8.47907	
5.47803	7.99322	2.95523	7.9059	3.83068	4.90192	7.6444	2.00102	5.51038	3.39788	11.5885	0	2.84093	5.39299	1.92193	2.91752	5.22821	7.22113	9.80938	1.75465	5.39341	6.09921	2.79448	5.28189	0.396186	
1.74075	7.53468	6.52947	2.02275	0.989748	4.81239	7.41584	2.11816	3.96538	7.64979	14.5055	2.84093	0	5.56654	4.76286	8.25849	5.11608	7.63182	5.36551	7.23963	7.13494	8.94014	5.63541	3.61639	3.23712	
7.2784	13.0723	7.55584	7.5604	6.5274	7.74929	11.8651	6.60164	5.22249	16.9758	9.74108	5.39299	5.56654	0	6.84575	9.8281	3.53947	13.836	9.44933	2.62048	7.34728	6.52093	9.57995	9.18293	3.97895	
3.55611	11.3997	8.38303	5.98397	4.30711	4.29165	6.72491	4.02876	3.58845	1.47595	6.2668	1.92193	4.76286	6.84575	0	0.995591	3.30628	2.13066	4.98859	6.98154	3.47148	5.52001	4.7164	10.7519	2.31811	
4.5517	14.7747	13.0007	6.97956	9.16626	5.28724	8.57385	5.02435	4.29312	2.47154	5.2712	2.91752	8.25849	9.8281	0.995591	0	4.30187	5.50565	5.69325	11.6984	4.46707	12.5855	10.2221	12.4178	6.81958	
4.87733	10.6713	9.66605	5.15933	4.12633	7.59793	8.32558	7.33504	1.68303	4.78223	11.5598	5.22821	5.11608	3.53947	3.30628	4.30187	0	10.8024	3.08316	6.15995	6.77776	10.0604	13.1755	7.85306	8.53627	
9.95086	9.62539	5.81733	12.1973	7.74217	6.5341	5.90367	7.46948	4.33913	0.654712	4.60594	7.22113	7.63182	13.836	2.13066	5.50565	10.8024	0	6.55832	10.1977	9.55835	7.94033	4.42665	4.01543	8.37637	
11.4436	13.6228	14.2151	10.5678	12.9795	8.91069	10.1297	11.9162	1.40013	5.08455	1.95239	9.80938	5.36551	9.44933	4.98859	5.69325	3.08316	6.55832	0	6.82885	11.3589	10.5935	10.3766	9.52485	8.18731	
7.00088	12.7948	3.91751	7.28289	6.24989	11.8424	13.6027	2.9633	8.22898	12.1788	7.1206	1.75465	7.23963	2.62048	6.98154	11.6984	6.15995	10.1977	6.82885	0	4.7268	9.14141	5.94161	9.24658	1.35847	
7.02759	10.3304	12.1131	9.45545	10.9767	7.23914	9.98162	5.01678	7.05993	4.94743	11.8474	5.39341	7.13494	7.34728	3.47148	4.46707	6.77776	9.55835	11.3589	4.7268	0	8.64537	5.1317	7.61911	6.08526	
3.31174	8.71242	3.17557	4.45221	4.06274	1.22837	4.09851	3.92259	8.73893	9.2954	8.64114	6.09921	8.94014	6.52093	5.52001	12.5855	10.0604	7.94033	10.5935	9.14141	8.64537	0	3.33581	5.61225	5.73461	
5.52421	5.19874	6.68925	7.77061	6.21414	2.10745	4.84992	4.80167	9.46614	5.08136	8.79403	2.79448	5.63541	9.57995	4.7164	10.2221	13.1755	4.42665	10.3766	5.94161	5.1317	3.33581	0	2.48741	3.19066	
4.47773	7.68615	8.78782	4.75974	3.72673	4.59486	7.33734	5.73455	7.58177	4.67014	8.62137	5.28189	3.61639	9.18293	10.7519	12.4178	7.85306	4.01543	9.52485	9.24658	7.61911	5.61225	2.48741	0	7.07056	
9.14861	9.78189	2.55904	11.808	7.60835	4.29906	9.43307	1.60483	9.41244	7.29994	8.47907	0.396186	3.23712	3.97895	2.31811	6.81958	8.53627	8.37637	8.18731	1.35847	6.08526	5.73461	3.19066	7.07056	0	

0	6.4333	4.69843	15.8634	1.65256	9.1482	10.061	4.24162	6.38636	11.6033	10.4608	3.10117	7.74969	6.97756	6.28623	7.23541	9.32682	12.9708	5.90678	2.66444	4.38387	10.6166	8.50529	10.9337	4.93733	
6.4333	0	9.93329	8.60823	4.40255	6.0759	7.72171	1.8135	7.49078	15.4162	4.11263	9.6872	2.73609	5.58518	4.83492	5.17005	7.32345	10.0824	7.01119	3.76886	3.38418	2.17175	9.60971	10.013	8.80016	
4.69843	9.93329	0	8.63372	3.46215	5.11589	6.20359	6.05121	8.62866	4.66405	6.57412	4.60307	7.19719	6.60514	9.29602	5.01655	11.1799	8.47599	4.02272	7.26505	9.33282	9.02004	10.2819	10.3384	6.05423	
15.8634	8.60823	8.63372	0	11.9693	13.083	7.92934	7.30728	10.3544	5.25234	5.24629	14.1258	5.87214	7.15979	7.97097	5.60484	13.4862	9.06428	4.61101	7.85334	10.2337	17.7079	12.0076	10.9267	18.2303	
1.65256	4.40255	3.46215	11.9693	0	5.68743	8.93219	2.58906	8.8891	13.2558	5.72887	4.75373	4.0242	8.07167	8.19596	10.2543	7.71773	10.8849	7.48486	4.317	5.87067	9.17396	7.89888	8.99801	4.74909	
9.1482	6.0759	5.11589	13.083	5.68743	0	11.1907	4.84756	5.35139	7.93781	7.98737	2.7745	6.2827	9.17279	9.30974	6.90245	9.73741	6.57027	9.1386	5.96964	12.8358	3.90415	19.4325	5.18727	0.938342	
10.061	7.72171	6.20359	7.92934	8.93219	11.1907	0	6.34313	2.42508	7.09603	3.99133	7.15172	4.98562	3.27533	3.69201	2.27041	3.59645	5.87784	3.26425	6.147	5.47633	5.26872	4.07829	7.20016	6.83813	
4.24162	1.8135	6.05121	7.30728	2.58906	4.84756	6.34313	0	8.76821	13.2424	2.81168	9.68877	1.43514	5.05331	3.53397	8.61355	8.02652	11.1937	9.35138	5.58235	5.19767	3.98525	10.4214	8.19951	5.78591	
6.38636	7.49078	8.62866	10.3544	8.8891	5.35139	2.42508	8.76821	0	5.43207	6.41641	4.85701	3.36576	3.51572	1.26693	0.606461	1.17137	4.33851	1.6003	3.72192	5.44135	3.60476	6.50337	4.77508	4.41305	
11.6033	15.4162	4.66405	5.25234	13.2558	7.93781	7.09603	13.2424	5.43207	0	6.85291	14.3107	10.446	3.22376	5.92763	1.63517	4.53468	1.36755	0.641333	3.88367	13.0127	7.82392	13.0669	6.95705	15.2361	
10.4608	4.11263	6.57412	5.24629	5.72887	7.98737	3.99133	2.81168	6.41641	6.85291	0	5.7899	1.37654	1.91351	3.47537	4.82277	9.54818	4.51602	4.49593	6.70686	4.11451	8.26064	7.86103	11.3393	12.8862	
3.10117	9.6872	4.60307	14.1258	4.75373	2.7745	7.15172	9.68877	4.85701	14.3107	5.7899	0	8.25363	3.87639	6.12394	5.46347	6.02838	6.47891	6.45882	5.76561	6.07739	7.51545	9.82391	6.08509	1.83616	
7.74969	2.73609	7.19719	5.87214	4.0242	6.2827	4.98562	1.43514	3.36576	10.446	1.37654	8.25363	0	3.29005	2.09883	4.38444	9.46166	12.471	7.38512	5.72061	6.12027	4.90784	9.06391	9.63465	8.14925	
6.97756	5.58518	6.60514	7.15979	8.07167	9.17279	3.27533	5.05331	3.51572	3.22376	1.91351	3.87639	3.29005	0	5.19487	2.90926	5.44586	2.60252	2.58243	3.92043	2.201	5.90756	5.94752	8.89814	5.71255	
6.28623	4.83492	9.29602	7.97097	8.19596	9.30974	3.69201	3.53397	1.26693	5.92763	3.47537	6.12394	2.09883	5.19487	0	1.87339	2.43831	7.54545	3.27944	3.62178	5.34121	5.28391	9.46263	6.04201	5.67998	
7.23541	5.17005	5.01655	5.60484	10.2543	6.90245	2.27041	8.61355	0.606461	1.63517	4.82277	5.46347	4.38444	2.90926	1.87339	0	1.77783	5.25984	0.993835	4.23617	5.11026	2.9983	6.3487	5.38154	5.01951	
9.32682	7.32345	11.1799	13.4862	7.71773	9.73741	3.59645	8.02652	1.17137	4.53468	9.54818	6.02838	9.46166	5.44586	2.43831	1.77783	0	3.16714	3.53044	4.89329	8.38181	5.5349	9.63514	5.94645	5.58442	
12.9708	10.0824	8.47599	9.06428	10.8849	6.57027	5.87784	11.1937	4.33851	1.36755	4.51602	6.47891	12.471	2.60252	7.54545	5.25984	3.16714	0	2.00888	7.6956	4.80352	7.91067	8.55004	10.769	7.50861	
5.90678	7.01119	4.02272	4.61101	7.48486	9.1386	3.26425	9.35138	1.6003	0.641333	4.49593	6.45882	7.38512	2.58243	3.27944	0.993835	3.53044	2.00888	0	3.24233	4.78343	3.99214	8.52995	6.31571	8.27363	
2.66444	3.76886	7.26505	7.85334	4.317	5.96964	6.147	5.58235	3.72192	3.88367	6.70686	5.76561	5.72061	3.92043	3.62178	4.23617	4.89329	7.6956	3.24233	0	1.71943	5.94061	5.84085	8.26928	5.0313	
4.38387	3.38418	9.33282	10.2337	5.87067	12.8358	5.47633	5.19767	5.44135	13.0127	4.11451	6.07739	6.12027	2.201	5.34121	5.11026	8.38181	4.80352	4.78343	1.71943	0	5.55593	7.56027	9.98871	6.75072	
10.6166	2.17175	9.02004	17.7079	9.17396	3.90415	5.26872	3.98525	3.60476	7.82392	8.26064	7.51545	4.90784	5.90756	5.28391	2.9983	5.5349	7.91067	3.99214	5.94061	5.55593	0	12.2947	14.7844	4.84249	
8.50529	9.60971	10.2819	12.0076	7.89888	19.4325	4.07829	10.4214	6.50337	13.0669	7.86103	9.82391	9.06391	5.94752	9.46263	6.3487	9.63514	8.55004	8.52995	5.84085	7.56027	12.2947	0	14.1101	10.8721	
10.9337	10.013	10.3384	10.9267	8.99801	5.18727	7.20016	8.19951	4.77508	6.95705	11.3393	6.08509	9.63465	8.89814	6.04201	5.38154	5.94645	10.769	6.31571	8.26928	9.98871	14.7844	14.1101	0	4.24893	
4.93733	8.80016	6.05423	18.2303	4.74909	0.938342	6.83813	5.78591	4.41305	15.2361	12.8862	1.83616	8.14925	5.71255	5.67998	5.01951	5.58442	7.50861	8.27363	5.0313	6.75072	4.84249	10.8721	4.24893	0	

0	5.74947	4.13611	6.5062	2.31942	5.2243	7.0642	2.45028	4.18218	5.68399	6.70978	4.60371	2.69066	10.6414	6.11968	6.95041	6.83451	7.85823	6.4431	3.68709	7.82743	4.57945	8.98512	6.05422	2.56684	
5.74947	0	17.2738	7.35511	7.35898	8.9021	8.95217	3.29919	10.7506	9.07383	6.23421	10.049	5.76225	19.7639	11.6023	10.8681	10.616	10.8303	8.48967	6.84298	6.37369	6.03565	5.03315	14.9103	8.18405	
4.13611	17.2738	0	6.07605	6.45554	9.61225	4.54576	6.58639	8.3183	9.56354	7.15197	8.9808	4.69206	5.8262	11.2688	8.54403	9.70374	8.90499	9.80438	7.31436	12.8196	8.71556	8.46479	2.59981	6.70295	
6.5062	7.35511	6.07605	0	8.11571	3.87802	6.01807	4.05592	6.96516	7.09634	3.41187	15.2575	6.51898	15.8732	7.05085	14.6201	10.1137	6.03843	10.3485	7.59971	6.51701	6.79238	3.05566	8.67586	6.53549	
2.31942	7.35898	6.45554	8.11571	0	6.97308	4.63733	2.83429	6.50161	5.50754	7.35098	2.70224	0.371232	6.02521	3.80025	9.95788	7.65979	5.5388	6.29875	6.00652	6.1887	4.28935	8.6638	2.46348	4.88626	
5.2243	8.9021	9.61225	3.87802	6.97308	0	6.51963	7.54232	3.08713	4.58894	5.07002	4.69434	7.52268	15.3163	3.17283	5.85536	5.73946	2.1604	4.501	5.08576	8.40148	10.6479	3.86895	9.4599	2.65747	
7.0642	8.95217	4.54576	6.01807	4.63733	6.51963	0	6.72916	5.13086	6.42192	2.6062	6.5971	4.2661	1.28044	8.54503	4.3787	5.15797	4.35922	6.6639	3.89403	5.71134	6.46399	3.80727	6.35835	6.32232	
2.45028	3.29919	6.58639	4.05592	2.83429	7.54232	6.72916	0	6.63246	7.59937	7.45379	4.79407	2.46306	8.8829	7.86004	14.633	9.57239	7.82534	8.39058	3.54379	5.98444	2.73646	7.11157	4.55531	4.88486	
4.18218	10.7506	8.3183	6.96516	6.50161	3.08713	5.13086	6.63246	0	1.5018	7.73706	5.74937	6.63812	5.86649	6.25996	2.52131	2.65233	3.93355	2.26091	7.08796	6.41937	8.76163	5.54249	9.46549	5.7446	
5.68399	9.07383	9.56354	7.09634	5.50754	4.58894	6.42192	7.59937	1.5018	0	5.24175	4.24756	5.13631	4.11777	7.17713	1.01951	4.15413	2.43175	1.37337	8.58976	4.91756	8.16554	4.04069	7.22856	6.28444	
6.70978	6.23421	7.15197	3.41187	7.35098	5.07002	2.6062	7.45379	7.73706	5.24175	0	6.17982	6.8723	3.88664	8.33379	15.3367	7.76418	6.96543	8.49387	6.50023	3.10514	6.35312	1.20107	10.9454	4.14295	
4.60371	10.049	8.9808	15.2575	2.70224	4.69434	6.5971	4.79407	5.74937	4.24756	6.17982	0	2.331	18.5193	6.35093	5.26707	9.00414	6.67931	5.62093	4.46517	3.67533	6.24912	8.28825	4.42326	2.03687	
2.69066	5.76225	4.69206	6.51898	0.371232	7.52268	4.2661	2.46306	6.63812	5.13631	6.8723	2.331	0	5.54654	4.17149	6.15582	7.28856	5.36228	5.92752	5.73282	5.81747	3.91812	8.18512	2.09225	4.36788	
10.6414	19.7639	5.8262	15.8732	6.02521	15.3163	1.28044	8.8829	5.86649	4.11777	3.88664	18.5193	5.54654	0	9.25588	3.09826	6.43841	5.63966	5.47665	5.17446	9.39442	6.14644	5.19947	12.3467	11.6908	
6.11968	11.6023	11.2688	7.05085	3.80025	3.17283	8.54503	7.86004	6.25996	7.17713	8.33379	6.35093	4.17149	9.25588	0	6.15762	10.1048	5.33323	8.53601	6.74235	5.22865	8.47663	7.04178	11.1165	4.31405	
6.95041	10.8681	8.54403	14.6201	9.95788	5.85536	4.3787	14.633	2.52131	1.01951	15.3367	5.26707	6.15582	3.09826	6.15762	0	4.52792	3.45125	2.37839	9.85618	5.93707	9.2447	5.06019	9.58296	10.4717	
6.83451	10.616	9.70374	10.1137	7.65979	5.73946	5.15797	9.57239	2.65233	4.15413	7.76418	9.00414	7.28856	6.43841	10.1048	4.52792	0	4.14388	3.69614	9.052	9.67413	6.83593	8.79726	9.38081	10.3448	
7.85823	10.8303	8.90499	6.03843	5.5388	2.1604	4.35922	7.82534	3.93355	2.43175	6.96543	6.67931	5.36228	5.63966	5.33323	3.45125	4.14388	0	2.3406	8.25325	7.34931	9.2804	6.02935	7.45453	4.81787	
6.4431	8.48967	9.80438	10.3485	6.29875	4.501	6.6639	8.39058	2.26091	1.37337	8.49387	5.62093	5.92752	5.47665	8.53601	2.37839	3.69614	2.3406	0	9.34887	6.29093	9.84564	5.41405	7.20457	10.436	
3.68709	6.84298	7.31436	7.59971	6.00652	5.08576	3.89403	3.54379	7.08796	8.58976	6.50023	4.46517	5.73282	5.17446	6.74235	9.85618	9.052	8.25325	9.34887	0	11.5503	6.28025	7.81305	7.82507	2.42829	
7.82743	6.37369	12.8196	6.51701	6.1887	8.40148	5.71134	5.98444	6.41937	4.91756	3.10514	3.67533	5.81747	9.39442	5.22865	5.93707	9.67413	7.34931	6.29093	11.5503	0	3.24798	4.3062	7.90972	5.7122	
4.57945	6.03565	8.71556	6.79238	4.28935	10.6479	6.46399	2.73646	8.76163	8.16554	6.35312	6.24912	3.91812	6.14644	8.47663	9.2447	6.83593	9.2804	9.84564	6.28025	3.24798	0	10.383	6.01037	7.14629	
8.98512	5.03315	8.46479	3.05566	8.6638	3.86895	3.80727	7.11157	5.54249	4.04069	1.20107	8.28825	8.18512	5.19947	7.04178	5.06019	8.79726	6.02935	5.41405	7.81305	4.3062	10.383	0	11.4783	5.34401	
6.05422	14.9103	2.59981	8.67586	2.46348	9.4599	6.35835	4.55531	9.46549	7.22856	10.9454	4.42326	2.09225	12.3467	11.1165	9.58296	9.38081	7.45453	7.20457	7.82507	7.90972	6.01037	11.4783	0	6.80243	
2.56684	8.18405	6.70295	6.53549	4.88626	2.65747	6.32232	4.88486	5.7446	6.28444	4.14295	2.03687	4.36788	11.6908	4.31405	10.4717	10.3448	4.81787	10.436	2.42829	5.7122	7.14629	5.34401	6.80243	0	

0	8.51203	0.57468	7.55424	4.06151	3.73652	5.89716	2.96511	6.51344	6.2051	6.6146	2.45579	3.70841	7.91394	7.30982	8.12013	5.29793	7.99249	6.82468	5.13222	6.35434	2.64611	5.03114	5.18355	0.787247	
8.51203	0	8.6511	4.11667	2.12309	5.76777	9.54009	3.28053	8.0244	8.68023	12.0705	10.2176	2.53723	8.92048	10.5278	9.23079	10.1747	13.6788	10.4694	7.60735	6.55072	3.5385	7.31902	4.36509	13.823	
0.57468	8.6511	0	9.17921	4.75859	6.88876	6.30039	3.53979	6.91667	4.72435	6.03992	1.88111	6.54948	8.15749	8.783	7.93631	5.87261	8.56718	6.25	4.49137	9.94975	3.22079	5.72822	11.6705	1.36193	
7.55424	4.11667	9.17921	0	3.31534	4.80998	6.32873	2.32274	6.37202	7.16986	3.13929	10.0131	1.57944	4.67759	8.98401	7.68016	8.65197	10.6518	9.36647	8.24274	5.59293	8.96402	5.57048	7.32217	12.8676	
4.06151	2.12309	4.75859	3.31534	0	4.96098	8.95611	2.47919	8.32092	12.5847	10.0767	5.21125	1.73589	8.11915	9.72644	11.6368	5.73106	11.3398	7.82734	9.08932	5.74938	1.4154	3.80044	6.02989	8.68238	
3.73652	5.76777	6.88876	4.80998	4.96098	0	11.0863	3.97384	5.71467	5.64953	9.48715	4.67536	3.23054	8.70816	8.37585	6.92106	7.13164	9.13145	9.93781	6.72241	5.57732	3.54557	5.00929	2.05536	2.94927	
5.89716	9.54009	6.30039	6.32873	8.95611	11.0863	0	8.12868	0.616281	2.09299	3.5781	7.57481	7.90817	2.01678	5.17004	1.16713	1.8672	5.37123	2.16192	8.4786	9.67499	3.53194	1.14691	4.10084	6.68441	
2.96511	3.28053	3.53979	2.32274	2.47919	3.97384	8.12868	0	5.87775	6.35074	7.29906	5.67051	0.743298	7.12655	8.01125	7.08414	6.19033	8.85468	8.2866	5.27786	3.38923	1.87467	4.2597	2.21844	3.75236	
6.51344	8.0244	6.91667	6.37202	8.32092	5.71467	0.616281	5.87775	0	1.47671	4.35455	4.31995	8.07768	1.69443	1.85471	0.55085	1.25092	3.61529	1.54564	2.54959	10.2204	4.30839	1.76319	3.65931	13.1173	
6.2051	8.68023	4.72435	7.16986	12.5847	5.64953	2.09299	6.35074	1.47671	0	4.89052	2.84324	8.7493	3.05863	2.72632	2.02756	1.48211	3.48192	3.02235	1.07288	7.34834	5.79777	3.40006	5.13602	4.56932	
6.6146	12.0705	6.03992	3.13929	10.0767	9.48715	3.5781	7.29906	4.35455	4.89052	0	7.73376	4.71873	3.86797	7.61684	10.3733	6.37264	8.37244	9.1788	5.9634	3.90983	4.81623	2.43119	5.38512	12.1889	
2.45579	10.2176	1.88111	10.0131	5.21125	4.67536	7.57481	5.67051	4.31995	2.84324	7.73376	0	12.4373	5.90187	5.56956	15.0311	4.32535	6.32516	7.13152	2.61027	10.6099	3.79584	6.18087	11.184	1.72608	
3.70841	2.53723	6.54948	1.57944	1.73589	3.23054	7.90817	0.743298	8.07768	8.7493	4.71873	12.4373	0	6.25703	7.99055	9.2596	7.44352	9.47894	15.0534	6.02116	4.01349	2.61797	7.82003	2.96173	6.17982	
7.91394	8.92048	8.15749	4.67759	8.11915	8.70816	2.01678	7.12655	1.69443	3.05863	3.86797	5.90187	6.25703	0	5.78495	2.24528	2.94534	6.44938	3.24006	4.13151	10.3967	3.82181	1.43678	4.39071	12.1142	
7.30982	10.5278	8.783	8.98401	9.72644	8.37585	5.17004	8.01125	1.85471	2.72632	7.61684	5.56956	7.99055	5.78495	0	1.30386	4.20843	4.3683	2.99016	3.30856	4.62202	9.28023	6.31695	6.16956	6.52257	
8.12013	9.23079	7.93631	7.68016	11.6368	6.92106	1.16713	7.08414	0.55085	2.02756	10.3733	15.0311	9.2596	2.24528	1.30386	0	1.80177	3.06444	1.68631	4.61242	5.92588	7.45637	2.4742	4.21016	7.82643	
5.29793	10.1747	5.87261	8.65197	5.73106	7.13164	1.8672	6.19033	1.25092	1.48211	6.37264	4.32535	7.44352	2.94534	4.20843	1.80177	0	4.96404	2.74255	2.555	10.0894	4.31565	3.17427	4.91023	6.08518	
7.99249	13.6788	8.56718	10.6518	11.3398	9.13145	5.37123	8.85468	3.61529	3.48192	8.37244	6.32516	9.47894	6.44938	4.3683	3.06444	4.96404	0	4.75075	4.5548	5.46546	9.92438	6.6783	7.93015	8.77974	
6.82468	10.4694	6.25	9.36647	7.82734	9.93781	2.16192	8.2866	1.54564	3.02235	9.1788	7.13152	15.0534	3.24006	2.99016	1.68631	2.74255	4.75075	0	5.36116	12.6696	6.41193	3.46899	5.20495	12.399	
5.13222	7.60735	4.49137	8.24274	9.08932	6.72241	8.4786	5.27786	2.54959	1.07288	5.9634	2.61027	6.02116	4.13151	3.30856	4.61242	2.555	4.5548	5.36116	0	7.93059	6.40611	11.406	7.4963	4.33635	
6.35434	6.55072	9.94975	5.59293	5.74938	5.57732	9.67499	3.38923	10.2204	7.34834	3.90983	10.6099	4.01349	10.3967	4.62202	5.92588	10.0894	5.46546	12.6696	7.93059	0	5.2639	6.34103	5.60766	8.52659	
2.64611	3.5385	3.22079	8.96402	1.4154	3.54557	3.53194	1.87467	4.30839	5.79777	4.81623	3.79584	2.61797	3.82181	9.28023	7.45637	4.31565	9.92438	6.41193	6.40611	5.2639	0	2.38503	4.09311	3.43335	
5.03114	7.31902	5.72822	5.57048	3.80044	5.00929	1.14691	4.2597	1.76319	3.40006	2.43119	6.18087	7.82003	1.43678	6.31695	2.4742	3.17427	6.6783	3.46899	11.406	6.34103	2.38503	0	2.95393	9.65201	
5.18355	4.36509	11.6705	7.32217	6.02989	2.05536	4.10084	2.21844	3.65931	5.13602	5.38512	11.184	2.96173	4.39071	6.16956	4.21016	4.91023	7.93015	5.20495	7.4963	5.60766	4.09311	2.95393	0	5.00463	
0.787247	13.823	1.36193	12.8676	8.68238	2.94927	6.68441	3.75236	13.1173	4.56932	12.1889	1.72608	6.17982	12.1142	6.52257	7.82643	6.08518	8.77974	12.399	4.33635	8.52659	3.43335	9.65201	5.00463	0	

0	7.06514	2.35829	4.27245	3.44641	6.17786	8.27188	3.44694	2.1233	2.63067	6.10357	2.20381	5.29422	8.26334	1.6518	2.67836	5.1574	1.92346	1.09498	6.52618	3.63254	4.99546	1.88047	6.10242	1.39274	
7.06514	0	5.26131	8.5521	6.74376	7.65902	10.4071	6.14572	11.1041	11.1109	12.6161	5.72709	3.12634	12.8218	11.8005	7.24203	12.5437	10.9923	12.1446	9.60313	4.92643	5.29121	6.40887	1.51719	5.67239	
2.35829	5.26131	0	8.99559	1.08812	5.00496	5.84328	1.08865	2.48172	3.10194	6.30408	5.10517	5.35326	4.72746	4.0101	2.37951	2.7991	6.49283	3.45327	6.83136	6.7867	2.63716	4.23876	3.74412	3.75104	
4.27245	8.5521	8.99559	0	14.0486	11.4925	2.10822	11.5864	7.19559	7.08934	6.71791	3.69078	6.78118	4.50884	10.5102	5.57199	8.52212	8.19964	8.62504	10.0282	5.1195	7.22407	8.49963	12.4471	2.87971	
3.44641	6.74376	1.08812	14.0486	0	4.68133	10.419	2.17676	7.05739	7.67761	17.2549	6.23238	7.67083	9.7404	5.29919	3.46763	3.88722	7.58095	4.74237	10.6938	11.9732	3.72528	5.52786	4.83224	5.04014	
