100
10
3
26
40

2	10
18	44
49	8
24	29
18	24
14	12
4	39
32	30
7	29
40	48

12	38
32	17
29	12
25	20
2	30
31	46
5	13
13	36
38	6
29	11
38	47
9	47
11	18
17	31
19	6
12	7
5	14
40	36
9	45
24	43
48	45
50	13
8	43
42	23
43	14
43	6
49	4
35	41
31	42
19	24
26	29
43	47
37	36
30	3
8	34
18	40
40	10
4	27
24	26
41	17
36	22
6	6
39	40
18	29
20	3
27	3
8	26
13	37
9	6
3	28
5	50
5	28
40	5
16	28
46	41
36	46
50	47
29	41
31	2
30	11
44	17
1	3
25	26
49	11
34	6
30	12
15	17
30	40
16	35
31	42
4	17
3	50
25	33
43	30
30	38
37	49
26	30
21	47
22	8
22	17
29	43
3	42
33	8
31	20
44	32
14	39
6	35
9	34
7	1
49	32
22	1
50	21
45	11
36	45
25	4
50	18
21	50
32	49
38	1
43	28

70

1.79769e+308
1.79769e+308
1.79769e+308
1.79769e+308
1.79769e+308
1.79769e+308
1.79769e+308
1.79769e+308
1.79769e+308
1.79769e+308

14
19
16
18
16
14
18
12
14
20
19
20
19
18
19
18
20
20
19
15
19
18
12
19
20
19
11
16
20
17
15
19
19
11
20
12
14
19
12
20
12
20
15
16
13
15
18
19
12
19
18
20
13
17
17
11
16
16
17
16
18
16
18
19
18
17
16
13
16
15
11
15
13
16
18
15
11
14
12
16
17
17
12
14
14
15
19
16
19
12
16
11
11
14
17
15
17
20
15
12

0
0
0
0
0
0
0
0
0
0

0

0	4.9373	9.17662	5.46636	3.32921	5.08273	3.3329	10.4739	3.41048	8.19084	2.74804	6.08183	3.77157	7.27615	2.65858	7.7874	1.14688	2.25499	2.97972	4.99056	10.7778	4.22432	2.1959	3.43796	5.93	4.78124	1.50443	9.43498	7.19434	5.81629	6.00871	8.45531	5.94099	7.26543	7.472	10.7258	4.75172	6.03732	6.49109	7.78839	2.72223	6.93948	7.84573	5.61812	4.83173	3.14909	8.14916	2.67	6.03644	6.65171	6.59192	2.36036	5.32357	6.10408	6.69805	4.40838	2.90025	3.88176	2.429	2.85148	6.10713	1.86933	5.5305	3.6409	9.61918	5.13466	7.50916	8.6574	3.40375	4.82832	6.54858	1.23809	4.3014	7.42615	4.39227	4.22186	4.66789	4.40552	3.0591	7.61142	3.67557	5.26613	4.69409	6.33594	5.3006	6.39088	4.45359	4.51305	2.79221	4.60607	6.94316	5.88127	3.09151	5.75563	6.26963	1.33303	4.05934	3.99999	2.45239	3.94616	8.23942	9.82426	7.23536	7.66112	4.70223	8.87102	4.45644	4.44321	4.65305	6.81118	
4.9373	0	7.52388	2.82457	3.40927	1.48901	2.2779	3.89904	4.5064	4.23566	1.03534	4.79156	6.77948	5.49555	3.85721	3.86191	2.78158	3.36188	7.28597	5.82147	4.07861	4.21512	3.44243	0.490504	4.10241	2.74148	4.32319	1.4573	5.92012	1.31554	4.90411	7.99165	4.10976	3.26583	3.81589	5.29443	7.57501	4.09176	1.96886	3.55501	2.69969	3.06552	2.22246	4.37438	3.69362	2.3881	5.96857	3.80616	4.54548	3.077	3.87175	4.38311	2.82134	1.41611	5.32786	7.64298	5.5983	4.17505	7.13888	3.40535	1.77388	3.06797	3.43013	3.49184	3.72752	3.02584	7.60816	4.03375	5.22585	4.84393	5.62038	4.12954	4.80269	6.94563	5.58322	6.89566	4.90645	1.85342	2.07927	2.05062	4.39611	5.21863	3.75863	1.74192	1.66861	4.64977	2.28989	0.700721	4.20584	6.7059	1.832	4.14155	5.67576	2.59898	2.18302	2.45034	1.94583	3.17164	5.59561	3.30113	3.21104	5.26704	2.20089	3.35905	5.13056	5.28762	0.868202	3.79452	9.30401	2.95496	
9.17662	7.52388	0	8.39912	3.65906	6.3478	5.89261	2.29276	6.20591	8.0353	4.6299	4.03504	4.98306	3.88859	5.08776	3.051	5.72023	2.30335	5.65704	5.1301	7.98859	7.63879	8.8096	2.94604	7.27284	9.28434	3.98737	6.5366	9.03372	4.81145	3.47125	1.18521	6.61388	4.38442	2.00112	2.83016	2.04805	2.6504	6.27506	2.57198	6.25721	4.23076	4.37514	4.38005	7.33834	8.25775	5.55576	6.19409	6.94625	2.86436	5.12107	6.53635	4.96398	6.27041	5.5587	5.10776	4.84201	2.86354	6.32645	6.41689	6.68619	7.12419	5.6012	4.7832	3.06853	8.21933	4.8137	4.59784	3.00049	4.60785	3.02327	9.9873	4.62512	0.540766	2.43456	4.74976	1.02563	5.7634	3.65111	5.42913	3.11733	7.5387	4.00164	4.19944	7.47748	4.36746	5.2581	10.3325	4.00755	3.79088	5.1917	4.45149	4.84556	6.23732	6.3629	3.22532	5.4993	7.24505	9.02703	5.64611	4.6352	3.98415	1.23566	7.14193	6.32131	1.68813	6.86017	6.06343	4.01718	2.83676	
5.46636	2.82457	8.39912	0	1.19049	2.83396	3.1443	1.76492	1.90012	3.09169	3.77458	4.89167	4.17794	2.79913	4.4824	4.10519	4.92614	5.22372	3.69694	3.44213	4.76864	4.50165	3.17796	3.65738	2.97842	4.27536	3.35948	2.59325	6.37679	5.73931	4.0216	3.60047	4.19072	3.54798	1.93162	3.15256	3.29633	3.09549	3.25645	2.27757	0.944489	2.02387	1.82808	1.72091	1.08734	1.64453	2.82103	2.03814	0.918042	6.39644	2.531	2.6279	4.23818	1.66843	2.67439	4.98952	1.66661	3.95068	3.93634	5.75057	4.51313	4.1795	3.49299	1.4564	4.02499	3.39433	5.18027	2.79001	2.57239	5.10708	5.29619	6.86879	0.719263	4.99999	2.98915	2.97365	2.91458	1.62888	2.55843	2.5155	4.45324	3.172	1.53912	1.83025	2.53034	2.64649	0.534682	4.15294	2.30509	1.81764	3.00787	3.65289	3.78065	4.27509	4.09987	3.18668	1.29106	0.860986	3.29419	3.36337	4.09247	3.99432	2.87188	3.62463	2.47709	3.58643	4.71996	4.21413	6.97449	1.27079	
3.32921	3.40927	3.65906	1.19049	0	1.64347	3.30206	1.49163	5.08854	3.60336	2.99136	3.37092	3.1489	3.09268	3.60285	4.74332	3.73565	2.91815	4.20861	2.69135	5.41103	4.81024	3.68963	2.64197	3.38496	3.68978	4.00641	4.01671	4.232	3.32655	1.8242	5.81402	3.26301	5.83661	5.48838	3.66423	5.77093	4.24244	4.39712	1.08708	4.50515	0.966535	3.01858	2.89515	3.94905	3.81225	4.59376	3.33316	1.03447	4.44577	1.87107	4.67331	3.489	1.98952	3.1053	4.43147	2.71915	2.76019	5.64599	5.20137	3.7299	4.77262	2.94392	1.96807	1.74298	3.85161	2.89826	3.11294	5.45687	3.12294	6.58426	5.48811	1.23325	5.83931	6.56428	2.31372	2.25464	2.17863	3.64381	3.02717	3.26275	2.51206	1.45128	5.13569	1.8704	4.79091	1.72517	5.1762	2.81676	2.30598	5.78181	4.16457	6.04811	5.77806	4.12008	1.99618	3.51503	2.05148	7.96867	2.17287	2.90197	4.14889	4.62915	5.97998	3.2646	2.84418	3.99227	3.15052	6.14569	2.46128	
5.08273	1.48901	6.3478	2.83396	1.64347	0	5.93945	5.09816	5.67305	4.74366	4.59204	3.05915	4.13379	3.54881	4.86349	5.52604	3.23396	5.6767	6.51513	4.33482	7.36224	8.50425	2.18495	0.998504	1.74149	3.24948	4.22012	3.67663	4.91514	4.52836	8.53411	5.0691	4.90648	5.16664	5.84473	6.27649	5.82318	3.35854	2.47686	2.73055	5.89969	2.61	4.44179	2.62255	5.37388	3.00813	2.8443	3.78817	2.67794	5.9957	3.70775	5.10644	5.04067	1.92411	3.57603	4.01602	4.15716	4.40366	5.03555	6.82627	4.514	7.72136	4.39463	3.61154	6.63635	6.61765	5.83456	4.86812	3.47403	4.4291	4.94079	3.84464	4.00065	2.58767	3.89078	5.14383	2.1028	5.62665	2.89047	5.77016	4.90622	5.80983	3.9398	4.38669	2.17661	8.63301	5.73882	7.96967	4.44877	2.54294	5.08597	4.4558	5.95348	4.81831	5.21923	3.63965	3.97033	5.80879	4.37727	3.81634	4.05786	5.90167	2.70889	6.3995	2.53875	6.10439	7.49483	4.60892	4.56809	3.5337	
3.3329	2.2779	5.89261	3.1443	3.30206	5.93945	0	2.72474	3.32245	7.31094	3.31323	5.74904	6.0514	4.3258	3.22962	5.97644	5.40644	3.58926	9.22356	5.75706	6.52411	3.38777	4.13451	2.7684	5.25574	5.4536	2.24852	3.73519	7.15853	3.59344	5.32748	5.11851	5.74811	7.79114	6.90945	7.26781	9.96456	3.41489	5.03682	3.4652	7.71876	6.62793	5.96287	5.27327	2.21891	3.06686	5.95827	1.52826	2.26759	6.96961	3.10418	6.1829	6.24989	4.17691	6.27638	5.26509	5.87913	4.14944	3.28571	1.75107	4.11993	2.45837	4.17704	4.06015	7.71026	6.75835	7.68483	4.89308	4.60759	5.50106	4.75751	2.09481	2.46637	5.74833	10.8157	3.54683	3.21362	4.13132	4.35716	4.61393	3.74853	3.74518	6.03653	4.01982	3.10351	4.06882	4.56778	2.97862	4.6221	3.55993	5.43331	1.86365	5.20298	4.82878	5.93414	2.86523	2.71339	2.28332	3.3091	5.70826	5.52842	3.79663	9.6515	4.60473	4.92056	5.22952	3.1461	4.86724	7.39218	7.86317	
10.4739	3.89904	2.29276	1.76492	1.49163	5.09816	2.72474	0	4.11983	1.63589	4.85474	4.84067	4.72691	2.51537	5.25729	3.42297	5.34671	5.90568	6.78137	5.14074	2.49318	4.82804	6.26239	3.06257	3.30481	4.60175	3.67175	4.3376	2.27018	3.34957	1.25814	2.39644	5.85977	5.59565	3.28206	4.11109	3.62273	3.42188	3.91925	4.29528	2.01896	2.11581	5.10276	3.31559	5.27558	6.2393	3.62505	2.36453	0.457157	1.86503	1.29375	3.70238	3.24505	1.99482	3.91524	3.85416	1.993	6.15159	4.1627	6.84693	5.59329	6.69929	2.36661	3.85594	4.34946	3.72073	6.31669	2.83066	4.28143	4.39071	6.00468	5.94696	0.655937	1.75199	3.71549	1.7364	1.67733	2.70335	3.63291	5.59993	4.32855	1.93475	3.88473	2.90472	1.29309	4.79984	1.60915	5.38014	4.22602	1.7495	3.84565	6.29801	5.56746	3.5043	6.11371	5.99834	5.83455	4.41876	8.67147	5.88622	4.07852	6.46261	2.5166	4.47982	2.55941	2.89936	4.75692	4.54053	5.95184	3.762	
3.41048	4.5064	6.20591	1.90012	5.08854	5.67305	3.32245	4.11983	0	4.47285	5.48215	5.3128	3.19832	1.23978	0.533393	4.19133	3.40984	3.36831	5.53621	2.50592	6.21528	4.66112	4.5819	4.67454	3.0471	5.35001	3.55219	5.8176	2.82781	6.25187	3.83984	5.56013	3.82161	4.68265	2.12412	5.2864	6.52549	2.57622	4.54584	3.04917	2.39404	5.20218	3.18771	3.79925	1.26549	1.82268	1.98478	2.23475	2.55721	4.83461	1.68913	3.13946	4.99539	2.38609	4.31575	2.66913	1.65647	3.55357	5.63107	1.10059	4.77792	1.32264	6.77194	2.58251	5.6027	6.44602	8.58993	3.98907	4.66455	1.43431	4.96462	6.42554	2.60381	4.5876	6.16216	1.27797	3.71083	3.99008	5.62396	4.18728	3.93969	4.57113	3.49614	6.83545	5.00832	2.82464	5.08428	6.86848	3.44762	2.636	3.86531	4.30912	2.53707	5.64356	9.36139	3.7061	1.46921	1.03914	6.36343	8.81446	6.43353	4.51003	4.79206	4.09488	4.21271	8.17846	4.8291	6.4986	3.79474	5.71534	
8.19084	4.23566	8.0353	3.09169	3.60336	4.74366	7.31094	1.63589	4.47285	0	10.4027	5.84718	4.8325	2.97802	4.8811	2.54256	4.56975	5.35504	3.87582	7.03311	1.61278	5.4713	3.35685	3.74515	7.26812	5.55219	4.51935	5.23522	1.38978	7.48831	0.377741	5.83584	5.61186	8.23212	5.1556	3.33145	7.92305	4.98946	5.06736	3.84651	3.91133	1.23541	6.68021	6.73206	3.61626	4.63084	3.86567	6.04991	3.43763	0.98463	6.80927	5.59474	2.41721	3.54601	5.77858	8.00826	2.81638	5.40732	4.59332	6.27271	7.10173	5.64899	7.65153	1.63528	2.18995	3.31976	7.37439	4.01044	7.87362	3.85657	5.12427	5.78422	3.76373	5.2055	6.79486	7.21494	4.06673	3.42843	4.69151	2.69438	5.09961	9.29092	4.65606	4.79709	4.92326	1.2768	3.50152	7.57261	2.48397	6.44435	3.02129	3.83178	8.04921	6.27899	5.63922	5.45238	6.57531	3.0623	5.64503	3.89483	5.98191	7.15772	5.45553	2.62981	2.93182	7.28584	7.21001	4.07275	7.71855	6.28034	
2.74804	1.03534	4.6299	3.77458	2.99136	4.59204	3.31323	4.85474	5.48215	10.4027	0	4.12307	4.00932	4.01583	2.93721	5.7482	3.45611	2.32655	7.42372	5.6827	5.87356	3.59884	2.4071	1.52584	4.62603	2.07222	4.25382	2.49263	2.68867	2.35088	6.11289	7.99517	5.85337	6.83305	6.8312	5.71045	7.53595	4.61511	6.81776	2.66226	5.87105	3.95789	3.69078	4.47033	5.12815	2.39162	3.91619	2.59282	4.02583	6.64341	3.27205	4.09214	4.73297	2.56678	2.37903	4.06692	3.29641	2.88673	3.24697	2.37001	0.738548	3.35216	3.50603	4.12866	6.4677	5.56024	6.88189	4.68812	3.01521	4.69812	6.93083	3.09421	3.51595	6.60673	5.83802	7.15284	3.56684	2.88875	1.47957	5.4221	2.49926	1.58315	4.77607	2.77726	4.09111	5.6851	3.32522	1.73606	3.60614	3.55891	6.90689	4.45906	5.67928	2.7867	6.35161	1.41501	4.14132	3.17517	4.3085	5.16423	2.17571	5.72407	7.30494	4.39439	3.69482	3.42144	1.90354	4.52519	5.80742	5.04537	
6.08183	4.79156	4.03504	4.89167	3.37092	3.05915	5.74904	4.84067	5.3128	5.84718	4.12307	0	1.54882	2.43878	1.99988	4.95815	4.1735	5.27033	2.32429	2.00637	5.00902	5.55713	2.11609	6.68284	4.28902	3.48625	5.0799	2.47806	3.76868	3.47601	5.40621	2.66279	5.86191	2.88061	3.20773	3.89914	4.71663	6.90191	2.82978	2.26145	3.11998	4.56333	2.29316	4.09191	6.19288	4.60376	2.46586	2.64171	1.68074	3.66751	0.844141	5.57457	3.36674	5.52207	5.07501	2.74642	3.01071	5.84896	7.269	3.42546	7.97866	3.97288	3.14921	3.38779	4.5599	7.10569	2.80221	3.58928	3.71833	1.84413	1.01178	5.86499	2.14093	1.44121	3.28154	2.7941	0.956345	3.9748	2.63662	4.6237	3.68286	6.6851	4.07234	6.06249	3.43386	7.44251	3.52979	8.4834	2.85641	1.04255	5.90402	5.87569	2.21249	1.33637	5.46954	5.56436	4.49352	5.13216	3.23081	3.49109	4.34706	1.97266	5.82239	4.60151	4.8354	2.17538	6.07792	1.80037	4.61991	3.61465	
3.77157	6.77948	4.98306	4.17794	3.1489	4.13379	6.0514	4.72691	3.19832	4.8325	4.00932	1.54882	0	1.80597	5.56093	3.43624	2.62468	5.15658	3.52152	0.457549	6.83226	5.44338	3.6737	4.91576	3.2024	4.32621	2.98223	2.3643	7.01833	4.14944	2.72558	1.96219	7.17379	5.32504	1.59282	3.70984	5.05507	3.16133	5.90785	2.33117	2.07579	3.01451	6.5566	2.17877	5.17819	6.19276	2.3521	6.55899	3.1996	2.1187	2.39296	3.78185	4.91556	5.19267	3.16861	2.63822	1.3355	6.45505	4.53503	3.98195	7.58493	6.40234	2.59974	3.19721	3.79095	5.89959	4.94624	3.47553	3.57322	0.29531	2.5606	5.62286	5.43078	4.93796	2.47857	0.451653	2.50516	4.22661	4.12189	4.25631	5.15337	6.74393	3.02085	3.45377	5.06235	8.92933	3.98914	9.37269	3.09557	2.59137	6.44055	5.3937	3.06819	1.22262	5.59294	5.86604	6.84746	5.82704	4.48311	4.24951	3.93006	3.88401	3.67746	5.10636	3.58346	4.33801	4.27104	4.12351	3.65526	4.9033	
7.27615	5.49555	3.88859	2.79913	3.09268	3.54881	4.3258	2.51537	1.23978	2.97802	4.01583	2.43878	1.80597	0	1.77317	4.06447	4.9605	5.51597	2.79921	4.06847	4.97778	6.31871	2.54803	2.37465	1.80732	4.36112	4.2268	7.21765	4.06758	4.59419	4.13819	3.17754	5.31931	3.41653	2.21637	3.0389	4.25271	3.42437	4.35111	2.61512	1.29542	4.8153	5.03068	3.72911	3.32371	4.32547	0.745001	3.8552	2.05821	3.922	2.89481	7.25265	3.35311	1.44904	3.07598	3.10009	2.17867	4.13054	5.75341	3.77913	6.73101	2.14832	3.96766	1.34273	4.6221	5.2114	5.51528	2.7493	4.19325	1.51066	3.72484	6.33991	2.25699	3.34783	3.63521	1.667	1.83636	3.44532	3.47928	2.40183	4.03653	3.5358	4.00563	4.45251	2.89414	6.51419	1.70523	7.87166	2.19142	1.39622	2.96715	3.53923	2.68741	1.87449	5.28506	5.84495	4.47694	2.27891	5.69846	4.43977	3.2793	4.11645	2.98183	5.80334	2.63926	2.3037	4.4516	4.01007	3.93357	2.29524	
2.65858	3.85721	5.08776	4.4824	3.60285	4.86349	3.22962	5.25729	0.533393	4.8811	2.93721	1.99988	5.56093	1.77317	0	5.26974	3.81809	2.83492	9.28623	5.10338	5.32062	4.12773	4.99015	5.20793	3.65988	3.79785	2.42162	3.41948	3.3612	4.53512	6.13072	5.83923	3.28822	3.1922	5.31358	6.31839	4.87373	2.04283	5.20992	2.51577	1.64214	6.62791	2.60475	4.32384	3.5265	4.62754	7.92515	0.790006	1.99233	4.44383	1.15574	4.12938	4.24348	2.79434	5.63096	5.60286	2.06472	2.80167	6.52464	0.5672	5.6873	0.789243	6.44956	3.76291	6.58693	5.0473	3.28255	3.29722	3.52576	3.10491	6.12242	5.44152	3.01206	4.15246	5.39662	1.81136	3.38672	2.97375	2.94822	3.01806	3.92163	5.84866	3.90439	5.27648	3.74545	6.44153	4.1139	4.97917	2.91422	2.95011	3.83744	2.65625	6.75862	2.36442	7.22164	3.03833	2.62215	1.57253	5.61153	3.80268	4.579	4.82055	8.99782	3.00886	4.82424	8.23028	6.38952	2.11197	9.57357	6.42989	
7.7874	3.86191	3.051	4.10519	4.74332	5.52604	5.97644	3.42297	4.19133	2.54256	5.7482	4.95815	3.43624	4.06447	5.26974	0	4.39012	4.61038	5.74281	5.69874	1.95587	3.39364	3.3411	4.62314	5.28392	5.54119	5.46363	2.27832	3.17686	4.79304	2.16482	3.15468	3.88175	6.15047	4.43843	2.88085	3.71634	2.12064	1.00655	3.34103	4.3164	3.02249	3.98494	5.0126	8.079	4.50285	5.26339	7.44235	3.70885	2.77171	3.40132	4.49592	4.2043	4.00478	6.01423	7.10585	4.18112	2.69641	5.72328	4.41504	6.25394	5.1693	5.6183	4.33055	2.06341	1.72162	6.24082	0.54388	9.94429	3.14093	6.91135	7.50754	3.90763	2.51023	5.90183	3.29727	2.9951	1.93646	5.90648	2.20569	5.08679	5.18644	3.08561	4.08851	2.26138	2.88118	3.10269	5.07954	5.38132	4.49291	0.326023	4.91775	4.5675	3.56808	5.65769	5.08099	5.89027	5.32544	6.40074	6.76095	5.61722	5.42212	4.47534	2.4076	5.80052	3.6576	1.28982	2.44509	4.49037	2.17605	
1.14688	2.78158	5.72023	4.92614	3.73565	3.23396	5.40644	5.34671	3.40984	4.56975	3.45611	4.1735	2.62468	4.9605	3.81809	4.39012	0	3.41688	4.1266	3.08223	6.85473	5.54064	1.04902	2.29108	2.83617	2.95572	0.357549	7.24011	4.85315	3.3652	7.91554	7.26051	6.06091	8.39519	5.47312	8.78658	9.48001	4.65982	3.76943	4.1673	4.76376	4.70218	6.66204	1.99612	6.71384	4.3007	5.88593	1.07781	3.57214	4.74338	5.72615	3.16402	5.87606	2.483	6.42731	2.38138	1.75337	2.91061	1.91034	2.24136	4.41876	3.01622	5.22442	2.77058	4.78248	7.14366	7.16586	5.58512	4.57735	2.79356	6.97337	2.38498	2.70071	3.80415	3.50548	4.54504	2.20876	7.07715	4.18304	8.74705	1.10121	2.62718	3.59304	7.42831	3.46919	8.25394	5.58335	6.40306	3.93909	2.20083	7.58604	3.31987	6.03441	3.8473	7.67532	2.47991	5.2629	4.75987	2.96206	5.90852	3.32514	12.3385	4.00146	6.90093	3.11997	6.96269	6.05659	3.47299	6.27995	4.82627	
2.25499	3.36188	2.30335	5.22372	2.91815	5.6767	3.58926	5.90568	3.36831	5.35504	2.32655	5.27033	5.15658	5.51597	2.83492	4.61038	3.41688	0	4.0355	6.05425	3.21103	3.67224	4.41899	3.23972	8.2	4.39877	3.11324	2.95678	3.91292	4.76761	4.7001	6.27713	4.21118	6.74434	5.67245	5.3697	4.3514	3.69937	5.33956	3.90449	4.71831	4.99976	3.55896	5.96059	3.46414	2.73803	5.06345	2.25893	5.0677	5.16772	3.14024	3.59909	2.66063	3.26828	8.11183	4.93272	2.53866	0.560184	5.32722	3.40212	3.0651	2.57261	4.66217	4.34462	4.37552	3.49996	7.16598	1.94143	5.42954	3.57885	5.32662	5.42075	3.486	2.84412	6.54784	4.8263	4.17494	3.99445	1.34776	5.53746	2.50901	5.22745	3.99438	6.22255	5.0282	6.7364	3.37151	4.10198	3.47433	5.36659	4.9364	2.14813	3.9237	3.93396	5.78145	0.921961	3.19594	3.58892	4.8641	5.30181	4.50226	7.21433	3.53902	3.8954	5.7749	8.06957	4.04538	4.03214	6.97922	5.16442	
2.97972	7.28597	5.65704	3.69694	4.20861	6.51513	9.22356	6.78137	5.53621	3.87582	7.42372	2.32429	3.52152	2.79921	9.28623	5.74281	4.1266	4.0355	0	4.03921	5.79387	7.37347	3.9621	5.24187	4.49994	3.25302	4.52294	6.77575	6.96938	4.66537	8.48324	2.46522	6.21711	7.15285	3.40311	1.79844	3.64247	7.00148	6.09732	4.45176	5.59186	6.64465	7.4024	2.68079	4.22152	3.39946	4.86191	5.38936	4.46024	4.05001	6.41907	3.69121	7.57309	4.17038	5.56224	2.4991	5.34462	6.87164	4.36258	6.77194	6.87099	4.84905	2.55079	2.24054	6.76379	5.55962	9.00229	5.63465	1.61763	2.88467	2.36328	3.76429	5.8061	7.64426	1.41255	1.3709	4.67198	5.30589	5.29677	3.29963	7.06028	7.90772	7.1802	7.92489	6.64082	7.54996	4.70589	10.0016	2.92157	3.65154	5.41679	4.43703	0.111796	5.38196	6.87912	4.31274	6.99664	3.03147	5.41429	4.93192	3.88111	3.83506	2.61145	7.49836	3.53707	5.71159	5.24844	8.18331	1.67334	6.71968	
4.99056	5.82147	5.1301	3.44213	2.69135	4.33482	5.75706	5.14074	2.50592	7.03311	5.6827	2.00637	0.457549	4.06847	5.10338	5.69874	3.08223	6.05425	4.03921	0	6.69507	7.60292	5.14314	5.60481	3.65995	4.05866	3.24854	6.75906	7.10689	6.25618	7.9301	4.22469	5.95436	4.26531	2.07411	3.25229	4.92185	5.42383	6.25335	3.52928	3.94139	3.47206	5.54847	1.72122	7.58148	7.21507	2.66134	3.9688	2.5072	2.57625	5.80922	3.08945	7.41206	4.68087	2.6747	2.18067	3.598	5.45153	5.49389	5.13234	8.00231	5.89263	3.05728	3.65476	5.7273	6.92932	7.51301	4.51576	2.57269	0.752859	4.26517	5.35096	4.43965	5.39551	2.93611	1.22795	7.46254	4.62578	5.55534	4.60464	3.99219	5.51816	3.4784	4.82715	7.77213	8.30623	3.53159	10.755	3.55312	2.9795	6.47122	7.62072	2.48706	1.68017	7.82026	4.68753	6.20637	4.58137	5.17482	4.86422	3.83003	4.46001	3.89443	8.67132	2.4774	4.79556	6.53353	7.24695	3.74473	4.99118	
10.7778	4.07861	7.98859	4.76864	5.41103	7.36224	6.52411	2.49318	6.21528	1.61278	5.87356	5.00902	6.83226	4.97778	5.32062	1.95587	6.85473	3.21103	5.79387	6.69507	0	7.15452	5.35661	3.06102	6.03443	6.80699	5.20391	3.68561	2.24707	3.24756	1.23503	8.15676	5.30319	5.49415	7.15536	5.33121	6.69915	3.65747	1.58267	5.48702	6.63283	2.0927	2.62723	5.2293	5.61603	3.40286	4.72296	5.09123	4.29493	1.84192	4.16488	3.00855	3.27451	4.22148	4.88674	7.02338	6.43899	2.65085	7.51897	4.63174	6.95391	4.66328	5.36214	3.63505	2.52431	0.234249	6.29169	3.18448	9.81074	7.10169	5.98157	8.61891	2.90932	6.77492	6.11853	7.92302	3.4561	2.2252	5.15175	1.58267	4.59967	7.79851	4.46966	3.73004	3.93928	1.61116	3.31939	5.26541	4.45153	6.57501	2.2632	5.83155	8.75723	4.82729	5.81849	5.29769	6.53112	3.39666	10.5763	4.2292	9.98782	5.10679	6.9445	2.69143	4.31315	7.51593	2.39189	4.36054	8.57584	6.39223	
4.22432	4.21512	7.63879	4.50165	4.81024	8.50425	3.38777	4.82804	4.66112	5.4713	3.59884	5.55713	5.44338	6.31871	4.12773	3.39364	5.54064	3.67224	7.37347	7.60292	7.15452	0	3.79497	4.3804	6.04154	6.2831	6.91461	5.36245	2.63577	3.90697	5.55847	4.09824	1.54723	8.42581	7.98106	6.27449	6.35945	3.07535	7.32743	5.0668	4.86507	6.19866	3.90986	5.88171	2.84012	2.37078	5.35025	4.22827	3.98116	9.16139	5.28347	5.56842	4.16195	4.73155	6.83519	6.00125	4.72973	4.82799	4.05882	3.61316	2.86029	4.91697	6.02155	3.7206	10.0523	5.11527	9.28643	4.70882	6.73319	6.53457	8.2118	4.22139	3.78238	5.90388	7.14994	8.22679	5.28157	4.86513	3.9249	6.76472	7.17585	3.7049	6.23988	3.91506	5.37207	6.49536	4.6709	3.5144	6.48028	4.88076	3.71967	1.52411	5.65844	4.22076	7.8279	2.8913	5.61761	3.15432	3.0071	8.66128	7.13002	7.37898	11.9839	5.14235	5.46223	8.76033	4.13762	5.83873	7.5654	5.03051	
2.1959	3.44243	8.8096	3.17796	3.68963	2.18495	4.13451	6.26239	4.5819	3.35685	2.4071	2.11609	3.6737	2.54803	4.99015	3.3411	1.04902	4.41899	3.9621	5.14314	5.35661	3.79497	0	3.18345	3.92644	2.73789	1.40657	5.86158	3.97208	5.0331	5.50592	4.12603	5.69814	7.12942	4.4241	3.41772	7.845	3.61081	3.03317	2.37071	3.71474	4.60796	4.78626	3.7611	3.58687	4.71711	5.68904	2.84279	2.37991	6.35537	3.3802	2.92149	4.39091	3.65506	2.47945	2.85567	2.80239	4.67559	2.95936	3.53472	3.14565	4.56764	3.60645	1.72156	5.62586	5.06272	8.48331	4.65627	3.68088	3.96562	6.62005	4.60542	2.25019	1.6446	3.3908	2.90336	1.15974	5.34959	3.88667	2.78066	2.86619	4.39216	4.7651	4.47657	5.44319	5.21993	4.12455	5.50659	2.57025	1.15181	3.66712	2.27086	6.20611	5.1938	8.51153	3.82211	4.69691	5.06075	3.43421	4.19536	2.27612	7.53337	5.18956	4.57684	3.01809	7.66149	6.87092	2.42397	5.83941	3.7239	
3.43796	0.490504	2.94604	3.65738	2.64197	0.998504	2.7684	3.06257	4.67454	3.74515	1.52584	6.68284	4.91576	2.37465	5.20793	4.62314	2.29108	3.23972	5.24187	5.60481	3.06102	4.3804	3.18345	0	2.74	2.25097	2.64863	1.9478	3.6888	1.80605	4.12289	7.19339	5.33501	4.81239	2.47584	3.30487	6.88926	3.01049	1.47835	4.00585	5.39487	3.8853	4.10317	3.62105	4.16339	2.00962	4.08543	4.67557	2.01404	5.21451	3.68444	5.64392	4.15729	0.925607	4.78243	5.01453	1.65523	3.68455	3.45635	5.02677	3.5155	3.55847	5.20637	3.00134	3.54325	3.39753	7.71018	2.12431	3.19396	5.71854	5.9393	3.64086	1.87478	4.05295	2.90928	5.22448	3.10131	2.34392	1.89196	1.47835	2.67801	4.3601	4.11919	2.23243	1.17811	5.02195	2.78039	1.19123	3.85003	5.10728	2.15889	4.69817	4.9842	5.01784	5.00288	3.61803	2.97183	2.79316	4.5586	5.09164	5.71484	7.72983	1.71038	3.84956	3.53726	1.78026	1.35871	4.8804	7.43817	2.53519	
5.93	4.10241	7.27284	2.97842	3.38496	1.74149	5.25574	3.30481	3.0471	7.26812	4.62603	4.28902	3.2024	1.80732	3.65988	5.28392	2.83617	8.2	4.49994	3.65995	6.03443	6.04154	3.92644	2.74	0	2.5538	2.47862	4.75596	8.71146	2.78687	4.59074	4.91612	5.01303	3.77434	2.863	3.48535	4.61052	1.61705	4.94449	3.82286	3.10274	2.68305	5.73406	2.0148	3.63238	4.68328	1.10281	3.19888	2.45793	3.98027	4.58685	5.28509	4.89385	3.20832	2.00251	4.50246	3.2065	5.03168	5.47623	3.86215	8.58158	6.36267	3.78688	3.15005	4.63079	4.93423	8.56235	2.87144	2.86627	3.31798	5.53217	5.58613	2.25915	3.72668	3.28303	2.5362	3.8443	3.85539	7.22323	2.59228	2.98084	4.74825	2.19831	2.64519	3.44943	7.11511	3.94076	5.3225	5.86146	3.20355	3.41166	3.16828	4.49473	2.2323	3.08629	5.55937	4.82395	3.85874	7.54672	3.68661	2.20584	4.47426	4.8687	2.58309	2.77098	7.03311	5.37915	2.84559	2.8266	2.65305	
4.78124	2.74148	9.28434	4.27536	3.68978	3.24948	5.4536	4.60175	5.35001	5.55219	2.07222	3.48625	4.32621	4.36112	3.79785	5.54119	2.95572	4.39877	3.25302	4.05866	6.80699	6.2831	2.73789	2.25097	2.5538	0	1.17069	4.24528	6.74101	4.69822	6.52415	6.21074	5.65247	4.67858	4.35408	7.78267	5.26716	4.17085	3.72933	4.73448	4.61921	5.28009	4.09113	1.79447	6.18619	4.26059	3.65661	2.64731	3.47871	5.93021	2.64211	4.79341	4.28279	3.17658	4.35787	3.86564	2.71026	2.37586	3.47149	4.44224	2.81077	3.80887	7.59128	4.15634	6.298	6.23117	4.76892	5.35651	0.94299	4.54386	7.06402	4.32618	3.5561	3.00359	3.25474	4.7002	3.89763	5.77277	3.5518	6.01902	0.427034	6.87238	4.75211	5.1487	3.42908	5.89206	7.24117	2.7687	1.55453	3.06734	5.86262	5.00875	2.44883	3.1036	6.03154	3.48723	5.2228	4.5684	4.52321	4.4616	4.24793	9.25037	2.70782	5.7861	3.4649	6.26636	3.39192	3.09611	5.3804	4.78617	
1.50443	4.32319	3.98737	3.35948	4.00641	4.22012	2.24852	3.67175	3.55219	4.51935	4.25382	5.0799	2.98223	4.2268	2.42162	5.46363	0.357549	3.11324	4.52294	3.24854	5.20391	6.91461	1.40657	2.64863	2.47862	1.17069	0	5.93564	4.01295	3.00765	5.72074	4.09104	6.20405	4.18267	5.58837	4.58023	4.8392	4.09567	4.22882	3.44664	4.93583	4.86308	5.93731	1.63857	4.54353	5.77085	3.58143	0.72026	3.21459	6.21938	4.05119	2.80647	4.59941	4.47023	2.59205	2.02384	2.11092	2.55306	2.26789	0.943065	3.11424	1.65036	3.41065	2.88407	5.63952	5.49284	6.7948	3.9343	2.49005	5.57044	4.10833	5.19412	2.03913	3.32022	2.90681	3.415	2.40562	4.29035	4.51535	3.94316	0.743657	2.26963	4.67693	5.12382	4.05052	7.85823	4.89969	8.01503	3.73275	3.27434	7.41749	3.97285	4.77568	4.79396	5.95636	2.05723	2.95931	4.59132	4.77468	7.0809	3.91505	9.14163	5.78917	6.80022	2.39475	4.59397	4.27156	4.5465	4.16986	6.17283	
9.43498	1.4573	6.5366	2.59325	4.01671	3.67663	3.73519	4.3376	5.8176	5.23522	2.49263	2.47806	2.3643	7.21765	3.41948	2.27832	7.24011	2.95678	6.77575	6.75906	3.68561	5.36245	5.86158	1.9478	4.75596	4.24528	5.93564	0	5.31387	2.77284	3.40352	5.28032	3.1278	1.80854	3.5235	3.83713	4.52376	3.74691	2.63283	3.66266	3.42173	3.85873	0.765162	4.35264	4.71676	3.16314	2.27117	6.22159	4.79475	3.44584	2.21418	6.54964	1.36404	3.63926	4.26207	7.34697	5.47734	6.33646	5.95442	4.81867	8.14166	4.52526	4.92342	4.66525	3.07894	3.15814	5.87568	2.17015	6.63378	4.73077	4.23327	7.20861	5.38325	4.59953	6.94254	5.21322	4.4362	3.31071	1.60902	2.71302	5.2198	6.67593	3.63767	2.11076	3.91348	3.99543	3.40633	2.15802	2.99778	4.39962	1.95229	6.03277	5.52378	1.14168	2.55186	3.33508	4.83115	4.92456	4.88608	1.84383	7.28446	2.9314	4.46377	2.59882	4.64071	2.89463	2.3255	3.33098	5.44665	2.86268	
7.19434	5.92012	9.03372	6.37679	4.232	4.91514	7.15853	2.27018	2.82781	1.38978	2.68867	3.76868	7.01833	4.06758	3.3612	3.17686	4.85315	3.91292	6.96938	7.10689	2.24707	2.63577	3.97208	3.6888	8.71146	6.74101	4.01295	5.31387	0	4.00053	1.01203	3.63955	1.08854	6.91385	9.08972	8.063	7.97174	4.85846	4.68577	5.51371	6.90463	1.8697	3.45118	6.19067	1.90854	3.53202	4.44892	2.95602	3.22091	1.61892	4.62702	7.43056	3.05151	3.8294	6.64439	7.3966	3.09978	4.73954	4.45853	2.77192	1.95012	4.36895	4.41859	5.06512	4.40212	6.70063	7.00419	5.29207	8.15701	4.13997	5.75857	9.45734	4.04712	3.2972	8.23848	4.10577	2.81234	4.06272	5.08614	6.47969	5.38301	1.74332	4.93945	3.45638	5.24545	5.24543	8.37796	6.7888	4.22853	3.25247	5.97399	5.46127	6.81968	6.08606	7.01414	3.44328	0.716975	1.14705	5.08681	5.75417	5.74892	5.70287	8.49856	3.89242	5.00354	7.62523	1.7946	3.67079	5.88929	2.68545	
5.81629	1.31554	4.81145	5.73931	3.32655	4.52836	3.59344	3.34957	6.25187	7.48831	2.35088	3.47601	4.14944	4.59419	4.53512	4.79304	3.3652	4.76761	4.66537	6.25618	3.24756	3.90697	5.0331	1.80605	2.78687	4.69822	3.00765	2.77284	4.00053	0	4.14645	5.52101	4.72169	5.88254	5.15164	5.759	5.66774	3.29749	4.78591	2.23947	4.16466	4.62944	5.13696	3.88666	4.47512	3.70364	3.88968	2.83376	2.30104	6.7575	4.05482	5.81411	2.10698	5.19278	4.78938	5.03148	4.6534	5.56071	3.74335	3.05656	3.36455	3.76386	2.11458	4.45069	3.82187	3.48181	6.09527	2.41131	5.91308	3.85413	4.30483	5.52761	4.15263	5.65405	6.51291	4.01048	4.43236	3.16896	3.39481	4.50278	3.7513	5.27728	4.20018	3.05747	1.46511	4.85872	3.60543	2.01626	6.02555	3.45836	3.4263	4.37965	5.6885	4.81239	5.47938	4.04101	3.28356	3.71363	6.91407	4.74815	3.44491	3.39886	8.82405	3.34175	5.77007	5.46844	2.18375	4.07391	3.58528	5.25203	
6.00871	4.90411	3.47125	4.0216	1.8242	8.53411	5.32748	1.25814	3.83984	0.377741	6.11289	5.40621	2.72558	4.13819	6.13072	2.16482	7.91554	4.7001	8.48324	7.9301	1.23503	5.55847	5.50592	4.12289	4.59074	6.52415	5.72074	3.40352	1.01203	4.14645	0	3.25068	2.10058	6.15946	2.53816	5.04567	5.176	4.61172	2.8177	5.12492	3.99974	0.857666	4.17559	6.05479	3.38696	3.94416	3.48793	6.41161	1.7153	0.606889	3.89498	7.75177	2.03947	5.04697	3.30122	6.45689	3.19412	3.88588	4.97106	5.45723	2.96215	5.49372	4.96934	2.01303	1.63411	1.46928	2.78939	3.48	3.82803	5.30575	3.82584	5.74379	2.3038	3.01014	3.24435	4.16353	3.82437	2.06976	5.34306	3.24788	5.5029	2.75536	1.34241	1.94197	3.1426	1.65454	2.8673	7.61975	3.2165	4.35224	2.49085	5.03987	5.92522	4.61742	4.97518	5.07464	1.72901	3.16061	9.68654	4.37044	5.83568	5.70741	3.77474	3.27425	3.81756	5.79293	3.8834	3.04165	6.6765	5.03817	
8.45531	7.99165	1.18521	3.60047	5.81402	5.0691	5.11851	2.39644	5.56013	5.83584	7.99517	2.66279	1.96219	3.17754	5.83923	3.15468	7.26051	6.27713	2.46522	4.22469	8.15676	4.09824	4.12603	7.19339	4.91612	6.21074	4.09104	5.28032	3.63955	5.52101	3.25068	0	2.55101	3.97839	1.41303	3.69904	3.57013	2.75407	4.83973	3.70274	3.44736	4.84946	3.48812	5.05659	7.30387	5.60355	3.17322	4.20008	3.07998	2.6438	4.91829	5.00744	5.0977	2.30465	4.54017	2.17242	2.70707	6.20201	6.09828	5.35351	8.37626	9.88773	2.60615	4.93334	4.07301	5.55627	3.44145	7.56998	3.85926	1.66688	1.65102	5.34271	2.8812	0.644443	3.40359	1.82322	1.12931	4.7355	5.49346	6.63365	3.221	7.8257	4.10531	2.74113	6.70791	4.98616	6.17533	7.91088	5.40738	3.40643	5.8104	8.2921	2.35343	5.25597	2.30004	7.23664	6.50347	5.27309	5.16657	2.50079	4.06363	1.32188	2.17849	5.4271	4.60017	1.45	4.36072	6.37608	2.08952	2.07386	
5.94099	4.10976	6.61388	4.19072	3.26301	4.90648	5.74811	5.85977	3.82161	5.61186	5.85337	5.86191	7.17379	5.31931	3.28822	3.88175	6.06091	4.21118	6.21711	5.95436	5.30319	1.54723	5.69814	5.33501	5.01303	5.65247	6.20405	3.1278	1.08854	4.72169	2.10058	2.55101	0	7.59433	3.96404	5.67274	6.12114	5.33105	5.29365	4.35009	4.6724	4.22955	2.36264	4.67118	5.95756	3.46175	7.04222	4.98958	4.29749	3.70292	3.81165	5.47248	2.61472	4.45443	5.27083	4.72343	4.18832	3.651	4.15057	3.85542	3.03866	4.07746	5.50713	3.97658	4.32961	4.75562	8.21592	5.03224	6.43691	4.21789	4.20202	5.34147	5.32961	3.19545	7.29711	6.83318	3.90088	5.87099	4.57384	5.03567	5.59982	2.83186	4.69265	2.36784	4.1569	6.69049	3.6634	4.68749	4.82527	5.99709	4.20778	3.07134	4.90444	5.76799	2.80893	4.43853	1.80552	4.24529	4.55433	5.25589	5.43411	3.87289	6.74604	3.84949	3.915	4.00101	5.69869	4.42043	4.64053	3.58087	
7.26543	3.26583	4.38442	3.54798	5.83661	5.16664	7.79114	5.59565	4.68265	8.23212	6.83305	2.88061	5.32504	3.41653	3.1922	6.15047	8.39519	6.74434	7.15285	4.26531	5.49415	8.42581	7.12942	4.81239	3.77434	4.67858	4.18267	1.80854	6.91385	5.88254	6.15946	3.97839	7.59433	0	2.93802	5.05408	5.74473	4.41129	4.52156	4.35217	6.88021	6.88944	2.5737	2.5441	6.52529	6.252	2.67153	6.65343	2.87306	5.14787	2.03646	5.26618	3.17258	3.38305	2.45354	4.79585	6.23139	6.35305	7.21824	6.87623	6.33312	7.58353	4.31618	6.10252	4.89082	6.35199	4.16328	4.97181	3.39558	3.56102	3.692	6.02733	4.36416	3.67576	3.81233	3.40468	4.32852	5.16712	3.41755	6.78137	5.18787	6.1804	5.4462	3.49023	4.62618	4.79827	5.1808	7.52953	5.83617	4.84929	3.76083	7.06801	4.66379	2.95022	5.66759	7.6663	4.24567	5.5071	4.3006	3.57919	2.65686	3.96128	3.57413	3.44526	3.30028	2.52839	7.27024	2.9927	5.8601	2.2772	
7.472	3.81589	2.00112	1.93162	5.48838	5.84473	6.90945	3.28206	2.12412	5.1556	6.8312	3.20773	1.59282	2.21637	5.31358	4.43843	5.47312	5.67245	3.40311	2.07411	7.15536	7.98106	4.4241	2.47584	2.863	4.35408	5.58837	3.5235	9.08972	5.15164	2.53816	1.41303	3.96404	2.93802	0	2.35995	4.98316	3.27076	6.2673	3.33337	3.07799	4.64324	5.66406	3.25879	5.50129	5.18463	1.76019	5.51755	2.1254	1.93128	4.54891	2.70765	5.58169	3.66541	4.1708	2.23732	2.3377	8.01201	6.73893	4.98414	4.7545	7.487	4.67112	3.52031	2.59833	5.10533	3.98638	4.13397	2.53029	1.0025	2.19595	8.25465	3.37717	2.05747	1.96436	0.846158	4.37933	5.30768	5.12408	4.22285	6.33202	4.56403	6.12853	1.87386	5.10314	4.77994	4.45237	3.57091	4.02262	2.5977	2.51086	4.82199	2.10526	2.88968	3.5979	6.0711	2.6293	6.85951	2.68423	5.34032	5.65286	2.73491	0.765461	4.23679	4.81684	1.8112	2.94769	4.4993	3.36293	0.660828	
10.7258	5.29443	2.83016	3.15256	3.66423	6.27649	7.26781	4.11109	5.2864	3.33145	5.71045	3.89914	3.70984	3.0389	6.31839	2.88085	8.78658	5.3697	1.79844	3.25229	5.33121	6.27449	3.41772	3.30487	3.48535	7.78267	4.58023	3.83713	8.063	5.759	5.04567	3.69904	5.67274	5.05408	2.35995	0	1.8255	6.52142	5.2427	3.80261	7.14722	5.49517	4.60229	3.65395	3.67714	4.69171	2.38254	8.66237	4.79949	5.55954	5.69799	4.52743	5.20117	5.74524	4.60742	3.75554	6.21655	5.92989	7.7642	6.68962	6.449	7.96831	3.08021	1.69616	3.42736	4.60247	8.02224	4.19602	3.19248	4.45952	3.93813	5.33914	4.40257	3.93706	2.79339	2.94575	4.12761	4.28308	4.75239	2.75526	8.10928	7.81778	5.96646	5.12761	5.99716	6.92783	5.37727	7.50273	2.54485	5.02151	3.20687	3.89266	1.68665	3.51203	6.43055	6.29166	5.88305	4.60632	5.93798	5.42356	4.97474	4.29303	1.59449	6.43974	2.99269	2.64023	6.82329	5.32594	1.60952	3.19559	
4.75172	7.57501	2.04805	3.29633	5.77093	5.82318	9.96456	3.62273	6.52549	7.92305	7.53595	4.71663	5.05507	4.25271	4.87373	3.71634	9.48001	4.3514	3.64247	4.92185	6.69915	6.35945	7.845	6.88926	4.61052	5.26716	4.8392	4.52376	7.97174	5.66774	5.176	3.57013	6.12114	5.74473	4.98316	1.8255	0	4.35632	3.38108	4.62003	3.65975	4.99334	3.7586	3.20064	5.85587	7.08818	3.50771	3.89595	2.77585	4.91241	3.87249	4.88705	5.87807	3.52624	4.15411	4.11516	3.52441	8.58746	5.56992	7.20028	11.0346	8.46414	3.43983	2.80819	5.12771	5.25214	5.95115	3.60817	2.57104	5.237	4.16072	4.4868	2.57707	2.58882	4.4419	4.48591	4.1585	3.57828	4.08607	3.38108	6.25019	9.8682	7.13451	6.54213	5.3515	5.94547	6.1831	6.08345	1.9595	3.67545	3.39031	8.90404	3.51215	4.6372	5.54527	11.711	7.23965	6.67264	7.20907	3.11345	4.88348	4.83743	3.28371	5.47189	3.86952	3.87685	4.35411	4.82872	1.96913	5.05795	
6.03732	4.09176	2.6504	3.09549	4.24244	3.35854	3.41489	3.42188	2.57622	4.98946	4.61511	6.90191	3.16133	3.42437	2.04283	2.12064	4.65982	3.69937	7.00148	5.42383	3.65747	3.07535	3.61081	3.01049	1.61705	4.17085	4.09567	3.74691	4.85846	3.29749	4.61172	2.75407	5.33105	4.41129	3.27076	6.52142	4.35632	0	0.975236	3.28025	3.4589	3.41253	4.69714	3.63184	2.86725	4.16606	2.71986	2.4679	2.575	4.56873	2.18478	3.96376	2.20081	3.32539	3.61956	6.67495	3.32357	2.63563	4.11063	2.2451	6.7426	2.83207	5.65901	2.03433	3.532	3.50326	6.81421	1.25439	6.68184	2.86602	5.46671	5.7335	2.37622	2.10963	5.26131	3.02237	2.59449	1.17243	5.72018	0.975236	4.68619	9.55323	3.05155	3.23365	1.83238	2.31905	3.33254	4.22556	3.22351	3.4746	1.47225	1.55124	5.6389	3.5073	3.67475	4.33872	4.30004	4.02178	7.05382	2.06956	5.88693	4.71693	4.03622	0.966037	5.23752	3.12036	2.75841	1.22854	4.44365	3.64464	
6.49109	1.96886	6.27506	3.25645	4.39712	2.47686	5.03682	3.91925	4.54584	5.06736	6.81776	2.82978	5.90785	4.35111	5.20992	1.00655	3.76943	5.33956	6.09732	6.25335	1.58267	7.32743	3.03317	1.47835	4.94449	3.72933	4.22882	2.63283	4.68577	4.78591	2.8177	4.83973	5.29365	4.52156	6.2673	5.2427	3.38108	0.975236	0	3.62767	3.13157	2.17172	3.47818	3.96373	2.47479	3.45398	6.71275	3.50856	3.0936	4.51724	4.09029	4.16557	2.67893	2.40396	3.30408	6.85909	3.92779	2.98306	5.48748	3.36617	4.99385	4.43867	5.37154	1.0591	2.41792	1.81691	5.61415	0.898389	6.58789	5.89651	6.12562	5.11922	3.66087	2.3583	4.85296	3.37669	1.87343	0.197197	3.37032	0	5.72884	4.93968	2.887	4.01733	2.54802	3.19382	2.05382	3.25032	6.5975	2.31357	0.680532	4.87868	6.9198	3.54817	5.45908	4.03212	4.45018	5.65384	4.1479	4.55686	3.5074	4.37325	3.18874	2.76211	4.26229	6.54334	1.64433	3.44214	7.08348	2.53056	
7.78839	3.55501	2.57198	2.27757	1.08708	2.73055	3.4652	4.29528	3.04917	3.84651	2.66226	2.26145	2.33117	2.61512	2.51577	3.34103	4.1673	3.90449	4.45176	3.52928	5.48702	5.0668	2.37071	4.00585	3.82286	4.73448	3.44664	3.66266	5.51371	2.23947	5.12492	3.70274	4.35009	4.35217	3.33337	3.80261	4.62003	3.28025	3.62767	0	3.09593	2.05361	2.89749	1.80807	4.1922	4.11085	5.47004	4.21713	2.12155	4.51804	2.54909	4.77934	4.34644	3.0766	2.26655	2.92276	2.41393	3.4071	7.75482	3.08297	3.40081	3.30502	3.39355	2.21122	6.01526	5.29047	4.21963	2.02586	2.65955	2.03586	3.29562	5.56001	2.31728	3.11275	3.07631	2.19221	1.65903	3.78032	2.55673	3.27032	3.8592	4.96671	4.15442	3.98169	2.97206	5.79075	2.68612	5.22235	3.03275	1.2189	2.24371	4.40772	4.49633	3.62021	4.4897	3.08326	4.60211	5.25241	6.07307	3.25995	2.06322	3.06181	3.80764	4.95547	2.56425	4.4947	4.84518	3.50532	5.41213	3.79099	
2.72223	2.69969	6.25721	0.944489	4.50515	5.89969	7.71876	2.01896	2.39404	3.91133	5.87105	3.11998	2.07579	1.29542	1.64214	4.3164	4.76376	4.71831	5.59186	3.94139	6.63283	4.86507	3.71474	5.39487	3.10274	4.61921	4.93583	3.42173	6.90463	4.16466	3.99974	3.44736	4.6724	6.88021	3.07799	7.14722	3.65975	3.4589	3.13157	3.09593	0	3.49895	5.15468	5.04751	5.66904	4.63878	2.04042	1.783	1.28146	3.39285	3.41037	2.50303	2.05768	2.03185	4.3714	4.8437	2.03003	2.86533	4.29976	1.83504	4.96299	0.8529	6.26919	2.63816	3.32667	3.75775	6.12007	4.04472	6.90342	1.78048	4.13176	7.26851	1.08268	4.64325	3.70314	1.93683	3.57997	1.504	2.43356	5.02413	4.19218	6.92877	2.68539	1.70537	5.27846	4.23982	0.409808	3.7794	4.9537	2.18106	3.34944	5.59008	3.98283	4.45635	5.17073	6.27959	4.23381	4.18758	5.67519	4.69886	5.99086	5.26326	5.15954	3.29246	4.26836	7.4653	3.15618	4.02462	5.86948	3.79902	
6.93948	3.06552	4.23076	2.02387	0.966535	2.61	6.62793	2.11581	5.20218	1.23541	3.95789	4.56333	3.01451	4.8153	6.62791	3.02249	4.70218	4.99976	6.64465	3.47206	2.0927	6.19866	4.60796	3.8853	2.68305	5.28009	4.86308	3.85873	1.8697	4.62944	0.857666	4.84946	4.22955	6.88944	4.64324	5.49517	4.99334	3.41253	2.17172	2.05361	3.49895	0	4.02049	4.2162	5.87365	3.70645	4.34559	3.73515	2.00101	1.46455	3.14022	5.65937	2.49134	2.95606	6.17357	5.04113	2.32442	3.72672	3.64858	3.61864	4.83254	5.9767	5.61425	2.93461	0.776444	2.88508	1.93173	4.4604	6.4234	3.30982	3.72216	8.20279	2.41627	3.94561	5.10543	4.93487	7.52093	1.2121	6.3506	1.40929	4.22928	7.13271	0.484742	2.76204	2.92618	1.68959	2.30629	3.64895	4.07416	3.51465	2.51384	5.89753	6.42424	3.22071	3.05683	2.96272	4.10336	4.01828	7.63083	3.13941	3.86851	3.85426	2.60931	2.57025	4.87404	6.24224	3.02573	2.18399	6.66977	4.51933	
7.84573	2.22246	4.37514	1.82808	3.01858	4.44179	5.96287	5.10276	3.18771	6.68021	3.69078	2.29316	6.5566	5.03068	2.60475	3.98494	6.66204	3.55896	7.4024	5.54847	2.62723	3.90986	4.78626	4.10317	5.73406	4.09113	5.93731	0.765162	3.45118	5.13696	4.17559	3.48812	2.36264	2.5737	5.66406	4.60229	3.7586	4.69714	3.47818	2.89749	5.15468	4.02049	0	3.549	5.48192	3.76533	5.53768	4.27631	2.28561	4.73711	1.44902	5.16728	2.1292	4.24144	7.5878	5.33832	4.71903	5.33276	6.5132	3.22152	6.49882	3.44356	3.45051	3.28449	3.84745	2.39298	3.57583	4.6181	7.2793	4.70042	3.12712	10.7813	2.54735	3.83437	5.87344	5.386	4.07459	4.57968	2.2112	4.28373	5.9829	6.29202	3.36721	2.87593	4.03873	4.43594	2.36277	2.32485	4.19605	3.63445	2.71746	6.14255	5.71959	1.90685	4.30375	3.93727	5.26568	2.68907	5.72754	2.60899	4.96072	2.16624	6.17693	5.29971	6.27763	3.59913	2.94808	2.40525	5.72773	3.09887	
5.61812	4.37438	4.38005	1.72091	2.89515	2.62255	5.27327	3.31559	3.79925	6.73206	4.47033	4.09191	2.17877	3.72911	4.32384	5.0126	1.99612	5.96059	2.68079	1.72122	5.2293	5.88171	3.7611	3.62105	2.0148	1.79447	1.63857	4.35264	6.19067	3.88666	6.05479	5.05659	4.67118	2.5441	3.25879	3.65395	3.20064	3.63184	3.96373	1.80807	5.04751	4.2162	3.549	0	5.64718	5.49846	3.11761	2.35883	3.41532	3.64781	4.35716	4.38278	5.95909	4.45268	0.953479	3.18393	4.222	4.19163	5.89187	3.52238	8.742	5.46672	1.77208	2.05271	4.85378	4.83508	6.0277	3.83393	0.851479	2.67763	4.73612	6.43889	2.44017	4.41215	1.26824	2.52128	4.72535	3.0041	4.3648	3.2013	2.38223	3.9082	3.26003	4.65999	4.71818	7.29326	2.25559	5.0751	1.46302	3.02697	4.61454	7.40582	2.35732	4.04989	5.49253	6.0766	6.20952	2.5819	6.05078	6.79869	1.1568	3.05635	2.46713	5.98935	0.756182	5.07249	5.24258	5.58216	3.24278	2.9917	
4.83173	3.69362	7.33834	1.08734	3.94905	5.37388	2.21891	5.27558	1.26549	3.61626	5.12815	6.19288	5.17819	3.32371	3.5265	8.079	6.71384	3.46414	4.22152	7.58148	5.61603	2.84012	3.58687	4.16339	3.63238	6.18619	4.54353	4.71676	1.90854	4.47512	3.38696	7.30387	5.95756	6.52529	5.50129	3.67714	5.85587	2.86725	2.47479	4.1922	5.66904	5.87365	5.48192	5.64718	0	1.0099	4.7352	3.43061	4.4865	9.52045	5.65502	7.96204	6.0808	2.11995	5.6349	7.70807	4.64958	3.65445	7.0799	3.24651	5.30833	4.38739	5.95915	1.98098	7.79904	5.00281	8.74273	4.27838	3.85176	5.88427	6.94287	4.31372	4.32192	7.72144	9.47917	4.27108	4.41242	2.67198	4.37258	2.47479	5.60328	6.29601	5.83069	6.27758	5.65435	2.01185	4.81596	5.72511	2.82967	5.76984	5.38622	1.31601	3.14602	4.83078	7.11012	2.89332	0.656423	0.226352	8.87632	6.56059	5.81686	5.98199	9.66956	3.2821	3.27751	7.41488	2.26919	5.91693	6.45898	3.16004	
