20
5
3
5
40

6	21
10	1
47	15
18	25
31	42

9	22
22	5
8	17
2	22
20	29
2	24
25	15
20	24
15	2
4	18
29	47
34	25
27	39
46	33
33	29
28	46
44	28
33	32
35	23
40	39

70

1.79769e+308
1.79769e+308
1.79769e+308
1.79769e+308
1.79769e+308

20
11
18
13
12
17
19
13
18
14
12
15
15
20
13
14
17
19
14
16

0
0
0
0
0

0

0	11.7341	24.9391	8.33023	17.2705	1.01193	5.65685	2.95161	2.68002	7.89458	4.74002	9.62417	5.03685	11.6733	3.06472	8.33115	9.32112	14.5597	18.6818	13.212	9.02411	11.5896	16.3519	16.451	11.7315	
11.7341	0	16.2196	10.9157	11.6073	10.7221	7.46298	12.7108	17.6603	18.5243	18.4975	11.4303	13.6049	5.81288	16.9972	20.9625	12.9728	10.4073	20.9675	13.7694	12.3165	15.4694	13.6342	16.236	17.423	
24.9391	16.2196	0	11.8516	14.5189	17.8219	12.7673	15.4757	21.7175	13.5896	20.0779	8.8	11.5798	16.6726	15.8004	17.9904	9.51271	14.8208	18.624	15.9035	16.8977	12.808	12.7455	13.5153	19.7138	
8.33023	10.9157	11.8516	0	6.52586	5.99266	7.01896	5.37862	6.02316	3.36774	8.08316	3.05164	1.96774	5.10286	8.29581	11.0685	10.964	5.32586	15.886	9.3145	7.23505	10.388	6.99718	7.68039	7.21774	
17.2705	11.6073	14.5189	6.52586	0	13.3154	17.5163	14.9456	21.4503	9.08304	15.5713	7.2208	13.0292	12.1661	24.2472	8.59296	5.00618	1.2	11.7602	8.81247	3.10919	6.26211	4.42684	7.46099	7.7792	
1.01193	10.7221	17.8219	5.99266	13.3154	0	6.66878	1.98862	3.69195	5.42492	8.31193	6.80474	4.02492	15.4691	4.07665	9.34308	8.30919	17.1044	21.8763	12.249	9.03418	14.9221	14.8146	9.73757	9.27492	
5.65685	7.46298	12.7673	7.01896	17.5163	6.66878	0	8.60846	8.33687	8.65989	11.0345	3.96732	6.74714	6.01646	8.72157	13.988	13.1763	9.98811	15.3643	12.5133	12.065	9.5483	7.91286	12.9725	12.3106	
2.95161	12.7108	15.4757	5.37862	14.9456	1.98862	8.60846	0	4.76425	6.44881	6.82425	6.67572	6.01354	10.4815	6.01633	7.73853	10.2978	8.95475	21.4432	10.2604	7.04557	13.6738	10.6213	12.727	16.4843	
2.68002	17.6603	21.7175	6.02316	21.4503	3.69195	8.33687	4.76425	0	5.21457	2.06	9.0748	6.61457	11.126	5.74474	11.0112	9.29143	11.349	14.7255	10.2846	11.8098	8.90955	13.3065	21.5732	15.8153	
7.89458	18.5243	13.5896	3.36774	9.08304	5.42492	8.65989	6.44881	5.21457	0	7.27457	4.17982	1.4	11.2367	13.087	13.3676	4.07686	8.91079	14.9944	5.07	10.82	12.0104	9.9	7.11265	6.65	
4.74002	18.4975	20.0779	8.08316	15.5713	8.31193	11.0345	6.82425	2.06	7.27457	0	12.3491	13.5619	16.8493	5.50236	13.9759	10.5652	15.1921	20.6552	16.956	13.2829	10.9695	16.2946	14.5677	15.1158	
9.62417	11.4303	8.8	3.05164	7.2208	6.80474	3.96732	6.67572	9.0748	4.17982	12.3491	0	2.77982	8.1545	7.00036	8.79062	10.4509	6.0208	16.581	8.54599	7.92999	8.39333	3.94554	8.49247	8.02982	
5.03685	13.6049	11.5798	1.96774	13.0292	4.02492	6.74714	6.01354	6.61457	1.4	13.5619	2.77982	0	7.0706	9.78018	8.65037	5.47686	7.2936	16.3944	6.47	10.8775	12.1558	6.72536	5.71265	5.25	
11.6733	5.81288	16.6726	5.10286	12.1661	15.4691	6.01646	10.4815	11.126	11.2367	16.8493	8.1545	7.0706	0	13.3987	15.0105	7.15989	10.4287	17.9747	10.7085	16.0581	15.5648	12.3862	11.1624	11.6101	
3.06472	16.9972	15.8004	8.29581	24.2472	4.07665	8.72157	6.01633	5.74474	13.087	5.50236	7.00036	9.78018	13.3987	0	11.3959	14.5842	13.0212	26.5556	15.5464	13.6838	16.8699	10.9459	18.8704	18.4078	
8.33115	20.9625	17.9904	11.0685	8.59296	9.34308	13.988	7.73853	11.0112	13.3676	13.9759	8.79062	8.65037	15.0105	11.3959	0	12.9235	2.60215	10.3507	8.29759	0.692965	9.19883	10.7117	10.7642	3.40037	
9.32112	12.9728	9.51271	10.964	5.00618	8.30919	13.1763	10.2978	9.29143	4.07686	10.5652	10.4509	5.47686	7.15989	14.5842	12.9235	0	6.20618	19.0712	6.39081	12.0833	10.9532	6.50538	4.00256	12.7854	
14.5597	10.4073	14.8208	5.32586	1.2	17.1044	9.98811	8.95475	11.349	8.91079	15.1921	6.0208	7.2936	10.4287	13.0212	2.60215	6.20618	0	10.5602	8.05684	1.90919	5.06211	3.22684	6.26099	8.9792	
18.6818	20.9675	18.624	15.886	11.7602	21.8763	15.3643	21.4432	14.7255	14.9944	20.6552	16.581	16.3944	17.9747	26.5556	10.3507	19.0712	10.5602	0	14.7627	11.0436	5.81598	10.2638	16.8212	11.7945	
13.212	13.7694	15.9035	9.3145	8.81247	12.249	12.5133	10.2604	10.2846	5.07	16.956	8.54599	6.47	10.7085	15.5464	8.29759	6.39081	8.05684	14.7627	0	8.99055	8.94674	4.83	2.46658	11.698	
9.02411	12.3165	16.8977	7.23505	3.10919	9.03418	12.065	7.04557	11.8098	10.82	13.2829	7.92999	10.8775	16.0581	13.6838	0.692965	12.0833	1.90919	11.0436	8.99055	0	6.9713	5.13603	8.17018	4.09333	
11.5896	15.4694	12.808	10.388	6.26211	14.9221	9.5483	13.6738	8.90955	12.0104	10.9695	8.39333	12.1558	15.5648	16.8699	9.19883	10.9532	5.06211	5.81598	8.94674	6.9713	0	4.44779	11.3231	6.90577	
16.3519	13.6342	12.7455	6.99718	4.42684	14.8146	7.91286	10.6213	13.3065	9.9	16.2946	3.94554	6.72536	12.3862	10.9459	10.7117	6.50538	3.22684	10.2638	4.83	5.13603	4.44779	0	7.29658	9.99849	
16.451	16.236	13.5153	7.68039	7.46099	9.73757	12.9725	12.727	21.5732	7.11265	14.5677	8.49247	5.71265	11.1624	18.8704	10.7642	4.00256	6.26099	16.8212	2.46658	8.17018	11.3231	7.29658	0	10.9627	
11.7315	17.423	19.7138	7.21774	7.7792	9.27492	12.3106	16.4843	15.8153	6.65	15.1158	8.02982	5.25	11.6101	18.4078	3.40037	12.7854	8.9792	11.7945	11.698	4.09333	6.90577	9.99849	10.9627	0	

0	11.8833	13.3569	8.85438	8.40831	2.40333	16.1879	1.2522	3.79326	12.7004	5.13326	12.1501	11.001	9.29393	3.10077	18.0508	9.87796	5.80831	15.2609	16.1275	15.7785	8.78081	10.0493	26.8259	8.84828	
11.8833	0	17.6536	17.9469	17.5866	12.8565	15.3333	16.0631	8.08999	16.65	9.42999	9.41011	15.8003	5.96585	15.6926	26.6386	19.0562	14.9866	20.4463	12.4558	20.4743	15.4427	11.5802	17.8494	23.4928	
13.3569	17.6536	0	17.2656	13.3179	20.6936	14.0014	15.667	9.56365	19.2203	10.9036	11.7704	15.4992	15.9935	17.1663	14.6665	7.31069	12.2703	10.6156	9.50352	9.27921	8.13842	10.7402	4.47088	9.5	
8.85438	17.9469	17.2656	0	8.25873	9.96117	7.5763	10.1066	12.6476	3.84604	8.98663	3.29577	2.14663	6.74003	11.9552	12.1466	9.44517	5.65873	6.4065	7.76209	11.3971	8.88367	9.89972	10.5953	17.4715	
8.40831	17.5866	13.3179	8.25873	0	24.0858	9.51972	12.1927	15.3343	10.2176	13.2345	13.8002	11.042	10.3043	16.8411	3.69953	6.66964	2.6	8.22164	3.81435	2.95	10.6988	6.84099	7.75833	12.5358	
2.40333	12.8565	20.6936	9.96117	24.0858	0	16.258	2.70248	6.19659	13.8072	5.53288	10.3349	12.1078	6.8906	4.76403	20.4541	20.3795	8.21164	16.3677	13.3806	21.3583	10.2311	28.3511	24.8706	11.2516	
16.1879	15.3333	14.0014	7.5763	9.51972	16.258	0	14.9357	17.0617	13.2002	12.9536	4.28053	6.11359	7.72478	16.9972	15.9281	13.4121	12.1197	12.4417	13.3341	12.4697	10.5031	14.3657	11.5801	23.5014	
1.2522	16.0631	15.667	10.1066	12.1927	2.70248	14.9357	0	5.04546	16.2681	8.23536	13.5416	11.8086	9.59308	2.06155	19.303	13.6624	7.06051	10.0058	14.7081	19.5629	7.52861	11.3912	23.2809	10.1005	
3.79326	8.08999	9.56365	12.6476	15.3343	6.19659	17.0617	5.04546	0	9.6566	1.34	18.5762	8.18	14.0558	6.89403	13.1338	17.7643	9.60157	21.55	10.7602	12.3843	17.7021	19.6701	14.0345	12.6415	
12.7004	16.65	19.2203	3.84604	10.2176	13.8072	13.2002	16.2681	9.6566	0	10.9966	7.14181	5.99266	12.3639	17.2592	16.626	14.3232	9.50476	10.2525	11.6081	13.1676	16.9958	14.4945	16.2192	21.3175	
5.13326	9.42999	10.9036	8.98663	13.2345	5.53288	12.9536	8.23536	1.34	10.9966	0	20.0543	6.84	12.4235	6.70403	14.5831	14.1385	14.3583	13.1681	9.42019	13.7243	16.0858	13.9502	14.5431	16.7428	
12.1501	9.41011	11.7704	3.29577	13.8002	10.3349	4.28053	13.5416	18.5762	7.14181	20.0543	0	5.4424	3.44426	22.3918	15.157	10.1394	8.9545	9.70227	9.93425	12.1079	14.7837	13.5689	7.29956	20.1656	
11.001	15.8003	15.4992	2.14663	11.042	12.1078	6.11359	11.8086	8.18	5.99266	6.84	5.4424	0	15.481	13.544	19.0913	7.29855	7.80535	6.32814	9.90871	13.5437	8.80531	12.683	10.1384	12.9342	
9.29393	5.96585	15.9935	6.74003	10.3043	6.8906	7.72478	9.59308	14.0558	12.3639	12.4235	3.44426	15.481	0	12.1588	11.6529	13.7467	19.69	12.0666	6.48999	18.7052	13.6695	11.02	10.7438	21.0158	
3.10077	15.6926	17.1663	11.9552	16.8411	4.76403	16.9972	2.06155	6.89403	17.2592	6.70403	22.3918	13.544	12.1588	0	18.1897	13.8626	8.90909	17.9008	13.0268	19.9869	9.59016	17.5568	16.7024	11.9491	
18.0508	26.6386	14.6665	12.1466	3.69953	20.4541	15.9281	19.303	13.1338	16.626	14.5831	15.157	19.0913	11.6529	18.1897	0	12.4196	9.00835	10.7395	5.16294	0.749533	12.3424	9.69294	5.55786	10.3353	
9.87796	19.0562	7.31069	9.44517	6.66964	20.3795	13.4121	13.6624	17.7643	14.3232	14.1385	10.1394	7.29855	13.7467	13.8626	12.4196	0	4.06964	4.03822	7.25667	7.64813	6.51539	8.31063	2.83981	5.63567	
5.80831	14.9866	12.2703	5.65873	2.6	8.21164	12.1197	7.06051	9.60157	9.50476	14.3583	8.9545	7.80535	19.69	8.90909	9.00835	4.06964	0	8.10786	6.41435	5.55	8.10354	4.24099	6.90945	9.70532	
15.2609	20.4463	10.6156	6.4065	8.22164	16.3677	12.4417	10.0058	21.55	10.2525	13.1681	9.70227	6.32814	12.0666	17.9008	10.7395	4.03822	8.10786	0	5.5766	11.1716	2.47718	6.33973	6.87802	9.67389	
16.1275	12.4558	9.50352	7.76209	3.81435	13.3806	13.3341	14.7081	10.7602	11.6081	9.42019	9.93425	9.90871	6.48999	13.0268	5.16294	7.25667	6.41435	5.5766	0	5.91248	7.17948	4.53	5.12289	12.8923	
15.7785	20.4743	9.27921	11.3971	2.95	21.3583	12.4697	19.5629	12.3843	13.1676	13.7243	12.1079	13.5437	18.7052	19.9869	0.749533	7.64813	5.55	11.1716	5.91248	0	13.3768	9.51428	4.80833	9.58579	
8.78081	15.4427	8.13842	8.88367	10.6988	10.2311	10.5031	7.52861	17.7021	16.9958	16.0858	14.7837	8.80531	13.6695	9.59016	12.3424	6.51539	8.10354	2.47718	7.17948	13.3768	0	3.86255	10.1318	13.5775	
10.0493	11.5802	10.7402	9.89972	6.84099	28.3511	14.3657	11.3912	19.6701	14.4945	13.9502	13.5689	12.683	11.02	17.5568	9.69294	8.31063	4.24099	6.33973	4.53	9.51428	3.86255	0	6.26929	11.9784	
26.8259	17.8494	4.47088	10.5953	7.75833	24.8706	11.5801	23.2809	14.0345	16.2192	14.5431	7.29956	10.1384	10.7438	16.7024	5.55786	2.83981	6.90945	6.87802	5.12289	4.80833	10.1318	6.26929	0	8.47548	
8.84828	23.4928	9.5	17.4715	12.5358	11.2516	23.5014	10.1005	12.6415	21.3175	16.7428	20.1656	12.9342	21.0158	11.9491	10.3353	5.63567	9.70532	9.67389	12.8923	9.58579	13.5775	11.9784	8.47548	0	

0	7.43368	12.291	5.59723	8.48807	2.46658	14.26	0.98387	3.75203	8.33386	4.30291	10.056	10.4046	9.47692	2.01465	10.0668	6.22254	6.63807	14.0103	11.6238	12.4003	17.2893	15.1201	8.36916	10.6921	
7.43368	0	15.9545	13.7662	23.9539	8.13248	10.9697	6.44981	9.4177	16.8819	9.76884	13.3369	10.0319	6.62873	7.48058	29.2777	23.8592	20.0621	20.8674	15.3302	15.7831	18.9541	11.5802	16.6835	12.5879	
12.291	15.9545	0	12.5674	9.86624	11.2054	13.6667	12.8881	15.0506	6.08276	10.7531	9.97878	10.815	9.32575	15.4027	11.7488	6.06845	17.9678	13.9745	11.4697	13.0776	9.63996	12.3327	5.62466	17.3398	
5.59723	13.7662	12.5674	0	10.5045	3.13065	11.5314	4.81333	7.99405	6.4846	7.21405	11.3521	3.73423	7.1904	10.2277	17.1506	12.8	8.65452	14.3764	10.4199	12.0614	14.9703	17.1365	10.955	8.86612	
8.48807	23.9539	9.86624	10.5045	0	15.9146	17.0724	17.8826	24.4936	10.0473	14.7177	13.8682	9.31622	24.5228	19.3673	3.98345	3.79779	1.85	8.22164	2.63059	1.65	6.46664	6.38059	5.94441	4.84526	
2.46658	8.13248	11.2054	3.13065	15.9146	0	14.9588	1.68268	4.65057	5.86728	5.00171	10.7548	6.86489	10.3211	2.71345	12.5334	8.68912	9.10465	13.7591	14.6237	17.8606	14.423	17.2302	10.4077	11.3909	
14.26	10.9697	13.6667	11.5314	17.0724	14.9588	0	13.2761	10.0659	16.7425	16.5952	4.38493	17.8776	4.34099	14.3069	20.8639	15.6908	16.223	8.85076	15.0484	16.8429	11.9203	14.2858	8.73905	19.2028	
0.98387	6.44981	12.8881	4.81333	17.8826	1.68268	13.2761	0	2.95379	7.54996	3.31904	9.07214	7.52422	8.69279	1.03078	11.0507	7.20641	7.62194	18.7074	15.252	12.9035	14.249	15.0199	10.2337	9.70824	
3.75203	9.4177	15.0506	7.99405	24.4936	4.65057	10.0659	2.95379	0	5.45039	0.78	12.04	8.41646	5.72489	1.92302	13.8188	9.97457	10.3901	21.8308	15.802	17.8498	19.426	12.052	13.2016	12.6761	
8.33386	16.8819	6.08276	6.4846	10.0473	5.86728	16.7425	7.54996	5.45039	0	4.67039	17.8367	6.85	13.675	9.31991	10.666	12.1512	11.8973	7.89177	12.6779	11.6973	10.9613	17.6706	11.7074	15.3507	
4.30291	9.76884	10.7531	7.21405	14.7177	5.00171	16.5952	3.31904	0.78	4.67039	0	12.3912	10.9483	6.50489	2.70302	14.8668	11.0225	11.4381	12.5622	18.571	17.2301	20.2584	12.832	13.5527	13.0273	
10.056	13.3369	9.97878	11.3521	13.8682	10.7548	4.38493	9.07214	12.04	17.8367	12.3912	0	15.0863	8.72592	10.1029	14.7914	6.50075	16.6972	12.8278	11.7539	11.807	8.36942	11.1766	4.35412	15.6532	
10.4046	10.0319	10.815	3.73423	9.31622	6.86489	17.8776	7.52422	8.41646	6.85	10.9483	15.0863	0	10.9246	6.49344	17.516	12.0869	12.3888	14.7418	6.68563	22.2833	16.4055	10.4356	14.0854	12.6003	
9.47692	6.62873	9.32575	7.1904	24.5228	10.3211	4.34099	8.69279	5.72489	13.675	6.50489	8.72592	10.9246	0	7.64791	21.0746	15.3942	15.8449	13.1918	19.3894	22.2987	27.337	17.7769	14.1949	16.0565	
2.01465	7.48058	15.4027	10.2277	19.3673	2.71345	14.3069	1.03078	1.92302	9.31991	2.70302	10.1029	6.49344	7.64791	0	15.3309	11.4866	11.9022	17.2117	13.1791	16.9488	17.9702	13.975	11.2645	10.739	
10.0668	29.2777	11.7488	17.1506	3.98345	12.5334	20.8639	11.0507	13.8188	10.666	14.8668	14.7914	17.516	21.0746	15.3309	0	11.8217	9.8739	11.4369	10.6545	2.33345	7.15009	8.13122	9.78636	5.52871	
6.22254	23.8592	6.06845	12.8	3.79779	8.68912	15.6908	7.20641	9.97457	12.1512	11.0225	6.50075	12.0869	15.3942	11.4866	11.8217	0	5.64779	10.6203	5.40127	5.44779	6.16192	8.96909	2.14663	11.2713	
6.63807	20.0621	17.9678	8.65452	1.85	9.10465	16.223	7.62194	10.3901	11.8973	11.4381	16.6972	12.3888	15.8449	11.9022	9.8739	5.64779	0	7.3722	4.48059	3.5	10.4417	8.48198	11.3641	13.9931	
14.0103	20.8674	13.9745	14.3764	8.22164	13.7591	8.85076	18.7074	21.8308	7.89177	12.5622	12.8278	14.7418	13.1918	17.2117	11.4369	10.6203	7.3722	0	9.38501	7.88618	3.06954	9.7788	7.08484	10.352	
11.6238	15.3302	11.4697	10.4199	2.63059	14.6237	15.0484	15.252	15.802	12.6779	18.571	11.7539	6.68563	19.3894	13.1791	10.6545	5.40127	4.48059	9.38501	0	4.28059	9.71992	3.75	7.39973	13.7485	
12.4003	15.7831	13.0776	12.0614	1.65	17.8606	16.8429	12.9035	17.8498	11.6973	17.2301	11.807	22.2833	22.2987	16.9488	2.33345	5.44779	3.5	7.88618	4.28059	0	4.81664	5.79777	7.45291	3.19526	
17.2893	18.9541	9.63996	14.9703	6.46664	14.423	11.9203	14.249	19.426	10.9613	20.2584	8.36942	16.4055	27.337	17.9702	7.15009	6.16192	10.4417	3.06954	9.71992	4.81664	0	7.37396	4.0153	8.0119	
15.1201	11.5802	12.3327	17.1365	6.38059	17.2302	14.2858	15.0199	12.052	17.6706	12.832	11.1766	10.4356	17.7769	13.975	8.13122	8.96909	8.48198	9.7788	3.75	5.79777	7.37396	0	6.82246	8.99303	
8.36916	16.6835	5.62466	10.955	5.94441	10.4077	8.73905	10.2337	13.2016	11.7074	13.5527	4.35412	14.0854	14.1949	11.2645	9.78636	2.14663	11.3641	7.08484	7.39973	7.45291	4.0153	6.82246	0	10.6482	
10.6921	12.5879	17.3398	8.86612	4.84526	11.3909	19.2028	9.70824	12.6761	15.3507	13.0273	15.6532	12.6003	16.0565	10.739	5.52871	11.2713	13.9931	10.352	13.7485	3.19526	8.0119	8.99303	10.6482	0	

0	5.36029	9.11607	6.24462	13.8962	2.94092	7.30957	2.14663	0.865852	14.0236	1.95	7.74003	8.73387	18.3926	3.49738	7.98402	7.07107	8.63545	20.4679	8.88523	9.34166	11.2054	8.99344	8.27854	12.4869	
5.36029	0	20.13	12.3215	9.21303	11.2844	13.3864	8.2235	4.49444	15.1801	6.61444	14.5185	11.5367	8.56635	10.2758	16.6446	11.864	10.263	12.0416	16.0956	13.8014	19.3437	12.8843	10.6565	16.1994	
9.11607	20.13	0	20.4501	13.8588	12.057	24.2764	11.2627	9.98193	15.379	11.0661	12.76	17.8499	18.6515	12.6135	17.1001	15.4171	12.8088	12.1578	14.8492	16.2029	13.6085	17.3692	16.6246	8	
6.24462	12.3215	20.4501	0	10.2038	8.44328	9.17824	4.098	9.27893	4.06964	9.81412	7.69013	2.14663	15.9563	6.24201	16.4798	8.48	9.15382	15.9877	10.2942	12.5479	9.68383	7.03121	8.59318	11.4487	
13.8962	9.21303	13.8588	10.2038	0	6.74453	20.2053	11.8055	13.7075	6.73988	10.7147	5.80831	8.55588	17.7794	10.051	7.43153	9.75073	1.05	13.1893	6.19129	4.44411	15.2475	3.67129	8.54325	15.2738	
2.94092	11.2844	12.057	8.44328	6.74453	0	14.2902	5.08754	3.80677	11.0826	3.64005	10.9659	10.5899	15.4517	6.4383	10.9249	8.06417	5.69453	13.7037	6.25	9.08865	12.9219	8.77	11.6891	9.54594	
7.30957	13.3864	24.2764	9.17824	20.2053	14.2902	0	5.16294	16.0262	13.2479	10.8791	13.208	7.25989	6.77804	7.30696	12.7738	12.1105	15.9184	13.6449	10.2963	14.1314	18.8621	12.1445	15.7354	17.8027	
2.14663	8.2235	11.2627	4.098	11.8055	5.08754	5.16294	0	3.01248	8.16764	4.09663	6.38666	6.24462	11.941	2.14401	10.1306	9.21769	10.7555	16.3427	15.3772	10.5683	13.352	12.6644	14.7107	18.6732	
0.865852	4.49444	9.98193	9.27893	13.7075	3.80677	16.0262	3.01248	0	13.3486	2.12	10.28	9.59972	13.0608	4.36324	8.84987	7.93692	12.4845	16.536	13.04	17.5482	11.4018	9.16344	15.151	16.3359	
14.0236	15.1801	15.379	4.06964	6.73988	11.0826	13.2479	8.16764	13.3486	0	10.112	8.62232	6.21627	20.3994	12.865	14.5565	5.73102	10.2459	11.5368	5.58858	14.5021	13.7535	3.06858	4.52354	7.37902	
1.95	6.61444	11.0661	9.81412	10.7147	3.64005	10.8791	4.09663	2.12	10.112	0	12.5278	10.6839	19.0917	5.44738	9.93402	9.02107	9.33459	16.5615	9.56344	16.2845	9.28181	7.04344	13.6936	13.186	
7.74003	14.5185	12.76	7.69013	5.80831	10.9659	13.208	6.38666	10.28	8.62232	12.5278	0	5.97147	18.4787	4.24264	13.2398	5.65052	5.2983	8.29759	7.46469	8.69241	17.374	9.47961	6.858	12.4554	
8.73387	11.5367	17.8499	2.14663	8.55588	10.5899	7.25989	6.24462	9.59972	6.21627	10.6839	5.97147	0	14.0379	9.92378	12.8283	10.6266	11.2698	14.2691	7.40459	11.4706	11.8305	4.88459	11.7735	14.629	
18.3926	8.56635	18.6515	15.9563	17.7794	15.4517	6.77804	11.941	13.0608	20.3994	19.0917	18.4787	14.0379	0	18.8422	10.8393	12.8281	18.9737	20.423	14.6423	12.197	29.7414	20.8892	14.0356	24.9976	
3.49738	10.2758	12.6135	6.24201	10.051	6.4383	7.30696	2.14401	4.36324	12.865	5.44738	4.24264	9.92378	18.8422	0	11.4814	8.31758	9.54094	12.5402	10.1317	12.7124	14.7028	15.3286	9.52505	16.2692	
7.98402	16.6446	17.1001	16.4798	7.43153	10.9249	12.7738	10.1306	8.84987	14.5565	9.93402	13.2398	12.8283	10.8393	11.4814	0	12.8598	4.75176	20.0087	14.0079	1.35765	9.3051	11.1028	14.0673	21.3917	
7.07107	11.864	15.4171	8.48	9.75073	8.06417	12.1105	9.21769	7.93692	5.73102	9.02107	5.65052	10.6266	12.8281	8.31758	12.8598	0	10.9488	13.9481	1.81417	14.2174	10.9818	4.33417	1.20748	14.509	
8.63545	10.263	12.8088	9.15382	1.05	5.69453	15.9184	10.7555	12.4845	10.2459	9.33459	5.2983	11.2698	18.9737	9.54094	4.75176	10.9488	0	13.5959	9.71124	3.39411	11.3416	4.72129	9.59325	15.2405	
20.4679	12.0416	12.1578	15.9877	13.1893	13.7037	13.6449	16.3427	16.536	11.5368	16.5615	8.29759	14.2691	20.423	12.5402	20.0087	13.9481	13.5959	0	12.038	17.2099	9.26248	9.51804	22.6981	4.15779	
8.88523	16.0956	14.8492	10.2942	6.19129	6.25	10.2963	15.3772	13.04	5.58858	9.56344	7.46469	7.40459	14.6423	10.1317	14.0079	1.81417	9.71124	12.038	0	15.989	9.16765	2.52	3.02164	12.6948	
9.34166	13.8014	16.2029	12.5479	4.44411	9.08865	14.1314	10.5683	17.5482	14.5021	16.2845	8.69241	11.4706	12.197	12.7124	1.35765	14.2174	3.39411	17.2099	15.989	0	7.94745	10.5854	15.8433	22.2272	
11.2054	19.3437	13.6085	9.68383	15.2475	12.9219	18.8621	13.352	11.4018	13.7535	9.28181	17.374	11.8305	29.7414	14.7028	9.3051	10.9818	11.3416	9.26248	9.16765	7.94745	0	11.6876	14.4139	13.4203	
8.99344	12.8843	17.3692	7.03121	3.67129	8.77	12.1445	12.6644	9.16344	3.06858	7.04344	9.47961	4.88459	20.8892	15.3286	11.1028	4.33417	4.72129	9.51804	2.52	10.5854	11.6876	0	7.59212	10.4476	
8.27854	10.6565	16.6246	8.59318	8.54325	11.6891	15.7354	14.7107	15.151	4.52354	13.6936	6.858	11.7735	14.0356	9.52505	14.0673	1.20748	9.59325	22.6981	3.02164	15.8433	14.4139	7.59212	0	11.9026	
12.4869	16.1994	8	11.4487	15.2738	9.54594	17.8027	18.6732	16.3359	7.37902	13.186	12.4554	14.629	24.9976	16.2692	21.3917	14.509	15.2405	4.15779	12.6948	22.2272	13.4203	10.4476	11.9026	0	

0	17.7447	16.1603	9.48683	12.0527	4.07934	11.3137	3.36455	3.00987	7.57852	4.68987	10.2224	10.7875	9.58959	1.55039	7.63688	7.71156	13.5071	16.6662	10.2409	8.08943	15.4201	14.5144	10.7555	10.3871	
17.7447	0	18.1976	17.7307	24.8729	12.6403	13.3705	7.72086	13.3822	13.9741	17.6353	19.0043	17.8067	4.07922	18.9069	18.2175	10.3283	15.602	18.9422	9.42119	30.3451	15.8275	11.6112	12.5835	24.4836	
16.1603	18.1976	0	18.3053	18.1412	20.2397	27.474	22.1083	19.1702	21.8979	21.7103	23.675	26.0479	22.2769	17.7107	22.0371	17.0809	19.3694	18.8694	15.8441	23.9502	15.8766	13.6541	14.7106	19.5938	
9.48683	17.7307	18.3053	0	14.4674	9.01249	10.9027	7.99923	11.851	3.75659	11.801	4.63849	3.28702	13.6305	11.0372	12.3783	5.96485	11.5688	15.1426	6.7569	16.2816	15.6405	16.884	3.59462	14.2661	
12.0527	24.8729	18.1412	14.4674	0	17.8886	25.3487	15.1414	20.4906	10.8988	13.4515	12.1556	11.1804	18.5541	18.7629	4.41584	12.6018	8.7	8.04671	6.67714	4.86838	14.1319	4.48714	13.9799	10.4268	
4.07934	12.6403	20.2397	9.01249	17.8886	0	10.8432	4.53813	5.90246	8.78077	4.22246	10.5292	6.7082	8.17978	3.39366	11.7162	9.55482	15.8457	19.9147	13.7486	16.0679	17.4002	13.1868	12.6071	14.4664	
11.3137	13.3705	27.474	10.9027	25.3487	10.8432	0	8.64899	8.30069	14.4499	6.62069	6.26418	15.1184	9.29124	11.9899	14.004	13.9943	21.0379	24.9552	14.9014	20.9023	22.7748	15.5851	15.2286	21.7008	
3.36455	7.72086	22.1083	7.99923	15.1414	4.53813	8.64899	0	3.7083	4.24264	2.0283	5.99103	8.39264	3.64165	1.81417	13.5848	7.97534	12.0548	19.3938	9.33999	17.9365	17.6943	10.9927	10.8031	14.7522	
3.00987	13.3822	19.1702	11.851	20.4906	5.90246	8.30069	3.7083	0	10.5884	1.68	7.21249	15.9385	9.30295	2.95161	10.6468	9.11278	11.7906	21.3165	14.8683	14.9985	26.1671	10.6444	13.7654	13.397	
7.57852	13.9741	21.8979	3.75659	10.8988	8.78077	14.4499	4.24264	10.5884	0	6.27094	8.39509	4.15	7.88429	6.05681	10.2636	3.78566	7.8122	14.7465	4.69274	10.7161	13.4517	11.9174	6.15589	10.5095	
4.68987	17.6353	21.7103	11.801	13.4515	4.22246	6.62069	2.0283	1.68	6.27094	0	7.16247	10.9307	5.66995	3.84247	13.1869	10.4612	13.4706	14.1797	11.1544	17.5386	19.5946	8.96437	16.1268	14.9041	
10.2224	19.0043	23.675	4.63849	12.1556	10.5292	6.26418	5.99103	7.21249	8.39509	7.16247	0	7.92551	9.63268	7.8052	7.73977	11.3346	15.6541	19.1916	12.1267	8.19232	21.0103	16.1228	8.23311	17.4166	
10.7875	17.8067	26.0479	3.28702	11.1804	6.7082	15.1184	8.39264	15.9385	4.15	10.9307	7.92551	0	15.0335	10.1019	14.4136	7.93566	11.9622	13.2065	18.8033	16.5064	17.6017	15.6675	6.88164	14.6595	
9.58959	4.07922	22.2769	13.6305	18.5541	8.17978	9.29124	3.64165	9.30295	7.88429	5.66995	9.63268	15.0335	0	5.45581	14.1382	12.0746	21.0936	25.5901	13.5004	14.5908	25.9612	22.5213	22.8716	24.0526	
1.55039	18.9069	17.7107	11.0372	18.7629	3.39366	11.9899	1.81417	2.95161	6.05681	3.84247	7.8052	10.1019	5.45581	0	9.18727	6.16117	13.2048	17.122	7.06825	13.539	17.8543	14.2929	8.5314	11.9375	
7.63688	18.2175	22.0371	12.3783	4.41584	11.7162	14.004	13.5848	10.6468	10.2636	13.1869	7.73977	14.4136	14.1382	9.18727	0	14.0492	9.64494	11.4518	10.5731	0.452548	17.537	8.38305	16.7041	3.23104	
7.71156	10.3283	17.0809	5.96485	12.6018	9.55482	13.9943	7.97534	9.11278	3.78566	10.4612	11.3346	7.93566	12.0746	6.16117	14.0492	0	7.04361	10.4281	0.907083	13.7452	7.31339	3.09708	2.37023	10.1636	
13.5071	15.602	19.3694	11.5688	8.7	15.8457	21.0379	12.0548	11.7906	7.8122	13.4706	15.6541	11.9622	21.0936	13.2048	9.64494	7.04361	0	9.39911	6.18081	5.89849	8.15302	8.37081	9.34309	3.12	
16.6662	18.9422	18.8694	15.1426	8.04671	19.9147	24.9552	19.3938	21.3165	14.7465	14.1797	19.1916	13.2065	25.5901	17.122	11.4518	10.4281	9.39911	0	7.40536	9.0576	6.08524	5.21536	12.6833	6.27911	
10.2409	9.42119	15.8441	6.7569	6.67714	13.7486	14.9014	9.33999	14.8683	4.69274	11.1544	12.1267	18.8033	13.5004	7.06825	10.5731	0.907083	6.18081	7.40536	0	14.835	6.40631	2.19	3.16228	8.1297	
8.08943	30.3451	23.9502	16.2816	4.86838	16.0679	20.9023	17.9365	14.9985	10.7161	17.5386	8.19232	16.5064	14.5908	13.539	0.452548	13.7452	5.89849	9.0576	14.835	0	7.81151	8.71819	15.1831	2.77849	
15.4201	15.8275	15.8766	15.6405	14.1319	17.4002	22.7748	17.6943	26.1671	13.4517	19.5946	21.0103	17.6017	25.9612	17.8543	17.537	7.31339	8.15302	6.08524	6.40631	7.81151	0	8.59631	9.56859	5.03302	
14.5144	11.6112	13.6541	16.884	4.48714	13.1868	15.5851	10.9927	10.6444	11.9174	8.96437	16.1228	15.6675	22.5213	14.2929	8.38305	3.09708	8.37081	5.21536	2.19	8.71819	8.59631	0	5.35228	5.9397	
10.7555	12.5835	14.7106	3.59462	13.9799	12.6071	15.2286	10.8031	13.7654	6.15589	16.1268	8.23311	6.88164	22.8716	8.5314	16.7041	2.37023	9.34309	12.6833	3.16228	15.1831	9.56859	5.35228	0	12.4047	
10.3871	24.4836	19.5938	14.2661	10.4268	14.4664	21.7008	14.7522	13.397	10.5095	14.9041	17.4166	14.6595	24.0526	11.9375	3.23104	10.1636	3.12	6.27911	8.1297	2.77849	5.03302	5.9397	12.4047	0	

0	12.6735	20.912	4.9081	13.2863	2.43495	12.7074	1.38636	5.23495	7.58852	4.25498	4.38347	4.43852	8.19928	4.93217	11.4553	11.9175	9.36743	12.9576	10.935	10.9932	12.3779	9.25815	18.0862	24.1885	
12.6735	0	12.2636	11.0507	21.1162	13.1228	8.4749	11.2872	11.4608	20.7059	12.1008	19.646	17.5559	5.25199	17.4718	25.5168	20.3288	24.4476	17.8737	18.5732	20.9899	17.7337	15.5685	21.2054	12.1037	
20.912	12.2636	0	15.6774	12.8251	15.413	20.7385	17.784	18.198	13.0475	22.9369	18.8108	15.2809	17.5156	17.1386	9.33435	11.2123	11.6254	11.196	7.52362	8.72624	5.47008	8.42362	8.94177	13.9931	
4.9081	11.0507	15.6774	0	12.6082	4.45881	5.09902	6.29446	7.25881	3.61957	6.27884	3.97009	0.469574	5.79871	6.95603	8.51631	15.9494	10.1524	18.4615	12.5873	7.02421	10.2073	15.1188	18.7389	19.2199	
13.2863	21.1162	12.8251	12.6082	0	12.4325	17.1355	15.4218	19.915	9.02131	21.6932	10.9866	11.2546	22.0958	14.5426	1.83096	3.45254	5.5	8.93297	7.28702	2.43907	9.1947	5.712	3.8833	9.01249	
2.43495	13.1228	15.413	4.45881	12.4325	0	9.55783	1.83565	2.46003	6.3036	1.82003	6.81842	4.92839	9.11894	2.49722	10.7257	12.3345	6.93247	12.1724	8.5	9.83161	9.94296	9.4	15.0775	14.1248	
12.7074	8.4749	20.7385	5.09902	17.1355	9.55783	0	12.1081	13.0724	12.0308	12.0925	11.1711	5.56859	10.8977	12.7697	18.9664	18.7052	15.2514	19.7453	18.7724	13.0072	15.3063	20.9324	21.0188	20.5786	
1.38636	11.2872	17.784	6.29446	15.4218	1.83565	12.1081	0	4.05123	7.8948	3.41123	5.76983	5.82489	7.2833	4.33287	11.7528	11.9693	8.76812	13.9328	8.77179	17.2568	11.7786	7.87179	15.301	11.3366	
5.23495	11.4608	18.198	7.25881	19.915	2.46003	13.0724	4.05123	0	5.12357	0.64	11.0629	8.4462	13.7753	4.18175	15.8231	17.1722	9.73247	13.1527	11.3	15.215	12.7279	13.46	23.9805	18.9227	
7.58852	20.7059	13.0475	3.61957	9.02131	6.3036	12.0308	7.8948	5.12357	0	4.48357	6.65051	3.15	12.7305	8.02532	4.92942	9.31854	7.22045	12.5124	8.84	4.32131	15.0607	9.74	12.6503	15.3095	
4.25498	12.1008	22.9369	6.27884	21.6932	1.82003	12.0925	3.41123	0.64	4.48357	0	10.1335	7.52331	10.6945	3.54175	17.1621	13.8021	8.7525	13.7927	10.32	8.80488	11.763	11.283	20.316	20.8352	
4.38347	19.646	18.8108	3.97009	10.9866	6.81842	11.1711	5.76983	11.0629	6.65051	10.1335	0	3.50051	12.5827	9.39519	15.8388	7.53403	13.2668	8.57418	11.2872	10.0551	13.2762	12.1872	10.8658	14.3442	
4.43852	17.5559	15.2809	0.469574	11.2546	4.92839	5.56859	5.82489	8.4462	3.15	7.52331	3.50051	0	6.26828	9.45024	7.16274	11.0345	9.45377	12.0747	11.99	6.55463	10.6769	13.0177	17.2032	18.5872	
8.19928	5.25199	17.5156	5.79871	22.0958	9.11894	10.8977	7.2833	13.7753	12.7305	10.6945	12.5827	6.26828	0	13.211	14.7266	16.856	15.9511	28.7477	11.7456	13.7069	16.006	10.8456	21.0793	14.3104	
4.93217	17.4718	17.1386	6.95603	14.5426	2.49722	12.7697	4.33287	4.18175	8.02532	3.54175	9.39519	9.45024	13.211	0	12.0403	11.0901	9.42969	13.2874	9.615	11.4322	12.4402	10.515	14.4218	16.0845	
11.4553	25.5168	9.33435	8.51631	1.83096	10.7257	18.9664	11.7528	15.8231	4.92942	17.1621	15.8388	7.16274	14.7266	12.0403	0	5.28349	3.50725	13.8139	4.78104	0.608112	10.2016	3.88104	5.71425	7.34587	
11.9175	20.3288	11.2123	15.9494	3.45254	12.3345	18.7052	11.9693	17.1722	9.31854	13.8021	7.53403	11.0345	16.856	11.0901	5.28349	0	8.95254	5.48044	3.83449	8.15254	5.74217	4.73449	3.33174	8.22503	
9.36743	24.4476	11.6254	10.1524	5.5	6.93247	15.2514	8.76812	9.73247	7.22045	8.7525	13.2668	9.45377	15.9511	9.42969	3.50725	8.95254	0	18.25	6.80051	2.89914	12.221	5.90051	8.5865	9.36533	
12.9576	17.8737	11.196	18.4615	8.93297	12.1724	19.7453	13.9328	13.1527	12.5124	13.7927	8.57418	12.0747	28.7477	13.2874	13.8139	5.48044	18.25	0	3.6724	16.619	8.72397	4.5724	8.81218	5.76999	
10.935	18.5732	7.52362	12.5873	7.28702	8.5	18.7724	8.77179	11.3	8.84	10.32	11.2872	11.99	11.7456	9.615	4.78104	3.83449	6.80051	3.6724	0	10.7496	7.22054	0.9	6.57754	4.36482	
10.9932	20.9899	8.72624	7.02421	2.43907	9.83161	13.0072	17.2568	15.215	4.32131	8.80488	10.0551	6.55463	13.7069	11.4322	0.608112	8.15254	2.89914	16.619	10.7496	0	14.0614	4.48916	8.5833	13.7125	
12.3779	17.7337	5.47008	10.2073	9.1947	9.94296	15.3063	11.7786	12.7279	15.0607	11.763	13.2762	10.6769	16.006	12.4402	10.2016	5.74217	12.221	8.72397	7.22054	14.0614	0	6.32054	9.07391	9.01262	
9.25815	15.5685	8.42362	15.1188	5.712	9.4	20.9324	7.87179	13.46	9.74	11.283	12.1872	13.0177	10.8456	10.515	3.88104	4.73449	5.90051	4.5724	0.9	4.48916	6.32054	0	7.47754	3.46482	
18.0862	21.2054	8.94177	18.7389	3.8833	15.0775	21.0188	15.301	23.9805	12.6503	20.316	10.8658	17.2032	21.0793	14.4218	5.71425	3.33174	8.5865	8.81218	6.57754	8.5833	9.07391	7.47754	0	11.5568	
24.1885	12.1037	13.9931	19.2199	9.01249	14.1248	20.5786	11.3366	18.9227	15.3095	20.8352	14.3442	18.5872	14.3104	16.0845	7.34587	8.22503	9.36533	5.76999	4.36482	13.7125	9.01262	3.46482	11.5568	0	

0	7.07094	16.3461	6.91954	7.80831	3.13065	25.3427	3.84604	2.72125	4.83735	6.25	9.76707	10.7374	9.70773	5.04777	9.60157	10.5158	5.80831	22.7317	11.8273	10.1518	14.4782	10.9713	13.5259	14.0908	
7.07094	0	18.6601	6.2984	11.3778	4.49966	7.93023	3.2249	11.3476	14.9531	9.21761	11.9547	9.98907	2.29456	6.95452	14.9308	11.54	14.8982	13.3919	13.7416	17.0097	11.2528	12.846	14.2964	9.68297	
16.3461	18.6601	0	14.9538	14.7508	13.7361	14.5869	16.0888	13.6761	14.206	10.0961	9.68	12.8072	15.8959	16.1676	12.7475	12.6838	13.4336	8.60707	9.58855	18.9513	6.93767	14.1946	9.37443	18	
6.91954	6.2984	14.9538	0	9.10798	4.34825	14.3738	3.0735	9.76729	7.1107	9.0662	10.5706	2.14663	10.137	10.0415	13.0727	6.4	12.2724	16.4537	5.89919	14.4048	8.55007	6.42064	6.65661	10.9039	
7.80831	11.3778	14.7508	9.10798	0	9.42769	19.1885	8.15294	12.5306	12.4274	13.9553	8.26163	6.96136	15.1928	15.121	2.80029	11.8611	2	12.1435	10.4324	4.87918	8.61007	7.16294	11.4713	7.30486	
3.13065	4.49966	13.7361	4.34825	9.42769	0	11.5434	1.27475	5.8519	7.74999	3.64005	6.63641	12.2498	16.1215	8.17843	12.993	10.807	8.93897	15.7411	14.03	12.4953	19.2169	10.8958	19.9398	10.9602	
25.3427	7.93023	14.5869	14.3738	19.1885	11.5434	0	13.6367	23.419	14.7748	25.3672	4.90694	10.2829	5.63567	10.2956	19.1318	9.07757	11.1686	21.4183	8.93521	33.4271	8.34684	13.3617	5.77294	17.4736	
3.84604	3.2249	16.0888	3.0735	8.15294	1.27475	13.6367	0	6.56729	8.68339	4.91481	7.91117	5.22012	5.51946	6.96805	10.9532	9.4735	9.65435	13.4022	8.97269	13.2529	14.9474	9.62107	13.6862	12.2349	
2.72125	11.3476	13.6761	9.76729	12.5306	5.8519	23.419	6.56729	0	7.5586	3.58	13.9864	11.9139	8.37183	3.71187	9.50945	16.1673	8.52956	24.9536	14.5486	7.43056	17.2168	17.7437	12.19	18.3102	
4.83735	14.9531	14.206	7.1107	12.4274	7.74999	14.7748	8.68339	7.5586	0	4.10994	9.84911	5.9	19.8679	9.88513	9.40633	5.67849	10.6457	19.8122	11.6982	7.32743	14.2395	10.174	8.98787	14.0558	
6.25	9.21761	10.0961	9.0662	13.9553	3.64005	25.3672	4.91481	3.58	4.10994	0	10.2765	10.0099	10.7315	6.07157	10.9342	9.78842	12.0583	27.4471	17.3609	8.85528	17.0337	15.6001	14.5497	14.6002	
9.76707	11.9547	9.68	10.5706	8.26163	6.63641	4.90694	7.91117	13.9864	9.84911	10.2765	0	8.9572	10.5426	15.6978	10.0549	4.17062	6.26163	12.2359	10.1904	15.949	12.7317	8.45473	7.48	12.548	
10.7374	9.98907	12.8072	2.14663	6.96136	12.2498	10.2829	5.22012	11.9139	5.9	10.0099	8.9572	0	14.9038	12.9882	9.76164	7.81937	8.96136	8.05515	6.34401	12.0614	7.0839	4.27401	4.50999	12.1936	
9.70773	2.29456	15.8959	10.137	15.1928	16.1215	5.63567	5.51946	8.37183	19.8679	10.7315	10.5426	14.9038	0	4.65996	14.768	13.8345	20.0942	10.6276	11.6091	21.6812	8.9582	16.2151	11.4086	11.9775	
5.04777	6.95452	16.1676	10.0415	15.121	8.17843	10.2956	6.96805	3.71187	9.88513	6.07157	15.6978	12.9882	4.65996	0	15.1189	11.7876	10.8561	17.7495	11.6404	11.1424	11.0521	16.5891	8.47817	22.4217	
9.60157	14.9308	12.7475	13.0727	2.80029	12.993	19.1318	10.9532	9.50945	9.40633	10.9342	10.0549	9.76164	14.768	15.1189	0	13.6543	3.79326	7.47919	8.46067	2.07889	5.80978	7.4516	8.38369	10.1051	
10.5158	11.54	12.6838	6.4	11.8611	10.807	9.07757	9.4735	16.1673	5.67849	9.78842	4.17062	7.81937	13.8345	11.7876	13.6543	0	9.86106	10.2305	6.01973	13.0059	5.88329	8.08973	3.30938	8.37735	
5.80831	14.8982	13.4336	12.2724	2	8.93897	11.1686	9.65435	8.52956	10.6457	12.0583	6.26163	8.96136	20.0942	10.8561	3.79326	9.86106	0	8.94408	7.23294	5.87215	9.60304	5.16294	9.8387	9.30486	
22.7317	13.3919	8.60707	16.4537	12.1435	15.7411	21.4183	13.4022	24.9536	19.8122	27.4471	12.2359	8.05515	10.6276	17.7495	7.47919	10.2305	8.94408	0	4.32029	20.8771	1.6694	3.78114	4.24331	5.09117	
11.8273	13.7416	9.58855	5.89919	10.4324	14.03	8.93521	8.97269	14.5486	11.6982	17.3609	10.1904	6.34401	11.6091	11.6404	8.46067	6.01973	7.23294	4.32029	0	8.50562	2.65089	2.07	3.16228	5.00469	
10.1518	17.0097	18.9513	14.4048	4.87918	12.4953	33.4271	13.2529	7.43056	7.32743	8.85528	15.949	12.0614	21.6812	11.1424	2.07889	13.0059	5.87215	20.8771	8.50562	0	7.88868	9.5305	11.6679	12.4049	
14.4782	11.2528	6.93767	8.55007	8.61007	19.2169	8.34684	14.9474	17.2168	14.2395	17.0337	12.7317	7.0839	8.9582	11.0521	5.80978	5.88329	9.60304	1.6694	2.65089	7.88868	0	4.72089	2.57391	6.76057	
10.9713	12.846	14.1946	6.42064	7.16294	10.8958	13.3617	9.62107	17.7437	10.174	15.6001	8.45473	4.27401	16.2151	16.5891	7.4516	8.08973	5.16294	3.78114	2.07	9.5305	4.72089	0	5.23228	7.07469	
13.5259	14.2964	9.37443	6.65661	11.4713	19.9398	5.77294	13.6862	12.19	8.98787	14.5497	7.48	4.50999	11.4086	8.47817	8.38369	3.30938	9.8387	4.24331	3.16228	11.6679	2.57391	5.23228	0	8.16697	
14.0908	9.68297	18	10.9039	7.30486	10.9602	17.4736	12.2349	18.3102	14.0558	14.6002	12.548	12.1936	11.9775	22.4217	10.1051	8.37735	9.30486	5.09117	5.00469	12.4049	6.76057	7.07469	8.16697	0	

0	15.0524	19.5553	4.93315	14.0394	5.18614	5.88313	3.39882	6.6382	8.31535	8.05	9.90148	7.95184	7.78707	5.66072	18.7073	12.276	13.7584	21.372	16.7096	13.451	19.5915	12.5475	11.0462	13.7993	
15.0524	0	24.831	10.1193	16.7716	14.7248	5.32029	13.8447	20.6496	11.5955	17.2896	21.7857	13.138	3.41634	21.2109	20.3521	26.6418	19.9388	32.6636	30.491	19.8713	24.7475	17.7336	21.3128	18.9854	
19.5553	24.831	0	19.7123	13.4728	22.5353	14.0014	19.1644	20.3011	20.0731	27.1977	17.82	13.7708	15.9054	23.2764	16.1476	9.43169	16.8701	14.3202	12.1476	23.6114	6.404	13.895	8.5091	11.75	
4.93315	10.1193	19.7123	0	16.0196	7.19886	5.7109	8.33198	11.5714	4.06964	11.3822	13.7499	3.01869	7.61485	10.5939	11.5513	12.0691	9.81956	12.7693	11.1544	14.255	15.1054	7.61435	8.28035	8.86612	
14.0394	16.7716	13.4728	16.0196	0	10.5648	10.6621	13.9252	10.8691	20.7125	7.50906	18.7011	24.8921	12.566	11.4303	2.78083	9.0705	6.2	14.6234	8.81247	2.3	7.06884	11.071	10.7243	10.7201	
5.18614	14.7248	22.5353	7.19886	10.5648	0	9.39513	4.23219	6.02	3.12922	9.38	4.71535	9.82922	14.6605	8.97376	8.74566	13.2948	16.8208	21.2969	12.38	8.26482	16.331	8.84	14.831	16.322	
5.88313	5.32029	14.0014	5.7109	10.6621	9.39513	0	5.16294	6.29971	9.78055	9.65971	8.03904	8.72959	1.90394	9.90452	19.4851	18.4491	15.5305	15.4888	17.5343	12.9621	17.7309	13.3253	16.9293	14.577	
3.39882	13.8447	19.1644	8.33198	13.9252	4.23219	5.16294	0	3.82702	7.3614	7.18702	8.94753	12.7514	7.06689	4.74157	12.106	18.3957	12.8392	20.6518	13.3108	11.6252	17.8277	13.0722	14.445	18.5989	
6.6382	20.6496	20.3011	11.5714	10.8691	6.02	6.29971	3.82702	0	9.14922	3.36	10.7353	16.8557	8.20366	7.28122	10.0344	16.3241	10.8837	19.6506	17.1378	9.55358	14.0007	14.86	17.6844	22.194	
8.31535	11.5955	20.0731	4.06964	20.7125	3.12922	9.78055	7.3614	9.14922	0	15.4518	7.84456	6.7	15.0119	13.0541	15.0935	21.7989	13.8892	17.096	16.1292	11.394	21.3861	11.684	11.9617	12.9358	
8.05	17.2896	27.1977	11.3822	7.50906	9.38	9.65971	7.18702	3.36	15.4518	0	10.0731	14.4009	15.9729	3.92122	8.31435	14.604	12.0189	29.3353	16.3215	7.83352	14.5779	16.6045	19.0962	18.2292	
9.90148	21.7857	17.82	13.7499	18.7011	4.71535	8.03904	8.94753	10.7353	7.84456	10.0731	0	12.8695	9.94298	6.15183	18.0618	15.1886	14.2495	21.0206	14.1896	12.9802	18.6476	13.5553	13.9588	23.8072	
7.95184	13.138	13.7708	3.01869	24.8921	9.82922	8.72959	12.7514	16.8557	6.7	14.4009	12.8695	0	19.2895	19.0214	16.5478	6.49149	12.8382	21.1532	14.4323	17.0286	13.807	10.633	5.26165	11.8848	
7.78707	3.41634	15.9054	7.61485	12.566	14.6605	1.90394	7.06689	8.20366	15.0119	15.9729	9.94298	19.2895	0	15.1699	22.8331	22.8497	19.5552	17.3928	22.1677	15.6552	20.424	15.8982	24.94	24.0753	
5.66072	21.2109	23.2764	10.5939	11.4303	8.97376	9.90452	4.74157	7.28122	13.0541	3.92122	6.15183	19.0214	15.1699	0	9.82936	23.2806	8.09765	16.8646	18.0524	11.7547	21.7375	18.7648	16.7069	27.8577	
18.7073	20.3521	16.1476	11.5513	2.78083	8.74566	19.4851	12.106	10.0344	15.0935	8.31435	18.0618	16.5478	22.8331	9.82936	0	7.25133	1.7317	10.4986	3.87221	0.480833	9.6158	7.41221	13.0428	14.6511	
12.276	26.6418	9.43169	12.0691	9.0705	13.2948	18.4491	18.3957	16.3241	21.7989	14.604	15.1886	6.49149	22.8497	23.2806	7.25133	0	15.0427	6.77844	6.1022	6.7705	3.02769	4.45477	1.22984	10.6817	
13.7584	19.9388	16.8701	9.81956	6.2	16.8208	15.5305	12.8392	10.8837	13.8892	12.0189	14.2495	12.8382	19.5552	8.09765	1.7317	15.0427	0	8.76694	5.60391	2.21254	13.2688	11.4322	16.4127	12.6702	
21.372	32.6636	14.3202	12.7693	14.6234	21.2969	15.4888	20.6518	19.6506	17.096	29.3353	21.0206	21.1532	17.3928	16.8646	10.4986	6.77844	8.76694	0	8.2969	13.5489	7.91619	11.2332	8.00827	3.90323	
16.7096	30.491	12.1476	11.1544	8.81247	12.38	17.5343	13.3108	17.1378	16.1292	16.3215	14.1896	14.4323	22.1677	18.0524	3.87221	6.1022	5.60391	8.2969	0	4.35304	5.74359	3.54	7.33203	12.2001	
13.451	19.8713	23.6114	14.255	2.3	8.26482	12.9621	11.6252	9.55358	11.394	7.83352	12.9802	17.0286	15.6552	11.7547	0.480833	6.7705	2.21254	13.5489	4.35304	0	9.36884	8.77098	8.00034	13.0201	
19.5915	24.7475	6.404	15.1054	7.06884	16.331	17.7309	17.8277	14.0007	21.3861	14.5779	18.6476	13.807	20.424	21.7375	9.6158	3.02769	13.2688	7.91619	5.74359	9.36884	0	7.48246	4.25753	8.19329	
12.5475	17.7336	13.895	7.61435	11.071	8.84	13.3253	13.0722	14.86	11.684	16.6045	13.5553	10.633	15.8982	18.7648	7.41221	4.45477	11.4322	11.2332	3.54	8.77098	7.48246	0	5.68461	9.99849	
11.0462	21.3128	8.5091	8.28035	10.7243	14.831	16.9293	14.445	17.6844	11.9617	19.0962	13.9588	5.26165	24.94	16.7069	13.0428	1.22984	16.4127	8.00827	7.33203	8.00034	4.25753	5.68461	0	16.7387	
13.7993	18.9854	11.75	8.86612	10.7201	16.322	14.577	18.5989	22.194	12.9358	18.2292	23.8072	11.8848	24.0753	27.8577	14.6511	10.6817	12.6702	3.90323	12.2001	13.0201	8.19329	9.99849	16.7387	0	

0	7.08243	14.9817	3.92122	13.7728	2.87767	5.98512	1.74413	3.25725	6.93354	4.3	10.3609	3.43628	10.0451	4.67055	12.7761	11.1693	10.131	12.1108	8.44808	12.8781	14.7495	11.3881	10.8026	12.9645	
7.08243	0	17.7285	8.66357	12.9952	4.20476	11.2567	8.53893	5.84277	14.4801	6.7554	5.9503	10.9828	2.49852	5.04777	18.4506	12.94	13.7787	12.5884	14.4235	19.0154	12.1566	17.8922	12.3585	12.769	
14.9817	17.7285	0	17.9826	12.0579	13.5238	23.7552	17.8579	15.1144	16.4371	20.2215	18.2083	14.4332	16.9269	14.917	9.99082	9.1017	10.4987	13.9053	6.53367	9.45342	13.4751	9.47367	7.06688	11.0501	
3.92122	8.66357	17.9826	0	12.4867	4.45881	6.52674	5.66536	7.17848	6.72676	6.24685	7.8122	2.52676	11.5974	4.53922	8.85483	12.8568	10.8182	13.8073	12.3693	9.39223	15.1488	12.9408	9.89307	12.8747	
13.7728	12.9952	12.0579	12.4867	0	9.74033	15.877	13.39	12.5674	7.66322	9.63095	15.0153	10.3366	15.0802	7.94745	3.82347	7.0777	3.8	10.1459	5.52424	4.36087	10.1174	8.46424	8.87625	6.79	
2.87767	4.20476	13.5238	4.45881	9.74033	0	8.57516	4.33417	5.67	9.81121	3.5005	10.1551	6.31395	6.70328	1.79287	13.3136	10.1105	12.5287	14.9884	10.75	15.18	16.3614	13.69	9.64303	10.1283	
5.98512	11.2567	23.7552	6.52674	15.877	8.57516	0	4.24099	12.5345	9.74044	11.5862	6.47299	5.54044	8.75814	9.68349	15.3816	13.8387	14.7058	13.1111	9.35405	19.1989	19.0551	6.41405	12.9068	16.5115	
1.74413	8.53893	17.8579	5.66536	13.39	4.33417	4.24099	0	5.00139	8.67767	6.04413	10.714	5.18041	11.6895	5.4425	14.0931	13.7601	10.4648	13.8549	10.1922	14.7781	21.3476	10.655	13.2927	13.4548	
