10
5
3
3
50

6	7
19	44
37	23
35	6
5	8

26	20
20	33
15	46
20	26
17	19
15	12
5	30
13	40
38	5
9	40

70

1.79769e+308
1.79769e+308
1.79769e+308
1.79769e+308
1.79769e+308

16
18
15
11
18
16
15
15
15
16

0
0
0
0
0

0

0	10.3605	12.9588	13.3239	0.29995	7.52642	10.8557	11.8048	14.4439	9.94874	9.5025	7.22848	11.4769	7.23673	13.2418	
10.3605	0	8.83687	3.15636	10.0605	6.64009	3.29871	3.25797	4.15912	4.46777	6.97773	4.14523	3.32775	3.6137	3.86625	
12.9588	8.83687	0	4.55354	9.42325	2.19678	3.20692	15.8829	2.34651	3.20657	3.45633	10.2447	12.8628	4.0962	4.92162	
13.3239	3.15636	4.55354	0	7.39413	5.14213	6.45506	6.41433	9.10256	10.3647	3.82137	7.30159	6.48411	0.457346	4.31391	
0.29995	10.0605	9.42325	7.39413	0	7.22648	13.3593	13.3185	9.04181	8.23627	9.47737	7.52843	13.3883	6.93678	9.95132	
7.52642	6.64009	2.19678	5.14213	7.22648	0	2.67575	2.21958	1.81534	1.00979	3.18691	3.73005	3.26334	4.68478	2.72485	
10.8557	3.29871	3.20692	6.45506	13.3593	2.67575	0	5.9144	0.860412	5.29756	8.28003	3.62726	1.40063	4.71869	0.862132	
11.8048	3.25797	15.8829	6.41433	13.3185	2.21958	5.9144	0	8.58715	1.20979	10.7203	3.93005	1.51938	8.90883	2.05788	
14.4439	4.15912	2.34651	9.10256	9.04181	1.81534	0.860412	8.58715	0	2.82513	5.00225	4.48767	6.25876	6.4427	1.72254	
9.94874	4.46777	3.20657	10.3647	8.23627	1.00979	5.29756	1.20979	2.82513	0	4.1967	2.72026	2.72917	5.69457	3.73464	
9.5025	6.97773	3.45633	3.82137	9.47737	3.18691	8.28003	10.7203	5.00225	4.1967	0	6.78837	11.0368	4.27872	5.91176	
7.22848	4.14523	10.2447	7.30159	7.52843	3.73005	3.62726	3.93005	4.48767	2.72026	6.78837	0	4.24839	9.86987	4.4894	
11.4769	3.32775	12.8628	6.48411	13.3883	3.26334	1.40063	1.51938	6.25876	2.72917	11.0368	4.24839	0	4.39506	0.538496	
7.23673	3.6137	4.0962	0.457346	6.93678	4.68478	4.71869	8.90883	6.4427	5.69457	4.27872	9.86987	4.39506	0	3.85656	
13.2418	3.86625	4.92162	4.31391	9.95132	2.72485	0.862132	2.05788	1.72254	3.73464	5.91176	4.4894	0.538496	3.85656	0	

0	2.36136	15.0061	8.40288	0.726502	6.24223	5.33204	3.48119	7.5132	3.98968	1.55785	2.67289	5.27699	4.59103	4.31729	
2.36136	0	15.8656	8.14692	3.08786	3.99568	3.23976	1.11983	4.5907	4.04811	3.91921	7.6741	2.91166	8.076	1.95593	
15.0061	15.8656	0	11.0128	17.2314	0.353649	3.48642	6.54307	13.9768	4.95353	5.03802	8.03538	1.4337	9.54807	6.34791	
8.40288	8.14692	11.0128	0	9.12938	8.03993	4.90716	10.2317	6.25809	9.70376	4.49793	17.5481	16.6509	1.46476	9.12852	
0.726502	3.08786	17.2314	9.12938	0	7.73831	4.60554	8.50066	5.95647	5.52455	2.28436	1.94639	7.16073	10.0668	8.8269	
6.24223	3.99568	0.353649	8.03993	7.73831	0	3.13277	2.87188	3.10346	4.59988	4.68437	7.68173	1.08005	7.71754	3.68851	
5.33204	3.23976	3.48642	4.90716	4.60554	3.13277	0	4.35959	1.35093	5.92127	7.11497	6.46437	3.37433	6.37192	4.22136	
3.48119	1.11983	6.54307	10.2317	8.50066	2.87188	4.35959	0	3.81523	5.48621	6.16266	6.55427	1.79183	13.7411	3.07576	
7.5132	4.5907	13.9768	6.25809	5.95647	3.10346	1.35093	3.81523	0	4.57034	5.95535	5.11343	2.0234	8.98852	4.63186	
3.98968	4.04811	4.95353	9.70376	5.52455	4.59988	5.92127	5.48621	4.57034	0	2.43182	9.68378	3.69438	5.46499	2.09218	
1.55785	3.91921	5.03802	4.49793	2.28436	4.68437	7.11497	6.16266	5.95535	2.43182	0	8.97997	5.76443	3.03317	4.524	
2.67289	7.6741	8.03538	17.5481	1.94639	7.68173	6.46437	6.55427	5.11343	9.68378	8.97997	0	7.13684	16.0834	13.676	
5.27699	2.91166	1.4337	16.6509	7.16073	1.08005	3.37433	1.79183	2.0234	3.69438	5.76443	7.13684	0	12.3042	2.60845	
4.59103	8.076	9.54807	1.46476	10.0668	7.71754	6.37192	13.7411	8.98852	5.46499	3.03317	16.0834	12.3042	0	15.7891	
4.31729	1.95593	6.34791	9.12852	8.8269	3.68851	4.22136	3.07576	4.63186	2.09218	4.524	13.676	2.60845	15.7891	0	

0	14.0622	14.6515	11.0665	0.657286	6.90252	7.99975	7.59947	7.41286	2.54224	8.08567	9.04364	4.39426	4.16592	1.99984	
14.0622	0	2.82279	3.28017	8.28505	9.26812	4.84695	0.52767	10.881	8.51163	4.62915	3.67118	1.03102	10.1807	6.1273	
14.6515	2.82279	0	11.1614	11.4187	5.17343	9.24494	2.29512	12.6668	12.4681	10.0809	14.2475	2.79847	15.3151	7.89475	
11.0665	3.28017	11.1614	0	9.74943	5.98794	5.40821	3.80784	11.4422	7.86447	10.8954	6.95135	7.82825	6.90054	11.4081	
0.657286	8.28505	11.4187	9.74943	0	6.24523	10.0383	4.24032	9.15095	1.88495	8.74296	5.18619	3.73697	4.8232	2.65712	
6.90252	9.26812	5.17343	5.98794	6.24523	0	11.3961	7.46856	15.7833	8.13018	4.90745	5.86542	9.9822	12.5785	14.3197	
7.99975	4.84695	9.24494	5.40821	10.0383	11.3961	0	5.37462	6.03404	8.15336	11.3761	8.51813	7.45316	12.3088	5.99991	
7.59947	0.52767	2.29512	3.80784	4.24032	7.46856	5.37462	0	11.0126	10.173	7.82492	1.95257	0.503349	15.496	5.59963	
7.41286	10.881	12.6668	11.4422	9.15095	15.7833	6.03404	11.0126	0	7.266	11.3513	12.1064	13.8636	12.5913	5.41302	
2.54224	8.51163	12.4681	7.86447	1.88495	8.13018	8.15336	10.173	7.266	0	5.79842	4.84045	5.62192	14.7367	12.679	
8.08567	4.62915	10.0809	10.8954	8.74296	4.90745	11.3761	7.82492	11.3513	5.79842	0	0.957974	2.4072	7.6711	10.0855	
9.04364	3.67118	14.2475	6.95135	5.18619	5.86542	8.51813	1.95257	12.1064	4.84045	0.957974	0	1.44922	8.62908	9.8998	
4.39426	1.03102	2.79847	7.82825	3.73697	9.9822	7.45316	0.503349	13.8636	5.62192	2.4072	1.44922	0	17.5556	6.10298	
4.16592	10.1807	15.3151	6.90054	4.8232	12.5785	12.3088	15.496	12.5913	14.7367	7.6711	8.62908	17.5556	0	6.16576	
1.99984	6.1273	7.89475	11.4081	2.65712	14.3197	5.99991	5.59963	5.41302	12.679	10.0855	9.8998	6.10298	6.16576	0	

0	5.70434	8.86494	7.55944	1.32416	5.57213	5.9987	9.03136	4.02042	0.970115	4.65145	9.95723	5.02707	7.8585	5.60945	
5.70434	0	4.68791	10.3721	7.05974	6.36632	1.64889	1.60601	4.81461	10.9668	5.09795	5.60742	0.677262	8.65269	1.25964	
8.86494	4.68791	0	13.7761	7.54078	2.61432	2.58724	6.29392	4.16603	11.1255	7.60089	8.2209	3.55886	5.18661	6.17805	
7.55944	10.3721	13.7761	0	6.23528	7.10921	3.30763	14.7239	4.54634	5.4502	1.76887	9.5123	6.18956	0.708257	11.8049	
1.32416	7.05974	7.54078	6.23528	0	7.47863	10.128	8.48866	5.34458	2.29427	7.71702	12.9025	6.15198	6.94353	5.5696	
5.57213	6.36632	2.61432	7.10921	7.47863	0	5.20156	15.3215	1.5517	8.18963	7.24086	9.899	8.7158	5.38978	9.29819	
5.9987	1.64889	2.58724	3.30763	10.128	5.20156	0	8.46756	6.43745	8.69498	5.01365	5.90178	0.971623	2.59937	1.55401	
9.03136	1.60601	6.29392	14.7239	8.48866	15.3215	8.46756	0	6.42062	10.0015	11.9166	9.11309	2.28327	15.3377	3.09615	
4.02042	4.81461	4.16603	4.54634	5.34458	1.5517	6.43745	6.42062	0	4.99054	7.32638	8.34729	5.49187	3.83808	6.30475	
0.970115	10.9668	11.1255	5.4502	2.29427	8.18963	8.69498	10.0015	4.99054	0	3.68133	15.2197	5.99719	13.4259	9.60528	
4.65145	5.09795	7.60089	1.76887	7.71702	7.24086	5.01365	11.9166	7.32638	3.68133	0	9.35085	4.42069	2.47712	5.00307	
9.95723	5.60742	8.2209	9.5123	12.9025	9.899	5.90178	9.11309	8.34729	15.2197	9.35085	0	4.93016	8.80404	5.51254	
5.02707	0.677262	3.55886	6.18956	6.15198	8.7158	0.971623	2.28327	5.49187	5.99719	4.42069	4.93016	0	3.571	0.582382	
7.8585	8.65269	5.18661	0.708257	6.94353	5.38978	2.59937	15.3377	3.83808	13.4259	2.47712	8.80404	3.571	0	7.87362	
5.60945	1.25964	6.17805	11.8049	5.5696	9.29819	1.55401	3.09615	6.30475	9.60528	5.00307	5.51254	0.582382	7.87362	0	

0	6.39873	6.56828	5.69655	0.575552	2.19166	4.2738	12.2103	3.21698	3.69528	1.74093	3.2661	12.57	4.25403	13.2427	
6.39873	0	8.02653	13.5991	5.82317	8.55053	6.17422	2.69411	11.9622	10.7942	7.71727	6.21807	3.52406	10.6504	3.5974	
6.56828	8.02653	0	8.62107	6.72144	5.27809	1.67803	5.43683	6.30341	6.12373	4.21091	6.35253	5.85199	10.0636	4.25485	
5.69655	13.5991	8.62107	0	11.8185	19.5396	7.25057	9.39879	13.7404	11.6963	9.78345	14.2778	10.6725	1.44252	9.82739	
0.575552	5.82317	6.72144	11.8185	0	2.34482	4.42697	8.51729	3.37015	3.84845	1.89409	3.41927	9.34723	4.82958	9.42058	
2.19166	8.55053	5.27809	19.5396	2.34482	0	2.98361	5.85642	1.92679	2.40509	0.450734	1.97591	11.2798	13.8127	8.95934	
4.2738	6.17422	1.67803	7.25057	4.42697	2.98361	0	5.67975	4.00893	4.4457	2.53287	4.05805	4.17395	8.69309	2.57682	
12.2103	2.69411	5.43683	9.39879	8.51729	5.85642	5.67975	0	5.78105	11.6847	5.04913	3.52395	6.20377	7.95627	3.10293	
3.21698	11.9622	6.30341	13.7404	3.37015	1.92679	4.00893	5.78105	0	3.43041	1.47606	2.25709	12.3051	12.2978	5.97207	
3.69528	10.7942	6.12373	11.6963	3.84845	2.40509	4.4457	11.6847	3.43041	0	1.95436	3.47954	8.61965	16.4281	7.02252	
1.74093	7.71727	4.21091	9.78345	1.89409	0.450734	2.53287	5.04913	1.47606	1.95436	0	1.52518	6.70683	5.99495	5.1097	
3.2661	6.21807	6.35253	14.2778	3.41927	1.97591	4.05805	3.52395	2.25709	3.47954	1.52518	0	6.81581	11.4802	3.71497	
12.57	3.52406	5.85199	10.6725	9.34723	11.2798	4.17395	6.20377	12.3051	8.61965	6.70683	6.81581	0	9.22995	3.10084	
4.25403	10.6504	10.0636	1.44252	4.82958	13.8127	8.69309	7.95627	12.2978	16.4281	5.99495	11.4802	9.22995	0	11.0592	
13.2427	3.5974	4.25485	9.82739	9.42058	8.95934	2.57682	3.10293	5.97207	7.02252	5.1097	3.71497	3.10084	11.0592	0	

0	5.89144	7.4396	4.6432	2.11468	9.29438	1.88537	6.44161	4.21007	21.5947	4.98742	13.7992	4.3075	8.40443	9.80888	
5.89144	0	7.7013	4.89328	11.445	2.13355	4.00607	2.29496	6.33078	3.05032	2.66652	12.5223	3.1137	6.78028	6.38505	
7.4396	7.7013	0	10.5003	8.24741	5.56776	4.22406	9.42467	1.89936	8.77935	6.10073	9.79552	8.40582	1.30633	4.14705	
4.6432	4.89328	10.5003	0	6.75788	4.77247	6.52857	7.18825	8.69147	7.9436	4.2395	5.63684	8.00699	8.00639	5.16568	
2.11468	11.445	8.24741	6.75788	0	3.40571	4.00005	8.55629	7.32471	14.4953	2.87274	4.27007	14.4957	8.16161	10.3184	
9.29438	2.13355	5.56776	4.77247	3.40571	0	6.13962	4.42851	4.98494	5.18386	0.53297	1.9303	5.24725	4.64673	7.48745	
1.88537	4.00607	4.22406	6.52857	4.00005	6.13962	0	4.18091	2.3247	7.05639	6.77667	10.1753	2.42213	7.29003	10.8994	
6.44161	2.29496	9.42467	7.18825	8.55629	4.42851	4.18091	0	10.8992	5.34528	15.2569	11.1674	1.75878	6.9308	4.09008	
4.21007	6.33078	1.89936	8.69147	7.32471	4.98494	2.3247	10.8992	0	6.87999	4.45197	5.84931	4.74683	3.20569	7.23395	
21.5947	3.05032	8.77935	7.9436	14.4953	5.18386	7.05639	5.34528	6.87999	0	10.8471	14.7761	6.16402	13.9379	9.94363	
4.98742	2.66652	6.10073	4.2395	2.87274	0.53297	6.77667	15.2569	4.45197	10.8471	0	1.39733	7.88332	5.1797	8.12959	
13.7992	12.5223	9.79552	5.63684	4.27007	1.9303	10.1753	11.1674	5.84931	14.7761	1.39733	0	9.40857	6.68621	10.3223	
4.3075	3.1137	8.40582	8.00699	14.4957	5.24725	2.42213	1.75878	4.74683	6.16402	7.88332	9.40857	0	11.9971	5.84887	
8.40443	6.78028	1.30633	8.00639	8.16161	4.64673	7.29003	6.9308	3.20569	13.9379	5.1797	6.68621	11.9971	0	2.84072	
9.80888	6.38505	4.14705	5.16568	10.3184	7.48745	10.8994	4.09008	7.23395	9.94363	8.12959	10.3223	5.84887	2.84072	0	

0	8.55628	5.46522	10.5633	0.463093	5.80496	5.6999	3.21953	5.52873	9.36234	3.0218	8.46567	6.75342	7.0074	1.04063	
8.55628	0	7.08971	5.62899	8.12734	5.8338	2.85638	0.886537	5.9225	6.51881	13.9473	14.1549	2.63691	5.34954	3.06543	
5.46522	7.08971	0	7.96462	5.92831	7.20748	10.1849	6.20317	11.8509	15.9234	10.491	19.4715	7.95355	8.24407	6.50585	
10.5633	5.62899	7.96462	0	11.4136	8.48705	11.4645	11.2991	9.243	13.0648	6.43947	16.9477	12.7368	0.279445	6.24622	
0.463093	8.12734	5.92831	11.4136	0	6.26805	5.27096	9.99286	5.06563	8.88741	4.97417	14.9441	6.32448	14.3159	1.50372	
5.80496	5.8338	7.20748	8.48705	6.26805	0	2.97742	6.00011	4.64346	6.63986	7.93947	12.3736	4.03094	8.76649	6.84559	
5.6999	2.85638	10.1849	11.4645	5.27096	2.97742	0	2.8039	3.06612	3.66244	6.76573	9.17735	1.05352	8.20592	4.78455	
3.21953	0.886537	6.20317	11.2991	9.99286	6.00011	2.8039	0	8.50561	10.1438	4.16007	9.60394	1.75038	6.23608	2.17889	
5.52873	5.9225	11.8509	9.243	5.06563	4.64346	3.06612	8.50561	0	3.82178	10.0398	15.1545	4.11964	9.52244	7.85068	
9.36234	6.51881	15.9234	13.0648	8.88741	6.63986	3.66244	10.1438	3.82178	0	12.579	15.7508	4.71596	16.3304	8.44699	
3.0218	13.9473	10.491	6.43947	4.97417	7.93947	6.76573	4.16007	10.0398	12.579	0	9.40621	12.1892	6.71891	1.98117	
8.46567	14.1549	19.4715	16.9477	14.9441	12.3736	9.17735	9.60394	15.1545	15.7508	9.40621	0	8.12383	13.3918	7.42504	
6.75342	2.63691	7.95355	12.7368	6.32448	4.03094	1.05352	1.75038	4.11964	4.71596	12.1892	8.12383	0	13.5384	3.92927	
7.0074	5.34954	8.24407	0.279445	14.3159	8.76649	8.20592	6.23608	9.52244	16.3304	6.71891	13.3918	13.5384	0	5.96677	
1.04063	3.06543	6.50585	6.24622	1.50372	6.84559	4.78455	2.17889	7.85068	8.44699	1.98117	7.42504	3.92927	5.96677	0	

0	4.44557	15.6201	11.4763	2.29586	10.6932	4.16462	4.40174	8.63082	7.58949	5.74707	12.6332	3.26915	13.0054	4.79273	
4.44557	0	21.1556	7.69284	9.0674	8.75323	2.22462	2.30901	5.04264	7.10256	5.18828	9.72223	1.17642	17.9469	2.7	
15.6201	21.1556	0	13.5022	17.9159	13.7713	19.7847	17.6211	23.6981	14.9181	19.4446	15.779	18.8892	10.0279	21.5028	
11.4763	7.69284	13.5022	0	14.1839	7.21776	11.3749	10.1243	2.65019	4.71011	4.98205	10.1792	11.2568	3.47432	11.882	
2.29586	9.0674	17.9159	14.1839	0	14.453	6.46048	9.02357	5.78307	4.74174	3.45121	19.4515	5.56501	10.7096	7.4249	
10.6932	8.75323	13.7713	7.21776	14.453	0	6.52861	9.96606	4.57318	6.63309	6.90504	14.9972	15.3799	3.74344	11.0298	
4.16462	2.22462	19.7847	11.3749	6.46048	6.52861	0	3.43746	7.26727	5.40367	5.25066	5.27951	3.40104	10.272	4.50123	
4.40174	2.30901	17.6211	10.1243	9.02357	9.96606	3.43746	0	12.1622	8.64191	5.14445	1.84205	1.13259	13.5986	2.65616	
8.63082	5.04264	23.6981	2.65019	5.78307	4.57318	7.26727	12.1622	0	2.05991	2.33186	8.85977	6.21906	6.12451	6.30554	
7.58949	7.10256	14.9181	4.71011	4.74174	6.63309	5.40367	8.64191	2.05991	0	1.29053	6.79985	5.3024	4.89026	5.26422	
5.74707	5.18828	19.4446	4.98205	3.45121	6.90504	5.25066	5.14445	2.33186	1.29053	0	8.09039	4.01186	6.18079	3.97369	
12.6332	9.72223	15.779	10.1792	19.4515	14.9972	5.27951	1.84205	8.85977	6.79985	8.09039	0	2.97464	11.6901	12.3416	
3.26915	1.17642	18.8892	11.2568	5.56501	15.3799	3.40104	1.13259	6.21906	5.3024	4.01186	2.97464	0	13.4286	1.52358	
13.0054	17.9469	10.0279	3.47432	10.7096	3.74344	10.272	13.5986	6.12451	4.89026	6.18079	11.6901	13.4286	0	13.3904	
4.79273	2.7	21.5028	11.882	7.4249	11.0298	4.50123	2.65616	6.30554	5.26422	3.97369	12.3416	1.52358	13.3904	0	

0	8.77717	4.71371	3.08575	0.425668	4.40707	9.73682	6.14428	5.53268	7.61158	11.5714	7.55021	7.17184	7.48461	6.82656	
8.77717	0	11.1676	9.76292	6.25414	11.9048	6.51224	0.535526	7.85681	9.03775	12.9976	9.64872	2.24944	17.8597	10.0044	
4.71371	11.1676	0	8.5737	4.28804	7.38546	4.24888	9.14012	1.81884	6.20516	6.77326	5.16276	2.04792	5.75667	1.33862	
3.08575	9.76292	8.5737	0	3.51142	1.32132	12.3274	9.2274	6.88793	10.6973	11.9822	5.35086	7.83942	4.39886	11.1447	
0.425668	6.25414	4.28804	3.51142	0	7.80527	8.53692	5.71861	5.10701	8.03725	10.0614	7.97588	6.74617	10.0447	5.62666	
4.40707	11.9048	7.38546	1.32132	7.80527	0	10.027	8.23201	5.56662	12.7332	10.521	4.02955	5.29056	5.72018	7.2274	
9.73682	6.51224	4.24888	12.3274	8.53692	10.027	0	5.97671	4.46042	7.52663	9.41484	5.86488	4.60387	10.0056	5.31317	
6.14428	0.535526	9.14012	9.2274	5.71861	8.23201	5.97671	0	7.32128	9.57327	12.2757	2.97493	1.71391	13.6263	2.42321	
5.53268	7.85681	1.81884	6.88793	5.10701	5.56662	4.46042	7.32128	0	7.16659	4.95442	6.9816	9.03519	7.06234	3.15746	
7.61158	9.03775	6.20516	10.6973	8.03725	12.7332	7.52663	9.57327	7.16659	0	3.95981	10.6751	5.57584	11.5431	4.86654	
11.5714	12.9976	6.77326	11.9822	10.0614	10.521	9.41484	12.2757	4.95442	3.95981	0	9.20215	9.45821	7.58332	8.74891	
7.55021	9.64872	5.16276	5.35086	7.97588	4.02955	5.86488	2.97493	6.9816	10.6751	9.20215	0	1.26102	10.9194	1.97031	
7.17184	2.24944	2.04792	7.83942	6.74617	5.29056	4.60387	1.71391	9.03519	5.57584	9.45821	1.26102	0	15.8001	0.709299	
7.48461	17.8597	5.75667	4.39886	10.0447	5.72018	10.0056	13.6263	7.06234	11.5431	7.58332	10.9194	15.8001	0	7.09529	
6.82656	10.0044	1.33862	11.1447	5.62666	7.2274	5.31317	2.42321	3.15746	4.86654	8.74891	1.97031	0.709299	7.09529	0	

0	14.3022	11.0649	8.89431	4.52679	8.45411	6.88795	7.34171	9.15719	6.18867	11.983	15.6788	9.89648	16.3544	12.8028	
14.3022	0	7.00966	9.42067	14.6003	6.86977	7.4143	0.743353	5.97899	1.8964	9.52662	9.2362	1.38506	13.5903	3.3652	
11.0649	7.00966	0	19.9048	7.69891	2.61076	8.60788	7.75302	3.94315	11.5289	10.0574	7.481	7.1836	13.3551	13.334	
8.89431	9.42067	19.9048	0	13.0796	10.0538	2.00636	15.0761	4.2756	12.1541	6.35978	12.2309	5.01489	0.2274	15.6035	
4.52679	14.6003	7.69891	13.0796	0	10.3097	11.4147	10.8979	13.618	10.7155	16.6558	15.1799	9.52681	12.8522	8.27602	
8.45411	6.86977	2.61076	10.0538	10.3097	0	3.60163	5.21455	1.33239	7.27946	7.44664	3.84023	4.57284	8.58691	5.82364	
6.88795	7.4143	8.60788	2.00636	11.4147	3.60163	0	3.65024	2.26924	9.88266	8.36614	4.77707	3.00853	2.23376	4.25932	
7.34171	0.743353	7.75302	15.0761	10.8979	5.21455	3.65024	0	5.23564	1.15305	6.9474	7.00594	0.641708	6.36758	1.8925	
9.15719	5.97899	3.94315	4.2756	13.618	1.33239	2.26924	5.23564	0	6.38868	8.77903	2.50783	5.27776	7.25452	7.85749	
6.18867	1.8964	11.5289	12.1541	10.7155	7.27946	9.88266	1.15305	6.38868	0	5.79435	9.6459	1.79475	14.8679	3.7749	
11.983	9.52662	10.0574	6.35978	16.6558	7.44664	8.36614	6.9474	8.77903	5.79435	0	16.8329	9.42497	6.58718	9.24373	
15.6788	9.2362	7.481	12.2309	15.1799	3.84023	4.77707	7.00594	2.50783	9.6459	16.8329	0	6.36423	9.76235	7.61502	
9.89648	1.38506	7.1836	5.01489	9.52681	4.57284	3.00853	0.641708	5.27776	1.79475	9.42497	6.36423	0	5.72587	1.25079	
16.3544	13.5903	13.3551	0.2274	12.8522	8.58691	2.23376	6.36758	7.25452	14.8679	6.58718	9.76235	5.72587	0	6.97666	
12.8028	3.3652	13.334	15.6035	8.27602	5.82364	4.25932	1.8925	7.85749	3.7749	9.24373	7.61502	1.25079	6.97666	0	

0	7.71437	4.18753	2.76012	2.77711	6.09634	7.95658	6.99158	8.47482	4.78972	4.95567	2.82724	11.5083	3.41556	4.44383	
7.71437	0	6.38167	4.95425	10.4774	7.15815	3.56465	3.66428	8.60574	9.24135	11.4398	8.57768	1.14885	5.6097	1.73537	
4.18753	6.38167	0	1.42742	7.11473	10.5303	12.367	7.83141	21.9039	3.86854	5.71238	24.3164	11.961	2.08286	10.038	
2.76012	4.95425	1.42742	0	5.53722	6.77722	7.57228	6.40399	17.1107	5.29596	5.24233	5.58736	6.1031	0.655441	16.0727	
2.77711	10.4774	7.11473	5.53722	0	3.31923	6.97635	11.562	6.7142	3.24619	4.07032	5.60435	9.39215	8.65721	9.41565	
6.09634	7.15815	10.5303	6.77722	3.31923	0	7.67674	8.97541	3.39497	6.56542	7.38955	4.81107	8.307	6.12177	5.46062	
7.95658	3.56465	12.367	7.57228	6.97635	7.67674	0	4.93124	4.28177	8.49847	10.3423	5.12933	2.4158	6.91683	3.00233	
6.99158	3.66428	7.83141	6.40399	11.562	8.97541	4.93124	0	9.81191	8.3158	10.1596	4.16434	2.51543	7.05943	3.10196	
8.47482	8.60574	21.9039	17.1107	6.7142	3.39497	4.28177	9.81191	0	8.23511	10.6252	3.68224	2.65218	9.51674	2.06565	
4.78972	9.24135	3.86854	5.29596	3.24619	6.56542	8.49847	8.3158	8.23511	0	1.84385	7.61697	6.75598	6.43074	6.16946	
4.95567	11.4398	5.71238	5.24233	4.07032	7.38955	10.3423	10.1596	10.6252	1.84385	0	7.78291	9.93635	4.58689	8.0133	
2.82724	8.57768	24.3164	5.58736	5.60435	4.81107	5.12933	4.16434	3.68224	7.61697	7.78291	0	2.20311	10.9328	1.61659	
11.5083	1.14885	11.961	6.1031	9.39215	8.307	2.4158	2.51543	2.65218	6.75598	9.93635	2.20311	0	7.24654	0.586525	
3.41556	5.6097	2.08286	0.655441	8.65721	6.12177	6.91683	7.05943	9.51674	6.43074	4.58689	10.9328	7.24654	0	7.83306	
4.44383	1.73537	10.038	16.0727	9.41565	5.46062	3.00233	3.10196	2.06565	6.16946	8.0133	1.61659	0.586525	7.83306	0	

0	6.28764	15.5766	2.44118	1.88744	3.76275	4.47624	11.4048	3.14552	1.27955	9.45538	5.14156	4.30294	3.1062	8.94261	
6.28764	0	4.59023	12.3676	3.67789	2.79025	8.20479	2.80518	6.87406	5.00809	5.7968	4.80256	1.26239	9.33645	5.16792	
15.5766	4.59023	0	15.1268	8.74821	7.38048	13.6711	7.8755	5.01247	6.87844	10.0316	9.39279	5.85262	15.7918	10.3579	
2.44118	12.3676	15.1268	0	4.32861	9.57737	13.2308	20.3101	19.2821	3.72072	11.4804	8.00816	12.3031	0.665028	11.955	
1.88744	3.67789	8.74821	4.32861	0	1.87531	8.78567	3.9583	7.77371	3.16698	4.88185	6.28162	2.41551	7.7714	4.25298	
3.76275	2.79025	7.38048	9.57737	1.87531	0	6.91036	12.973	5.64054	3.77456	3.00654	4.40631	4.05264	8.10292	2.37767	
4.47624	8.20479	13.6711	13.2308	8.78567	6.91036	0	12.5063	5.06267	3.1967	9.91691	6.18192	10.3432	7.52506	9.28803	
11.4048	2.80518	7.8755	20.3101	3.9583	12.973	12.5063	0	10.1858	13.7813	10.9651	7.01276	1.5428	20.9752	10.4431	
3.14552	6.87406	5.01247	19.2821	7.77371	5.64054	5.06267	10.1858	0	1.86597	5.01917	5.72798	8.64299	6.19434	9.52903	
1.27955	5.00809	6.87844	3.72072	3.16698	3.77456	3.1967	13.7813	1.86597	0	6.78111	3.86201	6.27048	4.32836	6.15223	
9.45538	5.7968	10.0316	11.4804	4.88185	3.00654	9.91691	10.9651	5.01917	6.78111	0	6.52446	9.42229	10.8154	5.38421	
5.14156	4.80256	9.39279	8.00816	6.28162	4.40631	6.18192	7.01276	5.72798	3.86201	6.52446	0	5.46997	7.34314	6.78398	
4.30294	1.26239	5.85262	12.3031	2.41551	4.05264	10.3432	1.5428	8.64299	6.27048	9.42229	5.46997	0	12.8131	8.90034	
3.1062	9.33645	15.7918	0.665028	7.7714	8.10292	7.52506	20.9752	6.19434	4.32836	10.8154	7.34314	12.8131	0	11.9914	
8.94261	5.16792	10.3579	11.955	4.25298	2.37767	9.28803	10.4431	9.52903	6.15223	5.38421	6.78398	8.90034	11.9914	0	

0	6.66912	4.44464	7.44551	0.217097	6.16283	2.24069	7.83536	4.8043	2.06217	3.52919	9.17697	3.71059	9.9596	8.67079	
6.66912	0	8.79517	8.10004	11.6742	5.77358	3.91192	4.11162	4.41506	3.43834	3.13994	5.72161	1.8405	12.4676	1.96926	
4.44464	8.79517	0	9.96856	4.17697	4.7917	5.05665	8.04099	1.77165	2.33189	3.04677	14.5813	3.92973	10.6643	7.89809	
7.44551	8.10004	9.96856	0	7.22842	6.34067	8.82942	8.14044	9.1575	7.85739	7.88238	8.01628	6.25955	0.695726	8.86557	
0.217097	11.6742	4.17697	7.22842	0	10.335	2.02359	7.56768	5.3086	1.84507	3.74628	6.74894	3.44291	7.92414	3.96626	
6.16283	5.77358	4.7917	6.34067	10.335	0	6.30505	1.79977	3.02005	7.05302	2.63364	9.45928	5.36562	7.03639	6.01756	
2.24069	3.91192	5.05665	8.82942	2.02359	6.30505	0	6.16045	3.285	3.86867	4.56012	4.72535	4.54869	8.13369	1.94267	
7.83536	4.11162	8.04099	8.14044	7.56768	1.79977	6.16045	0	4.81982	5.72261	4.43342	9.33306	5.45195	15.3286	4.21778	
4.8043	4.41506	1.77165	9.1575	5.3086	3.02005	3.285	4.81982	0	4.03297	1.27512	6.85052	2.9694	11.4187	5.22767	
2.06217	3.43834	2.33189	7.85739	1.84507	7.05302	3.86867	5.72261	4.03297	0	4.32982	5.47895	1.59784	12.1235	4.20387	
3.52919	3.13994	3.04677	7.88238	3.74628	2.63364	4.56012	4.43342	1.27512	4.32982	0	6.61309	2.73198	8.57811	5.1092	
9.17697	5.72161	14.5813	8.01628	6.74894	9.45928	4.72535	9.33306	6.85052	5.47895	6.61309	0	3.88111	8.71201	6.48714	
3.71059	1.8405	3.92973	6.25955	3.44291	5.36562	4.54869	5.45195	2.9694	1.59784	2.73198	3.88111	0	6.95527	2.60603	
9.9596	12.4676	10.6643	0.695726	7.92414	7.03639	8.13369	15.3286	11.4187	12.1235	8.57811	8.71201	6.95527	0	10.0764	
8.67079	1.96926	7.89809	8.86557	3.96626	6.01756	1.94267	4.21778	5.22767	4.20387	5.1092	6.48714	2.60603	10.0764	0	

0	10.7322	8.30348	15.0107	1.16344	2.5777	10.5762	8.66209	5.6799	10.6086	2.8987	3.31696	11.3603	13.0411	7.19949	
10.7322	0	7.94122	7.94502	4.04802	4.01658	4.13037	0.477059	1.98116	3.50429	2.31277	3.05442	2.08425	14.8497	1.93966	
8.30348	7.94122	0	11.222	7.14003	8.55429	2.08341	8.41828	4.23262	8.10731	8.87529	6.28825	6.366	13.4656	5.46009	
15.0107	7.94502	11.222	0	10.4803	7.99928	8.11307	10.0418	5.96386	8.34669	10.532	7.03712	6.60538	1.96956	10.7662	
1.16344	4.04802	7.14003	10.4803	0	1.41426	6.35836	5.90481	3.22678	2.92678	1.73526	2.15352	7.04313	7.59206	8.36293	
2.5777	4.01658	8.55429	7.99928	1.41426	0	4.18463	4.49054	2.03542	7.37018	3.14952	3.10868	5.62887	6.1778	5.95314	
10.5762	4.13037	2.08341	8.11307	6.35836	4.18463	0	4.83928	2.14921	7.58319	8.13754	3.22247	5.99773	11.1081	3.37668	
8.66209	0.477059	8.41828	10.0418	5.90481	4.49054	4.83928	0	2.45821	4.0404	2.78982	3.62569	2.56131	10.6683	1.4626	
5.6799	1.98116	4.23262	5.96386	3.22678	2.03542	2.14921	2.45821	0	6.06425	4.29392	1.07326	4.06541	7.93343	5.51389	
10.6086	3.50429	8.10731	8.34669	2.92678	7.37018	7.58319	4.0404	6.06425	0	1.19152	7.13751	1.74131	8.50163	5.503	
2.8987	2.31277	8.87529	10.532	1.73526	3.14952	8.13754	2.78982	4.29392	1.19152	0	3.88878	2.93283	9.69315	5.8455	
3.31696	3.05442	6.28825	7.03712	2.15352	3.10868	3.22247	3.62569	1.07326	7.13751	3.88878	0	5.23288	14.9198	6.68136	
11.3603	2.08425	6.366	6.60538	7.04313	5.62887	5.99773	2.56131	4.06541	1.74131	2.93283	5.23288	0	8.57494	4.16082	
13.0411	14.8497	13.4656	1.96956	7.59206	6.1778	11.1081	10.6683	7.93343	8.50163	9.69315	14.9198	8.57494	0	13.3517	
7.19949	1.93966	5.46009	10.7662	8.36293	5.95314	3.37668	1.4626	5.51389	5.503	5.8455	6.68136	4.16082	13.3517	0	

0	16.8678	11.8684	9.08105	0.518937	6.72837	11.5683	13.2971	4.166	5.38205	2.94965	9.04313	8.61097	7.27967	9.4027	
16.8678	0	8.46611	8.96629	5.70612	4.94323	5.59084	0.358261	2.05905	7.18583	8.89184	3.52475	4.65121	14.7909	5.72388	
11.8684	8.46611	0	2.78735	13.1727	6.48281	3.82419	12.3126	9.36699	8.60244	10.2615	4.94136	5.1284	6.54521	7.15374	
9.08105	8.96629	2.78735	0	9.59999	3.85317	4.01055	11.8986	6.73735	7.06307	7.63188	6.5577	5.31477	3.75786	9.73162	
0.518937	5.70612	13.1727	9.59999	0	6.53124	12.9529	9.96447	3.64706	5.90099	3.46859	10.426	11.125	7.79861	7.31189	
6.72837	4.94323	6.48281	3.85317	6.53124	0	7.86372	5.47138	2.88418	6.51345	3.77871	8.23218	9.44004	7.61103	6.54901	
11.5683	5.59084	3.82419	4.01055	12.9529	7.86372	0	5.59716	7.64989	6.1862	6.96554	8.76555	1.30422	7.76841	3.43999	
13.2971	0.358261	12.3126	11.8986	9.96447	5.47138	5.59716	0	2.41731	11.844	9.95427	3.88301	4.29295	15.6565	6.42871	
4.166	2.05905	9.36699	6.73735	3.64706	2.88418	7.64989	2.41731	0	10.4137	6.66289	5.5838	5.8006	15.0681	3.66483	
5.38205	7.18583	8.60244	7.06307	5.90099	6.51345	6.1862	11.844	10.4137	0	2.73473	3.66108	7.49042	3.3052	9.18777	
2.94965	8.89184	10.2615	7.63188	3.46859	3.77871	6.96554	9.95427	6.66289	2.73473	0	6.39581	5.66132	6.03994	6.45304	
9.04313	3.52475	4.94136	6.5577	10.426	8.23218	8.76555	3.88301	5.5838	3.66108	6.39581	0	9.01306	6.96629	7.63496	
8.61097	4.65121	5.1284	5.31477	11.125	9.44004	1.30422	4.29295	5.8006	7.49042	5.66132	9.01306	0	11.6731	2.13577	
7.27967	14.7909	6.54521	3.75786	7.79861	7.61103	7.76841	15.6565	15.0681	3.3052	6.03994	6.96629	11.6731	0	13.4895	
9.4027	5.72388	7.15374	9.73162	7.31189	6.54901	3.43999	6.42871	3.66483	9.18777	6.45304	7.63496	2.13577	13.4895	0	

0	8.77496	10.9079	12.3186	1.57335	2.805	6.95658	8.24212	4.49036	6.83355	5.44447	13.0154	3.53079	5.62539	5.52631	
8.77496	0	9.6527	11.2774	8.38206	3.35373	1.25365	1.71329	1.64631	8.05439	10.5025	3.99035	2.73281	8.79034	0.632413	
10.9079	9.6527	0	5.15906	8.98543	8.10287	9.57458	8.36689	9.24067	14.708	12.4964	12.3113	7.02799	5.63662	9.12839	
12.3186	11.2774	5.15906	0	8.24497	3.29795	11.9337	8.6528	8.50022	7.36231	9.76223	10.407	6.28753	0.477562	8.38793	
1.57335	8.38206	8.98543	8.24497	0	4.37835	7.6036	4.3227	4.17012	6.41186	7.01782	13.4838	1.95744	13.1936	4.05783	
2.805	3.35373	8.10287	3.29795	4.37835	0	2.07802	4.17686	1.68536	2.64572	8.24947	6.88827	3.89804	2.82039	2.72131	
6.95658	1.25365	9.57458	11.9337	7.6036	2.07802	0	2.96694	0.392656	1.35301	8.15551	2.73669	2.60534	6.97196	1.88607	
8.24212	1.71329	8.36689	8.6528	4.3227	4.17686	2.96694	0	4.57794	6.3411	7.83363	7.73583	2.36526	12.8253	1.45555	
4.49036	1.64631	9.24067	8.50022	4.17012	1.68536	0.392656	4.57794	0	0.960355	6.61627	3.12935	2.21268	4.50575	3.53328	
6.83355	8.05439	14.708	7.36231	6.41186	2.64572	1.35301	6.3411	0.960355	0	5.65591	7.07193	3.17304	6.88475	6.19703	
5.44447	10.5025	12.4964	9.76223	7.01782	8.24947	8.15551	7.83363	6.61627	5.65591	0	10.8026	5.46837	10.2398	7.56877	
13.0154	3.99035	12.3113	10.407	13.4838	6.88827	2.73669	7.73583	3.12935	7.07193	10.8026	0	8.38286	9.92941	5.87732	
3.53079	2.73281	7.02799	6.28753	1.95744	3.89804	2.60534	2.36526	2.21268	3.17304	5.46837	8.38286	0	6.7651	2.1004	
5.62539	8.79034	5.63662	0.477562	13.1936	2.82039	6.97196	12.8253	4.50575	6.88475	10.2398	9.92941	6.7651	0	5.5417	
5.52631	0.632413	9.12839	8.38793	4.05783	2.72131	1.88607	1.45555	3.53328	6.19703	7.56877	5.87732	2.1004	5.5417	0	

0	5.28034	13.6811	1.38549	0.656249	3.0015	10.4879	7.73694	3.68765	6.13574	6.17384	6.99575	5.79284	5.69289	2.70337	
5.28034	0	17.3201	9.72266	12.9802	13.305	10.3615	7.61054	5.46462	6.00934	5.84219	4.11241	5.66644	14.254	2.57697	
13.6811	17.3201	0	15.2265	18.9669	8.43218	7.91573	14.867	7.74603	9.30926	9.95493	11.6172	15.4892	8.47536	10.6337	
1.38549	9.72266	15.2265	0	2.04174	4.38699	15.4209	17.5394	5.23307	9.70943	7.55933	5.61025	10.15	7.07839	4.08886	
0.656249	12.9802	18.9669	2.04174	0	3.65775	15.4471	15.4368	8.68047	7.11724	6.83009	12.7367	9.32313	6.34914	3.35962	
3.0015	13.305	8.43218	4.38699	3.65775	0	0.855857	8.25543	0.686151	2.24938	2.89505	4.5573	7.3684	8.69439	3.5738	
10.4879	10.3615	7.91573	15.4209	15.4471	0.855857	0	5.21599	0.169706	1.73294	2.37861	4.04086	5.97905	8.32973	3.05735	
7.73694	7.61054	14.867	17.5394	15.4368	8.25543	5.21599	0	5.3857	2.96894	9.05047	5.30284	0.763056	10.7791	3.85252	
3.68765	5.46462	7.74603	5.23307	8.68047	0.686151	0.169706	5.3857	0	1.56323	2.2089	3.87115	3.76912	6.74155	2.88765	
6.13574	6.00934	9.30926	9.70943	7.11724	2.24938	1.73294	2.96894	1.56323	0	2.80687	5.43438	2.20589	5.17832	3.43237	
6.17384	5.84219	9.95493	7.55933	6.83009	2.89505	2.37861	9.05047	2.2089	2.80687	0	6.08005	5.01275	7.98519	4.0169	
6.99575	4.11241	11.6172	5.61025	12.7367	4.5573	4.04086	5.30284	3.87115	5.43438	6.08005	0	4.53978	12.0312	6.68938	
5.79284	5.66644	15.4892	10.15	9.32313	7.3684	5.97905	0.763056	3.76912	2.20589	5.01275	4.53978	0	7.3842	3.08947	
5.69289	14.254	8.47536	7.07839	6.34914	8.69439	8.32973	10.7791	6.74155	5.17832	7.98519	12.0312	7.3842	0	8.39626	
2.70337	2.57697	10.6337	4.08886	3.35962	3.5738	3.05735	3.85252	2.88765	3.43237	4.0169	6.68938	3.08947	8.39626	0	

0	7.65861	8.17932	9.80236	0.626418	6.07077	13.1643	4.3983	6.92895	7.23115	3.67317	10.0837	11.7943	10.8093	10.2497	
7.65861	0	13.2295	10.2522	6.25109	5.33112	3.73643	3.26031	6.02007	11.533	3.20435	10.0544	6.18783	11.8738	0.821794	
8.17932	13.2295	0	8.4948	8.37318	2.10855	18.2145	9.9692	4.99749	2.81864	4.23532	6.12151	6.60624	11.3821	12.3604	
9.80236	10.2522	8.4948	0	10.4288	6.38625	7.81265	8.90449	5.50195	7.54663	8.51303	10.3992	15.3881	1.62158	11.074	
0.626418	6.25109	8.37318	10.4288	0	5.17352	20.0845	5.02472	5.86248	7.42502	3.04675	10.2776	17.433	13.8745	10.8761	
6.07077	5.33112	2.10855	6.38625	5.17352	0	11.5517	10.4691	2.88895	1.16038	2.12677	4.01296	4.94798	6.76932	11.2308	
13.1643	3.73643	18.2145	7.81265	20.0845	11.5517	0	14.1661	8.66276	17.2811	11.4785	8.42333	8.28067	6.19107	2.91463	
4.3983	3.26031	9.9692	8.90449	5.02472	10.4691	14.1661	0	11.3273	12.4049	6.46466	13.3147	9.01565	10.5261	4.0821	
6.92895	6.02007	4.99749	5.50195	5.86248	2.88895	8.66276	11.3273	0	4.04933	2.81573	6.90191	14.9041	3.88037	11.3089	
7.23115	11.533	2.81864	7.54663	7.42502	1.16038	17.2811	12.4049	4.04933	0	3.28715	5.17334	3.7876	12.2968	9.15364	
3.67317	3.20435	4.23532	8.51303	3.04675	2.12677	11.4785	6.46466	2.81573	3.28715	0	6.13973	10.9498	6.6961	4.02614	
10.0837	10.0544	6.12151	10.3992	10.2776	4.01296	8.42333	13.3147	6.90191	5.17334	6.13973	0	17.7998	12.1787	10.8762	
11.7943	6.18783	6.60624	15.3881	17.433	4.94798	8.28067	9.01565	14.9041	3.7876	10.9498	17.7998	0	13.7665	5.36604	
10.8093	11.8738	11.3821	1.62158	13.8745	6.76932	6.19107	10.5261	3.88037	12.2968	6.6961	12.1787	13.7665	0	9.1057	
10.2497	0.821794	12.3604	11.074	10.8761	11.2308	2.91463	4.0821	11.3089	9.15364	4.02614	10.8762	5.36604	9.1057	0	

0	8.85075	10.5913	12.3452	0.194275	15.5286	4.9788	8.49926	4.55357	4.45975	3.17464	4.57908	8.98491	15.4624	7.48583	
8.85075	0	6.61681	11.8474	8.00341	12.6002	3.87194	6.88521	3.64412	5.81226	7.49986	9.27673	4.71515	10.7623	4.27477	
10.5913	6.61681	0	10.5597	10.3971	5.9834	10.4888	5.60491	7.09516	4.92702	6.21212	7.98899	3.5592	8.86256	3.99957	
12.3452	11.8474	10.5597	0	16.7085	5.9378	15.4996	23.6099	7.80081	5.63267	6.91778	8.69464	8.96063	3.05864	15.1148	
0.194275	8.00341	10.3971	16.7085	0	14.5904	5.17308	13.0573	4.35929	6.52744	3.36892	4.77336	13.9563	15.8574	6.98631	
15.5286	12.6002	5.9834	5.9378	14.5904	0	11.6296	18.6896	10.2311	8.81603	10.1011	11.878	8.80194	2.87916	10.6091	
4.9788	3.87194	10.4888	15.4996	5.17308	11.6296	0	3.52046	1.3985	3.56665	8.15345	9.55789	5.56616	12.8966	4.02552	
8.49926	6.88521	5.60491	23.6099	13.0573	18.6896	3.52046	0	4.91896	5.37366	7.85597	6.76111	2.04571	7.96849	2.48608	
4.55357	3.64412	7.09516	7.80081	4.35929	10.2311	1.3985	4.91896	0	2.16814	3.45325	5.23012	3.06739	10.918	2.62702	
4.45975	5.81226	4.92702	5.63267	6.52744	8.81603	3.56665	5.37366	2.16814	0	1.28511	3.06197	3.32796	8.69131	3.76833	
3.17464	7.49986	6.21212	6.91778	3.36892	10.1011	8.15345	7.85597	3.45325	1.28511	0	4.34708	4.61306	10.035	4.31119	
4.57908	9.27673	7.98899	8.69464	4.77336	11.878	9.55789	6.76111	5.23012	3.06197	4.34708	0	6.38993	11.8118	8.71703	
8.98491	4.71515	3.5592	8.96063	13.9563	8.80194	5.56616	2.04571	3.06739	3.32796	4.61306	6.38993	0	5.92278	0.440373	
15.4624	10.7623	8.86256	3.05864	15.8574	2.87916	12.8966	7.96849	10.918	8.69131	10.035	11.8118	5.92278	0	6.36315	
7.48583	4.27477	3.99957	15.1148	6.98631	10.6091	4.02552	2.48608	2.62702	3.76833	4.31119	8.71703	0.440373	6.36315	0	

0	5.94509	3.71565	2.7142	0.419061	7.38409	14.4476	8.03175	2.30241	3.6205	5.99363	1.42102	3.20622	7.7394	4.51122	
5.94509	0	6.5578	12.7472	7.96243	5.28858	5.42962	2.97115	5.68222	9.36583	6.31166	3.12825	1.34306	9.65422	5.97435	
3.71565	6.5578	0	3.71433	3.29659	3.40996	8.8174	5.72739	5.17994	2.80803	4.1501	11.0819	7.90085	3.09642	6.3246	
2.7142	12.7472	3.71433	0	3.13326	5.0576	6.91566	8.365	1.35875	0.906296	2.24836	4.13522	5.69792	8.77887	7.22542	
0.419061	7.96243	3.29659	3.13326	0	6.70655	17.5396	9.28246	1.88335	6.10462	6.41269	1.84009	6.22252	6.39301	4.93028	
7.38409	5.28858	3.40996	5.0576	6.70655	0	4.7759	2.31743	6.21761	4.1513	5.49337	8.76747	9.89713	3.00245	5.83796	
14.4476	5.42962	8.8174	6.91566	17.5396	4.7759	0	2.45847	10.5883	6.00936	5.79899	13.1859	10.0382	14.2883	5.979	
8.03175	2.97115	5.72739	8.365	9.28246	2.31743	2.45847	0	8.53504	4.68258	3.34051	7.49522	4.31421	5.31988	3.52053	
2.30241	5.68222	5.17994	1.35875	1.88335	6.21761	10.5883	8.53504	0	2.26505	5.92103	6.12436	4.33917	9.22006	8.97046	
3.6205	9.36583	2.80803	0.906296	6.10462	4.1513	6.00936	4.68258	2.26505	0	1.34207	9.85925	8.91813	5.04305	5.83972	
5.99363	6.31166	4.1501	2.24836	6.41269	5.49337	5.79899	3.34051	5.92103	1.34207	0	7.41465	9.12896	3.70099	4.49766	
1.42102	3.12825	11.0819	4.13522	1.84009	8.76747	13.1859	7.49522	6.12436	9.85925	7.41465	0	1.7852	9.51313	5.93225	
3.20622	1.34306	7.90085	5.69792	6.22252	9.89713	10.0382	4.31421	4.33917	8.91813	9.12896	1.7852	0	7.85948	4.6313	
7.7394	9.65422	3.09642	8.77887	6.39301	3.00245	14.2883	5.31988	9.22006	5.04305	3.70099	9.51313	7.85948	0	3.22818	
4.51122	5.97435	6.3246	7.22542	4.93028	5.83796	5.979	3.52053	8.97046	5.83972	4.49766	5.93225	4.6313	3.22818	0	

0	11.9391	9.16954	3.18855	8.06986	4.25354	11.2885	9.71637	4.97753	8.58754	1.16207	15.2618	7.52336	4.50381	13.6437	
11.9391	0	11.0893	7.09205	17.4866	9.41263	8.01299	2.22271	5.30306	6.11546	19.441	7.72789	4.50091	11.2085	3.90663	
9.16954	11.0893	0	5.98099	20.3124	7.04598	10.7872	9.8474	5.78624	6.59864	17.3149	15.1368	11.2236	7.29625	14.4938	
3.18855	7.09205	5.98099	0	10.3254	1.06499	6.15309	6.87827	1.78898	2.60138	4.35063	11.1395	10.3584	1.31526	10.4965	
8.06986	17.4866	20.3124	10.3254	0	13.2083	6.81463	16.3607	4.92611	4.11371	6.90778	9.75869	9.71551	17.5929	20.3686	
4.25354	9.41263	7.04598	1.06499	13.2083	0	5.0881	9.66377	2.85397	5.38688	8.54006	13.4156	12.2658	2.38025	9.19445	
11.2885	8.01299	10.7872	6.15309	6.81463	5.0881	0	8.03313	3.51332	2.70092	21.4867	9.37513	7.17774	9.22351	4.10635	
9.71637	2.22271	9.8474	6.87827	16.3607	9.66377	8.03313	0	5.08929	5.90169	10.8784	6.60198	3.76934	11.2583	5.57273	
4.97753	5.30306	5.78624	1.78898	4.92611	2.85397	3.51332	5.08929	0	0.8124	13.1229	7.48661	6.4142	3.10424	8.70755	
8.58754	6.11546	6.59864	2.60138	4.11371	5.38688	2.70092	5.90169	0.8124	0	9.74961	6.67421	5.6018	7.52692	6.80728	
1.16207	19.441	17.3149	4.35063	6.90778	8.54006	21.4867	10.8784	13.1229	9.74961	0	16.6665	8.68543	8.25603	26.7907	
15.2618	7.72789	15.1368	11.1395	9.75869	13.4156	9.37513	6.60198	7.48661	6.67421	16.6665	0	9.79057	18.9364	10.6099	
7.52336	4.50091	11.2236	10.3584	9.71551	12.2658	7.17774	3.76934	6.4142	5.6018	8.68543	9.79057	0	14.6173	6.12031	
4.50381	11.2085	7.29625	1.31526	17.5929	2.38025	9.22351	11.2583	3.10424	7.52692	8.25603	18.9364	14.6173	0	13.3299	
13.6437	3.90663	14.4938	10.4965	20.3686	9.19445	4.10635	5.57273	8.70755	6.80728	26.7907	10.6099	6.12031	13.3299	0	

0	7.93167	14.2123	3.81648	0.0992394	5.60296	12.2451	21.7159	16.3375	9.43352	11.6844	7.89533	13.6546	7.1272	3.97297	
7.93167	0	5.20049	4.11519	10.4068	4.9031	3.54288	0.91058	2.7892	7.47923	5.90725	3.53687	2.81841	7.42591	2.32252	
14.2123	5.20049	0	9.31568	14.1131	10.1036	2.66624	4.33185	7.98969	8.73096	15.3044	6.15967	4.56093	9.97452	5.74379	
3.81648	4.11519	9.31568	0	3.91572	8.05669	7.65808	5.02577	6.90439	5.61704	6.26922	13.8487	6.9336	3.31072	7.28085	
0.0992394	10.4068	14.1131	3.91572	0	5.50372	9.97078	5.28567	8.54377	5.53753	6.50787	7.79609	8.47805	10.2497	3.87373	
5.60296	4.9031	10.1036	8.05669	5.50372	0	4.86901	4.95912	5.65725	1.65632	1.00415	6.40492	2.97432	4.74597	4.23994	
12.2451	3.54288	2.66624	7.65808	9.97078	4.86901	0	3.87948	4.2411	6.06472	6.71689	3.49343	1.89469	10.9039	6.09705	
21.7159	0.91058	4.33185	5.02577	5.28567	4.95912	3.87948	0	3.69978	3.07575	12.0398	10.5682	1.98479	14.3064	1.41194	
16.3375	2.7892	7.98969	6.90439	8.54377	5.65725	4.2411	3.69978	0	6.06823	6.47853	0.747675	5.60761	10.4032	5.06853	
9.43352	7.47923	8.73096	5.61704	5.53753	1.65632	6.06472	3.07575	6.06823	0	0.652174	6.38303	5.55046	6.15506	1.6638	
11.6844	5.90725	15.3044	6.26922	6.50787	1.00415	6.71689	12.0398	6.47853	0.652174	0	5.73086	3.97847	5.50289	2.31598	
7.89533	3.53687	6.15967	13.8487	7.79609	6.40492	3.49343	10.5682	0.747675	6.38303	5.73086	0	5.38812	11.2337	5.81621	
13.6546	2.81841	4.56093	6.9336	8.47805	2.97432	1.89469	1.98479	5.60761	5.55046	3.97847	5.38812	0	7.72029	3.39673	
7.1272	7.42591	9.97452	3.31072	10.2497	4.74597	10.9039	14.3064	10.4032	6.15506	5.50289	11.2337	7.72029	0	14.4495	
3.97297	2.32252	5.74379	7.28085	3.87373	4.23994	6.09705	1.41194	5.06853	1.6638	2.31598	5.81621	3.39673	14.4495	0	

0	9.67117	8.95216	3.53638	0.23882	4.07455	9.56131	13.8037	1.57609	3.14177	4.13538	3.43476	1.305	2.25797	8.20036	
9.67117	0	2.87215	8.23576	6.96128	8.58516	4.63687	2.48288	5.62401	7.65237	8.21306	5.23407	8.36617	13.5243	6.37762	
8.95216	2.87215	0	6.23883	4.96435	6.74318	6.92685	5.35502	3.62708	5.81039	5.34091	8.10621	11.0978	16.3964	10.7241	
3.53638	8.23576	6.23883	0	3.94902	1.24617	6.86936	7.0213	2.61175	2.17896	1.54871	7.8835	17.1113	1.2784	7.22079	
0.23882	6.96128	4.96435	3.94902	0	6.22095	7.58577	5.74682	1.33727	3.38059	4.803	3.19594	1.54382	2.49679	13.1197	
4.07455	8.58516	6.74318	1.24617	6.22095	0	10.2955	8.83303	3.85792	0.932786	1.9264	8.61742	6.22022	2.52457	6.49834	
9.56131	4.63687	6.92685	6.86936	7.58577	10.2955	0	6.15703	9.66157	6.31426	5.32065	4.38983	10.9048	9.7396	3.79721	
13.8037	2.48288	5.35502	7.0213	5.74682	8.83303	6.15703	0	4.40955	10.1352	9.13557	7.71694	10.849	8.86526	3.89474	
1.57609	5.62401	3.62708	2.61175	1.33727	3.85792	9.66157	4.40955	0	6.69705	4.16046	4.53321	13.9902	3.89015	8.30429	
3.14177	7.65237	5.81039	2.17896	3.38059	0.932786	6.31426	10.1352	6.69705	0	0.993614	7.68464	4.44677	5.39974	7.43112	
4.13538	8.21306	5.34091	1.54871	4.803	1.9264	5.32065	9.13557	4.16046	0.993614	0	8.67825	5.86919	2.82711	8.67116	
3.43476	5.23407	8.10621	7.8835	3.19594	8.61742	4.38983	7.71694	4.53321	7.68464	8.67825	0	12.2155	13.1684	8.18703	
1.305	8.36617	11.0978	17.1113	1.54382	6.22022	10.9048	10.849	13.9902	4.44677	5.86919	12.2155	0	3.56298	12.965	
2.25797	13.5243	16.3964	1.2784	2.49679	2.52457	9.7396	8.86526	3.89015	5.39974	2.82711	13.1684	3.56298	0	5.94239	
8.20036	6.37762	10.7241	7.22079	13.1197	6.49834	3.79721	3.89474	8.30429	7.43112	8.67116	8.18703	12.965	5.94239	0	

0	6.78917	12.1196	4.28174	2.01474	15.1814	4.52421	9.06493	10.243	10.7964	2.82984	8.38559	9.94714	5.23647	6.98497	
6.78917	0	5.69737	5.38416	4.77443	5.43724	7.09478	1.53253	4.73542	2.52022	7.76763	2.81386	2.12625	9.63023	6.46719	
12.1196	5.69737	0	6.04108	10.1049	6.71224	8.42022	10.1883	5.39234	3.17715	9.24325	4.28982	5.29328	6.83661	10.0873	
4.28174	5.38416	6.04108	0	2.267	2.78162	4.37397	6.68632	5.07913	2.86394	2.6796	6.78492	4.98007	2.71061	9.77406	
