10
10
2
2
40

6	11
10	43
1	33
14	23
27	48
42	35
42	47
41	23
36	45
43	34

12	21
1	2
11	28
2	10
14	5
10	12
23	24
24	11
8	30
11	27

150

1.79769e+308
1.79769e+308
1.79769e+308
1.79769e+308
1.79769e+308
1.79769e+308
1.79769e+308
1.79769e+308
1.79769e+308
1.79769e+308

11
15
11
14
17
13
14
15
13
17

0
0
0
0
0
0
0
0
0
0

0

0	8.50239	2.87256	5.01471	3.41275	9.95332	4.78282	10.776	9.47484	9.86912	6.08328	3.19047	9.15025	3.4877	7.35379	4.78766	6.62206	5.31862	6.28067	9.43929
8.50239	0	7.39519	10.2349	12.165	15.0471	10.7949	11.6358	11.8187	7.73426	5.9568	7.56551	7.01539	10.0537	7.48734	8.02192	7.82162	3.18377	20.4844	18.1334
2.87256	7.39519	0	2.14215	6.2853	13.4206	11.3236	5.87092	10.875	8.76192	4.91893	6.06303	7.23212	5.1139	8.515	7.66022	8.84927	4.21142	9.15323	5.1581
5.01471	10.2349	2.14215	0	12.2057	10.5971	8.0268	3.72877	7.32418	6.12568	2.77678	14.7486	3.68134	2.97174	10.8973	4.65731	4.18617	5.54981	8.79117	3.01595
3.41275	12.165	6.2853	12.2057	0	5.62228	1.37007	10.1914	2.39388	14.8269	6.62009	6.60321	11.4588	5.88865	7.09778	4.20309	10.0348	8.73137	7.47395	9.31365
9.95332	15.0471	13.4206	10.5971	5.62228	0	4.13326	5.02628	3.10945	2.62938	4.74064	9.52952	10.7583	15.8387	9.4253	10.9279	3.33126	7.17987	12.9673	6.57512
4.78282	10.7949	11.3236	8.0268	1.37007	4.13326	0	9.85375	1.02381	6.88159	5.25002	11.6415	7.9488	7.8456	9.57032	5.57316	6.6594	8.02305	8.84402	5.33204
10.776	11.6358	5.87092	3.72877	10.1914	5.02628	9.85375	0	9.9778	2.3969	6.50555	12.8338	12.2836	6.70052	8.88301	5.98832	10.1996	6.9474	12.5199	6.74472
9.47484	11.8187	10.875	7.32418	2.39388	3.10945	1.02381	9.9778	0	5.73883	6.27383	15.021	4.97362	17.6324	12.5347	7.69945	6.44071	19.2579	16.3357	4.30823
9.86912	7.73426	8.76192	6.12568	14.8269	2.62938	6.88159	2.3969	5.73883	0	7.32352	8.93224	8.38212	11.5578	8.85406	8.38523	5.96063	4.55049	17.3773	9.00479
6.08328	5.9568	4.91893	2.77678	6.62009	4.74064	5.25002	6.50555	6.27383	7.32352	0	7.15478	2.69878	2.59558	6.41065	3.51597	1.40939	2.77303	6.68361	3.36417
3.19047	7.56551	6.06303	14.7486	6.60321	9.52952	11.6415	12.8338	15.021	8.93224	7.15478	0	8.21337	6.67817	4.16333	7.05801	6.19826	4.38175	7.70537	9.44213
9.15025	7.01539	7.23212	3.68134	11.4588	10.7583	7.9488	12.2836	4.97362	8.38212	2.69878	8.21337	0	5.29436	7.52688	6.21475	3.90926	3.83162	3.98483	0.665389
3.4877	10.0537	5.1139	2.97174	5.88865	15.8387	7.8456	6.70052	17.6324	11.5578	2.59558	6.67817	5.29436	0	4.58025	1.68556	4.00496	5.36861	9.76837	5.9877
7.35379	7.48734	8.515	10.8973	7.09778	9.4253	9.57032	8.88301	12.5347	8.85406	6.41065	4.16333	7.52688	4.58025	0	2.89468	8.94142	4.30357	3.54204	10.1137
4.78766	8.02192	7.66022	4.65731	4.20309	10.9279	5.57316	5.98832	7.69945	8.38523	3.51597	7.05801	6.21475	1.68556	2.89468	0	4.92536	4.83815	6.43673	7.219
6.62206	7.82162	8.84927	4.18617	10.0348	3.33126	6.6594	10.1996	6.44071	5.96063	1.40939	6.19826	3.90926	4.00496	8.94142	4.92536	0	4.18242	11.4119	3.24387
5.31862	3.18377	4.21142	5.54981	8.73137	7.17987	8.02305	6.9474	19.2579	4.55049	2.77303	4.38175	3.83162	5.36861	4.30357	4.83815	4.18242	0	7.81646	4.49701
6.28067	20.4844	9.15323	8.79117	7.47395	12.9673	8.84402	12.5199	16.3357	17.3773	6.68361	7.70537	3.98483	9.76837	3.54204	6.43673	11.4119	7.81646	0	4.65022
9.43929	18.1334	5.1581	3.01595	9.31365	6.57512	5.33204	6.74472	4.30823	9.00479	3.36417	9.44213	0.665389	5.9877	10.1137	7.219	3.24387	4.49701	4.65022	0
																			
0	7.38118	4.69523	4.10262	8.09182	9.91248	8.24233	10.819	9.16741	9.07628	5.62073	1.83869	1.12188	1.64231	1.92638	3.45624	4.39659	3.12707	2.46475	1.64294
7.38118	0	8.22092	5.25284	5.79199	8.50048	7.79806	11.1655	9.00833	7.66428	8.05118	12.4236	6.23231	7.14776	8.02223	6.3174	2.98459	8.12524	4.88944	8.61026
4.69523	8.22092	0	3.31393	3.5262	8.47124	5.53227	10.6084	7.54219	8.25396	2.29895	6.081	1.29993	4.53514	3.13184	1.60197	4.93478	6.12276	3.33148	0.778873
4.10262	5.25284	3.31393	0	4.47824	3.85164	5.44606	9.78646	7.38274	6.94793	1.01498	4.79703	2.98074	2.5738	3.60715	3.6877	2.26825	1.08904	4.32361	2.70641
8.09182	5.79199	3.5262	4.47824	0	5.69359	2.00607	11.8761	3.94275	8.37492	3.46326	6.63162	8.78047	10.7133	8.32203	5.12818	3.69523	9.22855	6.85768	4.30507
9.91248	8.50048	8.47124	3.85164	5.69359	0	3.68752	3.4377	5.6242	0.865671	6.17229	9.95433	11.0111	4.24735	6.96056	8.845	5.51589	2.76259	10.562	8.10648
8.24233	7.79806	5.53227	5.44606	2.00607	3.68752	0	13.9851	1.93668	4.55319	5.46933	8.63769	8.21732	13.078	6.31596	7.84583	5.7013	6.45011	6.14738	8.15246
10.819	11.1655	10.6084	9.78646	11.8761	3.4377	13.9851	0	12.5188	2.57202	8.52704	12.6577	11.9409	12.4613	10.5363	9.00642	7.25171	10.8755	16.5722	10.459
9.16741	9.00833	7.54219	7.38274	3.94275	5.6242	1.93668	12.5188	0	8.91838	8.34863	11.0061	5.55358	10.8097	7.86521	11.0214	11.9929	10.8153	4.2107	15.8937
9.07628	7.66428	8.25396	6.94793	8.37492	0.865671	4.55319	2.57202	8.91838	0	5.95501	9.73706	10.1749	14.2642	13.6171	8.0125	4.67969	3.62826	13.071	10.5079
5.62073	8.05118	2.29895	1.01498	3.46326	6.17229	5.46933	8.52704	8.34863	5.95501	0	3.78205	3.99572	9.58821	4.20258	2.67272	3.28323	2.10402	5.63043	3.07782
1.83869	12.4236	6.081	4.79703	6.63162	9.95433	8.63769	12.6577	11.0061	9.73706	3.78205	0	2.96057	3.481	3.76506	6.21753	6.23527	8.88563	8.34216	7.79687
1.12188	6.23231	1.29993	2.98074	8.78047	11.0111	8.21732	11.9409	5.55358	10.1749	3.99572	2.96057	0	2.76419	3.04826	1.97362	5.24899	4.06978	1.34287	0.521053
1.64231	7.14776	4.53514	2.5738	10.7133	4.24735	13.078	12.4613	10.8097	14.2642	9.58821	3.481	2.76419	0	3.56869	5.20883	6.0389	1.48476	6.44097	3.75626
1.92638	8.02223	3.13184	3.60715	8.32203	6.96056	6.31596	10.5363	7.86521	13.6171	4.20258	3.76506	3.04826	3.56869	0	1.52987	4.86268	4.19797	3.6545	2.98243
3.45624	6.3174	1.60197	3.6877	5.12818	8.845	7.84583	9.00642	11.0214	8.0125	2.67272	6.21753	1.97362	5.20883	1.52987	0	3.33281	5.72784	4.93346	1.45256
4.39659	2.98459	4.93478	2.26825	3.69523	5.51589	5.7013	7.25171	11.9929	4.67969	3.28323	6.23527	5.24899	6.0389	4.86268	3.33281	0	3.35729	6.83805	4.78537
3.12707	8.12524	6.12276	1.08904	9.22855	2.76259	6.45011	10.8755	10.8153	3.62826	2.10402	8.88563	4.06978	1.48476	4.19797	5.72784	3.35729	0	7.85247	3.79545
2.46475	4.88944	3.33148	4.32361	6.85768	10.562	6.14738	16.5722	4.2107	13.071	5.63043	8.34216	1.34287	6.44097	3.6545	4.93346	6.83805	7.85247	0	1.86392
1.64294	8.61026	0.778873	2.70641	4.30507	8.10648	8.15246	10.459	15.8937	10.5079	3.07782	7.79687	0.521053	3.75626	2.98243	1.45256	4.78537	3.79545	1.86392	0
																			
0	11.7593	4.78066	2.63607	8.55952	8.82393	6.3757	4.70566	9.41951	6.12266	3.56774	5.20773	2.26338	1.85619	3.1506	2.81611	4.53092	12.7152	3.26838	2.45133
11.7593	0	4.07291	9.72133	3.72884	11.7755	18.3066	7.62102	11.621	7.88306	2.24939	6.77229	2.96205	11.6974	8.86035	9.48324	9.51775	3.55094	1.95706	6.69432
4.78066	4.07291	0	5.04196	5.77431	10.8024	14.0314	7.77981	10.9876	10.4726	2.40818	12.471	2.51727	8.63359	8.34493	10.5585	7.24201	5.89596	2.11585	2.70522
2.63607	9.72133	5.04196	0	10.2301	6.36244	9.01177	5.14412	8.56895	4.83104	0.931668	7.65875	2.26705	4.49226	3.90492	2.74434	2.802	5.43278	1.224	2.28939
8.55952	3.72884	5.77431	10.2301	0	16.3617	14.7539	12.8141	11.7101	11.6119	7.44244	9.43655	8.15511	6.42593	5.13152	11.1111	6.23444	6.2152	5.6859	8.52688
8.82393	11.7755	10.8024	6.36244	16.3617	0	7.6954	4.11827	4.65159	3.89245	5.50709	16.4099	14.0568	8.15892	4.66336	9.82894	3.56044	9.52725	9.78223	8.12386
6.3757	18.3066	14.0314	9.01177	14.7539	7.6954	0	7.70122	3.04381	6.78172	11.7638	17.8154	8.63909	8.23189	9.8037	9.19181	10.0433	14.7556	13.3652	13.1215
4.70566	7.62102	7.77981	5.14412	12.8141	4.11827	7.70122	0	8.76986	8.01072	4.28877	8.45248	6.66895	6.56185	3.44503	5.71067	2.34211	8.30892	5.66396	6.90554
9.41951	11.621	10.9876	8.56895	11.7101	4.65159	3.04381	8.76986	0	3.73791	10.9266	20.7174	11.6069	8.00438	13.278	14.9119	8.21203	10.6993	12.6118	11.7948
6.12266	7.88306	10.4726	4.83104	11.6119	3.89245	6.78172	8.01072	3.73791	0	5.76271	7.61801	7.65802	4.26647	5.56088	6.48061	7.45289	6.96134	9.84012	7.12043
3.56774	2.24939	2.40818	0.931668	7.44244	5.50709	11.7638	4.28877	10.9266	5.76271	0	4.55449	1.29732	3.85171	3.04958	1.81268	1.94666	7.91347	0.292328	1.52333
5.20773	6.77229	12.471	7.65875	9.43655	16.4099	17.8154	8.45248	20.7174	7.61801	4.55449	0	9.46786	3.35154	4.64595	2.74181	7.61124	3.22135	18.7221	6.36474
2.26338	2.96205	2.51727	2.26705	8.15511	14.0568	8.63909	6.66895	11.6069	7.65802	1.29732	9.46786	0	4.11957	5.69139	3.14806	3.28204	3.33134	1.00499	0.187947
1.85619	11.6974	8.63359	4.49226	6.42593	8.15892	8.23189	6.56185	8.00438	4.26647	3.85171	3.35154	4.11957	0	1.29441	2.21414	2.39733	6.5729	4.14404	6.30426
3.1506	8.86035	8.34493	3.90492	5.13152	4.66336	9.8037	3.44503	13.278	5.56088	3.04958	4.64595	5.69139	1.29441	0	3.50855	1.10292	7.06973	6.67864	5.66634
2.81611	9.48324	10.5585	2.74434	11.1111	9.82894	9.19181	5.71067	14.9119	6.48061	1.81268	2.74181	3.14806	2.21414	3.50855	0	3.75934	5.96317	2.105	7.20633
4.53092	9.51775	7.24201	2.802	6.23444	3.56044	10.0433	2.34211	8.21203	7.45289	1.94666	7.61124	3.28204	2.39733	1.10292	3.75934	0	5.96681	2.23899	4.56342
12.7152	3.55094	5.89596	5.43278	6.2152	9.52725	14.7556	8.30892	10.6993	6.96134	7.91347	3.22135	3.33134	6.5729	7.06973	5.96317	5.96681	0	5.508	3.14339
3.26838	1.95706	2.11585	1.224	5.6859	9.78223	13.3652	5.66396	12.6118	9.84012	0.292328	18.7221	1.00499	4.14404	6.67864	2.105	2.23899	5.508	0	1.19294
2.45133	6.69432	2.70522	2.28939	8.52688	8.12386	13.1215	6.90554	11.7948	7.12043	1.52333	6.36474	0.187947	6.30426	5.66634	7.20633	4.56342	3.14339	1.19294	0
																			
0	3.18111	4.91643	1.61449	6.90941	4.633	4.02571	6.22958	4.71977	4.93473	9.0957	7.50852	7.49392	3.2297	3.89818	4.49039	3.0117	3.40766	5.32218	4.61514
3.18111	0	5.18591	1.56663	4.59444	7.59924	6.0447	6.34309	6.73876	6.95371	3.43733	15.4999	10.9794	3.18183	6.87453	4.44253	3.54236	1.56763	5.27432	3.53082
4.91643	5.18591	0	3.61929	3.64507	9.54943	7.51215	11.4562	10.113	8.1703	5.64506	9.41248	2.57749	5.23449	8.81461	6.49519	5.59501	4.61262	2.8809	2.64943
1.61449	1.56663	3.61929	0	5.87344	6.03261	5.6402	6.56864	8.93261	7.05821	3.66288	6.77594	4.4279	1.61521	5.30791	2.87591	1.97573	1.79317	3.70769	3.00065
6.90941	4.59444	3.64507	5.87344	0	5.55083	5.43424	13.8298	8.4575	4.52523	9.10219	15.086	6.22256	9.56622	9.75363	11.7384	3.89771	5.32464	6.08804	3.36144
4.633	7.59924	9.54943	6.03261	5.55083	0	1.93461	3.18181	4.42559	1.02559	11.851	12.1415	8.66619	7.64782	5.79088	8.90852	7.64471	7.82579	9.74031	9.00977
4.02571	6.0447	7.51215	5.6402	5.43424	1.93461	0	2.20386	0.69406	0.909013	7.96	11.5342	4.93466	9.08856	2.05935	5.92723	4.76769	6.49387	5.65487	5.27824
6.22958	6.34309	11.4562	6.56864	13.8298	3.18181	2.20386	0	2.89792	3.11288	6.64516	14.0483	7.13852	11.6026	4.26321	10.477	6.76721	4.77546	13.8715	6.73866
4.71977	6.73876	10.113	8.93261	8.4575	4.42559	0.69406	2.89792	0	1.60307	7.26595	13.7637	5.62872	12.381	2.75341	11.0208	5.46175	7.18793	7.23212	5.9723
4.93473	6.95371	8.1703	7.05821	4.52523	1.02559	0.909013	3.11288	1.60307	0	9.02848	27.559	5.84367	19.9141	2.96836	13.0138	5.67671	7.31231	11.1644	6.18725
9.0957	3.43733	5.64506	3.66288	9.10219	11.851	7.96	6.64516	7.26595	9.02848	0	13.0225	3.06756	9.09642	10.1788	7.57122	3.86145	1.8697	3.78777	3.8329
7.50852	15.4999	9.41248	6.77594	15.086	12.1415	11.5342	14.0483	13.7637	27.559	13.0225	0	7.25179	7.97176	7.76791	3.90003	9.25305	9.60155	6.53158	9.25818
7.49392	10.9794	2.57749	4.4279	6.22256	8.66619	4.93466	7.13852	5.62872	5.84367	3.06756	7.25179	0	7.49155	6.99401	11.5633	3.44168	4.89529	0.72021	2.93209
3.2297	3.18183	5.23449	1.61521	9.56622	7.64782	9.08856	11.6026	12.381	19.9141	9.09642	7.97176	7.49155	0	6.92311	4.07173	3.59094	3.40838	5.3229	4.61586
3.89818	6.87453	8.81461	5.30791	9.75363	5.79088	2.05935	4.26321	2.75341	2.96836	10.1788	7.76791	6.99401	6.92311	0	3.86788	6.82704	7.10108	9.0156	6.39219
4.49039	4.44253	6.49519	2.87591	11.7384	8.90852	5.92723	10.477	11.0208	13.0138	7.57122	3.90003	11.5633	4.07173	3.86788	0	4.85163	4.66908	6.5836	5.87656
3.0117	3.54236	5.59501	1.97573	3.89771	7.64471	4.76769	6.76721	5.46175	5.67671	3.86145	9.25305	3.44168	3.59094	6.82704	4.85163	0	1.99175	2.72147	3.95495
3.40766	1.56763	4.61262	1.79317	5.32464	7.82579	6.49387	4.77546	7.18793	7.31231	1.8697	9.60155	4.89529	3.40838	7.10108	4.66908	1.99175	0	4.6898	1.9632
5.32218	5.27432	2.8809	3.70769	6.08804	9.74031	5.65487	13.8715	7.23212	11.1644	3.78777	6.53158	0.72021	5.3229	9.0156	6.5836	2.72147	4.6898	0	2.7266
4.61514	3.53082	2.64943	3.00065	3.36144	9.00977	5.27824	6.73866	5.9723	6.18725	3.8329	9.25818	2.93209	4.61586	6.39219	5.87656	3.95495	1.9632	2.7266	0
																			
0	4.78228	2.1252	6.14828	22.1576	6.48343	10.7923	6.21172	3.96562	5.4823	1.33209	2.71131	6.97219	2.829	8.13787	1.39177	3.06232	2.14371	3.29077	6.33561
4.78228	0	9.5689	7.56615	8.04274	7.07314	6.90982	11.7143	8.40527	6.07201	5.87213	4.71005	3.4113	4.82774	7.10208	3.39051	4.1419	4.14244	7.09272	3.60379
2.1252	9.5689	0	2.80871	7.31905	8.91497	18.3119	5.67274	3.42664	7.91383	0.793111	3.8962	7.20528	8.4774	7.59889	4.78307	2.52334	4.12468	7.82707	5.34577
6.14828	7.56615	2.80871	0	4.51034	12.1919	7.1652	6.71624	6.02473	10.7225	3.60182	6.70491	2.72955	7.20794	4.61005	5.61015	4.39728	4.85821	5.01836	2.53706
22.1576	8.04274	7.31905	4.51034	0	12.9694	11.9203	6.08238	1.51439	13.9705	4.14792	14.1584	6.50836	11.7183	4.561	11.4333	7.83198	9.36855	9.5287	7.04741
6.48343	7.07314	8.91497	12.1919	12.9694	0	9.61924	16.7376	14.1976	1.00113	9.62349	9.56511	11.296	4.98391	10.0805	6.42114	9.50812	15.0251	10.6056	11.4885
10.7923	6.90982	18.3119	7.1652	11.9203	9.61924	0	7.11841	9.08551	10.475	4.49815	15.769	7.24616	11.4847	17.8417	12.1335	2.76792	11.921	7.50157	10.7598
6.21172	11.7143	5.67274	6.71624	6.08238	16.7376	7.11841	0	7.51316	13.502	4.87963	11.5741	11.1128	11.6918	11.6854	8.86959	6.60987	8.21121	11.7346	9.25331
3.96562	8.40527	3.42664	6.02473	1.51439	14.1976	9.08551	7.51316	0	11.2559	2.63353	13.7556	4.99397	8.14316	3.04661	6.62349	4.36376	5.9651	8.67539	5.1196
5.4823	6.07201	7.91383	10.7225	13.9705	1.00113	10.475	13.502	11.2559	0	6.81439	9.93802	9.48331	5.98504	10.9972	6.87407	10.2139	9.37042	8.77306	11.0399
1.33209	5.87213	0.793111	3.60182	4.14792	9.62349	4.49815	4.87963	2.63353	6.81439	0	4.68931	6.20848	4.6906	5.68014	2.72386	1.73023	3.33157	4.62286	7.35326
2.71131	4.71005	3.8962	6.70491	14.1584	9.56511	15.769	11.5741	13.7556	9.93802	4.68931	0	16.214	2.75676	9.67775	1.31954	13.298	2.07147	15.1113	6.26337
6.97219	3.4113	7.20528	2.72955	6.50836	11.296	7.24616	11.1128	4.99397	9.48331	6.20848	16.214	0	11.6045	2.26548	5.13632	4.47825	8.10089	3.68142	0.19249
2.829	4.82774	8.4774	7.20794	11.7183	4.98391	11.4847	11.6918	8.14316	5.98504	4.6906	2.75676	11.6045	0	5.09655	1.43723	8.71677	2.18916	6.64928	6.38106
8.13787	7.10208	7.59889	4.61005	4.561	10.0805	17.8417	11.6854	3.04661	10.9972	5.68014	9.67775	2.26548	5.09655	0	6.53378	8.53601	10.1374	12.739	2.07299
1.39177	3.39051	4.78307	5.61015	11.4333	6.42114	12.1335	8.86959	6.62349	6.87407	2.72386	1.31954	5.13632	1.43723	6.53378	0	5.7202	0.751934	4.68254	4.94383
3.06232	4.1419	2.52334	4.39728	7.83198	9.50812	2.76792	6.60987	4.36376	10.2139	1.73023	13.298	4.47825	8.71677	8.53601	5.7202	0	5.06181	8.15966	4.67074
2.14371	4.14244	4.12468	4.85821	9.36855	15.0251	11.921	8.21121	5.9651	9.37042	3.33157	2.07147	8.10089	2.18916	10.1374	0.751934	5.06181	0	4.41948	5.69577
3.29077	7.09272	7.82707	5.01836	9.5287	10.6056	7.50157	11.7346	8.67539	8.77306	4.62286	15.1113	3.68142	6.64928	12.739	4.68254	8.15966	4.41948	0	3.87391
6.33561	3.60379	5.34577	2.53706	7.04741	11.4885	10.7598	9.25331	5.1196	11.0399	7.35326	6.26337	0.19249	6.38106	2.07299	4.94383	4.67074	5.69577	3.87391	0
																			
0	3.97322	7.91932	4.17867	8.84921	12.1651	12.6463	9.44921	9.89085	7.35485	0.764572	4.60059	4.00392	5.01689	2.06368	3.96126	7.94562	5.25236	7.01614	6.08161
3.97322	0	12.6031	7.53689	6.70339	7.83227	14.1471	8.10122	8.96951	5.20902	3.1536	16.2968	3.54098	9.82718	1.85449	4.88446	8.42203	4.98813	4.87032	3.93578
7.91932	12.6031	0	3.74066	16.1476	18.6027	10.5537	20.4493	14.9366	9.89762	8.84502	15.8732	5.26675	10.0228	9.42305	10.8375	5.44039	21.6241	3.93741	4.2922
4.17867	7.53689	3.74066	0	9.09056	14.862	14.039	10.4884	14.297	7.59619	4.94324	8.77925	4.62723	9.35667	5.6824	8.13992	4.80087	8.81603	3.2979	3.65268
8.84921	6.70339	16.1476	9.09056	0	7.82745	8.25882	7.72263	3.8014	4.83044	6.40175	15.1672	3.1624	9.4486	11.0581	5.77555	9.63376	12.3725	4.49173	3.5572
12.1651	7.83227	18.6027	14.862	7.82745	0	8.26874	13.016	3.09111	0.97693	7.90917	17.4943	2.64497	11.6439	10.0464	12.0669	11.2528	13.18	6.93714	10.1992
12.6463	14.1471	10.5537	14.039	8.25882	8.26874	0	17.9468	9.40599	7.29181	10.991	18.3246	7.53214	17.5264	10.3775	9.76444	3.80992	8.53994	5.31289	5.50416
9.44921	8.10122	20.4493	10.4884	7.72263	13.016	17.9468	0	11.4175	6.22827	7.79959	9.78922	4.56023	10.6525	8.51792	5.48795	11.0316	7.79861	5.88957	4.95503
9.89085	8.96951	14.9366	14.297	3.8014	3.09111	9.40599	11.4175	0	2.11418	9.04642	10.2309	3.78221	11.0942	8.95956	5.92959	12.3901	8.24025	8.07438	8.55669
7.35485	5.20902	9.89762	7.59619	4.83044	0.97693	7.29181	6.22827	2.11418	0	4.90739	14.4238	1.66804	7.95423	8.23135	4.28119	7.46318	10.8782	2.99737	2.06284
0.764572	3.1536	8.84502	4.94324	6.40175	7.90917	10.991	7.79959	9.04642	4.90739	0	5.36516	3.23935	4.25231	1.29911	3.54488	7.18105	4.43274	4.56869	3.63415
4.60059	16.2968	15.8732	8.77925	15.1672	17.4943	18.3246	9.78922	10.2309	14.4238	5.36516	0	6.91442	5.85041	6.57727	4.30127	8.17367	3.44364	11.2013	6.92836
4.00392	3.54098	5.26675	4.62723	3.1624	2.64497	7.53214	4.56023	3.78221	1.66804	3.23935	6.91442	0	6.2862	4.53846	2.61315	2.08904	4.92381	0.749581	0.394799
5.01689	9.82718	10.0228	9.35667	9.4486	11.6439	17.5264	10.6525	11.0942	7.95423	4.25231	5.85041	6.2862	0	5.55142	5.16459	11.0478	7.47525	7.61553	6.681
2.06368	1.85449	9.42305	5.6824	11.0581	10.0464	10.3775	8.51792	8.95956	8.23135	1.29911	6.57727	4.53846	5.55142	0	3.02997	6.56754	3.13363	8.07051	5.65706
3.96126	4.88446	10.8375	8.13992	5.77555	12.0669	9.76444	5.48795	5.92959	4.28119	3.54488	4.30127	2.61315	5.16459	3.02997	0	4.32134	2.31066	2.98188	2.62709
7.94562	8.42203	5.44039	4.80087	9.63376	11.2528	3.80992	11.0316	12.3901	7.46318	7.18105	8.17367	2.08904	11.0478	6.56754	4.32134	0	4.73003	1.50297	1.69424
5.25236	4.98813	21.6241	8.81603	12.3725	13.18	8.53994	7.79861	8.24025	10.8782	4.43274	3.44364	4.92381	7.47525	3.13363	2.31066	4.73003	0	6.233	4.93775
7.01614	4.87032	3.93741	3.2979	4.49173	6.93714	5.31289	5.88957	8.07438	2.99737	4.56869	11.2013	0.749581	7.61553	8.07051	2.98188	1.50297	6.233	0	0.354782
6.08161	3.93578	4.2922	3.65268	3.5572	10.1992	5.50416	4.95503	8.55669	2.06284	3.63415	6.92836	0.394799	6.681	5.65706	2.62709	1.69424	4.93775	0.354782	0
																			
0	2.46347	3.35156	6.82283	12.1977	10.2185	11.0675	8.85763	11.0899	14.0096	4.07827	6.55962	4.22869	1.94197	1.38428	1.12582	6.95569	2.54685	5.31768	5.38126
2.46347	0	5.99135	6.73547	12.4363	13.0187	11.5669	11.357	9.52854	13.0247	6.70714	11.4861	6.69216	5.82393	7.94242	3.58929	5.30107	5.01032	5.89019	4.09642
3.35156	5.99135	0	10.5461	14.091	11.6587	9.36546	10.7509	7.32705	10.8232	5.1782	10.9575	6.96182	3.0419	2.48421	2.22575	9.45384	6.79964	3.68871	1.89493
6.82283	6.73547	10.5461	0	7.90184	9.3835	4.57093	8.35222	3.54401	15.4894	4.40914	4.27837	5.23401	3.46237	6.69866	4.27852	1.4344	5.84324	5.41959	7.3488
12.1977	12.4363	14.091	7.90184	0	4.21777	8.44125	11.0981	11.0194	4.01413	7.95406	3.62346	5.95439	9.90112	10.2436	10.9065	10.3581	12.689	10.7581	11.6312
10.2185	13.0187	11.6587	9.3835	4.21777	0	4.63076	7.2876	5.83949	0.203639	10.9363	8.80339	9.06308	6.85805	10.5184	7.6742	15.1898	11.3141	8.13229	9.13188
11.0675	11.5669	9.36546	4.57093	8.44125	4.63076	0	5.83513	1.02692	4.42712	11.1477	13.9847	7.88816	7.70702	11.3674	8.52317	8.07733	8.67099	9.26431	6.45904
8.85763	11.357	10.7509	8.35222	11.0981	7.2876	5.83513	0	4.80821	7.08396	4.61396	17.7262	5.43883	12.1007	6.90348	7.56642	7.93086	9.34886	7.41798	8.29111
11.0899	9.52854	7.32705	3.54401	11.0194	5.83949	1.02692	4.80821	0	5.45404	7.68612	7.82238	6.86124	7.00638	14.6953	9.68756	4.97841	9.69791	7.2259	5.43212
14.0096	13.0247	10.8232	15.4894	4.01413	0.203639	4.42712	7.08396	5.45404	0	10.6057	7.63759	9.78087	7.06169	15.2629	12.9014	12.5045	11.5178	8.33593	8.92824
4.07827	6.70714	5.1782	4.40914	7.95406	10.9363	11.1477	4.61396	7.68612	10.6057	0	3.1558	0.82487	3.02991	2.28952	2.54799	3.3169	4.7349	2.80402	3.67715
6.55962	11.4861	10.9575	4.27837	3.62346	8.80339	13.9847	17.7262	7.82238	7.63759	3.1558	0	2.33093	4.53596	9.81555	7.0938	5.71277	11.1435	5.31498	12.8524
4.22869	6.69216	6.96182	5.23401	5.95439	9.06308	7.88816	5.43883	6.86124	9.78087	0.82487	2.33093	0	2.20504	3.1144	3.02119	4.14177	5.55977	2.98405	4.50202
1.94197	5.82393	3.0419	3.46237	9.90112	6.85805	7.70702	12.1007	7.00638	7.06169	3.02991	4.53596	2.20504	0	1.07461	0.81615	4.89677	5.90731	1.95722	3.75099
1.38428	7.94242	2.48421	6.69866	10.2436	10.5184	11.3674	6.90348	14.6953	15.2629	2.28952	9.81555	3.1144	1.07461	0	0.258464	5.60642	6.9316	5.09355	4.51391
1.12582	3.58929	2.22575	4.27852	10.9065	7.6742	8.52317	7.56642	9.68756	12.9014	2.54799	7.0938	3.02119	0.81615	0.258464	0	6.26936	3.67266	2.77337	4.12068
6.95569	5.30107	9.45384	1.4344	10.3581	15.1898	8.07733	7.93086	4.97841	12.5045	3.3169	5.71277	4.14177	4.89677	5.60642	6.26936	0	4.40884	6.12092	6.99405
2.54685	5.01032	6.79964	5.84324	12.689	11.3141	8.67099	9.34886	9.69791	11.5178	4.7349	11.1435	5.55977	5.90731	6.9316	3.67266	4.40884	0	6.69848	4.9047
5.31768	5.89019	3.68871	5.41959	10.7581	8.13229	9.26431	7.41798	7.2259	8.33593	2.80402	5.31498	2.98405	1.95722	5.09355	2.77337	6.12092	6.69848	0	1.79378
5.38126	4.09642	1.89493	7.3488	11.6312	9.13188	6.45904	8.29111	5.43212	8.92824	3.67715	12.8524	4.50202	3.75099	4.51391	4.12068	6.99405	4.9047	1.79378	0
																			
0	7.40495	3.75791	5.24931	5.35967	7.59245	10.8724	6.60327	15.6788	7.72658	5.88252	3.91899	9.24912	0.957983	6.42671	1.43489	7.94083	6.087	13.3373	6.12719
7.40495	0	4.38144	2.15564	7.12069	4.8777	3.74299	9.06968	6.37252	6.64263	4.18131	5.62614	2.22424	7.05075	9.50162	4.21348	5.07128	7.30454	4.48608	2.01217
3.75791	4.38144	0	3.61897	1.60176	3.83453	5.55831	9.73072	3.65429	3.96867	4.53842	7.07181	2.58134	4.03693	9.50565	4.51383	4.18292	8.91758	6.19582	2.36927
5.24931	2.15564	3.61897	0	4.96504	2.72206	4.46669	8.61825	7.01758	3.71603	2.60971	5.03635	3.99981	2.53475	6.58874	2.05784	2.91564	6.38658	4.77076	3.83269
5.35967	7.12069	1.60176	4.96504	0	5.43629	3.95655	10.2991	2.05253	3.75026	5.3262	7.28972	5.5089	5.63868	12.311	5.87806	5.78468	7.55641	4.73795	3.97103
7.59245	4.8777	3.83453	2.72206	5.43629	0	1.74463	5.89619	2.6917	0.993968	5.79489	8.27353	2.63282	7.61717	10.068	4.7799	3.17733	5.63416	8.45262	6.2038
10.8724	3.74299	5.55831	4.46669	3.95655	1.74463	0	7.64082	2.62953	2.7386	8.69589	9.36914	8.34069	10.5182	12.969	7.68091	8.5387	7.37879	8.22907	5.75516
6.60327	9.06968	9.73072	8.61825	10.2991	5.89619	7.64082	0	12.0613	6.89016	5.40706	3.44353	12.0067	6.47842	14.535	10.1864	6.92841	11.5303	13.0153	12.9441
15.6788	6.37252	3.65429	7.01758	2.05253	2.6917	2.62953	12.0613	0	1.69773	7.37873	8.97728	3.33658	15.3246	17.7755	12.4873	3.88109	11.3898	6.79048	5.72657
7.72658	6.64263	3.96867	3.71603	3.75026	0.993968	2.7386	6.89016	1.69773	0	2.87056	7.27956	1.63885	8.00559	9.78998	5.81912	2.18336	6.62812	2.4098	1.85092
5.88252	4.18131	4.53842	2.60971	5.3262	5.79489	8.69589	5.40706	7.37873	2.87056	0	1.96353	1.23171	1.02877	5.08277	0.551866	5.98846	3.31376	2.00267	1.44378
3.91899	5.62614	7.07181	5.03635	7.28972	8.27353	9.36914	3.44353	8.97728	7.27956	1.96353	0	3.19524	3.03489	8.50362	2.51539	9.46292	5.27728	10.1122	4.13267
9.24912	2.22424	2.58134	3.99981	5.5089	2.63282	8.34069	12.0067	3.33658	1.63885	1.23171	3.19524	0	4.65718	8.71117	1.78358	3.82221	3.58942	0.770952	0.21207
0.957983	7.05075	4.03693	2.53475	5.63868	7.61717	10.5182	6.47842	15.3246	8.00559	1.02877	3.03489	4.65718	0	5.00781	0.476908	7.81075	5.12901	7.94748	6.4062
6.42671	9.50162	9.50565	6.58874	12.311	10.068	12.969	14.535	17.7755	9.78998	5.08277	8.50362	8.71117	5.00781	0	4.5309	7.60662	10.3003	13.1187	11.1787
1.43489	4.21348	4.51383	2.05784	5.87806	4.7799	7.68091	10.1864	12.4873	5.81912	0.551866	2.51539	1.78358	0.476908	4.5309	0	4.97348	3.86562	4.95122	2.72101
7.94083	5.07128	4.18292	2.91564	5.78468	3.17733	8.5387	6.92841	3.88109	2.18336	5.98846	9.46292	3.82221	7.81075	7.60662	4.97348	0	8.18956	6.08686	6.55219
6.087	7.30454	8.91758	6.38658	7.55641	5.63416	7.37879	11.5303	11.3898	6.62812	3.31376	5.27728	3.58942	5.12901	10.3003	3.86562	8.18956	0	2.81846	5.4829
13.3373	4.48608	6.19582	4.77076	4.73795	8.45262	8.22907	13.0153	6.79048	2.4098	2.00267	10.1122	0.770952	7.94748	13.1187	4.95122	6.08686	2.81846	0	0.983022
6.12719	2.01217	2.36927	3.83269	3.97103	6.2038	5.75516	12.9441	5.72657	1.85092	1.44378	4.13267	0.21207	6.4062	11.1787	2.72101	6.55219	5.4829	0.983022	0
																			
0	5.13846	4.43439	6.11617	5.21032	10.7869	7.72841	7.84569	4.82815	13.6803	4.75322	1.38241	2.24311	0.869063	7.20768	4.12932	9.78176	14.5103	5.97813	5.42116
5.13846	0	7.88512	9.65206	8.29434	10.7183	9.63964	11.246	13.0086	14.6835	8.37625	4.96184	5.64344	4.2694	10.8307	7.52966	17.1719	12.2198	7.52653	9.04418
4.43439	7.88512	0	3.93006	4.66353	11.8788	11.9703	6.02695	9.26254	8.83827	4.92602	5.78735	3.38834	4.76239	3.21675	2.12627	6.47899	6.63181	3.89572	4.10083
6.11617	9.65206	3.93006	0	9.84895	11.9674	12.5229	6.57954	13.8387	6.33482	1.36295	7.23354	2.16405	5.31498	0.713304	2.30474	3.67247	5.59654	4.06282	1.45156
5.21032	8.29434	4.66353	9.84895	0	3.59673	2.51809	10.1098	3.27015	8.46994	9.96354	6.59273	2.71059	6.07938	11.3449	2.93394	4.57144	5.46112	0.767811	3.37906
10.7869	10.7183	11.8788	11.9674	3.59673	0	1.07864	3.60262	5.73733	0.615753	9.69857	13.0698	9.66063	11.046	6.23727	14.005	8.61085	12.5922	11.4408	10.3844
7.72841	9.63964	11.9703	12.5229	2.51809	1.07864	0	11.2206	4.65869	1.69439	12.1911	13.4435	8.58199	9.95604	12.1643	10.0623	7.08953	11.5136	3.2859	9.29448
7.84569	11.246	6.02695	6.57954	10.1098	3.60262	11.2206	0	6.8396	2.98687	6.24772	8.8275	2.63861	4.01265	7.71238	8.49637	7.47776	6.52425	4.58139	3.3511
4.82815	13.0086	9.26254	13.8387	3.27015	5.73733	4.65869	6.8396	0	6.57453	9.58137	6.21056	7.42484	5.69721	16.823	7.64819	7.8416	10.1754	4.03796	8.09331
13.6803	14.6835	8.83827	6.33482	8.46994	0.615753	1.69439	2.98687	6.57453	0	8.07597	12.4541	5.62547	9.96349	5.62152	11.1981	12.6106	9.51111	9.23775	9.75075
4.75322	8.37625	4.92602	1.36295	9.96354	9.69857	12.1911	6.24772	9.58137	8.07597	0	6.13563	1.38042	4.98316	2.07625	3.66769	2.88884	4.81291	3.27919	0.667935
1.38241	4.96184	5.78735	7.23354	6.59273	13.0698	13.4435	8.8275	6.21056	12.4541	6.13563	0	3.22492	1.85088	8.43578	5.11114	12.066	13.9901	9.68308	8.51198
2.24311	5.64344	3.38834	2.16405	2.71059	9.66063	8.58199	2.63861	7.42484	5.62547	1.38042	3.22492	0	1.37404	4.65424	4.10892	2.93339	4.85746	1.94278	0.712488
0.869063	4.2694	4.76239	5.31498	6.07938	11.046	9.95604	4.01265	5.69721	9.96349	4.98316	1.85088	1.37404	0	6.09597	3.26026	6.2132	7.7658	3.31683	2.08653
7.20768	10.8307	3.21675	0.713304	11.3449	6.23727	12.1643	7.71238	16.823	5.62152	2.07625	8.43578	4.65424	6.09597	0	3.01804	17.7782	10.0821	7.11247	2.16487
4.12932	7.52966	2.12627	2.30474	2.93394	14.005	10.0623	8.49637	7.64819	11.1981	3.66769	5.11114	4.10892	3.26026	3.01804	0	9.74725	4.50554	2.16613	3.7563
9.78176	17.1719	6.47899	3.67247	4.57144	8.61085	7.08953	7.47776	7.8416	12.6106	2.88884	12.066	2.93339	6.2132	17.7782	9.74725	0	6.36588	4.83215	2.2209
14.5103	12.2198	6.63181	5.59654	5.46112	12.5922	11.5136	6.52425	10.1754	9.51111	4.81291	13.9901	4.85746	7.7658	10.0821	4.50554	6.36588	0	4.69331	4.14498
5.97813	7.52653	3.89572	4.06282	0.767811	11.4408	3.2859	4.58139	4.03796	9.23775	3.27919	9.68308	1.94278	3.31683	7.11247	2.16613	4.83215	4.69331	0	2.61125
5.42116	9.04418	4.10083	1.45156	3.37906	10.3844	9.29448	3.3511	8.09331	9.75075	0.667935	8.51198	0.712488	2.08653	2.16487	3.7563	2.2209	4.14498	2.61125	0
																			
0	5.42962	5.0801	6.91544	6.63916	5.1212	7.70245	6.59185	8.89908	3.13305	4.48781	6.79685	5.58175	5.34943	3.53003	2.7498	6.09758	13.9248	6.33579	5.66183
5.42962	0	8.4916	6.59544	6.31916	14.6564	7.22909	3.09142	6.03246	12.6683	4.1678	5.21031	5.26174	3.76289	3.46004	2.67982	6.02759	15.7164	6.01579	6.26927
5.0801	8.4916	0	6.40306	8.8781	14.8885	12.2881	11.672	8.9308	8.21315	5.10456	9.80145	6.44368	7.12393	6.59201	5.81178	9.15956	12.1008	3.25657	6.29319
6.91544	6.59544	6.40306	0	2.47505	8.4854	7.97307	8.65921	4.65515	8.04704	2.42764	9.45219	3.15219	6.32814	6.71948	4.17544	10.2224	8.91933	4.27562	3.00171
6.63916	6.31916	8.8781	2.47505	0	6.48686	3.37674	14.0281	2.18011	8.47501	2.15136	8.30344	3.2453	9.75086	10.6335	3.89916	9.94612	8.14029	3.99934	4.25283
5.1212	14.6564	14.8885	8.4854	6.48686	0	11.9849	14.9364	8.66696	1.98815	8.63821	11.4893	6.79961	16.6469	22.0315	14.0472	10.0846	14.6271	12.9927	11.4871
7.70245	7.22909	12.2881	7.97307	3.37674	11.9849	0	14.2943	1.19664	10.8355	7.64938	6.13532	7.78046	4.6879	10.3345	9.55426	12.902	9.17324	6.87087	13.3643
6.59185	3.09142	11.672	8.65921	14.0281	14.9364	14.2943	0	9.12388	9.7249	7.25922	13.8112	5.80799	6.85431	6.65054	5.77124	5.83623	18.2223	9.30378	5.65751
8.89908	6.03246	8.9308	4.65515	2.18011	8.66696	1.19664	9.12388	0	14.5375	4.33146	10.4835	14.9141	5.88453	17.2712	8.71228	13.9741	10.3204	5.67423	11.4193
3.13305	12.6683	8.21315	8.04704	8.47501	1.98815	10.8355	9.7249	14.5375	0	5.9054	9.50118	4.81146	7.90402	10.2246	5.88286	8.0964	10.4952	10.5655	4.96194
4.48781	4.1678	5.10456	2.42764	2.15136	8.63821	7.64938	7.25922	4.33146	5.9054	0	7.31055	1.09394	4.1865	2.52803	1.74781	5.09558	6.77769	1.84799	1.24443
6.79685	5.21031	9.80145	9.45219	8.30344	11.4893	6.13532	13.8112	10.4835	9.50118	7.31055	0	4.53998	1.44742	9.45413	8.92851	7.975	8.79951	5.31478	6.36709
5.58175	5.26174	6.44368	3.15219	3.2453	6.79961	7.78046	5.80799	14.9141	4.81146	1.09394	4.53998	0	3.09256	3.86826	2.84175	7.76275	5.68375	2.94193	0.150486
5.34943	3.76289	7.12393	6.32814	9.75086	16.6469	4.6879	6.85431	5.88453	7.90402	4.1865	1.44742	3.09256	0	8.26131	6.44271	9.42242	8.77631	3.86736	3.24305
3.53003	3.46004	6.59201	6.71948	10.6335	22.0315	10.3345	6.65054	17.2712	10.2246	2.52803	9.45413	3.86826	8.26131	0	0.780224	4.128	4.4776	9.46282	3.71777
2.7498	2.67982	5.81178	4.17544	3.89916	14.0472	9.55426	5.77124	8.71228	5.88286	1.74781	8.92851	2.84175	6.44271	0.780224	0	3.34777	5.25782	3.59579	3.84928
6.09758	6.02759	9.15956	10.2224	9.94612	10.0846	12.902	5.83623	13.9741	8.0964	5.09558	7.975	7.76275	9.42242	4.128	3.34777	0	16.7745	9.64275	9.89624
13.9248	15.7164	12.1008	8.91933	8.14029	14.6271	9.17324	18.2223	10.3204	10.4952	6.77769	8.79951	5.68375	8.77631	4.4776	5.25782	16.7745	0	9.81524	5.83424
6.33579	6.01579	3.25657	4.27562	3.99934	12.9927	6.87087	9.30378	5.67423	10.5655	1.84799	5.31478	2.94193	3.86736	9.46282	3.59579	9.64275	9.81524	0	3.94946
5.66183	6.26927	6.29319	3.00171	4.25283	11.4871	13.3643	5.65751	11.4193	4.96194	1.24443	6.36709	0.150486	3.24305	3.71777	3.84928	9.89624	5.83424	3.94946	0
																			
0	11.7701	1.93708	2.14923	7.4364	8.66478	7.68558	4.61428	11.376	4.2123	2.21639	3.93085	1.22966	2.31703	3.21582	1.43758	4.18193	4.62822	1.47723	0.996104
11.7701	0	1.5638	6.52017	3.90842	10.15	5.30594	1.75491	7.46981	10.8758	4.15279	10.4108	6.25888	14.0518	10.3554	12.774	4.5276	2.32593	11.1227	2.50478
1.93708	1.5638	0	2.09411	5.75829	11.7137	6.86974	3.3187	11.6254	4.15717	3.7124	5.84706	1.17453	4.21875	2.17453	9.65697	2.96381	0.762134	1.4221	0.94098
2.14923	6.52017	2.09411	0	1.44642	10.2328	7.8426	3.59993	5.30165	4.36932	2.7928	6.78349	1.38668	4.4309	6.61164	4.65616	2.996	5.19924	1.63425	1.15313
7.4364	3.90842	5.75829	1.44642	0	13.2265	6.01911	2.15351	3.85524	7.29231	4.23922	5.33708	3.78906	7.00114	6.40856	8.71538	9.65066	4.99616	5.26288	2.59954
8.66478	10.15	11.7137	10.2328	13.2265	0	10.9504	11.7534	4.16294	0.725867	8.30004	9.68541	7.39134	8.02135	13.0339	10.495	11.1858	16.152	6.41633	3.94206
7.68558	5.30594	6.86974	7.8426	6.01911	10.9504	0	5.15187	2.16387	5.60094	7.54975	15.6202	6.92303	9.96725	12.2846	10.45	9.8753	10.8722	7.1706	6.68948
4.61428	1.75491	3.3187	3.59993	2.15351	11.7534	5.15187	0	6.00875	9.97205	2.39788	7.49059	11.1508	16.3702	7.6245	4.26125	7.36044	5.34815	4.36744	6.90032
11.376	7.46981	11.6254	5.30165	3.85524	4.16294	2.16387	6.00875	0	3.43707	10.7506	9.19231	11.1985	11.5567	16.5692	12.5706	13.6159	8.8514	10.6654	6.65326
4.2123	10.8758	4.15717	4.36932	7.29231	0.725867	5.60094	9.97205	3.43707	0	7.57417	11.8698	3.44975	6.49397	10.3669	9.37649	6.40202	10.5244	3.69732	3.21619
2.21639	4.15279	3.7124	2.7928	4.23922	8.30004	7.54975	2.39788	10.7506	7.57417	0	6.14724	2.94457	4.53342	4.36266	1.86336	7.59475	2.95026	1.96956	2.45068
3.93085	10.4108	5.84706	6.78349	5.33708	9.68541	15.6202	7.49059	9.19231	11.8698	6.14724	0	4.54006	1.66406	1.62673	5.36843	5.19341	3.03913	5.51507	4.77362
1.22966	6.25888	1.17453	1.38668	3.78906	7.39134	6.92303	11.1508	11.1985	3.44975	2.94457	4.54006	0	3.51133	5.39843	7.10885	0.653351	6.59586	0.714679	0.233555
2.31703	14.0518	4.21875	4.4309	7.00114	8.02135	9.96725	16.3702	11.5567	6.49397	4.53342	1.66406	3.51133	0	3.29079	3.75461	6.4636	6.42494	3.7589	3.27777
3.21582	10.3554	2.17453	6.61164	6.40856	13.0339	12.2846	7.6245	16.5692	10.3669	4.36266	1.62673	5.39843	3.29079	0	4.65341	6.05178	1.4124	6.37344	4.21193
1.43758	12.774	9.65697	4.65616	8.71538	10.495	10.45	4.26125	12.5706	9.37649	1.86336	5.36843	7.10885	3.75461	4.65341	0	12.0434	4.81363	3.83292	2.43369
4.18193	4.5276	2.96381	2.996	9.65066	11.1858	9.8753	7.36044	13.6159	6.40202	7.59475	5.19341	0.653351	6.4636	6.05178	12.0434	0	3.72594	1.62836	0.886905
4.62822	2.32593	0.762134	5.19924	4.99616	16.152	10.8722	5.34815	8.8514	10.5244	2.95026	3.03913	6.59586	6.42494	1.4124	4.81363	3.72594	0	4.91982	1.70311
1.47723	11.1227	1.4221	1.63425	5.26288	6.41633	7.1706	4.36744	10.6654	3.69732	1.96956	5.51507	0.714679	3.7589	6.37344	3.83292	1.62836	4.91982	0	0.481124
0.996104	2.50478	0.94098	1.15313	2.59954	3.94206	6.68948	6.90032	6.65326	3.21619	2.45068	4.77362	0.233555	3.27777	4.21193	2.43369	0.886905	1.70311	0.481124	0
																			
0	3.77554	4.19952	2.49515	7.96311	6.50766	14.6647	4.17636	5.30547	5.14943	1.1754	5.52806	1.81416	2.75775	1.90394	1.97088	9.06295	6.085	2.65801	1.38392
3.77554	0	1.41023	4.15928	5.28608	8.36082	2.43569	2.48508	5.40703	6.15713	1.82683	6.9905	0.94986	4.14064	7.89605	6.87794	4.06965	3.715	1.46758	1.38009
4.19952	1.41023	0	2.74905	8.38474	5.32261	3.84592	1.07485	3.9968	3.60622	4.0688	5.58027	2.36009	7.85589	8.64846	5.52292	3.49073	5.12523	4.8358	2.8156
2.49515	4.15928	2.74905	0	8.10747	6.78097	8.14337	3.8239	6.74585	7.16758	1.31976	8.32932	2.19673	12.0911	5.03918	4.11827	0.741682	1.09634	3.43114	3.59887
7.96311	5.28608	8.38474	8.10747	0	1.44915	2.85039	6.44122	2.77495	1.96726	6.78771	9.19268	6.60911	5.19905	10.5071	6.77852	7.48843	12.2027	6.09139	7.70632
6.50766	8.36082	5.32261	6.78097	1.44915	0	4.29953	3.04948	1.32581	0.518111	8.23686	6.52022	6.94069	3.74991	7.53661	6.72777	6.03928	4.81309	4.25455	4.28362
14.6647	2.43569	3.84592	8.14337	2.85039	4.29953	0	7.02348	3.60907	6.44323	9.6381	6.34229	3.38555	9.11261	15.0003	14.4937	7.40169	6.15069	8.94178	4.82731
4.17636	2.48508	1.07485	3.8239	6.44122	3.04948	7.02348	0	3.41442	2.53137	6.00389	6.65512	3.22268	8.74198	9.07389	8.1307	5.24749	4.89283	5.91065	2.79244
5.30547	5.40703	3.9968	6.74585	2.77495	1.32581	3.60907	3.41442	0	1.84392	6.49506	9.31397	4.35179	5.07572	12.3898	11.5451	7.36509	8.20877	6.13581	3.92155
5.14943	6.15713	3.60622	7.16758	1.96726	0.518111	6.44323	2.53137	1.84392	0	8.76339	20.0097	4.19574	4.26802	7.0185	4.42356	4.64963	4.29498	3.73644	3.76551
1.1754	1.82683	4.0688	1.31976	6.78771	8.23686	9.6381	6.00389	6.49506	8.76339	0	7.87879	0.876972	3.93315	3.07934	3.14628	2.06144	4.67953	1.39469	1.30721
5.52806	6.9905	5.58027	8.32932	9.19268	6.52022	6.34229	6.65512	9.31397	20.0097	7.87879	0	5.96109	2.77032	9.18776	5.74817	12.2488	13.4885	7.51953	7.43205
1.81416	0.94986	2.36009	2.19673	6.60911	6.94069	3.38555	3.22268	4.35179	4.19574	0.876972	5.96109	0	3.19078	4.5964	1.20484	4.62328	4.66486	0.517716	0.430234
2.75775	4.14064	7.85589	12.0911	5.19905	3.74991	9.11261	8.74198	5.07572	4.26802	3.93315	2.77032	3.19078	0	4.66169	2.97786	8.43778	9.67746	3.66498	3.62101
1.90394	7.89605	8.64846	5.03918	10.5071	7.53661	15.0003	9.07389	12.3898	7.0185	3.07934	9.18776	4.5964	4.66169	0	3.87483	4.53571	4.18105	5.07049	3.28787
1.97088	6.87794	5.52292	4.11827	6.77852	6.72777	14.4937	8.1307	11.5451	4.42356	3.14628	5.74817	1.20484	2.97786	3.87483	0	4.79269	7.44672	0.687125	3.35481
9.06295	4.06965	3.49073	0.741682	7.48843	6.03928	7.40169	5.24749	7.36509	4.64963	2.06144	12.2488	4.62328	8.43778	4.53571	4.79269	0	0.354656	4.10556	4.34055
6.085	3.715	5.12523	1.09634	12.2027	4.81309	6.15069	4.89283	8.20877	4.29498	4.67953	13.4885	4.66486	9.67746	4.18105	7.44672	0.354656	0	4.46022	6.10662
2.65801	1.46758	4.8358	3.43114	6.09139	4.25455	8.94178	5.91065	6.13581	3.73644	1.39469	7.51953	0.517716	3.66498	5.07049	0.687125	4.10556	4.46022	0	0.94795
1.38392	1.38009	2.8156	3.59887	7.70632	4.28362	4.82731	2.79244	3.92155	3.76551	1.30721	7.43205	0.430234	3.62101	3.28787	3.35481	4.34055	6.10662	0.94795	0
																			
0	6.86027	7.00583	6.39596	7.72429	9.16335	8.5835	8.57225	4.24261	11.0848	4.29607	7.95456	3.82904	3.96004	5.17895	2.51847	6.52713	2.93932	2.25274	3.09671
6.86027	0	5.67235	5.92274	8.61295	15.4723	5.92942	8.41634	11.7772	10.4423	6.1194	9.77789	5.3105	3.32984	7.00229	4.3418	5.89694	4.76265	5.02736	4.18338
7.00583	5.67235	0	3.22831	13.3027	15.2626	16.1715	8.20667	11.8307	8.90583	6.71718	9.81607	2.61608	3.0458	6.82789	6.21254	5.61289	8.51778	2.33293	1.48896
6.39596	5.92274	3.22831	0	6.95679	14.6701	13.9282	13.1343	7.66628	9.15622	1.23922	7.24607	2.86646	5.43526	2.17655	3.01682	4.29719	4.29834	2.58332	1.73935
7.72429	8.61295	13.3027	6.95679	0	13.573	2.92601	16.4371	11.2249	7.43888	6.98342	10.6419	3.63588	11.9428	5.7577	5.20582	15.3842	5.62667	5.21219	4.76299
9.16335	15.4723	15.2626	14.6701	13.573	0	5.12605	7.05593	4.92074	0.613187	11.3478	12.0944	10.9755	14.5504	15.0226	8.10824	9.46588	7.20331	17.2124	8.03005
8.5835	5.92942	16.1715	13.9282	2.92601	5.12605	0	12.4034	8.29893	4.51287	14.726	19.4414	6.56189	9.25927	20.433	8.13183	13.3656	11.103	10.8362	10.1128
8.57225	8.41634	8.20667	13.1343	16.4371	7.05593	12.4034	0	8.29652	7.66912	11.895	16.6674	14.0258	11.2525	13.5621	11.0907	14.953	11.6521	10.825	9.69563
4.24261	11.7772	11.8307	7.66628	11.2249	4.92074	8.29893	8.29652	0	5.53393	6.42707	9.26235	8.1434	8.20265	8.09408	5.27619	9.48504	4.85534	6.49535	10.022
11.0848	10.4423	8.90583	9.15622	7.43888	0.613187	4.51287	7.66912	5.53393	0	11.9107	10.9971	8.54398	11.1128	14.7225	7.01097	8.8527	6.59012	8.26084	7.41687
4.29607	6.1194	6.71718	1.23922	6.98342	11.3478	14.726	11.895	6.42707	11.9107	0	6.73654	3.40158	5.4491	1.66701	1.7776	3.05798	2.19845	2.82872	2.97857
7.95456	9.77789	9.81607	7.24607	10.6419	12.0944	19.4414	16.6674	9.26235	10.9971	6.73654	0	7.19134	6.77028	5.06952	4.82786	7.43736	4.407	6.48721	10.1597
3.82904	5.3105	2.61608	2.86646	3.63588	10.9755	6.56189	14.0258	8.1434	8.54398	3.40158	7.19134	0	4.82302	2.12182	2.62742	6.05214	3.28806	1.57631	1.12711
3.96004	3.32984	3.0458	5.43526	11.9428	14.5504	9.25927	11.2525	8.20265	11.1128	5.4491	6.77028	4.82302	0	3.78209	5.93505	2.5671	7.55521	4.53988	3.69591
5.17895	7.00229	6.82789	2.17655	5.7577	15.0226	20.433	13.5621	8.09408	14.7225	1.66701	5.06952	2.12182	3.78209	0	2.66048	4.72499	3.08134	3.69813	3.24893
2.51847	4.3418	6.21254	3.01682	5.20582	8.10824	8.13183	11.0907	5.27619	7.01097	1.7776	4.82786	2.62742	5.93505	2.66048	0	4.83558	0.420851	1.05112	1.89509
6.52713	5.89694	5.61289	4.29719	15.3842	9.46588	13.3656	14.953	9.48504	8.8527	3.05798	7.43736	6.05214	2.5671	4.72499	4.83558	0	7.33847	5.76899	4.92502
2.93932	4.76265	8.51778	4.29834	5.62667	7.20331	11.103	11.6521	4.85534	6.59012	2.19845	4.407	3.28806	7.55521	3.08134	0.420851	7.33847	0	1.47197	4.41517
2.25274	5.02736	2.33293	2.58332	5.21219	17.2124	10.8362	10.825	6.49535	8.26084	2.82872	6.48721	1.57631	4.53988	3.69813	1.05112	5.76899	1.47197	0	0.843971
