10
10
3
3
20

6	7
19	44
37	23
35	6
5	8
20	35
8	31
29	43
18	39
19	47

26	20
20	33
15	46
20	26
17	19
15	12
5	30
13	40
38	5
9	40

70

1.79769e+308
1.79769e+308
1.79769e+308
1.79769e+308
1.79769e+308
1.79769e+308
1.79769e+308
1.79769e+308
1.79769e+308
1.79769e+308

16
18
15
11
18
16
15
15
15
16

0
0
0
0
0
0
0
0
0
0

0

0	24.731	10.0716	22.3954	2.44659	7.69017	26.8202	21.7042	10.3759	11.4478	13.5449	12.8402	16.5923	4.72017	8.07111	11.84	9.68791	20.9987	13.2943	8.8152	
24.731	0	16.5952	34.7793	15.3532	4.66311	7.36255	3.41696	3.00842	4.17611	11.6921	7.28994	1.20748	8.66419	11.3736	13.2812	19.1952	3.67766	24.1141	8.27766	
10.0716	16.5952	0	25.4243	11.8538	8.32143	13.9911	20.0121	11.0072	12.079	12.3882	13.4714	17.8027	5.35143	4.6911	7.74874	10.3192	12.387	13.9256	9.44646	
22.3954	34.7793	25.4243	0	29.1223	16.8599	25.0845	25.6619	30.6048	15.5737	8.32166	17.3419	25.825	13.539	16.0187	24.0994	23.8196	28.3588	4.96478	35.1486	
2.44659	15.3532	11.8538	29.1223	0	9.76492	16.4627	17.1317	12.4507	13.5225	14.8598	14.7281	14.1458	6.79492	7.16268	10.2203	11.7627	13.3207	15.3691	10.89	
7.69017	4.66311	8.32143	16.8599	9.76492	0	6.00881	3.99563	1.65469	8.71497	11.7947	3.3	5.2341	2.97	6.32094	15.7462	7.93774	1.89251	11.5442	5.43737	
26.8202	7.36255	13.9911	25.0845	16.4627	6.00881	0	6.69506	4.35412	6.79577	12.0616	3.04138	7.93354	6.23265	6.9625	12.3576	1.26491	7.15859	18.9786	9.4176	
21.7042	3.41696	20.0121	25.6619	17.1317	3.99563	6.69506	0	2.34094	6.5699	13.822	10.7069	4.62443	7.99671	12.9219	9.86426	21.3251	5.1454	20.6972	8.40805	
10.3759	3.00842	11.0072	30.6048	12.4507	1.65469	4.35412	2.34094	0	6.54805	14.4805	4.95469	3.57941	4.62469	9.00671	12.2052	5.61904	2.80446	13.5498	6.06711	
11.4478	4.17611	12.079	15.5737	13.5225	8.71497	6.79577	6.5699	6.54805	0	7.25209	9.83715	2.96864	6.72761	9.26354	12.3212	8.06068	6.82246	15.3018	8.91079	
13.5449	11.6921	12.3882	8.32166	14.8598	11.7947	12.0616	13.822	14.4805	7.25209	0	9.02023	10.2207	8.82469	7.69708	10.7547	13.3947	14.0746	13.2864	12.9197	
12.8402	7.28994	13.4714	17.3419	14.7281	3.3	3.04138	10.7069	4.95469	9.83715	9.02023	0	8.49741	6.27	11.4709	18.2345	4.30629	5.19251	15.1951	8.73737	
16.5923	1.20748	17.8027	25.825	14.1458	5.2341	7.93354	4.62443	3.57941	2.96864	10.2207	8.49741	0	9.23518	12.2322	24.3776	17.7239	4.88514	21.1991	9.64652	
4.72017	8.66419	5.35143	13.539	6.79492	2.97	6.23265	7.99671	4.62469	6.72761	8.82469	6.27	9.23518	0	3.35094	6.40859	4.96774	4.86251	8.57418	4.09503	
8.07111	11.3736	4.6911	16.0187	7.16268	6.32094	6.9625	12.9219	9.00671	9.26354	7.69708	11.4709	12.2322	3.35094	0	3.05765	5.69759	7.69592	11.9251	7.41583	
11.84	13.2812	7.74874	24.0994	10.2203	15.7462	12.3576	9.86426	12.2052	12.3212	10.7547	18.2345	24.3776	6.40859	3.05765	0	8.75523	10.7536	27.1568	10.3088	
9.68791	19.1952	10.3192	23.8196	11.7627	7.93774	1.26491	21.3251	5.61904	8.06068	13.3947	4.30629	17.7239	4.96774	5.69759	8.75523	0	10.7369	13.5419	9.06277	
20.9987	3.67766	12.387	28.3588	13.3207	1.89251	7.15859	5.1454	2.80446	6.82246	14.0746	5.19251	4.88514	4.86251	7.69592	10.7536	10.7369	0	13.7877	4.6	
13.2943	24.1141	13.9256	4.96478	15.3691	11.5442	18.9786	20.6972	13.5498	15.3018	13.2864	15.1951	21.1991	8.57418	11.9251	27.1568	13.5419	13.7877	0	12.6692	
8.8152	8.27766	9.44646	35.1486	10.89	5.43737	9.4176	8.40805	6.06711	8.91079	12.9197	8.73737	9.64652	4.09503	7.41583	10.3088	9.06277	4.6	12.6692	0	

0	26.8964	19.6182	22.7065	2.47487	22.0613	5.77997	20.7233	8.7254	10.6341	16.0195	9.47202	10.7458	9.5041	9.67997	16.3686	7.4876	17.8622	21.4934	11.8471	
26.8964	0	17.9538	20.3602	19.1078	8.69897	6.17336	4.99177	7.68088	2.73	17.5816	8.45024	1.20748	5.53674	11.0351	16.7864	11.3189	5.86465	13.3325	4.52354	
19.6182	17.9538	0	16.2975	17.1932	15.5923	13.8383	21.7882	16.3941	18.6924	3.64856	8.08709	17.9274	18.413	11.5267	6.7769	9.46341	15.3369	22.1154	13.4302	
22.7065	20.3602	16.2975	0	26.1935	10.5173	16.9265	27.9319	15.6105	12.3734	12.6489	9.09393	20.3339	21.7244	10.3521	13.1548	11.293	12.959	1.77088	15.8367	
2.47487	19.1078	17.1932	26.1935	0	7.79714	8.25484	13.993	12.2904	18.6467	11.4357	6.99714	11.3585	7.02922	13.9998	13.8937	14.4462	13.9268	14.3202	18.0798	
22.0613	8.69897	15.5923	10.5173	7.79714	0	5.94177	7.79588	2.99633	10.1886	5.23852	0.8	7.49149	8.25751	10.2053	17.422	12.9448	5.64782	8.12306	9.93391	
5.77997	6.17336	13.8383	16.9265	8.25484	5.94177	0	7.11589	2.94544	4.85412	7.52248	8.38455	4.96588	8.20662	3.9	6.85545	1.70763	5.59693	11.2297	6.06711	
20.7233	4.99177	21.7882	27.9319	13.993	7.79588	7.11589	0	9.5178	2.26177	11.4344	6.99588	4.98302	15.9267	12.6114	15.5198	10.372	5.39641	12.8642	10.453	
8.7254	7.68088	16.3941	15.6105	12.2904	2.99633	2.94544	9.5178	0	5.78614	9.87764	3.79633	6.47341	5.26118	6.84544	12.9603	4.65307	2.65149	11.7428	5.53149	
10.6341	2.73	18.6924	12.3734	18.6467	10.1886	4.85412	2.26177	5.78614	0	14.4037	9.25765	2.72125	7.05051	8.75412	13.7367	6.56175	3.13465	10.6025	6.01465	
16.0195	17.5816	3.64856	12.6489	11.4357	5.23852	7.52248	11.4344	9.87764	14.4037	0	4.43852	11.6813	14.7644	7.87819	3.12834	5.81485	11.3682	11.7616	14.5683	
9.47202	8.45024	8.08709	9.09393	6.99714	0.8	8.38455	6.99588	3.79633	9.25765	4.43852	0	7.24276	9.08	12.3167	7.56686	10.2534	6.92965	7.32306	9.80965	
10.7458	1.20748	17.9274	20.3339	11.3585	7.49149	4.96588	4.98302	6.47341	2.72125	11.6813	7.24276	0	4.32926	8.86588	18.622	6.67351	5.85589	13.3237	4.4972	
9.5041	5.53674	18.413	21.7244	7.02922	8.25751	8.20662	15.9267	5.26118	7.05051	14.7644	9.08	4.32926	0	12.4702	17.8927	14.6563	7.91267	17.0264	8.82646	
9.67997	11.0351	11.5267	10.3521	13.9998	10.2053	3.9	12.6114	6.84544	8.75412	7.87819	12.3167	8.86588	12.4702	0	5.75129	5.60763	9.86048	8.58121	9.96711	
16.3686	16.7864	6.7769	13.1548	13.8937	17.422	6.85545	15.5198	12.9603	13.7367	3.12834	7.56686	18.622	17.8927	5.75129	0	5.14782	11.0387	14.3325	17.3183	
7.4876	11.3189	9.46341	11.293	14.4462	12.9448	1.70763	10.372	4.65307	6.56175	5.81485	10.2534	6.67351	14.6563	5.60763	5.14782	0	5.89087	9.52211	7.77474	
17.8622	5.86465	15.3369	12.959	13.9268	5.64782	5.59693	5.39641	2.65149	3.13465	11.3682	6.92965	5.85589	7.91267	9.86048	11.0387	5.89087	0	13.7371	2.88	
21.4934	13.3325	22.1154	1.77088	14.3202	8.12306	11.2297	12.8642	11.7428	10.6025	11.7616	7.32306	13.3237	17.0264	8.58121	14.3325	9.52211	13.7371	0	17.6076	
11.8471	4.52354	13.4302	15.8367	18.0798	9.93391	6.06711	10.453	5.53149	6.01465	14.5683	9.80965	4.4972	8.82646	9.96711	17.3183	7.77474	2.88	17.6076	0	

0	15.8759	23.1612	9.28552	1.73948	22.3461	10.4559	16.1178	24.374	21.3012	11.4142	14.7141	21.9993	19.2855	11.558	11.1193	8.74826	11.9648	9.98122	13.8103	
15.8759	0	11.6166	21.3575	18.2296	6.88209	8.83527	6.26057	5.40496	0.66	9.86457	7.42882	6.97653	11.1719	13.9647	17.8565	7.12764	7.75905	18.4222	9.29878	
23.1612	11.6166	0	11.8729	13.3233	18.027	16.1206	6.89301	17.0216	12.2766	3.64856	10.5211	18.5932	11.0308	15.5111	13.7136	14.2626	13.7301	11.1772	19.475	
9.28552	21.3575	11.8729	0	11.025	24.4	16.5752	32.313	13.7129	20.5119	17.3822	17.42	26.2863	10	13.5675	20.4048	18.0338	24.5568	0.695701	22.9973	
1.73948	18.2296	13.3233	11.025	0	24.0531	21.5505	17.0624	15.2733	17.3244	9.67471	13.7891	21.1035	17.0569	13.2974	12.8588	10.4877	10.2253	12.2604	11.9453	
22.3461	6.88209	18.027	24.4	24.0531	0	5.6921	15.1134	4.64386	7.54209	9.49255	2.62	8.98097	10.04	15.7421	23.4464	7.39973	6.18382	18.8757	9.75231	
10.4559	8.83527	16.1206	16.5752	21.5505	5.6921	0	9.0772	11.5506	14.2606	20.0705	7.67348	14.4011	16.12	8.54473	20.7518	1.70763	7.5985	15.8795	6.76968	
16.1178	6.26057	6.89301	32.313	17.0624	15.1134	9.0772	0	11.8851	5.60057	10.5416	10.4009	12.1563	16.1125	14.2067	27.4612	7.36957	6.8371	18.0702	8.5571	
24.374	5.40496	17.0216	13.7129	15.2733	4.64386	11.5506	11.8851	0	6.06496	8.89641	2.02386	3.12247	9.44386	12.816	14.0025	7.98971	5.04803	13.0172	3.89382	
21.3012	0.66	12.2766	20.5119	17.3244	7.54209	14.2606	5.60057	6.06496	0	9.20457	9.19927	6.55574	10.5119	18.7369	17.4357	7.78764	7.09905	20.1926	8.81905	
11.4142	9.86457	3.64856	17.3822	9.67471	9.49255	20.0705	10.5416	8.89641	9.20457	0	6.87255	15.7603	7.38219	11.8626	10.0651	12.8384	10.4364	14.8258	20.3259	
14.7141	7.42882	10.5211	17.42	13.7891	2.62	7.67348	10.4009	2.02386	9.19927	6.87255	0	5.14632	7.42	12.803	16.9376	5.96585	3.56382	15.0411	5.28382	
21.9993	6.97653	18.5932	26.2863	21.1035	8.98097	14.4011	12.1563	3.12247	6.55574	15.7603	5.14632	0	16.2863	14.3492	10.88	13.4625	8.1705	16.1397	7.01628	
19.2855	11.1719	11.0308	10	17.0569	10.04	16.12	16.1125	9.44386	10.5119	7.38219	7.42	16.2863	0	8.22503	13.5281	13.3859	10.9838	10.6957	12.9973	
11.558	13.9647	15.5111	13.5675	13.2974	15.7421	8.54473	14.2067	12.816	18.7369	11.8626	12.803	14.3492	8.22503	0	10.7018	6.8371	12.728	12.8718	11.4608	
11.1193	17.8565	13.7136	20.4048	12.8588	23.4464	20.7518	27.4612	14.0025	17.4357	10.0651	16.9376	10.88	13.5281	10.7018	0	17.5389	21.7582	23.5736	19.2804	
8.74826	7.12764	14.2626	18.0338	10.4877	7.39973	1.70763	7.36957	7.98971	7.78764	12.8384	5.96585	13.4625	13.3859	6.8371	17.5389	0	5.89087	17.5872	5.06205	
11.9648	7.75905	13.7301	24.5568	10.2253	6.18382	7.5985	6.8371	5.04803	7.09905	10.4364	3.56382	8.1705	10.9838	12.728	21.7582	5.89087	0	18.0653	1.72	
9.98122	18.4222	11.1772	0.695701	12.2604	18.8757	15.8795	18.0702	13.0172	20.1926	14.8258	15.0411	16.1397	10.6957	12.8718	23.5736	17.5872	18.0653	0	16.9111	
13.8103	9.29878	19.475	22.9973	11.9453	9.75231	6.76968	8.5571	3.89382	8.81905	20.3259	5.28382	7.01628	12.9973	11.4608	19.2804	5.06205	1.72	16.9111	0	

0	14.5104	14.4765	16.8282	1.75362	16.5916	8.66995	20.2804	13.6644	16.7604	11.6883	18.6716	20.9207	11.259	9.27893	11.737	10.5536	17.9162	21.6353	15.2426	
14.5104	0	11.2241	15.3162	16.264	7.69708	13.4588	14.4404	8.46437	2.25	10.8498	7.17948	6.84237	4.14638	6.12648	10.7047	9.11412	5.19199	21.1063	7.21612	
14.4765	11.2241	0	16.3005	12.7228	9.37754	14.7773	17.6633	14.5708	10.5	7.18311	7.29754	12.1846	7.0777	9.0578	15.4027	10.1462	6.17629	18.5794	12.4163	
16.8282	15.3162	16.3005	0	18.738	14.7436	13.1676	18.5507	16.7399	15.3453	9.48669	12.6636	11.1803	9.52933	7.54923	6.8906	14.0942	10.1242	0.948683	16.3642	
1.75362	16.264	12.7228	18.738	0	17.9645	10.4236	23.5391	12.911	16.0675	13.4419	19.6274	19.678	13.7677	11.0326	11.8474	8.8	12.7699	19.8816	16.9962	
16.5916	7.69708	9.37754	14.7436	17.9645	0	8.22192	6.74329	3.84604	6.38205	15.8161	2.08	9.40555	10.89	12.8701	14.4989	7.957	5.54482	24.0005	9.18311	
8.66995	13.4588	14.7773	13.1676	10.4236	8.22192	0	14.9652	4.99444	9.70245	7.59421	10.3019	10.554	7.40269	11.8767	6.27702	2.43495	6.40489	19.4092	9.05539	
20.2804	14.4404	17.6633	18.5507	23.5391	6.74329	14.9652	0	10.5893	12.3859	17.6675	8.82329	19.3539	10.9642	11.0015	16.8983	14.7391	14.8295	31.7133	15.9264	
13.6644	8.46437	14.5708	16.7399	12.911	3.84604	4.99444	10.5893	0	10.2281	12.5886	5.92604	5.55951	9.0787	12.816	11.2715	4.11096	8.0809	21.0852	8.14985	
16.7604	2.25	10.5	15.3453	16.0675	6.38205	9.70245	12.3859	10.2281	0	14.0617	5.33355	6.96805	6.39638	9.33843	8.45468	7.2675	7.44199	24.2417	6.83567	
11.6883	10.8498	7.18311	9.48669	13.4419	15.8161	7.59421	17.6675	12.5886	14.0617	0	14.4806	14.1156	6.70337	8.68347	13.4655	10.0292	13.3594	10.4354	16.6496	
18.6716	7.17948	7.29754	12.6636	19.6274	2.08	10.3019	8.82329	5.92604	5.33355	14.4806	0	9.47315	9.8	11.7801	13.2898	7.43476	3.46482	13.6123	9.70482	
20.9207	6.84237	12.1846	11.1803	19.678	9.40555	10.554	19.3539	5.55951	6.96805	14.1156	9.47315	0	10.9888	11.6418	15.4227	9.67048	6.00833	12.129	8.31558	
11.259	4.14638	7.0777	9.52933	13.7677	10.89	7.40269	10.9642	9.0787	6.39638	6.70337	9.8	10.9888	0	1.9801	7.87699	4.96774	8.93767	21.9419	11.3625	
9.27893	6.12648	9.0578	7.54923	11.0326	12.8701	11.8767	11.0015	12.816	9.33843	8.68347	11.7801	11.6418	1.9801	0	5.89689	6.94784	13.4117	8.49791	15.5115	
11.737	10.7047	15.4027	6.8906	11.8474	14.4989	6.27702	16.8983	11.2715	8.45468	13.4655	13.2898	15.4227	7.87699	5.89689	0	8.71198	9.82497	7.83929	15.2904	
10.5536	9.11412	10.1462	14.0942	8.8	7.957	2.43495	14.7391	4.11096	7.2675	10.0292	7.43476	9.67048	4.96774	6.94784	8.71198	0	3.96994	16.9742	10.2099	
17.9162	5.19199	6.17629	10.1242	12.7699	5.54482	6.40489	14.8295	8.0809	7.44199	13.3594	3.46482	6.00833	8.93767	13.4117	9.82497	3.96994	0	11.0729	6.24	
21.6353	21.1063	18.5794	0.948683	19.8816	24.0005	19.4092	31.7133	21.0852	24.2417	10.4354	13.6123	12.129	21.9419	8.49791	7.83929	16.9742	11.0729	0	22.1543	
15.2426	7.21612	12.4163	16.3642	16.9962	9.18311	9.05539	15.9264	8.14985	6.83567	16.6496	9.70482	8.31558	11.3625	15.5115	15.2904	10.2099	6.24	22.1543	0	

0	10.1494	9.36295	11.7328	0.608112	9.68678	15.612	16.156	11.2992	10.8791	5.48636	18.573	8.40525	15.7535	16.116	9.02274	24.2977	11.1881	19.2177	12.2604	
10.1494	0	15.43	19.8766	25.0919	7.1815	10.5172	9.14539	4.63813	0.63	14.25	9.49901	1.74413	10.4561	7.02236	8.54413	9.50352	4.52694	12.5566	3.92577	
9.36295	15.43	0	8.90097	18.024	8.07702	10.2283	14.5462	12.7413	16.1598	3.8766	15.6954	13.6859	14.1438	14.8336	7.41298	14.5606	16.4687	4.50694	24.7169	
11.7328	19.8766	8.90097	0	11.1246	8.81541	14.7054	16.2812	12.4826	17.0037	12.7776	9.29541	14.2528	13.0454	18.5827	17.7859	10.3731	10.7079	5.21776	23.9437	
0.608112	25.0919	18.024	11.1246	0	19.94	22.6523	32.2209	17.8431	29.539	6.09447	18.9757	9.01336	23.5187	16.7241	9.6933	17.1062	20.7805	16.3424	12.8685	
9.68678	7.1815	8.07702	8.81541	19.94	0	8.09543	6.47628	3.66715	7.91123	4.20043	0.48	4.67532	2.02	9.76729	7.73681	9.04249	1.89251	14.0332	5.25251	
15.612	10.5172	10.2283	14.7054	22.6523	8.09543	0	7.54744	4.73831	11.2469	10.1256	8.57543	7.63231	9.14481	17.8627	11.7452	4.33232	7.33881	14.7352	14.4886	
16.156	9.14539	14.5462	16.2812	32.2209	6.47628	7.54744	0	2.80913	9.58142	10.6696	7.94579	5.70312	11.4957	16.1678	10.959	9.28019	5.40963	19.1351	15.5772	
11.2992	4.63813	12.7413	12.4826	17.8431	3.66715	4.73831	2.80913	0	5.36786	7.86758	4.14715	2.89399	7.29624	13.4344	8.14985	8.38004	2.6005	13.7064	5.9605	
10.8791	0.63	16.1598	17.0037	29.539	7.91123	11.2469	9.58142	5.36786	0	12.3887	8.66828	2.37413	11.0861	7.65236	9.27386	10.1335	5.25667	13.2863	3.29577	
5.48636	14.25	3.8766	12.7776	6.09447	4.20043	10.1256	10.6696	7.86758	12.3887	0	4.68043	9.6378	8.43043	10.957	3.53638	10.9492	6.09294	8.38354	17.7467	
18.573	9.49901	15.6954	9.29541	18.9757	0.48	8.57543	7.94579	4.14715	8.66828	4.68043	0	5.55466	1.54	9.44976	9.28242	6.35249	2.37251	20.9802	6.13186	
8.40525	1.74413	13.6859	14.2528	9.01336	4.67532	7.63231	5.70312	2.89399	2.37413	9.6378	5.55466	0	7.47855	8.7665	6.8	11.2476	2.7828	10.8124	5.76963	
15.7535	10.4561	14.1438	13.0454	23.5187	2.02	9.14481	11.4957	7.29624	11.0861	8.43043	1.54	7.47855	0	10.9898	10.8224	4.81249	4.31186	18.6623	8.05574	
16.116	7.02236	14.8336	18.5827	16.7241	9.76729	17.8627	16.1678	13.4344	7.65236	10.957	9.44976	8.7665	10.9898	0	8.59053	16.0034	11.6598	22.2515	17.7927	
9.02274	8.54413	7.41298	17.7859	9.6933	7.73681	11.7452	10.959	8.14985	9.27386	3.53638	9.28242	6.8	10.8224	8.59053	0	7.41285	9.5828	17.6124	19.1916	
24.2977	9.50352	14.5606	10.3731	17.1062	9.04249	4.33232	9.28019	8.38004	10.1335	10.9492	6.35249	11.2476	4.81249	16.0034	7.41285	0	9.50824	15.5908	13.0927	
11.1881	4.52694	16.4687	10.7079	20.7805	1.89251	7.33881	5.40963	2.6005	5.25667	6.09294	2.37251	2.7828	4.31186	11.6598	9.5828	9.50824	0	13.5953	3.36	
19.2177	12.5566	4.50694	5.21776	16.3424	14.0332	14.7352	19.1351	13.7064	13.2863	8.38354	20.9802	10.8124	18.6623	22.2515	17.6124	15.5908	13.5953	0	23.5404	
12.2604	3.92577	24.7169	23.9437	12.8685	5.25251	14.4886	15.5772	5.9605	3.29577	17.7467	6.13186	5.76963	8.05574	17.7927	19.1916	13.0927	3.36	23.5404	0	

0	20.1007	20.4922	12.1872	1.1738	12.5907	19.6102	13.9941	15.0579	20.7036	14.0752	10.6307	22.5805	13.8264	11.7208	15.7523	14.9138	19.2285	13.8949	20.4285	
20.1007	0	6.78	20.6165	18.9269	5.95789	10.0999	7.3716	3.97724	0.78	11.1927	8.40442	3.54248	8.34857	9.76283	10.2255	5.18454	10.1049	18.1779	10.0622	
20.4922	6.78	0	10.7839	19.385	11.0286	15.3199	13.2249	12.6111	6	10.2616	9.86154	8.76248	6.73244	12.616	18.4964	10.4045	15.1282	12.4915	15.0855	
12.1872	20.6165	10.7839	0	13.361	14.6523	12.9486	12.3695	15.7639	15.9302	21.0454	15.7329	13.8636	13	17.3557	23.4686	11.5256	14.5789	1.70763	15.7789	
1.1738	18.9269	19.385	13.361	0	17.6926	24.5347	19.5773	22.296	19.7069	14.8891	11.8045	25.6799	12.6526	12.5347	16.0478	19.361	20.4023	17.0416	24.5093	
12.5907	5.95789	11.0286	14.6523	17.6926	0	8.34841	5.32341	5.90322	5.17789	12.5552	1.96	7.94037	5.04	7.25759	9.65025	6.24318	6.7582	12.9447	5.5582	
19.6102	10.0999	15.3199	12.9486	24.5347	8.34841	0	9.61143	12.1344	5.82757	14.3544	5.7062	8.60279	13.3884	9.39965	13.366	1.42302	5.25077	21.2931	6.45077	
13.9941	7.3716	13.2249	12.3695	19.5773	5.32341	9.61143	0	3.39436	6.91465	10.6098	3.36341	4.15217	6.92474	8.661	9.64258	7.64658	7.50418	14.0771	7.46143	
15.0579	3.97724	12.6111	15.7639	22.296	5.90322	12.1344	3.39436	0	4.75724	7.21543	4.42719	2.81784	10.3191	9.56983	6.24822	8.71037	6.16985	14.2006	6.1271	
20.7036	0.78	6	15.9302	19.7069	5.17789	5.82757	6.91465	4.75724	0	11.3372	7.13789	2.76248	7.56857	8.98283	12.8593	4.40454	6.1145	18.1226	6.07174	
14.0752	11.1927	10.2616	21.0454	14.8891	12.5552	14.3544	10.6098	7.21543	11.3372	0	7.65199	10.0333	12.7119	2.3544	8.32409	10.331	10.2571	18.0025	11.4571	
10.6307	8.40442	9.86154	15.7329	11.8045	1.96	5.7062	3.36341	4.42719	7.13789	7.65199	0	7.24502	7	5.29759	8.63481	4.28318	9.87414	14.9047	7.5182	
22.5805	3.54248	8.76248	13.8636	25.6799	7.94037	8.60279	4.15217	2.81784	2.76248	10.0333	7.24502	0	10.331	11.7453	9.06605	7.16702	3.35201	15.5713	3.30926	
13.8264	8.34857	6.73244	13	12.6526	5.04	13.3884	6.92474	10.3191	7.56857	12.7119	7	10.331	0	10.3575	14.6903	11.2832	12.9541	14.7076	10.5982	
11.7208	9.76283	12.616	17.3557	12.5347	7.25759	9.39965	8.661	9.56983	8.98283	2.3544	5.29759	11.7453	10.3575	0	5.96969	7.97662	12.6115	15.6481	15.3092	
15.7523	10.2255	18.4964	23.4686	16.0478	9.65025	13.366	9.64258	6.24822	12.8593	8.32409	8.63481	9.06605	14.6903	5.96969	0	11.9429	13.1319	20.4488	15.2085	
14.9138	5.18454	10.4045	11.5256	19.361	6.24318	1.42302	7.64658	8.71037	4.40454	10.331	4.28318	7.16702	11.2832	7.97662	11.9429	0	6.6738	13.2333	8.93899	
19.2285	10.1049	15.1282	14.5789	20.4023	6.7582	5.25077	7.50418	6.16985	6.1145	10.2571	9.87414	3.35201	12.9541	12.6115	13.1319	6.6738	0	16.2865	1.2	
13.8949	18.1779	12.4915	1.70763	17.0416	12.9447	21.2931	14.0771	14.2006	18.1226	18.0025	14.9047	15.5713	14.7076	15.6481	20.4488	13.2333	16.2865	0	18.5029	
20.4285	10.0622	15.0855	15.7789	24.5093	5.5582	6.45077	7.46143	6.1271	6.07174	11.4571	7.5182	3.30926	10.5982	15.3092	15.2085	8.93899	1.2	18.5029	0	

0	16.6152	21.9753	16.7399	1.7112	11.1876	9.67922	19.307	16.4785	17.3341	19.033	14.5202	15.6097	14.808	13.6598	5.58852	8.28782	11.9186	21.8025	6.95858	
16.6152	0	11.19	15.81	20.6335	11.8689	13.0647	4.01995	7.64853	4.89	11	6.84676	7.1107	9.55471	15.1142	26.0976	16.0749	4.47088	11.8302	9.43088	
21.9753	11.19	0	5.30635	15.9297	4.36982	9.04999	13.5791	9.7811	6.3	8.08558	7.28982	6.36553	9.22982	15.9641	12.0524	11.1687	9.90728	5.76888	8.59888	
16.7399	15.81	5.30635	0	20.4453	9.67616	9.84353	8.88542	9.65157	11.6063	8.82096	11.31	10.4773	9	10.6577	17.1221	8.45212	11.3391	1.07517	16.2068	
1.7112	20.6335	15.9297	20.4453	0	21.8829	18.1114	23.3253	16.4716	25.5819	18.975	17.0454	17.3209	23.2402	13.2687	3.87732	9.99902	13.8555	21.5205	8.66978	
11.1876	11.8689	4.36982	9.67616	21.8829	0	4.68017	10.185	5.41128	10.4762	3.71576	2.92	10.7353	4.86	10.4195	16.0881	6.07157	5.29588	10.1387	4.22907	
9.67922	13.0647	9.04999	9.84353	18.1114	4.68017	0	12.7394	10.0915	10.8683	5.29191	5.47449	11.7688	3.51	6	15.3913	1.3914	7.85037	16.2765	8.33095	
19.307	4.01995	13.5791	8.88542	23.3253	10.185	12.7394	0	11.4968	8.90995	13.8512	7.26496	8.01798	9.57496	20.8669	20.433	18.3954	7.16268	7.81025	12.1227	
16.4785	7.64853	9.7811	9.65157	16.4716	5.41128	10.0915	11.4968	0	9.11035	9.12705	6.71005	7.87592	10.2713	18.0225	20.3489	12.2102	4.33417	10.7267	9.29417	
17.3341	4.89	6.3	11.6063	25.5819	10.4762	10.8683	8.90995	9.11035	0	9.14024	9.66833	4.32926	7.35833	11.5092	18.3524	13.8785	7.87101	12.0689	10.3756	
19.033	11	8.08558	8.82096	18.975	3.71576	5.29191	13.8512	9.12705	9.14024	0	4.09191	10.4455	1.78191	7.34142	15.0976	8.30206	8.96208	9.89613	7.94483	
14.5202	6.84676	7.28982	11.31	17.0454	2.92	5.47449	7.26496	6.71005	9.66833	4.09191	0	5.91763	2.31	7.86951	13.1681	6.86589	2.37588	15.0752	7.14907	
15.6097	7.1107	6.36553	10.4773	17.3209	10.7353	11.7688	8.01798	7.87592	4.32926	10.4455	5.91763	0	11.6876	15.7494	18.4179	10.3774	3.54175	9.40213	8.50175	
14.808	9.55471	9.22982	9	23.2402	4.86	3.51	9.57496	10.2713	7.35833	1.78191	2.31	11.6876	0	5.55951	14.9509	4.9014	4.68588	10.0752	9.08907	
13.6598	15.1142	15.9641	10.6577	13.2687	10.4195	6	20.8669	18.0225	11.5092	7.34142	7.86951	15.7494	5.55951	0	9.39134	5.37201	15.9778	11.7329	13.1266	
5.58852	26.0976	12.0524	17.1221	3.87732	16.0881	15.3913	20.433	20.3489	18.3524	15.0976	13.1681	18.4179	14.9509	9.39134	0	14.7634	15.544	17.8213	16.6087	
8.28782	16.0749	11.1687	8.45212	9.99902	6.07157	1.3914	18.3954	12.2102	13.8785	8.30206	6.86589	10.3774	4.9014	5.37201	14.7634	0	12.6782	9.5273	7.75464	
11.9186	4.47088	9.90728	11.3391	13.8555	5.29588	7.85037	7.16268	4.33417	7.87101	8.96208	2.37588	3.54175	4.68588	15.9778	15.544	12.6782	0	12.4143	4.96	
21.8025	11.8302	5.76888	1.07517	21.5205	10.1387	16.2765	7.81025	10.7267	12.0689	9.89613	15.0752	9.40213	10.0752	11.7329	17.8213	9.5273	12.4143	0	22.13	
6.95858	9.43088	8.59888	16.2068	8.66978	4.22907	8.33095	12.1227	9.29417	10.3756	7.94483	7.14907	8.50175	9.08907	13.1266	16.6087	7.75464	4.96	22.13	0	

0	12.9977	19.3216	7.80937	1.79605	12.4475	11.8008	19.6447	9.22752	16.4607	16.6626	12.0736	13.34	10.3844	12.3719	13.1784	16.2836	11.6751	9.93936	10.6035	
12.9977	0	14.2168	13.2123	11.2017	7.96203	9.06996	15.1593	4.74209	4.41	10.4398	7.58814	2.54912	14.2419	15.9993	23.7584	12.3635	5.19199	17.5952	6.36749	
19.3216	14.2168	0	15.9905	31.6892	4.72462	6.49938	23.4524	6.79067	12.1808	7.98123	3.94462	18.5616	9.89462	9.67175	12.1779	12.2958	8.2014	11.2677	10.7807	
7.80937	13.2123	15.9905	0	6.01332	12.8259	13.4622	11.9947	14.8919	8.80227	9.98043	10.5802	10.8638	17.25	15.1194	18.6399	18.7578	13.2277	3.25715	17.2427	
1.79605	11.2017	31.6892	6.01332	0	21.312	13.5968	18.008	11.0236	14.8156	19.9777	18.0592	13.7508	12.1804	14.168	14.9745	23.7066	16.3937	9.27046	12.3996	
12.4475	7.96203	4.72462	12.8259	21.312	0	3.33476	7.46579	3.21994	8.22391	7.10842	0.78	6.16235	6.12	6.50713	11.1082	9.65229	5.03678	8.10306	5.03101	
11.8008	9.06996	6.49938	13.4622	13.5968	3.33476	0	13.9168	5.07102	4.65996	10.9694	2.55476	6.72151	4.16	8.28189	4.65715	4.77504	6.45994	9.87782	3.25994	
19.6447	15.1593	23.4524	11.9947	18.008	7.46579	13.9168	0	10.4172	17.5556	14.5742	8.24579	13.6281	13.5858	15.4424	29.4335	21.4969	12.8647	15.2518	12.2283	
9.22752	4.74209	6.79067	14.8919	11.0236	3.21994	5.07102	10.4172	0	6.17407	7.69535	2.84605	4.11252	8.79605	8.57318	13.4935	9.2426	2.44753	10.1691	1.81108	
16.4607	4.41	12.1808	8.80227	14.8156	8.22391	4.65996	17.5556	6.17407	0	9.6732	7.21472	2.06155	8.81996	21.01	9.3171	9.435	4.42538	12.0594	5.87993	
16.6626	10.4398	7.98123	9.98043	19.9777	7.10842	10.9694	14.5742	7.69535	9.6732	0	7.88842	13.2708	9.50352	7.96874	12.4096	12.4193	5.24782	6.72328	8.44782	
12.0736	7.58814	3.94462	10.5802	18.0592	0.78	2.55476	8.24579	2.84605	7.21472	7.88842	0	6.94235	5.95	5.72713	7.21191	7.3298	4.25678	7.32306	4.65713	
13.34	2.54912	18.5616	10.8638	13.7508	6.16235	6.72151	13.6281	4.11252	2.06155	13.2708	6.94235	0	12.2824	14.139	21.8722	11.2499	6.48693	23.7586	3.81838	
10.3844	14.2419	9.89462	17.25	12.1804	6.12	4.16	13.5858	8.79605	8.81996	9.50352	5.95	12.2824	0	4.87409	8.81715	5.89919	10.2068	13.2731	7.41994	
12.3719	15.9993	9.67175	15.1194	14.168	6.50713	8.28189	15.4424	8.57318	21.01	7.96874	5.72713	14.139	4.87409	0	4.44087	10.7733	9.98391	11.8623	15.5059	
13.1784	23.7584	12.1779	18.6399	14.9745	11.1082	4.65715	29.4335	13.4935	9.3171	12.4096	7.21191	21.8722	8.81715	4.44087	0	9.43218	21.4638	16.3031	7.91708	
16.2836	12.3635	12.2958	18.7578	23.7066	9.65229	4.77504	21.4969	9.2426	9.435	12.4193	7.3298	11.2499	5.89919	10.7733	9.43218	0	7.1715	16.1954	7.43153	
11.6751	5.19199	8.2014	13.2277	16.3937	5.03678	6.45994	12.8647	2.44753	4.42538	5.24782	4.25678	6.48693	10.2068	9.98391	21.4638	7.1715	0	11.5798	3.2	
9.93936	17.5952	11.2677	3.25715	9.27046	8.10306	9.87782	15.2518	10.1691	12.0594	6.72328	7.32306	23.7586	13.2731	11.8623	16.3031	16.1954	11.5798	0	16.3606	
10.6035	6.36749	10.7807	17.2427	12.3996	5.03101	3.25994	12.2283	1.81108	5.87993	8.44782	4.65713	3.81838	7.41994	15.5059	7.91708	7.43153	3.2	16.3606	0	

0	7.84347	12.8336	18.396	2.46073	16.7177	20.2749	12.9689	13.1464	10.7835	7.29809	7.59017	11.8237	4.72017	10.7366	9.98676	10.1607	12.3899	11.0817	13.1029	
7.84347	0	15.24	27.5953	10.3042	5.82998	7.40579	5.12544	5.30298	2.94	9.8384	9.77428	3.9802	12.5636	11.5609	11.2795	13.6177	8.09116	19.9649	8.56225	
12.8336	15.24	0	14.9184	16.9232	6.81692	15.1627	10.8849	11.0398	11.0054	12.0859	5.91692	13.8166	8.11346	10.785	10.2343	10.506	9.70559	12.7997	10.7056	
18.396	27.5953	14.9184	0	15.9353	14.7991	23.1449	16.9582	19.022	24.9873	20.7726	13.8991	26.7132	8.48021	17.7668	18.2165	18.4882	21.3237	2.11873	21.331	
2.46073	10.3042	16.9232	15.9353	0	12.4434	10.2931	15.2777	9.37277	19.0609	4.83735	12.2891	15.2242	7.1809	13.6742	8.10171	7.7	11.4138	16.9053	10.6422	
16.7177	5.82998	6.81692	14.7991	12.4434	0	7.33648	2.76957	6.02289	2.88998	8.07775	0.9	7.55189	3.77	5.76806	5.21741	4.74342	3.44093	17.609	4.44093	
20.2749	7.40579	15.1627	23.1449	10.2931	7.33648	0	14.8508	12.1659	4.46579	13.7118	7.18219	6.78671	12.1158	13.8255	13.5632	2.59307	6.30688	23.6515	8.51675	
12.9689	5.12544	10.8849	16.9582	15.2777	2.76957	14.8508	0	3.51141	5.65955	8.04683	3.66957	9.10564	13.7707	16.1182	9.48796	7.51298	6.2105	14.8395	6.06712	
13.1464	5.30298	11.0398	19.022	9.37277	6.02289	12.1659	3.51141	0	8.24298	4.53542	5.12289	9.28318	7.99289	9.99095	5.97655	9.71201	6.16981	16.6208	6.51988	
10.7835	2.94	11.0054	24.9873	19.0609	2.88998	4.46579	5.65955	8.24298	0	10.9677	3.78998	5.81358	13.6624	10.1057	11.6252	7.05886	5.9927	25.0997	6.9927	
7.29809	9.8384	12.0859	20.7726	4.83735	8.07775	13.7118	8.04683	4.53542	10.9677	0	7.58176	14.1313	11.4551	13.402	3.26435	12.5374	10.7052	17.8166	9.56419	
7.59017	9.77428	5.91692	13.8991	12.2891	0.9	7.18219	3.66957	5.12289	3.78998	7.58176	0	11.5356	2.87	4.86806	4.31741	4.58912	4.34093	9.23149	7.43189	
11.8237	3.9802	13.8166	26.7132	15.2242	7.55189	6.78671	9.10564	9.28318	5.81358	14.1313	11.5356	0	11.7807	7.58071	10.8819	7.82477	4.11096	23.2288	4.58205	
4.72017	12.5636	8.11346	8.48021	7.1809	3.77	12.1158	13.7707	7.99289	13.6624	11.4551	2.87	11.7807	0	6.01646	7.18741	7.45912	7.66971	6.36149	8.66971	
10.7366	11.5609	10.785	17.7668	13.6742	5.76806	13.8255	16.1182	9.99095	10.1057	13.402	4.86806	7.58071	6.01646	0	9.18547	9.45718	11.6917	12.3779	12.1628	
9.98676	11.2795	10.2343	18.2165	8.10171	5.21741	13.5632	9.48796	5.97655	11.6252	3.26435	4.31741	10.8819	7.18741	9.18547	0	8.90652	7.29984	15.5784	6.29984	
10.1607	13.6177	10.506	18.4882	7.7	4.74342	2.59307	7.51298	9.71201	7.05886	12.5374	4.58912	7.82477	7.45912	9.45718	8.90652	0	3.71381	22.5066	4.71381	
12.3899	8.09116	9.70559	21.3237	11.4138	3.44093	6.30688	6.2105	6.16981	5.9927	10.7052	4.34093	4.11096	7.66971	11.6917	7.29984	3.71381	0	14.0312	1	
11.0817	19.9649	12.7997	2.11873	16.9053	17.609	23.6515	14.8395	16.6208	25.0997	17.8166	9.23149	23.2288	6.36149	12.3779	15.5784	22.5066	14.0312	0	20.9066	
13.1029	8.56225	10.7056	21.331	10.6422	4.44093	8.51675	6.06712	6.51988	6.9927	9.56419	7.43189	4.58205	8.66971	12.1628	6.29984	4.71381	1	20.9066	0	

0	14.3642	19.6887	23.2975	1.31522	10.0176	15.4132	17.5629	15.9655	13.8709	16.9737	7.72927	16.01	9.67635	12.8732	8.20823	18.6704	15.7811	15.7612	18.9088	
14.3642	0	9.68052	17.0388	10.5008	4.34658	11.4301	12.5623	7.41739	3.87	8.75	4.08678	5.56047	9.01388	15.579	15.0896	14.8814	7.25462	15.0988	6.78531	
19.6887	9.68052	0	8.90097	23.8365	14.0271	16.7729	10.1241	18.2979	13.5505	16.1548	13.7673	15.539	10.0124	18.1525	18.2876	21.966	16.2724	8.8336	11.7924	
23.2975	17.0388	8.90097	0	18.4159	19.9375	24.7784	16.3495	15.3977	12.8708	10.3189	17.3418	11.1803	6.93871	15.4924	20.3837	23.0102	14.1739	0.853815	18.6539	
1.31522	10.5008	23.8365	18.4159	0	7.99405	16.7285	15.0565	10.272	10.2037	19.4064	6.41405	17.3252	10.9916	9.51385	6.89301	20.4213	9.58189	17.5621	15.1973	
10.0176	4.34658	14.0271	19.9375	7.99405	0	7.0835	11.9212	5.43798	3.85331	13.0966	1.58	5.54378	8.65	11.2324	13.8532	10.3406	4.74784	21.6549	10.2436	
15.4132	11.4301	16.7729	24.7784	16.7285	7.0835	0	10.1584	8.58019	10.9368	16.1891	8.6635	13.5506	15.2108	11.7	13.2848	3.25715	9.46046	26.3385	4.98046	
17.5629	12.5623	10.1241	16.3495	15.0565	11.9212	10.1584	0	8.06087	12.7376	6.03066	10.0049	14.1103	7.88651	10.7844	8.16353	13.4156	6.8371	13.9714	11.3171	
15.9655	7.41739	18.2979	15.3977	10.272	5.43798	8.58019	8.06087	0	3.54739	16.7675	3.85798	5.23787	9.47012	17.1803	15.3675	10.0601	1.22376	15.555	5.70376	
13.8709	3.87	13.5505	12.8708	10.2037	3.85331	10.9368	12.7376	3.54739	0	12.62	3.78963	1.69047	10.1428	15.0857	18.6799	11.0114	4.77116	36.8782	10.2606	
16.9737	8.75	16.1548	10.3189	19.4064	13.0966	16.1891	6.03066	16.7675	12.62	0	12.8368	14.6085	7.29734	11.8626	12.5134	19.251	12.8678	11.1727	15.5353	
7.72927	4.08678	13.7673	17.3418	6.41405	1.58	8.6635	10.0049	3.85798	3.78963	12.8368	0	5.4801	7.07	12.8124	13.3071	12.0041	3.16784	13.1549	7.64784	
16.01	5.56047	15.539	11.1803	17.3252	5.54378	13.5506	14.1103	5.23787	1.69047	14.6085	5.4801	0	8.45237	16.6774	16.8745	12.7018	7.27324	12.0342	8.57013	
9.67635	9.01388	10.0124	6.93871	10.9916	8.65	15.2108	7.88651	9.47012	10.1428	7.29734	7.07	8.45237	0	8.22503	10.8459	11.9536	10.2378	6.0849	15.7992	
12.8732	15.579	18.1525	15.4924	9.51385	11.2324	11.7	10.7844	17.1803	15.0857	11.8626	12.8124	16.6774	8.22503	0	2.62084	14.9571	16.9959	14.3099	10.9252	
8.20823	15.0896	18.2876	20.3837	6.89301	13.8532	13.2848	8.16353	15.3675	18.6799	12.5134	13.3071	16.8745	10.8459	2.62084	0	23.2751	12.7843	17.2594	8.30434	
18.6704	14.8814	21.966	23.0102	20.4213	10.3406	3.25715	13.4156	10.0601	11.0114	19.251	12.0041	12.7018	11.9536	14.9571	23.2751	0	8.83631	18.0385	8.23761	
15.7811	7.25462	16.2724	14.1739	9.58189	4.74784	9.46046	6.8371	1.22376	4.77116	12.8678	3.16784	7.27324	10.2378	16.9959	12.7843	8.83631	0	15.0277	4.48	
15.7612	15.0988	8.8336	0.853815	17.5621	21.6549	26.3385	13.9714	15.555	36.8782	11.1727	13.1549	12.0342	6.0849	14.3099	17.2594	18.0385	15.0277	0	20.626	
18.9088	6.78531	11.7924	18.6539	15.1973	10.2436	4.98046	11.3171	5.70376	10.2606	15.5353	7.64784	8.57013	15.7992	10.9252	8.30434	8.23761	4.48	20.626	0	

0	12.6381	21.7535	25.245	1.83848	10.5903	12.1503	12.4662	19.432	10.9546	10.062	14.9581	11.207	7.08025	13.9628	8.64833	8.87848	11.4629	8.79706	12.5917	
12.6381	0	11.8107	15.5717	14.0661	7.15375	9.61703	11.5153	2.81021	4.95	7.25	6.95858	1.43108	5.96914	16.4083	9.99462	9.01407	1.58644	17.3964	3.46644	
21.7535	11.8107	0	5.98996	10.9247	14.9002	19.7433	12.4936	9.50843	16.4125	4.5607	15.1868	20.239	12.0277	14.0616	12.6211	11.7711	18.9135	3.96611	17.0335	
25.245	15.5717	5.98996	0	8.98244	18.6612	21.3421	20.9786	13.2694	14.4702	8.32166	21.6208	17.4413	15.7887	12.1194	10.6788	15.5321	19.042	2.02386	26.9141	
1.83848	14.0661	10.9247	8.98244	0	12.1794	12.0364	14.0553	13.1712	9.11607	8.2235	13.1196	13.0455	8.66938	11.7609	9.58559	7.04	13.0521	6.95858	13.1442	
10.5903	7.15375	14.9002	18.6612	12.1794	0	5.50787	6.55909	3.39882	6.50246	8.34655	0.52	8.58484	3.51	9.96976	7.37518	11.5677	4.62259	18.9488	7.85398	
12.1503	9.61703	19.7433	21.3421	12.0364	5.50787	0	10.4559	7.29956	10.0616	12.2068	4.98787	12.5002	5.07	9.71726	8.70684	4.9964	8.03059	17.3618	9.91059	
12.4662	11.5153	12.4936	20.9786	14.0553	6.55909	10.4559	0	3.16027	9.44883	8.108	8.74486	11.3853	5.38591	10.7331	9.25109	15.335	4.38403	16.4597	12.1342	
19.432	2.81021	9.50843	13.2694	13.1712	3.39882	7.29956	3.16027	0	6.28856	4.94773	3.91882	8.22503	5.60646	13.8173	15.0128	8.65139	1.22376	18.7349	3.10376	
10.9546	4.95	16.4125	14.4702	9.11607	6.50246	10.0616	9.44883	6.28856	0	11.2363	7.02246	5.4425	10.0125	9.78608	18.7017	5.06522	5.90816	12.4464	4.02816	
10.062	7.25	4.5607	8.32166	8.2235	8.34655	12.2068	8.108	4.94773	11.2363	0	10.8595	8.68108	7.46705	11.9313	10.0651	7.21042	6.17149	8.52681	17.3345	
14.9581	6.95858	15.1868	21.6208	13.1196	0.52	4.98787	8.74486	3.91882	7.02246	10.8595	0	8.38966	4.03	9.44976	13.1052	9.98426	8.54502	19.1529	8.37398	
11.207	1.43108	20.239	17.4413	13.0455	8.58484	12.5002	11.3853	8.22503	5.4425	8.68108	8.38966	0	7.56052	18.1396	11.6991	10.5077	3.01753	17.8889	9.47066	
7.08025	5.96914	12.0277	15.7887	8.66938	3.51	5.07	5.38591	5.60646	10.0125	7.46705	4.03	7.56052	0	9.17966	3.86518	10.0664	4.38269	12.5202	6.26269	
13.9628	16.4083	14.0616	12.1194	11.7609	9.96976	9.71726	10.7331	13.8173	9.78608	11.9313	9.44976	18.1396	9.17966	0	5.31448	4.72086	12.1485	10.0955	14.845	
8.64833	9.99462	12.6211	10.6788	9.58559	7.37518	8.70684	9.25109	15.0128	18.7017	10.0651	13.1052	11.6991	3.86518	5.31448	0	10.0353	8.24787	8.65499	20.9316	
8.87848	9.01407	11.7711	15.5321	7.04	11.5677	4.9964	15.335	8.65139	5.06522	7.21042	9.98426	10.5077	10.0664	4.72086	10.0353	0	7.42762	13.9986	9.09339	
11.4629	1.58644	18.9135	19.042	13.0521	4.62259	8.03059	4.38403	1.22376	5.90816	6.17149	8.54502	3.01753	4.38269	12.1485	8.24787	7.42762	0	23.3773	1.88	
8.79706	17.3964	3.96611	2.02386	6.95858	18.9488	17.3618	16.4597	18.7349	12.4464	8.52681	19.1529	17.8889	12.5202	10.0955	8.65499	13.9986	23.3773	0	16.4745	
12.5917	3.46644	17.0335	26.9141	13.1442	7.85398	9.91059	12.1342	3.10376	4.02816	17.3345	8.37398	9.47066	6.26269	14.845	20.9316	9.09339	1.88	16.4745	0	

0	18.2748	8.51567	12.5106	1.38593	19.6974	7.41658	24.3504	16.0627	27.0586	10.6618	15.0887	20.0631	13.1429	4.23249	6.77109	19.0462	8.6426	23.4298	15.9053	
18.2748	0	13.5565	11.957	17.7849	4.52769	5.4483	11.6322	6.01684	4.11	10.25	5.23792	6.52726	9.20769	16.6793	17.5464	9.58559	5.52947	9.11023	2.36947	
8.51567	13.5565	0	13.7319	9.89553	15.5054	15.9262	8.40086	16.8989	24.3529	3.30651	21.9586	14.3167	11.7386	4.28318	14.2661	19.0969	15.949	8.29277	13.806	
12.5106	11.957	13.7319	0	11.1246	10.43	17.1553	26.2278	17.9738	16.067	14.3133	15.97	19.7832	5.75	14.6605	16.5098	19.4113	15.298	5.43912	14.3265	
1.38593	17.7849	9.89553	11.1246	0	12.2287	6.03066	16.6728	12.7126	20.9814	13.202	13.7027	16.9965	16.8047	5.61842	5.38516	9.22456	7.25667	16.5638	9.10949	
19.6974	4.52769	15.5054	10.43	12.2287	0	6.19806	7.10454	3.70114	4.93705	14.7777	2.12	10.578	4.68	13.5905	18.1447	7.01506	6.53777	13.6379	4.98845	
7.41658	5.4483	15.9262	17.1553	6.03066	6.19806	0	10.6422	8.95647	11.1351	13.5784	5.94728	7.23662	10.8781	18.0076	11.4158	3.1939	3.50051	16.7148	3.07883	
24.3504	11.6322	8.40086	26.2278	16.6728	7.10454	10.6422	0	11.6661	12.0416	11.7074	9.22454	11.8838	11.7845	12.684	22.5888	13.8361	13.6423	16.6936	12.9432	
16.0627	6.01684	16.8989	17.9738	12.7126	3.70114	8.95647	11.6661	0	9.49863	16.2668	1.58114	6.01646	9.24158	12.6157	23.4722	6.4762	5.45595	15.1271	4.44959	
27.0586	4.11	24.3529	16.067	20.9814	4.93705	11.1351	12.0416	9.49863	0	14.36	7.05705	6.30835	9.61705	20.4019	16.5571	15.7914	11.4748	13.2202	6.47947	
10.6618	10.25	3.30651	14.3133	13.202	14.7777	13.5784	11.7074	16.2668	14.36	0	13.368	11.0102	15.0189	6.42932	17.5459	17.7156	12.6425	11.5993	10.4995	
15.0887	5.23792	21.9586	15.97	13.7027	2.12	5.94728	9.22454	1.58114	7.05705	13.368	0	7.02624	6.8	14.1969	18.0453	4.89506	6.02845	16.5044	2.86845	
20.0631	6.52726	14.3167	19.7832	16.9965	10.578	7.23662	11.8838	6.01646	6.30835	11.0102	7.02624	0	13.2381	17.4395	19.3347	11.3739	7.31779	16.9365	4.15779	
13.1429	9.20769	11.7386	5.75	16.8047	4.68	10.8781	11.7845	9.24158	9.61705	15.0189	6.8	13.2381	0	8.91045	18.7312	13.6613	9.54801	11.1891	9.08029	
4.23249	16.6793	4.28318	14.6605	5.61842	13.5905	18.0076	12.684	12.6157	20.4019	6.42932	14.1969	17.4395	8.91045	0	13.0314	14.8137	18.0717	12.5759	16.9288	
6.77109	17.5464	14.2661	16.5098	5.38516	18.1447	11.4158	22.5888	23.4722	16.5571	17.5459	18.0453	19.3347	18.7312	13.0314	0	15.1405	12.6418	21.6375	15.0254	
19.0462	9.58559	19.0969	19.4113	9.22456	7.01506	3.1939	13.8361	6.4762	15.7914	17.7156	4.89506	11.3739	13.6613	14.8137	15.1405	0	5.76281	20.7916	6.27273	
8.6426	5.52947	15.949	15.298	7.25667	6.53777	3.50051	13.6423	5.45595	11.4748	12.6425	6.02845	7.31779	9.54801	18.0717	12.6418	5.76281	0	16.796	3.16	
23.4298	9.11023	8.29277	5.43912	16.5638	13.6379	16.7148	16.6936	15.1271	13.2202	11.5993	16.5044	16.9365	11.1891	12.5759	21.6375	20.7916	16.796	0	11.4797	
15.9053	2.36947	13.806	14.3265	9.10949	4.98845	3.07883	12.9432	4.44959	6.47947	10.4995	2.86845	4.15779	9.08029	16.9288	15.0254	6.27273	3.16	11.4797	0	

0	15.5261	17.5948	14.6326	0.678823	8.13929	12.3735	16.2812	15.8314	11.3561	10.0186	9.49929	15.6441	9.99685	13.8647	6.28033	11.7411	20.1399	10.2883	11.0392	
15.5261	0	16.1891	15.3447	19.205	10.0515	9.73999	10.8539	2.39654	4.17	17.1165	4.4204	5.67961	10.2758	6.01917	13.9923	9.10754	8.36488	24.2526	8.37309	
17.5948	16.1891	0	19.5137	29.6241	7.27692	10.787	8.87672	7.94078	19.8251	11.1737	5.91692	12.8811	12.2565	16.7248	11.3145	10.1546	17.4218	19.8973	12.4163	
14.6326	15.3447	19.5137	0	10.8744	23.5078	15.8531	7.8715	17.3355	17.3494	14.1341	10.8313	15.3168	12.0688	9.32551	8.35225	17.191	19.8944	1.26491	15.6177	
0.678823	19.205	29.6241	10.8744	0	8.81811	26.1525	26.792	21.1958	12.0349	10.6974	23.5899	19.6469	22.0261	13.1858	6.95916	12.4199	19.4611	9.60946	19.4781	
8.13929	10.0515	7.27692	23.5078	8.81811	0	5.97876	4.3198	3.38386	9.63328	13.8937	1.36	8.32419	4.86	9.19215	8.57652	5.1617	5.93993	15.3404	2.89993	
12.3735	9.73999	10.787	15.8531	26.1525	5.97876	0	7.98164	9.05539	14.3286	10.3366	7.21019	9.18823	6.76	9.37105	10.4765	0.632456	6.11883	17.8234	2.89422	
16.2812	10.8539	8.87672	7.8715	26.792	4.3198	7.98164	0	4.98365	9.47789	6.2626	2.9598	7.44527	14.7416	16.873	16.2237	8.61409	11.24	9.13641	11.0605	
15.8314	2.39654	7.94078	17.3355	21.1958	3.38386	9.05539	4.98365	0	6.56654	17.526	2.02386	5.71183	12.5521	8.00999	16.2365	8.23832	8.36239	16.0042	5.97655	
11.3561	4.17	19.8251	17.3494	12.0349	9.63328	14.3286	9.47789	6.56654	0	15.7405	10.9933	4.28803	7.56857	10.1892	11.2851	13.2775	8.08276	23.6106	10.3974	
10.0186	17.1165	11.1737	14.1341	10.6974	13.8937	10.3366	6.2626	17.526	15.7405	0	9.2224	13.7079	13.9159	14.8508	16.2989	10.969	14.5895	17.6726	11.5495	
9.49929	4.4204	5.91692	10.8313	23.5899	1.36	7.21019	2.9598	2.02386	10.9933	9.2224	0	6.96419	6.22	10.0339	15.8265	6.57774	10.3862	13.9804	4.25993	
15.6441	5.67961	12.8811	15.3168	19.6469	8.32419	9.18823	7.44527	5.71183	4.28803	13.7079	6.96419	0	8.96005	11.6988	18.7314	8.37117	3.79473	17.3646	6.1094	
9.99685	10.2758	12.2565	12.0688	22.0261	4.86	6.76	14.7416	12.5521	7.56857	13.9159	6.22	8.96005	0	10.7382	3.71652	7.39246	5.16532	16.042	7.65593	
13.8647	6.01917	16.7248	9.32551	13.1858	9.19215	9.37105	16.873	8.00999	10.1892	14.8508	10.0339	11.6988	10.7382	0	8.22652	8.55399	9.33222	10.5904	6.29222	
6.28033	13.9923	11.3145	8.35225	6.95916	8.57652	10.4765	16.2237	16.2365	11.2851	16.2989	15.8265	18.7314	3.71652	8.22652	0	18.0214	8.88183	9.61716	11.3724	
11.7411	9.10754	10.1546	17.191	12.4199	5.1617	0.632456	8.61409	8.23832	13.2775	10.969	6.57774	8.37117	7.39246	8.55399	18.0214	0	5.30177	20.5581	2.26177	
20.1399	8.36488	17.4218	19.8944	19.4611	5.93993	6.11883	11.24	8.36239	8.08276	14.5895	10.3862	3.79473	5.16532	9.33222	8.88183	5.30177	0	21.2073	3.04	
10.2883	24.2526	19.8973	1.26491	9.60946	15.3404	17.8234	9.13641	16.0042	23.6106	17.6726	13.9804	17.3646	16.042	10.5904	9.61716	20.5581	21.2073	0	23.6979	
11.0392	8.37309	12.4163	15.6177	19.4781	2.89993	2.89422	11.0605	5.97655	10.3974	11.5495	4.25993	6.1094	7.65593	6.29222	11.3724	2.26177	3.04	23.6979	0	

0	11.7652	17.0939	20.8924	2.00818	10.9567	12.7641	20.9328	12.6114	14.4652	19.7652	13.6767	17.3107	20.5988	14.2173	11.3784	16.5904	14.5054	21.8025	9.42546	
11.7652	0	13.5277	15.8336	13.7734	9.96609	14.3743	11.1554	8.3114	2.7	8	14.4694	3.93693	8.06206	13.886	15.9337	13.4909	2.74022	15.8758	3.62022	
