10
5
3
3
50

6	21
10	1
47	15
18	25
31	42

29	47
34	25
27	39
46	33
33	29
28	46
44	28
33	32
35	23
40	39

70

1.79769e+308
1.79769e+308
1.79769e+308
1.79769e+308
1.79769e+308

12
15
15
20
13
14
17
19
14
16

0
0
0
0
0

0

0	6.86503	10.9066	9.09251	4.98542	6.67199	10.2853	7.44861	8.24096	9.98496	8.776	6.77069	9.86664	10.0856	12.4621	
6.86503	0	10.7835	15.9575	11.8505	12.3193	8.5803	9.87525	9.27232	9.04458	11.5533	11.2897	10.0157	7.97479	13.4458	
10.9066	10.7835	0	10.9413	5.95916	5.94007	3.41426	3.49598	4.10629	3.87855	5.12819	4.1359	3.14066	2.80875	7.06651	
9.09251	15.9575	10.9413	0	8.1385	6.09678	1.19276	4.37387	4.43895	3.13896	10.6674	9.90701	4.02063	1.79828	6.9379	
4.98542	11.8505	5.95916	8.1385	0	1.68657	8.10028	2.46319	7.27502	3.6981	1.80381	5.80476	4.88122	6.06933	2.09862	
6.67199	12.3193	5.94007	6.09678	1.68657	0	8.08108	1.7953	9.69889	2.95782	0.117239	2.20037	2.10477	4.02761	0.412053	
10.2853	8.5803	3.41426	1.19276	8.10028	8.08108	0	6.49735	1.90305	1.67531	5.82725	3.92045	2.64637	0.60551	7.66903	
7.44861	9.87525	3.49598	4.37387	2.46319	1.7953	6.49735	0	10.6048	1.23491	1.67806	3.76119	2.11659	2.30471	2.85615	
8.24096	9.27232	4.10629	4.43895	7.27502	9.69889	1.90305	10.6048	0	2.36733	3.5534	1.47027	3.3384	1.29754	8.26251	
9.98496	9.04458	3.87855	3.13896	3.6981	2.95782	1.67531	1.23491	2.36733	0	2.86921	4.38474	0.881676	1.0698	3.36987	
8.776	11.5533	5.12819	10.6674	1.80381	0.117239	5.82725	1.67806	3.5534	2.86921	0	2.08313	1.98753	4.0284	0.529292	
6.77069	11.2897	4.1359	9.90701	5.80476	2.20037	3.92045	3.76119	1.47027	4.38474	2.08313	0	4.07066	2.7678	5.76925	
9.86664	10.0157	3.14066	4.02063	4.88122	2.10477	2.64637	2.11659	3.3384	0.881676	1.98753	4.07066	0	1.95147	4.68062	
10.0856	7.97479	2.80875	1.79828	6.06933	4.02761	0.60551	2.30471	1.29754	1.0698	4.0284	2.7678	1.95147	0	4.86874	
12.4621	13.4458	7.06651	6.9379	2.09862	0.412053	7.66903	2.85615	8.26251	3.36987	0.529292	5.76925	4.68062	4.86874	0	

0	6.38781	5.50018	2.65249	16.0055	6.91932	4.68455	7.94068	5.63934	4.86425	12.645	7.59592	2.32722	5.34223	7.83912	
6.38781	0	7.98127	5.13358	5.67511	6.30033	7.16564	6.89452	7.37272	6.59762	5.15055	9.39184	4.06059	11.0183	8.44705	
5.50018	7.98127	0	2.84769	10.3781	7.11451	1.95352	9.62183	6.672	1.4449	7.5308	2.52575	3.98193	1.61857	6.87656	
2.65249	5.13358	2.84769	0	10.3083	4.26682	2.03206	4.82433	11.1142	3.2361	5.4166	4.53971	4.97971	2.367	4.86389	
16.0055	5.67511	10.3781	10.3083	0	1.67434	3.30371	1.25261	10.8583	3.53158	0.524565	2.45073	6.86608	9.25587	0.471878	
6.91932	6.30033	7.11451	4.26682	1.67434	0	5.9899	0.557503	11.5097	4.48212	1.14978	3.40128	6.17097	7.40294	4.44628	
4.68455	7.16564	1.95352	2.03206	3.30371	5.9899	0	7.6255	5.38837	1.20404	6.12833	2.28489	3.74107	0.334943	2.83183	
7.94068	6.89452	9.62183	4.82433	1.25261	0.557503	7.6255	0	8.92559	7.57983	1.70728	3.70335	5.61346	8.00326	1.72449	
5.63934	7.37272	6.672	11.1142	10.8583	11.5097	5.38837	8.92559	0	5.84915	10.3599	8.64337	3.31212	5.05343	11.3302	
4.86425	6.59762	1.4449	3.2361	3.53158	4.48212	1.20404	7.57983	5.84915	0	6.08589	1.08085	2.53703	1.53898	4.03587	
12.645	5.15055	7.5308	5.4166	0.524565	1.14978	6.12833	1.70728	10.3599	6.08589	0	2.9753	7.35743	8.029	0.996444	
7.59592	9.39184	2.52575	4.53971	2.45073	3.40128	2.28489	3.70335	8.64337	1.08085	2.9753	0	3.61788	2.92357	2.92261	
2.32722	4.06059	3.98193	4.97971	6.86608	6.17097	3.74107	5.61346	3.31212	2.53703	7.35743	3.61788	0	4.48014	7.96869	
5.34223	11.0183	1.61857	2.367	9.25587	7.40294	0.334943	8.00326	5.05343	1.53898	8.029	2.92357	4.48014	0	3.16678	
7.83912	8.44705	6.87656	4.86389	0.471878	4.44628	2.83183	1.72449	11.3302	4.03587	0.996444	2.92261	7.96869	3.16678	0	

0	9.29442	9.05384	7.5923	6.8369	5.21074	4.16969	5.37753	4.59045	6.97594	5.7036	3.16841	5.69775	6.12065	7.20803	
9.29442	0	5.08166	8.35948	13.7988	14.1648	8.64118	14.3801	10.1445	11.0021	13.672	11.5666	14.9922	13.0531	12.4899	
9.05384	5.08166	0	3.27782	8.71716	12.5768	3.55953	6.74805	6.82063	5.92042	5.49879	4.56081	5.95705	4.18586	9.96818	
7.5923	8.35948	3.27782	0	4.78188	2.52525	1.65168	2.50708	5.35908	4.62466	2.22097	3.09926	2.79284	1.02534	5.15301	
6.8369	13.7988	8.71716	4.78188	0	6.41209	3.53667	3.72411	3.59637	2.41733	5.91923	6.3081	1.13915	2.90665	1.25102	
5.21074	14.1648	12.5768	2.52525	6.41209	0	2.12624	0.166793	4.10608	0.994423	0.492861	2.68404	2.75176	1.49991	4.14372	
4.16969	8.64118	3.55953	1.65168	3.53667	2.12624	0	2.10807	2.42331	2.52668	4.31896	1.00128	2.39383	0.626334	3.9078	
5.37753	14.3801	6.74805	2.50708	3.72411	0.166793	2.10807	0	4.58903	0.82763	0.659654	2.85084	2.10582	1.48173	3.97693	
4.59045	10.1445	6.82063	5.35908	3.59637	4.10608	2.42331	4.58903	0	3.7614	10.2184	1.42203	3.85562	3.88743	2.34535	
6.97594	11.0021	5.92042	4.62466	2.41733	0.994423	2.52668	0.82763	3.7614	0	4.09736	3.52796	1.27819	2.30936	2.78846	
5.7036	13.672	5.49879	2.22097	5.91923	0.492861	4.31896	0.659654	10.2184	4.09736	0	3.1769	4.80367	1.99277	6.31394	
3.16841	11.5666	4.56081	3.09926	6.3081	2.68404	1.00128	2.85084	1.42203	3.52796	3.1769	0	3.39881	1.62761	3.76738	
5.69775	14.9922	5.95705	2.79284	1.13915	2.75176	2.39383	2.10582	3.85562	1.27819	4.80367	3.39881	0	1.7675	1.51028	
6.12065	13.0531	4.18586	1.02534	2.90665	1.49991	0.626334	1.48173	3.88743	2.30936	1.99277	1.62761	1.7675	0	3.27778	
7.20803	12.4899	9.96818	5.15301	1.25102	4.14372	3.9078	3.97693	2.34535	2.78846	6.31394	3.76738	1.51028	3.27778	0	

0	2.92858	13.9972	2.75495	9.35708	14.3789	9.30135	14.541	8.57253	8.66485	9.14244	13.9311	10.4684	12.2261	14.3246	
2.92858	0	12.5209	0.922036	7.52417	15.963	7.46844	13.9368	5.64395	7.55806	7.30953	11.0026	9.3616	15.0499	9.28266	
13.9972	12.5209	0	7.94276	6.48556	7.52113	1.39635	6.10461	9.14891	5.00432	13.8755	4.48231	4.62009	2.32509	6.8734	
2.75495	0.922036	7.94276	0	6.60213	6.98222	6.5464	6.87716	6.56599	8.48009	6.3875	9.63236	10.5643	7.47514	12.0235	
9.35708	7.52417	6.48556	6.60213	0	2.03968	4.34993	0.275028	11.0347	2.87346	2.72613	8.17516	3.46595	2.6355	6.84955	
14.3789	15.963	7.52113	6.98222	2.03968	0	4.70573	1.76465	6.07453	7.28718	0.594728	4.96044	4.65295	3.77699	2.43583	
9.30135	7.46844	1.39635	6.5464	4.34993	4.70573	0	3.28921	9.11575	3.60797	7.81533	3.08596	1.80469	0.928736	5.47705	
14.541	13.9368	6.10461	6.87716	0.275028	1.76465	3.28921	0	11.885	3.14849	2.35938	6.72509	3.19092	2.36047	4.20048	
8.57253	5.64395	9.14891	6.56599	11.0347	6.07453	9.11575	11.885	0	8.16119	10.3557	9.20182	6.61317	10.8203	3.63871	
8.66485	7.55806	5.00432	8.48009	2.87346	7.28718	3.60797	3.14849	8.16119	0	5.59959	6.69392	1.80354	2.6795	4.77801	
9.14244	7.30953	13.8755	6.3875	2.72613	0.594728	7.81533	2.35938	10.3557	5.59959	0	5.55516	4.1768	4.37172	3.03056	
13.9311	11.0026	4.48231	9.63236	8.17516	4.96044	3.08596	6.72509	9.20182	6.69392	5.55516	0	11.8824	4.01469	7.39626	
10.4684	9.3616	4.62009	10.5643	3.46595	4.65295	1.80469	3.19092	6.61317	1.80354	4.1768	11.8824	0	0.875958	2.97447	
12.2261	15.0499	2.32509	7.47514	2.6355	3.77699	0.928736	2.36047	10.8203	2.6795	4.37172	4.01469	0.875958	0	3.85043	
14.3246	9.28266	6.8734	12.0235	6.84955	2.43583	5.47705	4.20048	3.63871	4.77801	3.03056	7.39626	2.97447	3.85043	0	

0	4.8177	5.6013	3.49019	14.5343	2.65153	7.98618	5.07317	8.18749	5.5396	2.06531	8.23929	9.0344	8.95484	8.42864	
4.8177	0	10.419	8.30789	7.9757	8.01058	3.16849	5.07756	6.04379	4.47499	6.88301	3.42159	4.41962	3.4232	3.97812	
5.6013	10.419	0	4.93811	10.6469	6.76447	8.09823	3.25059	2.58619	3.72902	6.25845	4.90656	5.14699	4.98966	9.87656	
3.49019	8.30789	4.93811	0	13.4287	10.3174	9.6264	6.03239	6.13913	7.28195	5.5555	7.68835	7.92879	8.54259	4.93845	
14.5343	7.9757	10.6469	13.4287	0	5.05774	4.83411	6.21008	4.67043	3.5276	6.50466	4.55411	5.55214	6.75596	7.81674	
2.65153	8.01058	6.76447	10.3174	5.05774	0	2.83665	3.59407	2.67296	1.53014	0.586219	4.58899	4.05004	4.70118	5.81927	
7.98618	3.16849	8.09823	9.6264	4.83411	2.83665	0	6.6506	2.44933	1.30651	4.78079	2.45656	3.82641	0.254714	5.59564	
5.07317	5.07756	3.25059	6.03239	6.21008	3.59407	6.6506	0	4.27816	4.41631	3.00785	1.65597	1.8964	3.85782	6.9945	
8.18749	6.04379	2.58619	6.13913	4.67043	2.67296	2.44933	4.27816	0	1.14283	4.61711	2.62219	3.62022	2.40347	5.43196	
5.5396	4.47499	3.72902	7.28195	3.5276	1.53014	1.30651	4.41631	1.14283	0	2.11636	3.3993	2.5199	1.56122	4.28913	
2.06531	6.88301	6.25845	5.5555	6.50466	0.586219	4.78079	3.00785	4.61711	2.11636	0	4.66382	4.90426	5.2874	7.06094	
8.23929	3.42159	4.90656	7.68835	4.55411	4.58899	2.45656	1.65597	2.62219	3.3993	4.66382	0	0.998031	2.20185	5.33853	
9.0344	4.41962	5.14699	7.92879	5.55214	4.05004	3.82641	1.8964	3.62022	2.5199	4.90426	0.998031	0	3.19988	6.33656	
8.95484	3.4232	4.98966	8.54259	6.75596	4.70118	0.254714	3.85782	2.40347	1.56122	5.2874	2.20185	3.19988	0	7.54038	
8.42864	3.97812	9.87656	4.93845	7.81674	5.81927	5.59564	6.9945	5.43196	4.28913	7.06094	5.33853	6.33656	7.54038	0	

0	2.23867	11.6739	13.6504	9.81077	11.2097	5.37867	8.58613	8.14852	10.9496	9.0817	14.9734	6.81334	13.2651	18.2597	
2.23867	0	7.42402	6.06424	9.23032	24.8179	3.14001	9.39318	5.90985	4.723	6.78516	10.2409	4.57468	4.55715	10.2958	
11.6739	7.42402	0	7.20825	5.41235	5.19762	3.00834	3.20726	3.587	2.105	2.71169	4.45663	9.99506	1.5912	6.58579	
13.6504	6.06424	7.20825	0	6.2889	7.68781	2.92423	5.06426	8.73085	6.29118	5.55983	6.99758	8.43982	4.34137	12.3469	
9.81077	9.23032	5.41235	6.2889	0	3.14639	5.36253	1.22464	3.32047	1.99558	1.72021	4.82025	2.1439	2.50938	4.39047	
11.2097	24.8179	5.19762	7.68781	3.14639	0	9.62499	2.62355	3.36122	4.98698	2.48592	1.67387	6.76116	6.93218	7.53686	
5.37867	3.14001	3.00834	2.92423	5.36253	9.62499	0	5.73038	9.03971	1.93094	6.99571	8.74064	3.51527	1.41714	9.42262	
8.58613	9.39318	3.20726	5.06426	1.22464	2.62355	5.73038	0	1.37087	2.36344	0.495566	4.29741	2.51176	2.87723	5.61511	
8.14852	5.90985	3.587	8.73085	3.32047	3.36122	9.03971	1.37087	0	5.31605	0.875302	4.33104	8.48509	7.17673	4.86533	
10.9496	4.723	2.105	6.29118	1.99558	4.98698	1.93094	2.36344	5.31605	0	2.859	8.2867	0.148325	0.513795	5.86946	
9.0817	6.78516	2.71169	5.55983	1.72021	2.48592	6.99571	0.495566	0.875302	2.859	0	4.15979	5.31407	4.3029	5.74063	
14.9734	10.2409	4.45663	6.99758	4.82025	1.67387	8.74064	4.29741	4.33104	8.2867	4.15979	0	9.87706	6.04783	9.19637	
6.81334	4.57468	9.99506	8.43982	2.1439	6.76116	3.51527	2.51176	8.48509	0.148325	5.31407	9.87706	0	0.66212	5.72114	
13.2651	4.55715	1.5912	4.34137	2.50938	6.93218	1.41714	2.87723	7.17673	0.513795	4.3029	6.04783	0.66212	0	8.17699	
18.2597	10.2958	6.58579	12.3469	4.39047	7.53686	9.42262	5.61511	4.86533	5.86946	5.74063	9.19637	5.72114	8.17699	0	

0	14.8385	20.5306	9.9499	7.11511	5.31355	10.7602	10.0303	13.9104	10.5788	5.94206	12.4988	11.5383	17.9341	17.115	
14.8385	0	8.46338	11.9672	8.30009	15.7799	9.5189	7.37514	7.89469	10.5146	15.1609	15.1127	9.47899	12.5312	5.21223	
20.5306	8.46338	0	6.16996	6.33901	9.98258	2.63394	5.41406	4.25815	3.42546	3.66357	5.71087	4.81949	3.85852	3.25115	
9.9499	11.9672	6.16996	0	6.43792	4.63635	2.24415	9.35308	6.0908	1.45264	5.26487	12.0244	5.20548	3.46926	9.34677	
7.11511	8.30009	6.33901	6.43792	0	1.80156	6.1738	2.9011	7.79801	6.19827	2.43008	5.24399	4.38518	7.39838	3.08786	
5.31355	15.7799	9.98258	4.63635	1.80156	0	1.65814	4.70266	11.0183	5.26525	0.628516	3.39671	6.20081	7.28188	4.88942	
10.7602	9.5189	2.63394	2.24415	6.1738	1.65814	0	3.66963	1.62421	0.791515	1.02963	3.79782	2.18555	1.22458	4.88019	
10.0303	7.37514	5.41406	9.35308	2.9011	4.70266	3.66963	0	8.67728	5.23693	5.34524	2.81243	1.48408	7.33522	2.16291	
13.9104	7.89469	4.25815	6.0908	7.79801	11.0183	1.62421	8.67728	0	2.41572	2.65383	9.15791	3.80976	2.84878	6.50439	
10.5788	10.5146	3.42546	1.45264	6.19827	5.26525	0.791515	5.23693	2.41572	0	1.82114	7.41446	2.97706	2.01609	5.6717	
5.94206	15.1609	3.66357	5.26487	2.43008	0.628516	1.02963	5.34524	2.65383	1.82114	0	2.7682	3.21517	2.2542	5.90981	
12.4988	15.1127	5.71087	12.0244	5.24399	3.39671	3.79782	2.81243	9.15791	7.41446	2.7682	0	4.29651	10.0892	4.97534	
11.5383	9.47899	4.81949	5.20548	4.38518	6.20081	2.18555	1.48408	3.80976	2.97706	3.21517	4.29651	0	3.41012	3.64699	
17.9341	12.5312	3.85852	3.46926	7.39838	7.28188	1.22458	7.33522	2.84878	2.01609	2.2542	10.0892	3.41012	0	6.10476	
17.115	5.21223	3.25115	9.34677	3.08786	4.88942	4.88019	2.16291	6.50439	5.6717	5.90981	4.97534	3.64699	6.10476	0	

0	17.5378	14.1333	1.15068	4.46343	7.49921	3.64571	14.808	16.699	2.32905	5.23898	9.34433	6.13847	6.2045	6.65377	
17.5378	0	22.8788	8.3158	11.477	10.3968	12.5245	13.0431	9.82238	7.13742	9.87123	7.26182	7.49877	12.8591	12.9696	
14.1333	22.8788	0	9.70743	10.0438	6.95889	5.36664	12.7553	13.0564	5.18832	16.6187	8.84112	4.82696	3.24382	8.06098	
1.15068	8.3158	9.70743	0	3.31276	5.91257	2.49503	6.4449	10.4572	1.17837	3.91218	7.75768	1.53972	4.61785	5.06713	
4.46343	11.477	10.0438	3.31276	0	5.27249	5.80778	5.24776	7.14441	4.33961	2.89116	10.0738	4.70096	6.79996	6.02821	
7.49921	10.3968	6.95889	5.91257	5.27249	0	3.41754	4.73793	6.06429	2.49328	2.38133	3.13494	2.13193	5.54036	5.36594	
3.64571	12.5245	5.36664	2.49503	5.80778	3.41754	0	10.1699	5.7193	2.41815	5.79887	5.26265	2.0568	2.12283	2.5721	
14.808	13.0431	12.7553	6.4449	5.24776	4.73793	10.1699	0	6.22672	5.0904	2.35659	9.15607	8.00879	9.51152	6.77845	
16.699	9.82238	13.0564	10.4572	7.14441	6.06429	5.7193	6.22672	0	9.21498	7.56906	2.92935	6.38121	8.52665	3.1472	
2.32905	7.13742	5.18832	1.17837	4.33961	2.49328	2.41815	5.0904	9.21498	0	2.73381	10.9265	0.361352	5.06891	3.59536	
5.23898	9.87123	16.6187	3.91218	2.89116	2.38133	5.79887	2.35659	7.56906	2.73381	0	5.51627	3.09516	9.69112	4.42186	
9.34433	7.26182	8.84112	7.75768	10.0738	3.13494	5.26265	9.15607	2.92935	10.9265	5.51627	0	5.26687	5.5973	6.07655	
6.13847	7.49877	4.82696	1.53972	4.70096	2.13193	2.0568	8.00879	6.38121	0.361352	3.09516	5.26687	0	4.17962	3.23401	
6.2045	12.8591	3.24382	4.61785	6.79996	5.54036	2.12283	9.51152	8.52665	5.06891	9.69112	5.5973	4.17962	0	4.69492	
6.65377	12.9696	8.06098	5.06713	6.02821	5.36594	2.5721	6.77845	3.1472	3.59536	4.42186	6.07655	3.23401	4.69492	0	

0	13.1784	4.64427	11.6127	2.63016	6.34141	7.54082	4.85751	7.39955	10.3974	4.76244	8.59294	5.47546	8.52689	6.13301	
13.1784	0	10.2507	2.3419	9.69479	7.84608	4.78413	7.9659	7.91838	5.5359	7.11694	9.02424	3.72139	6.19385	5.39007	
4.64427	10.2507	0	12.0833	2.01411	6.88284	5.46655	4.24146	3.60056	7.50702	7.80593	4.79396	6.48663	6.87628	5.51696	
11.6127	2.3419	12.0833	0	6.55101	5.50417	2.39957	2.94148	7.03156	3.84693	2.09251	3.99981	1.37949	5.14589	3.04816	
2.63016	9.69479	2.01411	6.55101	0	7.37079	4.91066	2.22735	5.24642	7.8683	2.90134	6.8534	3.78933	3.05941	3.50285	
6.34141	7.84608	6.88284	5.50417	7.37079	0	7.20658	2.25295	5.15201	3.44702	1.57896	3.95862	2.29198	5.21875	7.24783	
7.54082	4.78413	5.46655	2.39957	4.91066	7.20658	0	2.24179	3.13426	3.48751	1.73309	2.66985	1.02007	1.40973	3.31475	
4.85751	7.9659	4.24146	2.94148	2.22735	2.25295	2.24179	0	3.01907	3.96408	0.673991	2.09219	1.38701	0.832059	2.92978	
7.39955	7.91838	3.60056	7.03156	5.24642	5.15201	3.13426	3.01907	0	3.90645	3.69306	1.19339	3.81371	2.45352	3.9834	
10.3974	5.5359	7.50702	3.84693	7.8683	3.44702	3.48751	3.96408	3.90645	0	3.18046	3.81784	2.46743	3.13202	5.22974	
4.76244	7.11694	7.80593	2.09251	2.90134	1.57896	1.73309	0.673991	3.69306	3.18046	0	3.33334	0.71302	1.50605	4.3463	
8.59294	9.02424	4.79396	3.99981	6.8534	3.95862	2.66985	2.09219	1.19339	3.81784	3.33334	0	2.62032	1.26013	3.35785	
5.47546	3.72139	6.48663	1.37949	3.78933	2.29198	1.02007	1.38701	3.81371	2.46743	0.71302	2.62032	0	2.39404	3.63328	
8.52689	6.19385	6.87628	5.14589	3.05941	5.21875	1.40973	0.832059	2.45352	3.13202	1.50605	1.26013	2.39404	0	2.09772	
6.13301	5.39007	5.51696	3.04816	3.50285	7.24783	3.31475	2.92978	3.9834	5.22974	4.3463	3.35785	3.63328	2.09772	0	

0	12.4555	12.143	6.93992	10.2438	7.09648	7.0585	5.18967	5.88851	7.41634	8.43477	10.877	7.97644	8.64234	8.16501	
12.4555	0	10.5559	5.51554	4.99957	4.68916	5.63826	6.26181	5.02448	6.07114	2.47822	14.0841	7.49409	2.80913	5.3375	
12.143	10.5559	0	14.9328	10.0877	8.28668	13.7767	10.1935	7.28548	6.82976	8.07768	1.26605	13.0403	10.9475	9.55835	
6.93992	5.51554	14.9328	0	4.84516	13.2473	1.60072	3.46956	8.752	2.02568	7.99376	17.8169	4.39366	4.42985	10.5772	
10.2438	4.99957	10.0877	4.84516	0	9.29444	3.25244	5.64312	5.59648	2.82747	9.70569	8.39118	3.50855	2.19044	6.3406	
7.09648	4.68916	8.28668	13.2473	9.29444	0	3.77566	1.90682	4.75721	6.67601	2.21095	9.55273	6.58322	5.3595	5.07022	
7.0585	5.63826	13.7767	1.60072	3.25244	3.77566	0	1.86884	4.88088	0.424967	6.07787	5.98868	2.73922	2.82914	3.9381	
5.18967	6.26181	10.1935	3.46956	5.64312	1.90682	1.86884	0	4.5492	2.29381	4.11776	10.5686	4.66179	3.45268	5.70419	
5.88851	5.02448	7.28548	8.752	5.59648	4.75721	4.88088	4.5492	0	4.40219	2.54627	6.01943	2.08793	6.7729	2.2765	
7.41634	6.07114	6.82976	2.02568	2.82747	6.67601	0.424967	2.29381	4.40219	0	6.37241	5.56371	2.31426	3.2541	3.51313	
8.43477	2.47822	8.07768	7.99376	9.70569	2.21095	6.07787	4.11776	2.54627	6.37241	0	8.5657	4.6342	5.28735	2.85928	
10.877	14.0841	1.26605	17.8169	8.39118	9.55273	5.98868	10.5686	6.01943	5.56371	8.5657	0	7.87796	8.82572	8.29593	
7.97644	7.49409	13.0403	4.39366	3.50855	6.58322	2.73922	4.66179	2.08793	2.31426	4.6342	7.87796	0	4.68497	3.91312	
8.64234	2.80913	10.9475	4.42985	2.19044	5.3595	2.82914	3.45268	6.7729	3.2541	5.28735	8.82572	4.68497	0	6.00087	
8.16501	5.3375	9.55835	10.5772	6.3406	5.07022	3.9381	5.70419	2.2765	3.51313	2.85928	8.29593	3.91312	6.00087	0	

0	4.39207	10.6298	10.2298	3.14516	4.54331	4.36371	2.09432	4.63047	5.75295	5.91079	6.69889	5.09693	4.84328	2.61247	
4.39207	0	16.4255	6.43256	6.57661	9.28915	8.75578	6.48639	9.63488	4.18551	7.65066	11.0137	4.84485	9.46359	7.00454	
10.6298	16.4255	0	9.99296	9.58628	4.71727	3.32814	4.08913	7.92572	1.74586	12.3519	17.0653	1.08652	9.46241	4.38034	
10.2298	6.43256	9.99296	0	4.50178	6.28282	3.70548	5.55262	8.05119	2.60181	5.49926	9.42997	3.26116	3.03103	5.26184	
3.14516	6.57661	9.58628	4.50178	0	3.49982	4.12168	1.05084	3.81829	3.35373	1.07405	5.88671	4.01307	4.0311	1.80029	
4.54331	9.28915	4.71727	6.28282	3.49982	0	3.91062	2.44898	7.64158	4.29009	2.64047	8.66901	3.63075	3.25179	5.4826	
4.36371	8.75578	3.32814	3.70548	4.12168	3.91062	0	3.90361	5.26642	2.90096	4.0393	4.75839	2.24162	0.674448	2.90526	
2.09432	6.48639	4.08913	5.55262	1.05084	2.44898	3.90361	0	6.61154	3.65863	2.12489	8.53078	3.00261	4.57806	2.85113	
4.63047	9.63488	7.92572	8.05119	3.81829	7.64158	5.26642	6.61154	0	5.44937	6.63475	0.508029	5.31182	4.24881	2.018	
5.75295	4.18551	1.74586	2.60181	3.35373	4.29009	2.90096	3.65863	5.44937	0	4.42779	5.9574	0.659341	5.36685	3.95316	
5.91079	7.65066	12.3519	5.49926	1.07405	2.64047	4.0393	2.12489	6.63475	4.42779	0	8.79769	6.27122	4.71375	2.87434	
6.69889	11.0137	17.0653	9.42997	5.88671	8.66901	4.75839	8.53078	0.508029	5.9574	8.79769	0	7.00002	5.43284	2.52603	
5.09693	4.84485	1.08652	3.26116	4.01307	3.63075	2.24162	3.00261	5.31182	0.659341	6.27122	7.00002	0	2.91607	3.29382	
4.84328	9.46359	9.46241	3.03103	4.0311	3.25179	0.674448	4.57806	4.24881	5.36685	4.71375	5.43284	2.91607	0	2.23081	
2.61247	7.00454	4.38034	5.26184	1.80029	5.4826	2.90526	2.85113	2.018	3.95316	2.87434	2.52603	3.29382	2.23081	0	

0	10.0694	11.4136	4.97425	8.21469	11.7315	8.12449	14.2971	6.71636	11.7158	14.795	11.2668	6.69084	8.32129	8.97832	
10.0694	0	26.4032	15.0437	7.341	8.62861	15.94	15.5562	8.83932	16.0317	8.06361	16.6199	8.34853	13.444	8.63849	
11.4136	26.4032	0	12.464	6.19553	9.59001	6.10532	19.3996	4.6972	7.67977	11.1	9.05787	10.1994	6.30213	5.48938	
4.97425	15.0437	12.464	0	2.72412	10.0206	6.82216	8.33228	5.93104	5.29522	2.96912	8.0881	1.71659	4.32611	6.4266	
8.21469	7.341	6.19553	2.72412	0	1.12637	2.90645	3.8064	1.49833	4.58617	0.722614	3.22013	1.00753	3.10325	1.29749	
11.7315	8.62861	9.59001	10.0206	1.12637	0	6.42325	3.3469	2.78594	3.31062	0.403752	1.93252	1.65629	2.97427	2.5851	
8.12449	15.94	6.10532	6.82216	2.90645	6.42325	0	9.6743	1.40812	2.0938	5.06657	3.47191	5.67244	2.49605	3.67007	
14.2971	15.5562	19.3996	8.33228	3.8064	3.3469	9.6743	0	5.96477	2.79249	3.08378	1.41438	4.33632	5.6543	8.69441	
6.71636	8.83932	4.6972	5.93104	1.49833	2.78594	1.40812	5.96477	0	3.50192	2.22094	4.55039	2.50586	1.60492	2.26195	
11.7158	16.0317	7.67977	5.29522	4.58617	3.31062	2.0938	2.79249	3.50192	0	4.83117	1.37811	3.57864	2.58771	3.53347	
14.795	8.06361	11.1	2.96912	0.722614	0.403752	5.06657	3.08378	2.22094	4.83117	0	2.33627	1.25253	2.57052	2.0201	
11.2668	16.6199	9.05787	8.0881	3.22013	1.93252	3.47191	1.41438	4.55039	1.37811	2.33627	0	4.95674	3.96581	4.91157	
6.69084	8.34853	10.1994	1.71659	1.00753	1.65629	5.67244	4.33632	2.50586	3.57864	1.25253	4.95674	0	3.82305	2.30502	
8.32129	13.444	6.30213	4.32611	3.10325	2.97427	2.49605	5.6543	1.60492	2.58771	2.57052	3.96581	3.82305	0	3.86688	
8.97832	8.63849	5.48938	6.4266	1.29749	2.5851	3.67007	8.69441	2.26195	3.53347	2.0201	4.91157	2.30502	3.86688	0	

0	18.1451	12.4637	13.7339	9.80512	5.63482	7.96846	5.88104	9.68588	10.529	5.82741	5.69869	10.1847	5.33942	12.9514	
18.1451	0	2.42273	11.0725	15.1728	12.5103	12.5275	18.9253	10.8793	14.4878	12.7029	14.1165	11.6295	9.547	17.2224	
12.4637	2.42273	0	13.4952	11.8204	11.074	9.75331	13.5104	11.3159	13.3149	22.5021	7.48354	9.20678	7.12427	18.0789	
13.7339	11.0725	13.4952	0	8.52759	12.3832	1.45502	7.85283	3.26197	2.6021	8.90357	5.61247	5.02472	4.08406	6.47808	
9.80512	15.1728	11.8204	8.52759	0	4.1703	7.32518	3.9681	9.0426	9.36985	4.36288	5.05541	8.27172	4.69614	2.04951	
5.63482	12.5103	11.074	12.3832	4.1703	0	6.57879	1.55031	7.79438	6.22123	0.192586	4.30903	5.68525	3.94976	2.61808	
7.96846	12.5275	9.75331	1.45502	7.32518	6.57879	0	7.87332	1.80695	1.14708	7.17573	2.98831	3.5697	2.62904	7.93309	
5.88104	18.9253	13.5104	7.85283	3.9681	1.55031	7.87332	0	6.41275	7.38637	1.35773	7.04801	4.30362	7.80397	3.78323	
9.68588	10.8793	11.3159	3.26197	9.0426	7.79438	1.80695	6.41275	0	2.95403	9.63715	3.23715	2.10913	3.59642	11.2562	
10.529	14.4878	13.3149	2.6021	9.36985	6.22123	1.14708	7.38637	2.95403	0	6.02865	2.05471	4.71678	2.41399	8.45415	
5.82741	12.7029	22.5021	8.90357	4.36288	0.192586	7.17573	1.35773	9.63715	6.02865	0	8.08336	5.66135	4.14234	2.4255	
5.69869	14.1165	7.48354	5.61247	5.05541	4.30903	2.98831	7.04801	3.23715	2.05471	8.08336	0	2.74439	0.359271	11.3139	
10.1847	11.6295	9.20678	5.02472	8.27172	5.68525	3.5697	4.30362	2.10913	4.71678	5.66135	2.74439	0	3.10366	9.1471	
5.33942	9.547	7.12427	4.08406	4.69614	3.94976	2.62904	7.80397	3.59642	2.41399	4.14234	0.359271	3.10366	0	6.74565	
12.9514	17.2224	18.0789	6.47808	2.04951	2.61808	7.93309	3.78323	11.2562	8.45415	2.4255	11.3139	9.1471	6.74565	0	

0	17.2261	7.84667	1.33483	4.46287	3.96161	2.35074	4.26028	9.04321	4.1477	3.72311	5.88975	3.16432	1.71085	7.29732	
17.2261	0	21.0954	23.9202	7.90276	6.32226	14.1365	16.7575	13.2036	8.03652	6.56077	12.6807	7.20523	8.6587	9.95486	
7.84667	21.0954	0	13.1497	5.72983	8.39097	6.77571	4.66194	6.54459	8.57267	5.19911	7.08612	7.58929	6.13582	4.75838	
1.33483	23.9202	13.1497	0	6.83072	11.7627	3.99229	14.7588	5.33049	3.00423	5.05794	4.82802	3.83552	3.04568	10.3599	
4.46287	7.90276	5.72983	6.83072	0	0.978267	2.78964	1.06789	3.27923	2.55027	0.739764	3.82076	1.71898	3.17246	2.55723	
3.96161	6.32226	8.39097	11.7627	0.978267	0	4.37013	0.775671	4.85972	6.13929	0.238503	6.35841	3.29947	5.95477	3.6326	
2.35074	14.1365	6.77571	3.99229	2.78964	4.37013	0	3.85753	1.28942	0.988067	3.5294	1.83094	1.81936	0.639889	5.34687	
4.26028	16.7575	4.66194	14.7588	1.06789	0.775671	3.85753	0	4.34713	5.62669	0.537169	6.27784	2.78687	5.44217	3.62512	
9.04321	13.2036	6.54459	5.33049	3.27923	4.85972	1.28942	4.34713	0	2.27748	4.019	0.541526	3.83915	1.92931	5.83646	
4.1477	8.03652	8.57267	3.00423	2.55027	6.13929	0.988067	5.62669	2.27748	0	5.29856	1.82379	0.831293	1.62796	7.11603	
3.72311	6.56077	5.19911	5.05794	0.739764	0.238503	3.5294	0.537169	4.019	5.29856	0	6.59691	2.45874	5.11404	3.29699	
5.88975	12.6807	7.08612	4.82802	3.82076	6.35841	1.83094	6.27784	0.541526	1.82379	6.59691	0	2.65508	4.1789	9.17942	
3.16432	7.20523	7.58929	3.83552	1.71898	3.29947	1.81936	2.78687	3.83915	0.831293	2.45874	2.65508	0	1.45348	4.27621	
1.71085	8.6587	6.13582	3.04568	3.17246	5.95477	0.639889	5.44217	1.92931	1.62796	5.11404	4.1789	1.45348	0	6.93151	
7.29732	9.95486	4.75838	10.3599	2.55723	3.6326	5.34687	3.62512	5.83646	7.11603	3.29699	9.17942	4.27621	6.93151	0	

0	16.7635	11.4976	5.43337	6.80531	11.6841	6.28253	8.75306	9.53353	5.1927	9.43105	9.44877	10.6485	11.1065	6.53026	
16.7635	0	12.1012	13.0321	14.404	12.3653	12.0659	6.71989	14.9404	7.53306	12.224	3.277	13.1141	7.23253	18.9258	
11.4976	12.1012	0	6.06419	7.43613	8.73923	8.72914	5.51438	14.3508	9.07474	7.72175	8.82422	12.5245	7.26479	17.9319	
5.43337	13.0321	6.06419	0	1.37194	4.66927	4.91251	3.81437	10.791	4.95724	3.76573	9.2133	8.46431	8.36737	10.0205	
6.80531	14.404	7.43613	1.37194	0	3.06537	4.86054	2.44243	10.7979	4.96414	2.39378	5.88531	9.67369	4.83449	8.79739	
11.6841	12.3653	8.73923	4.66927	3.06537	0	3.96978	2.87896	8.15708	5.05961	0.671589	8.46644	9.27203	4.5109	5.15381	
6.28253	12.0659	8.72914	4.91251	4.86054	3.96978	0	3.21476	6.92359	1.08983	4.64137	5.34589	8.60761	4.21153	6.15305	
8.75306	6.71989	5.51438	3.81437	2.44243	2.87896	3.21476	0	9.39412	3.56036	2.20738	3.44289	7.65176	2.39206	8.62358	
9.53353	14.9404	14.3508	10.791	10.7979	8.15708	6.92359	9.39412	0	5.83376	11.4557	10.0898	5.6799	7.08604	3.00327	
5.1927	7.53306	9.07474	4.95724	4.96414	5.05961	1.08983	3.56036	5.83376	0	5.76774	4.25606	7.51778	5.30136	5.06322	
9.43105	12.224	7.72175	3.76573	2.39378	0.671589	4.64137	2.20738	11.4557	5.76774	0	5.65026	9.62939	4.36969	5.8254	
9.44877	3.277	8.82422	9.2133	5.88531	8.46644	5.34589	3.44289	10.0898	4.25606	5.65026	0	9.21524	3.95553	9.31929	
10.6485	13.1141	12.5245	8.46431	9.67369	9.27203	8.60761	7.65176	5.6799	7.51778	9.62939	9.21524	0	5.2597	4.11822	
11.1065	7.23253	7.26479	8.36737	4.83449	4.5109	4.21153	2.39206	7.08604	5.30136	4.36969	3.95553	5.2597	0	9.37792	
6.53026	18.9258	17.9319	10.0205	8.79739	5.15381	6.15305	8.62358	3.00327	5.06322	5.8254	9.31929	4.11822	9.37792	0	

0	9.70577	13.3033	1.56789	22.4377	14.4348	9.21	13.6185	10.7265	7.7168	10.9216	14.0485	17.6031	8.0237	15.5143	
9.70577	0	13.2415	11.2737	13.9592	11.6383	9.14821	11.4884	17.2299	7.77207	10.8598	7.62954	9.60875	7.96191	5.8085	
13.3033	13.2415	0	19.3947	7.84847	9.17312	6.46589	7.34407	5.46476	8.99326	8.1775	4.81893	9.22375	5.27959	6.63996	
1.56789	11.2737	19.3947	0	13.1119	10.8864	8.08379	10.8665	12.2944	6.14891	10.3197	13.4998	6.65458	9.27009	8.11247	
22.4377	13.9592	7.84847	13.1119	0	4.87362	5.02812	6.71428	8.58198	5.34027	5.44032	9.97175	4.8346	6.21441	8.15072	
14.4348	11.6383	9.17312	10.8864	4.87362	0	7.36248	2.99702	3.70836	2.53524	0.5667	7.03039	2.02957	3.46461	6.06626	
9.21	9.14821	6.46589	8.08379	5.02812	7.36248	0	2.78275	8.37983	3.76056	4.0842	5.41604	4.26623	1.18629	5.72412	
13.6185	11.4884	7.34407	10.8665	6.71428	2.99702	2.78275	0	5.59708	2.38535	2.43032	7.78795	1.87968	3.96904	5.96692	
10.7265	17.2299	5.46476	12.2944	8.58198	3.70836	8.37983	5.59708	0	12.4633	4.27506	3.32202	5.73793	9.26798	5.14306	
7.7168	7.77207	8.99326	6.14891	5.34027	2.53524	3.76056	2.38535	12.4633	0	6.61157	3.7846	0.505671	3.71367	1.96356	
10.9216	10.8598	8.1775	10.3197	5.44032	0.5667	4.0842	2.43032	4.27506	6.61157	0	7.3206	2.59627	2.89791	5.49956	
14.0485	7.62954	4.81893	13.4998	9.97175	7.03039	5.41604	7.78795	3.32202	3.7846	7.3206	0	10.7489	6.60233	1.82103	
17.6031	9.60875	9.22375	6.65458	4.8346	2.02957	4.26623	1.87968	5.73793	0.505671	2.59627	10.7489	0	4.21934	2.46924	
8.0237	7.96191	5.27959	9.27009	6.21441	3.46461	1.18629	3.96904	9.26798	3.71367	2.89791	6.60233	4.21934	0	5.67723	
15.5143	5.8085	6.63996	8.11247	8.15072	6.06626	5.72412	5.96692	5.14306	1.96356	5.49956	1.82103	2.46924	5.67723	0	

0	13.0244	11.052	7.21956	9.01902	10.1789	4.40487	10.7113	9.59099	6.94331	12.063	7.9959	7.55283	5.6118	8.28496	
13.0244	0	15.2475	16.2119	11.7944	8.84176	9.97859	8.30936	10.0254	11.1765	12.9478	12.4921	6.83063	10.7048	13.438	
11.052	15.2475	0	3.39507	6.45393	4.41201	3.68938	6.83024	8.07657	3.80797	8.18195	4.51567	6.35667	2.48246	2.32967	
7.21956	16.2119	3.39507	0	1.79946	3.14775	4.13995	4.61572	6.81231	4.25854	4.43243	3.2514	6.09445	2.93302	1.0654	
9.01902	11.7944	6.45393	1.79946	0	4.91093	6.2747	3.98467	3.57578	3.73626	2.63297	6.09975	4.96373	4.73249	2.86487	
10.1789	8.84176	4.41201	3.14775	4.91093	0	5.15909	1.52399	2.73844	3.29295	2.51304	2.35531	2.01113	5.88535	2.08235	
4.40487	9.97859	3.68938	4.13995	6.2747	5.15909	0	4.62668	3.09295	2.53244	6.12892	3.59103	3.14796	1.20693	5.77703	
10.7113	8.30936	6.83024	4.61572	3.98467	1.52399	4.62668	0	2.29451	5.79315	1.3517	3.42967	1.47873	5.35294	3.60634	
9.59099	10.0254	8.07657	6.81231	3.57578	2.73844	3.09295	2.29451	0	0.554512	0.942808	2.918	3.19482	1.88003	4.82079	
6.94331	11.1765	3.80797	4.25854	3.73626	3.29295	2.53244	5.79315	0.554512	0	1.49732	2.36349	3.74933	1.32552	4.54949	
12.063	12.9478	8.18195	4.43243	2.63297	2.51304	6.12892	1.3517	0.942808	1.49732	0	4.57582	2.83043	11.2557	4.59538	
7.9959	12.4921	4.51567	3.2514	6.09975	2.35531	3.59103	3.42967	2.918	2.36349	4.57582	0	4.36645	3.689	2.186	
7.55283	6.83063	6.35667	6.09445	4.96373	2.01113	3.14796	1.47873	3.19482	3.74933	2.83043	4.36645	0	3.87421	4.09348	
5.6118	10.7048	2.48246	2.93302	4.73249	5.88535	1.20693	5.35294	1.88003	1.32552	11.2557	3.689	3.87421	0	3.99843	
8.28496	13.438	2.32967	1.0654	2.86487	2.08235	5.77703	3.60634	4.82079	4.54949	4.59538	2.186	4.09348	3.99843	0	

0	8.97913	8.33067	2.57026	8.79431	12.5501	10.8838	8.26611	5.7482	4.17983	6.28536	10.321	5.51465	7.6184	5.21149	
8.97913	0	15.7295	11.5494	6.91393	15.8801	5.64404	7.93301	7.13419	12.2573	9.97607	4.27369	9.9702	7.06244	11.2256	
8.33067	15.7295	0	14.8143	8.7955	12.5211	10.6546	13.475	5.71922	4.15084	6.25638	11.4904	5.48566	7.58941	5.18251	
2.57026	11.5494	14.8143	0	6.22404	9.13661	8.71938	5.69585	8.91983	6.75009	8.44883	8.86428	7.46064	7.22297	7.62576	
8.79431	6.91393	8.7955	6.22404	0	4.42158	4.01058	2.26541	5.50074	3.3306	5.10937	2.64024	1.99578	5.42899	4.19531	
12.5501	15.8801	12.5211	9.13661	4.42158	0	1.90355	6.58439	2.39419	2.79332	0.687786	3.27389	5.61313	3.85649	2.91967	
10.8838	5.64404	10.6546	8.71938	4.01058	1.90355	0	5.02966	3.64979	5.39151	2.59133	1.37034	7.06685	1.95294	6.55803	
8.26611	7.93301	13.475	5.69585	2.26541	6.58439	5.02966	0	6.47017	2.96157	4.16179	3.65932	1.76479	4.77332	1.9299	
5.7482	7.13419	5.71922	8.91983	5.50074	2.39419	3.64979	6.47017	0	1.56837	3.08198	2.8605	2.90319	1.69685	2.60004	
4.17983	12.2573	4.15084	6.75009	3.3306	2.79332	5.39151	2.96157	1.56837	0	2.10553	4.42887	1.33482	3.26523	1.03166	
6.28536	9.97607	6.25638	8.44883	5.10937	0.687786	2.59133	4.16179	3.08198	2.10553	0	5.70238	3.44035	5.5441	2.23189	
10.321	4.27369	11.4904	8.86428	2.64024	3.27389	1.37034	3.65932	2.8605	4.42887	5.70238	0	4.63602	2.78875	5.58922	
5.51465	9.9702	5.48566	7.46064	1.99578	5.61313	7.06685	1.76479	2.90319	1.33482	3.44035	4.63602	0	4.77339	2.36649	
7.6184	7.06244	7.58941	7.22297	5.42899	3.85649	1.95294	4.77332	1.69685	3.26523	5.5441	2.78875	4.77339	0	4.47023	
5.21149	11.2256	5.18251	7.62576	4.19531	2.91967	6.55803	1.9299	2.60004	1.03166	2.23189	5.58922	2.36649	4.47023	0	

0	7.62758	9.94653	6.07033	8.77592	9.19598	7.41548	6.96312	9.31508	8.13659	11.9649	6.00989	6.12641	8.56367	10.2143	
7.62758	0	17.3426	11.6267	16.6707	10.7534	15.0431	8.74776	22.6961	17.2706	13.5223	13.6375	9.58447	18.7786	19.1918	
9.94653	17.3426	0	10.8412	2.8188	1.57033	6.67147	3.57602	10.2289	7.39259	4.23237	7.34846	8.04295	8.22229	6.27422	
6.07033	11.6267	10.8412	0	4.09104	4.88464	4.16972	2.87896	5.50089	4.89083	7.1636	6.85707	3.71567	5.72054	4.38859	
8.77592	16.6707	2.8188	4.09104	0	1.24847	7.58634	3.25416	3.30308	3.79848	3.07256	2.76603	6.27867	8.74569	2.19077	
9.19598	10.7534	1.57033	4.88464	1.24847	0	8.2418	2.00568	5.81619	6.31159	2.66204	4.01451	2.8424	7.49721	3.43925	
7.41548	15.0431	6.67147	4.16972	7.58634	8.2418	0	2.20819	6.88324	0.721116	8.60065	7.34935	1.37148	1.55082	2.32882	
6.96312	8.74776	3.57602	2.87896	3.25416	2.00568	2.20819	0	14.3614	3.22379	4.66772	9.74584	0.836713	3.27398	4.92461	
9.31508	22.6961	10.2289	5.50089	3.30308	5.81619	6.88324	14.3614	0	2.72001	7.46053	3.30519	5.20021	11.9599	1.11231	
8.13659	17.2706	7.39259	4.89083	3.79848	6.31159	0.721116	3.22379	2.72001	0	7.95593	8.07046	2.09259	2.27194	1.60771	
11.9649	13.5223	4.23237	7.1636	3.07256	2.66204	8.60065	4.66772	7.46053	7.95593	0	5.8386	5.61127	10.1515	5.26334	
6.00989	13.6375	7.34846	6.85707	2.76603	4.01451	7.34935	9.74584	3.30519	8.07046	5.8386	0	8.72082	8.90017	4.4175	
6.12641	9.58447	8.04295	3.71567	6.27867	2.8424	1.37148	0.836713	5.20021	2.09259	5.61127	8.72082	0	2.43727	3.99478	
8.56367	18.7786	8.22229	5.72054	8.74569	7.49721	1.55082	3.27398	11.9599	2.27194	10.1515	8.90017	2.43727	0	6.52516	
10.2143	19.1918	6.27422	4.38859	2.19077	3.43925	2.32882	4.92461	1.11231	1.60771	5.26334	4.4175	3.99478	6.52516	0	

0	15.9188	14.0152	16.0632	10.1687	11.2983	13.6001	4.70713	13.802	7.72686	9.91645	18.7863	9.90767	11.2682	7.78639	
15.9188	0	10.3056	14.1258	13.9297	19.5555	9.89049	11.2117	26.4705	14.2314	16.9341	24.862	23.7673	10.6846	17.2978	
14.0152	10.3056	0	3.66536	4.45438	1.70221	0.415127	11.4981	3.66115	5.67393	2.48042	5.18875	5.40964	1.20922	8.04135	
16.0632	14.1258	3.66536	0	7.49537	1.96315	2.92585	8.69288	16.1579	6.93543	2.74135	9.50857	5.67058	2.13176	11.9002	
10.1687	13.9297	4.45438	7.49537	0	9.24383	4.03926	5.46157	13.8595	8.4813	9.92905	15.6293	9.92028	4.83335	7.799	
11.2983	19.5555	1.70221	1.96315	9.24383	0	2.11734	6.50066	4.06016	4.19926	0.778209	10.2045	3.70743	4.09491	2.90826	
13.6001	9.89049	0.415127	2.92585	4.03926	2.11734	0	7.35521	4.07628	5.2588	6.32642	8.1709	4.76525	0.794095	8.55733	
4.70713	11.2117	11.4981	8.69288	5.46157	6.50066	7.35521	0	9.0044	3.01972	5.72245	13.9379	3.51155	6.56112	6.08611	
13.802	26.4705	3.66115	16.1579	13.8595	4.06016	4.07628	9.0044	0	9.24535	3.28195	1.5276	8.02465	8.90441	5.412	
7.72686	14.2314	5.67393	6.93543	8.4813	4.19926	5.2588	3.01972	9.24535	0	5.54112	6.98888	0.491826	4.46298	2.61311	
9.91645	16.9341	2.48042	2.74135	9.92905	0.778209	6.32642	5.72245	3.28195	5.54112	0	4.80954	4.25133	8.77538	2.13005	
18.7863	24.862	5.18875	9.50857	15.6293	10.2045	8.1709	13.9379	1.5276	6.98888	4.80954	0	6.49706	7.37681	8.61834	
9.90767	23.7673	5.40964	5.67058	9.92028	3.70743	4.76525	3.51155	8.02465	0.491826	4.25133	6.49706	0	3.97116	2.12128	
11.2682	10.6846	1.20922	2.13176	4.83335	4.09491	0.794095	6.56112	8.90441	4.46298	8.77538	7.37681	3.97116	0	6.09244	
7.78639	17.2978	8.04135	11.9002	7.799	2.90826	8.55733	6.08611	5.412	2.61311	2.13005	8.61834	2.12128	6.09244	0	

0	13.5901	22.3393	2.70083	3.50788	2.24348	9.95836	3.75445	17.0569	7.2297	3.52506	7.69562	5.63462	12.9416	3.94195	
13.5901	0	17.2238	19.3948	12.6111	11.3467	16.4196	12.8576	20.2142	14.866	12.6283	14.7538	14.7378	16.9036	13.0451	
22.3393	17.2238	0	8.09851	7.56794	5.236	5.82799	7.04628	2.99037	3.56965	4.98949	4.49213	5.07432	6.45408	3.53753	
2.70083	19.3948	8.09851	0	6.75302	4.94431	6.78721	10.9302	11.7709	4.52887	4.59493	8.03206	6.03354	15.2899	10.8952	
3.50788	12.6111	7.56794	6.75302	0	1.2644	6.76435	0.521659	6.026	3.57793	2.15809	6.71654	4.65554	9.74758	2.96287	
2.24348	11.3467	5.236	4.94431	1.2644	0	7.24186	1.51097	3.10516	2.70142	1.28158	3.84096	3.39114	4.61502	1.69847	
9.95836	16.4196	5.82799	6.78721	6.76435	7.24186	0	7.28601	7.09852	2.25834	3.67818	5.76154	3.76302	2.98324	5.89978	
3.75445	12.8576	7.04628	10.9302	0.521659	1.51097	7.28601	0	5.50434	6.27361	2.67975	6.96311	4.76894	6.71056	3.20944	
17.0569	20.2142	2.99037	11.7709	6.026	3.10516	7.09852	5.50434	0	5.10981	7.70694	3.54918	3.60514	4.32324	1.40669	
7.2297	14.866	3.56965	4.52887	3.57793	2.70142	2.25834	6.27361	5.10981	0	1.41984	3.5032	1.50467	3.44629	5.64569	
3.52506	12.6283	4.98949	4.59493	2.15809	1.28158	3.67818	2.67975	7.70694	1.41984	0	4.92304	2.92451	9.2168	2.98005	
7.69562	14.7538	4.49213	8.03206	6.71654	3.84096	5.76154	6.96311	3.54918	3.5032	4.92304	0	5.00787	5.05904	2.14249	
5.63462	14.7378	5.07432	6.03354	4.65554	3.39114	3.76302	4.76894	3.60514	1.50467	2.92451	5.00787	0	1.94162	4.85817	
12.9416	16.9036	6.45408	15.2899	9.74758	4.61502	2.98324	6.71056	4.32324	3.44629	9.2168	5.05904	1.94162	0	2.91655	
3.94195	13.0451	3.53753	10.8952	2.96287	1.69847	5.89978	3.20944	1.40669	5.64569	2.98005	2.14249	4.85817	2.91655	0	

0	11.5834	6.5035	2.28803	3.49211	5.25539	1.32376	7.25683	5.17549	5.36055	3.27947	6.50406	2.36591	1.74893	6.24411	
11.5834	0	5.07992	16.7655	9.65575	10.2626	11.2787	4.63006	4.95176	6.52634	6.38647	3.62318	7.53616	11.8904	7.37692	
6.5035	5.07992	0	6.57134	4.77535	6.62651	3.49839	6.53785	9.00768	3.60724	4.51959	8.7031	2.45624	4.1332	4.28523	
2.28803	16.7655	6.57134	0	3.13261	4.89589	0.964265	2.93236	5.1517	1.03608	2.91998	17.8843	2.00642	1.38943	5.94409	
3.49211	9.65575	4.77535	3.13261	0	1.57728	2.16834	6.40072	7.36114	3.47011	1.91832	6.03256	2.31911	2.59351	4.1481	
5.25539	10.2626	6.62651	4.89589	1.57728	0	2.29674	2.09744	5.34726	7.79662	0.341033	7.60985	2.40438	4.3568	4.27864	
1.32376	11.2787	3.49839	0.964265	2.16834	2.29674	0	3.71212	5.23758	2.00034	1.95571	8.20091	1.04215	0.42517	2.87114	
7.25683	4.63006	6.53785	2.93236	6.40072	2.09744	3.71212	0	4.03919	1.89628	1.75641	2.71061	3.04728	4.46968	5.71773	
5.17549	4.95176	9.00768	5.1517	7.36114	5.34726	5.23758	4.03919	0	4.11562	6.40552	1.32858	2.89761	4.81241	1.06862	
5.36055	6.52634	3.60724	1.03608	3.47011	7.79662	2.00034	1.89628	4.11562	0	3.21435	4.60689	1.151	2.5734	2.97999	
3.27947	6.38647	4.51959	2.91998	1.91832	0.341033	1.95571	1.75641	6.40552	3.21435	0	4.46702	2.06335	2.38088	3.89234	
6.50406	3.62318	8.7031	17.8843	6.03256	7.60985	8.20091	2.71061	1.32858	4.60689	4.46702	0	5.58272	6.14098	2.3972	
2.36591	7.53616	2.45624	2.00642	2.31911	2.40438	1.04215	3.04728	2.89761	1.151	2.06335	5.58272	0	1.46732	1.82899	
1.74893	11.8904	4.1332	1.38943	2.59351	4.3568	0.42517	4.46968	4.81241	2.5734	2.38088	6.14098	1.46732	0	3.50595	
6.24411	7.37692	4.28523	5.94409	4.1481	4.27864	2.87114	5.71773	1.06862	2.97999	3.89234	2.3972	1.82899	3.50595	0	

0	4.89497	8.69042	14.2231	5.08561	8.27013	5.56017	9.6483	7.02956	4.32099	6.84062	7.51806	5.44498	4.94208	7.88566	
4.89497	0	5.77898	10.8632	8.12104	8.75092	5.93086	5.82971	7.43984	7.17005	11.2032	7.54818	6.74573	8.47514	8.39629	
8.69042	5.77898	0	5.08418	7.03096	7.72457	4.53253	11.6087	1.66086	6.07997	7.12027	6.37355	7.42051	7.38506	2.51696	
14.2231	10.8632	5.08418	0	9.13753	8.76348	9.38053	6.56759	6.74504	7.9248	10.1036	12.2754	6.8008	12.1184	8.2846	
5.08561	8.12104	7.03096	9.13753	0	5.07397	2.19018	5.99894	4.28845	1.61439	1.75501	3.80749	2.73838	4.73445	3.43235	
8.27013	8.75092	7.72457	8.76348	5.07397	0	2.88379	4.8732	3.16271	3.12918	4.12558	4.5011	2.00518	5.42806	2.30661	
5.56017	5.93086	4.53253	9.38053	2.19018	2.88379	0	5.95544	2.87167	1.23919	3.94519	1.61732	2.36318	2.54428	3.72777	
9.6483	5.82971	11.6087	6.56759	5.99894	4.8732	5.95544	0	3.42269	4.49971	4.38555	6.5574	3.37571	8.6933	2.56659	
7.02956	7.43984	1.66086	6.74504	4.28845	3.16271	2.87167	3.42269	0	4.11086	2.67507	4.48898	5.45139	5.41594	0.8561	
4.32099	7.17005	6.07997	7.9248	1.61439	3.12918	1.23919	4.49971	4.11086	0	3.3694	2.85651	1.12399	3.78346	4.44824	
6.84062	11.2032	7.12027	10.1036	1.75501	4.12558	3.94519	4.38555	2.67507	3.3694	0	5.80979	4.45749	3.3523	1.81897	
7.51806	7.54818	6.37355	12.2754	3.80749	4.5011	1.61732	6.5574	4.48898	2.85651	5.80979	0	4.19704	2.57598	3.99082	
5.44498	6.74573	7.42051	6.8008	2.73838	2.00518	2.36318	3.37571	5.45139	1.12399	4.45749	4.19704	0	5.124	4.31179	
4.94208	8.47514	7.38506	12.1184	4.73445	5.42806	2.54428	8.6933	5.41594	3.78346	3.3523	2.57598	5.124	0	5.17127	
7.88566	8.39629	2.51696	8.2846	3.43235	2.30661	3.72777	2.56659	0.8561	4.44824	1.81897	3.99082	4.31179	5.17127	0	

0	14.9257	5.93023	16.4642	6.06367	6.24226	4.87412	10.87	15.6002	6.12994	5.93339	8.39621	6.46489	6.28901	6.06183	
14.9257	0	20.8559	4.2593	14.2649	13.8005	13.0036	7.38252	17.5239	5.44655	20.8397	23.648	11.4128	8.91382	21.9484	
5.93023	20.8559	0	10.8092	8.60913	8.63017	6.956	9.53364	7.43681	8.75855	8.32131	3.43391	8.55635	7.63925	9.42992	
16.4642	4.2593	10.8092	0	5.21353	8.8561	2.44306	3.12321	4.90324	1.18724	4.28108	9.22295	3.12758	2.30654	9.46131	
