50
5
3
12
50

42	6
2	39
5	45
14	8
43	3

28	23
33	5
45	13
14	3
50	32
17	45
1	22
39	36
8	8
17	9
21	18
22	16
17	39
42	6
21	5
38	2
39	17
21	38
31	6
40	33
26	26
40	48
33	42
14	50
11	10
24	5
7	44
49	42
8	31
40	24
35	44
7	30
16	48
40	10
10	3
7	31
33	29
25	34
49	9
5	48
23	3
3	49
15	18
38	50
42	31
12	23
47	22
24	24
14	17
44	20

70

1.79769e+308
1.79769e+308
1.79769e+308
1.79769e+308
1.79769e+308

19
17
19
18
14
19
20
13
11
16
17
16
11
14
13
12
16
12
13
20
16
16
16
13
20
16
11
16
12
14
13
17
19
11
11
19
11
15
14
14
18
12
16
17
11
18
14
16
15
15

0
0
0
0
0

0

0	12.5149	19.8488	19.5593	2.11873	8.68918	6.42932	3.12247	20.3173	6.59541	17.9128	19.0664	7.76514	17.7106	12.3369	10.4237	4.91935	15.1855	0	9.18281	5.14774	8.73302	16.6345	5.77747	9.90902	11.1069	11.7805	14.101	11.062	17.3145	7.71979	17.6766	15.0364	15.4494	6.00053	21.334	19.6614	15.1563	1.52053	19.38	14.1237	8.68994	9.72809	3.69382	17.9419	9.55304	16.582	9.13268	12.6346	10.9593	11.0342	4.69366	14.5098	8.52124	5.9397	
12.5149	0	1.8783	11.4063	19.7515	8.03406	11.9607	12.8521	14.9679	16.0693	5.92586	11.5192	8.9125	12.1878	13.2107	6.51351	8.68249	7.2	17.6579	11.1935	16.9136	13.3641	5.89507	10.8872	13.4683	7.09662	11.7142	12.6852	3.41855	15.0937	17.4825	4.04728	17.0616	3.8	10.6789	12.3897	6.03446	5.39845	10.9944	26.4103	4.57	8.7145	5.8843	13.1677	4.45881	21.3436	3.75659	9.43509	17.0986	13.8251	8.8509	13.5099	8.72722	7.01678	11.4606	
19.8488	1.8783	0	12.9153	15.8989	14.1969	17.9438	13.4484	14.1918	17.047	7.44921	11.1883	7.0342	20.2731	15.4397	8.39181	8.64155	9.0783	18.1911	14.6	15.1642	13.1441	4.01678	13.2757	8.99481	8.97492	9.83593	11.4281	4.9419	18.2395	21.3872	2.16899	12.1074	5.6783	9.92418	15.0083	12.0602	6.9218	12.8727	12.8219	8.40899	9.33909	7.7626	18.9468	3.82368	21.4765	1.8783	13.0342	11.2784	13.973	7.15691	17.2716	10.3166	8.89508	10.3868	
19.5593	11.4063	12.9153	0	12.8159	6.56585	10.0175	7.30417	7.20336	9.95132	11.4852	5.54044	14.4419	4.93961	5.66048	7.69013	8.3272	14.1088	18.3827	6.65702	16.0097	9.69834	12.7119	5.97399	14.8844	7.50329	15.2925	14.9489	11.9924	4.18244	3.43246	14.4306	12.513	7.60631	14.4852	13.3367	9.84077	10.0125	15.0262	8.32095	8.37631	16.6821	11.1753	18.756	12.9824	2.47095	11.037	8.4419	19.0943	17.1322	10.4004	10.5614	9.16341	10.8602	12.9244	
2.11873	19.7515	15.8989	12.8159	0	6.25	7.21858	5.24119	13.5739	18.5548	11.1693	22.3188	8.43338	13.7861	12.1605	7.58976	7.03808	15.0091	2.11873	9.41834	5.50694	9.33668	16.6543	3.21602	10.9624	7.18744	15.3623	14.7085	14.5748	10.0333	5.15834	17.4142	12.1971	15.2729	8.021	12.6356	16.949	12.5949	4.08197	20.6366	18.63	6.12849	8.95869	8.25727	15.9659	6.11985	14.0206	16.3049	21.9545	10.7829	9.33485	7.2551	8.84756	10.6671	7.03702	
8.68918	8.03406	14.1969	6.56585	6.25	0	9.36103	7.96393	7.32393	11.689	4.91935	11.9	12.9443	6.02861	8.86682	4.81126	7.46783	9.31991	8.36873	12.7696	11.7569	3.13249	8.8974	9.25315	9.21088	0.937443	8.21861	6.526	7.42666	10.7483	11.4083	14.2657	5.94712	14.1722	8.78935	16.881	10.1474	9.09356	10.345	9.80393	9.89551	6.11617	10.3756	7.61468	15.7465	9.0368	17.6028	6.83545	11.9365	6.56877	6.25127	3.99552	2.59756	4.38744	5.30139	
6.42932	11.9607	17.9438	10.0175	7.21858	9.36103	0	6.3245	13.3965	15.6557	16.2127	15.6468	10.793	12.0861	9.51151	8.3763	6.84479	22.1615	6.42932	9.94488	4.83969	8.77022	11.4696	4.00256	14.159	8.39389	13.1272	12.8517	20.1223	12.8433	7.60881	18.0534	20.6708	18.5402	15.0609	19.2865	14.0262	22.4877	6.46132	13.3965	10.4223	10.5913	17.1105	4.28803	17.2945	7.5056	21.3566	7.36219	23.3568	12.8448	6.77801	9.74798	7.35833	4.94389	7.44043	
3.12247	12.8521	13.4484	7.30417	5.24119	7.96393	6.3245	0	7.48258	9.76651	18.2647	12.446	6.70218	14.0644	5.9397	9.80612	8.04182	8.78829	3.12247	7.24077	8.2702	4.83144	13.2069	8.33626	4.74157	10.9027	9.99157	11.9262	16.0704	13.1687	5.79473	11.2794	10.299	9.05214	10.4883	13.5384	11.2866	12.3282	4.20976	10.6832	9.82214	11.8364	12.5029	2.03647	14.6684	4.83322	12.723	10.1837	13.6571	4.56207	7.58601	5.71612	12.0198	9.42013	6.85894	
20.3173	14.9679	14.1918	7.20336	13.5739	7.32393	13.3965	7.48258	0	9.99	12.2433	10.4076	24.3533	4.1494	1.54289	8.24011	4.20961	16.6438	18.0691	2.84396	17.2594	10.4564	11.2851	9.35304	18.2635	8.26138	20.5951	16.4843	17.295	10.3575	6.81151	20.6575	13.2711	11.1679	17.0936	21.1367	10.6141	15.3151	15.8888	2.48	11.4689	16.0745	12.3049	13.8834	23.3907	5.85	15.1042	9.4717	23.5276	14.176	7.03491	11.3195	9.92149	8.86903	15.2597	
6.59541	16.0693	17.047	9.95132	18.5548	11.689	15.6557	9.76651	9.99	0	18.9435	13.7323	6.98555	15.0091	8.44712	15.1443	11.1138	19.9158	11.7384	9.74819	14.3443	8.55649	13.0302	14.6772	5.02494	13.9468	10.2749	17.2979	14.6164	14.1338	19.3312	27.9792	17.6878	17.5576	9.55488	14.0872	17.5183	19.7789	5.07488	13.3397	20.4322	12.1197	13.0415	7.24817	18.4124	12.4223	13.8934	9.801	19.0611	9.97469	14.6414	10.2403	16.6217	12.0756	12.2337	
17.9128	5.92586	7.44921	11.4852	11.1693	4.91935	16.2127	18.2647	12.2433	18.9435	0	13.7826	12.4798	9.13893	14.2992	11.0681	11.2358	9.54	22.0971	15.7143	17.7584	8.05184	6.61105	22.5949	12.6723	5.85679	7.42234	9.94309	2.50731	9.89609	17.0187	9.34638	9.69384	7.46251	20.8593	12.98	5.22805	4.17421	12.0488	10.8083	6.75805	16.7128	13.5778	17.2864	15.339	19.0919	10.6934	15.2422	8.86484	11.9403	10.1314	8.91487	7.51691	9.3365	18.4343	
19.0664	11.5192	11.1883	5.54044	22.3188	11.9	15.6468	12.446	10.4076	13.7323	13.7826	0	9.93126	10.0345	8.86468	12.8495	5.53288	13.5594	15.8942	10.1658	18.3189	10.9449	7.1715	10.9788	14.1826	11.4121	11.7904	17.5143	15.1266	9.72288	17.1604	19.5391	17.2706	11.6298	12.8869	12.1403	9.76328	15.5529	11.5434	13.5653	9.29393	8.46509	5.63489	18.4574	11.0058	8.01139	11.3905	3.93126	16.4416	12.0011	4.85996	19.3979	11.3125	6.34956	18.4648	
7.76514	8.9125	7.0342	14.4419	8.43338	12.9443	10.793	6.70218	24.3533	6.98555	12.4798	9.93126	0	12.1033	13.9288	12.4653	6.05135	12.3086	9.29231	11.7571	11.2799	8.54684	6.51988	7.17361	1.96061	7.48361	5.05747	8.7639	11.9761	14.8045	15.4632	9.20319	6.99714	9.76889	2.88998	8.81197	14.1614	10.3375	6.24461	15.325	12.6314	2.30489	4.38406	8.41791	9.75495	14.3741	8.42057	6	6.49997	6.91036	14.08	5.66016	10.5652	8.41831	3.35261	
17.7106	12.1878	20.2731	4.93961	13.7861	6.02861	12.0861	14.0644	4.1494	15.0091	9.13893	10.0345	12.1033	0	8.14906	7.65132	5.48234	18.6789	10.4017	4.44668	12.5845	15.9635	10.1071	12.234	14.0131	5.09117	16.5613	10.6797	11.6462	0.757166	5.6321	17.8706	19.3188	14.347	21.2132	21.727	12.1125	13.3131	13.7154	1.6694	5.88778	9.2288	15.2216	13.9574	20.5925	7.5194	19.7323	6.10328	21.615	11.4823	9.29761	11.5044	7.94788	7.46349	9.45511	
12.3369	13.2107	15.4397	5.66048	12.1605	8.86682	9.51151	5.9397	1.54289	8.44712	14.2992	8.86468	13.9288	8.14906	0	4.83571	2.66672	14.728	7.58607	1.30108	12.6944	10.7711	7.29149	8.76392	10.6813	11.9086	15.93	17.8659	14.508	4.99059	5.56108	13.7321	17.0079	11.3056	10.1682	17.2674	9.07117	15.673	8.96336	4.02289	10.6012	6.41319	10.762	6.95793	15.5067	5.26087	13.5614	4.26835	27.0272	8.66672	7.42728	11.6558	8.91093	8.45856	12.7986	
10.4237	6.51351	8.39181	7.69013	7.58976	4.81126	8.3763	9.80612	8.24011	15.1443	11.0681	12.8495	12.4653	7.65132	4.83571	0	2.16899	13.7135	7.08834	4.68	16.0734	6.85055	6.79376	4.37374	14.4827	5.07042	7.98259	12.0748	9.93206	8.36951	7.97998	11.9715	11.5042	6.50149	12.5074	12.523	7.26149	13.6701	12.3423	13.5712	5.73149	5.91545	8.08129	10.3369	10.9723	7.87678	12.2022	3.77061	10.6752	8.16899	6.92954	15.1615	2.21371	5.99774	8.19473	
4.91935	8.68249	8.64155	8.3272	7.03808	7.46783	6.84479	8.04182	4.20961	11.1138	11.2358	5.53288	6.05135	5.48234	2.66672	2.16899	0	11.5104	4.91935	3.9678	10.0671	9.01953	4.62477	6.54273	10.8413	8.40527	11.4017	12.3265	18.5087	6.2395	6.5964	12.3883	11.7369	9.41586	5.63898	10.2535	7.1814	13.7661	9.21378	7.15174	7.90048	3.74647	6.57666	10.6186	13.389	7.43189	8.84377	1.60162	21.2532	6	4.76056	11.4634	4.38269	4.01993	10.859	
15.1855	7.2	9.0783	14.1088	15.0091	9.31991	22.1615	8.78829	16.6438	19.9158	9.54	13.5594	12.3086	18.6789	14.728	13.7135	11.5104	0	11.9108	24.7056	18.033	12.4524	6.88559	18.4928	13.5299	10.2574	14.08	7.81383	10.6186	21.2665	17.103	17.7359	15.267	6.50246	13.3814	9.42604	8.73692	9.23649	16.1321	15.6907	7.27246	10.7547	7.92454	10.8248	11.6588	13.6215	10.7992	16.876	14.6063	13.3504	13.9133	13.3154	11.9175	13.7371	13.2251	
0	17.6579	18.1911	18.3827	2.11873	8.36873	6.42932	3.12247	18.0691	11.7384	22.0971	15.8942	9.29231	10.4017	7.58607	7.08834	4.91935	11.9108	0	10.2211	5.14774	7.95391	9.54412	5.33475	7.86404	10.3036	16.9235	11.351	16.205	13.1891	7.27707	14.4019	15.0364	12.1746	9.23649	15.7132	12.1007	14.7136	1.52053	20.2774	15.4682	8.24722	14.871	5.15893	17.6025	7.95569	15.8454	6.52097	20.178	7.68454	9.67991	4.69366	13.7877	11.3732	5.9397	
9.18281	11.1935	14.6	6.65702	9.41834	12.7696	9.94488	7.24077	2.84396	9.74819	15.7143	10.1658	11.7571	4.44668	1.30108	4.68	3.9678	24.7056	10.2211	0	11.3934	10.139	9.92654	7.68911	16.5995	14.5231	13.9127	16.7548	13.2069	3.68951	4.26	12.431	17.3103	12.5855	8.86712	24.8314	10.3722	15.1868	7.66228	10.0361	8.82013	9.04824	12.0631	5.65685	15.9	4.18607	14.8624	6.9034	26.8869	11.3018	10.0623	14.2875	6.89371	9.75964	11.94	
5.14774	16.9136	15.1642	16.0097	5.50694	11.7569	4.83969	8.2702	17.2594	14.3443	17.7584	18.3189	11.2799	12.5845	12.6944	16.0734	10.0671	18.033	5.14774	11.3934	0	14.9129	11.1474	8.72296	9.31933	13.2816	14.5693	12.8996	20.6739	11.8273	10.6653	18.4475	20.5236	16.9057	14.7236	14.5118	22.6069	18.1018	7.00767	15.1296	16.9579	11.6354	17.8257	9.12772	12.4548	12.3862	14.4002	18.7445	18.2488	14.2691	15.6266	10.1808	12.198	9.78358	8.91762	
8.73302	13.3641	13.1441	9.69834	9.33668	3.13249	8.77022	4.83144	10.4564	8.55649	8.05184	10.9449	8.54684	15.9635	10.7711	6.85055	9.01953	12.4524	7.95391	10.139	14.9129	0	9.12735	6.12066	8.38602	4.06993	15.7344	8.74137	16.754	15.4307	9.72691	16.1108	9.07961	12.251	5.65685	10.3536	10.0166	11.2024	6.65548	17.9324	10.5189	7.54937	11.3771	4.48219	18.0705	9.6237	13.3464	10.9183	15.5338	3.43628	6.0849	7.12801	5.73005	7.54964	7.63855	
16.6345	5.89507	4.01678	12.7119	16.6543	8.8974	11.4696	13.2069	11.2851	13.0302	6.61105	7.1715	6.51988	10.1071	7.29149	6.79376	4.62477	6.88559	9.54412	9.92654	11.1474	9.12735	0	15.248	8.48049	9.15655	11.5773	13.7688	8.95868	12.8945	11.2212	6.18576	13.517	5.75828	9.40986	15.8408	7.99274	10.7382	12.7645	8.80509	6.52828	8.37124	10.1258	13.6095	6.16438	12.0567	4.219	6.22639	18.1695	10.6248	9.38533	17.4948	6.29984	10.0839	9.87249	
5.77747	10.8872	13.2757	5.97399	3.21602	9.25315	4.00256	8.33626	9.35304	14.6772	22.5949	10.9788	7.17361	12.234	8.76392	4.37374	6.54273	18.4928	5.33475	7.68911	8.72296	6.12066	15.248	0	11.0298	8.18494	13.6065	9.23228	22.4886	8.48118	3.60624	20.798	16.6272	12.2792	11.7775	15.284	11.0221	15.8109	7.57053	9.35304	10.1052	9.34451	12.455	8.29059	15.5937	3.50304	17.2366	14.0337	22.6115	9.55694	6.11882	6.12855	6.58745	7.95294	3.82099	
9.90902	13.4683	8.99481	14.8844	10.9624	9.21088	14.159	4.74157	18.2635	5.02494	12.6723	14.1826	1.96061	14.0131	10.6813	14.4827	10.8413	13.5299	7.86404	16.5995	9.31933	8.38602	8.48049	11.0298	0	8.92191	5.25	10.6745	18.2929	19.5944	13.0563	12.2621	7.5215	13.1652	4.85059	9.06228	17.0685	10.53	8.20523	18.2635	14.592	4.2655	6.34467	6.77804	10.8139	9.57479	8.86848	7.96061	6.6925	4.94975	12.0909	5.21536	11.0189	12.3719	5.31322	
11.1069	7.09662	8.97492	7.50329	7.18744	0.937443	8.39389	10.9027	8.26138	13.9468	5.85679	11.4121	7.48361	5.09117	11.9086	5.07042	8.40527	10.2574	10.3036	14.5231	13.2816	4.06993	9.15655	8.18494	8.92191	0	8.62559	5.58856	10.4648	5.84833	13.7189	16.5595	6.88456	10.8966	7.07124	7.20076	16.9824	11.3574	10.4507	6.76057	8.92837	5.17873	8.00892	8.86622	11.5554	16.5147	15.1384	5.86831	12.381	13.8717	5.28412	4.93297	2.85671	3.45	4.36394	
11.7805	11.7142	9.83593	15.2925	15.3623	8.21861	13.1272	9.99157	20.5951	10.2749	7.42234	11.7904	5.05747	16.5613	15.93	7.98259	11.4017	14.08	16.9235	13.9127	14.5693	15.7344	11.5773	13.6065	5.25	8.62559	0	7.28344	7.2599	15.5246	26.3101	12.0049	2.2715	11.164	7.94745	8.51616	11.924	5.28	10.26	17.1264	10.394	7.36236	6.15549	12.4333	11.5264	15.3957	11.7142	11.0575	1.4425	8.0084	14.828	9.38344	5.76888	9.55291	8.41008	
14.101	12.6852	11.4281	14.9489	14.7085	6.526	12.8517	11.9262	16.4843	17.2979	9.94309	17.5143	8.7639	10.6797	17.8659	12.0748	12.3265	7.81383	11.351	16.7548	12.8996	8.74137	13.7688	9.23228	10.6745	5.58856	7.28344	0	7.74878	20.655	17.9113	12.9435	9.55494	13.8466	10.4725	1.6122	18.2511	5.76888	15.9539	17.2052	8.40376	8.11928	8.11759	11.6945	11.4952	16.7594	9.54981	13.0694	6.79247	12.1776	14.8263	7.71884	8.44527	9.03856	5.41128	
11.062	3.41855	4.9419	11.9924	14.5748	7.42666	20.1223	16.0704	17.295	14.6164	2.50731	15.1266	11.9761	11.6462	14.508	9.93206	18.5087	10.6186	16.205	13.2069	20.6739	16.754	8.95868	22.4886	18.2929	10.4648	7.2599	7.74878	0	13.23	17.4669	7.11089	13.643	7.21855	14.0215	14.8909	7.73536	1.9799	9.54149	21.6163	8.09938	15.6435	9.30285	11.7148	7.87736	17.393	6.8202	15.5207	13.68	9.74601	12.0988	16.8781	11.3617	10.4353	14.8287	
17.3145	15.0937	18.2395	4.18244	10.0333	10.7483	12.8433	13.1687	10.3575	14.1338	9.89609	9.72288	14.8045	0.757166	4.99059	8.36951	6.2395	21.2665	13.1891	3.68951	11.8273	15.4307	12.8945	8.48118	19.5944	5.84833	15.5246	20.655	13.23	0	4.87494	11.3706	15.9848	5.90061	12.5566	11.9222	6.66061	14.1949	11.3518	2.42657	5.13061	12.0162	15.3298	9.34637	19.8002	5.83645	15.2194	6.86044	27.5753	14.2698	9.56459	14.4313	10.7939	8.22066	17.1068	
7.71979	17.4825	21.3872	3.43246	5.15834	11.4083	7.60881	5.79473	6.81151	19.3312	17.0187	17.1604	15.4632	5.6321	5.56108	7.97998	6.5964	17.103	7.27707	4.26	10.6653	9.72691	11.2212	3.60624	13.0563	13.7189	26.3101	17.9113	17.4669	4.87494	0	16.691	14.0857	14.0251	13.1271	18.8902	11.7906	17.7532	11.9223	6.81151	10.0055	10.3429	21.6461	9.91685	25.3229	0.961509	19.1789	8.19802	19.6672	12.5964	9.72507	11.063	14.2498	10.4657	7.42724	
17.6766	4.04728	2.16899	14.4306	17.4142	14.2657	18.0534	11.2794	20.6575	27.9792	9.34638	19.5391	9.20319	17.8706	13.7321	11.9715	12.3883	17.7359	14.4019	12.431	18.4475	16.1108	6.18576	20.798	12.2621	16.5595	12.0049	12.9435	7.11089	11.3706	16.691	0	17.0941	7.01	12.7813	13.0316	7.77	9.91286	20.0933	19.7569	6.24	16.1347	11.3635	13.3159	5.33903	16.1126	3.39366	13.9899	22.8535	15.8415	9.32589	15.67	15.7493	11.7184	18.1383	
15.0364	17.0616	12.1074	12.513	12.1971	5.94712	20.6708	10.299	13.2711	17.6878	9.69384	17.2706	6.99714	19.3188	17.0079	11.5042	11.7369	15.267	15.0364	17.3103	20.5236	9.07961	13.517	16.6272	7.5215	6.88456	2.2715	9.55494	13.643	15.9848	14.0857	17.0941	0	11.6241	9.88712	10.7877	12.3841	7.5515	12.5315	17.6494	10.8541	9.30203	8.42698	17.9451	12.8781	13.1242	14.8235	12.9971	3.714	5.7369	12.878	9.94264	8.04038	10.3643	10.3498	
15.4494	3.8	5.6783	7.60631	15.2729	14.1722	18.5402	9.05214	11.1679	17.5576	7.46251	11.6298	9.76889	14.347	11.3056	6.50149	9.41586	6.50246	12.1746	12.5855	16.9057	12.251	5.75828	12.2792	13.1652	10.8966	11.164	13.8466	7.21855	5.90061	14.0251	7.01	11.6241	0	6.8789	7.56155	2.23446	10.816	11.3589	13.6479	0.77	8.77141	9.6843	11.0886	6.24213	10.0773	4.29675	12.5235	23.6317	13.6142	5.20397	10.2	10.1192	6.24837	15.647	
6.00053	10.6789	9.92418	14.4852	8.021	8.78935	15.0609	10.4883	17.0936	9.55488	20.8593	12.8869	2.88998	21.2132	10.1682	12.5074	5.63898	13.3814	9.23649	8.86712	14.7236	5.65685	9.40986	11.7775	4.85059	7.07124	7.94745	10.4725	14.0215	12.5566	13.1271	12.7813	9.88712	6.8789	0	8.39959	9.11336	18.3282	4.48	22.3732	7.6489	1.89251	4.72271	6.65329	15.6523	13.0532	11.1757	8.88998	14.5396	9.09313	11.7418	8.22652	13.4551	11.4807	6.24259	
21.334	12.3897	15.0083	13.3367	12.6356	16.881	19.2865	13.5384	21.1367	14.0872	12.98	12.1403	8.81197	21.727	17.2674	12.523	10.2535	9.42604	15.7132	24.8314	14.5118	10.3536	15.8408	15.284	9.06228	7.20076	8.51616	1.6122	14.8909	11.9222	18.8902	13.0316	10.7877	7.56155	8.39959	0	8.32155	7.38109	14.7129	18.8174	6.79155	6.50708	6.50538	19.3279	11.8763	15.8077	11.162	16.7331	8.40467	14.012	11.2255	14.2776	14.285	12.2699	7.02349	
19.6614	6.03446	12.0602	9.84077	16.949	10.1474	14.0262	11.2866	10.6141	17.5183	5.22805	9.76328	14.1614	12.1125	9.07117	7.26149	7.1814	8.73692	12.1007	10.3722	22.6069	10.0166	7.99274	11.0221	17.0685	16.9824	11.924	18.2511	7.73536	6.66061	11.7906	7.77	12.3841	2.23446	9.11336	8.32155	0	9.40226	17.229	13.7819	1.53	10.9279	15.5349	14.4987	14.8574	12.7522	6.53121	8.78302	18.8279	12.0444	4.90333	10.96	13.8303	6.73745	17.6551	
15.1563	5.39845	6.9218	10.0125	12.5949	9.09356	22.4877	12.3282	15.3151	19.7789	4.17421	15.5529	10.3375	13.3131	15.673	13.6701	13.7661	9.23649	14.7136	15.1868	18.1018	11.2024	10.7382	15.8109	10.53	11.3574	5.28	5.76888	1.9799	14.1949	17.7532	9.91286	7.5515	10.816	18.3282	7.38109	9.40226	0	11.5214	17.7951	10.0793	14.3489	11.4355	16.127	8.46458	12.4834	6.5192	16.4564	6.7225	7.76611	14.9072	17.3548	11.0489	14.1734	11.1802	
1.52053	10.9944	12.8727	15.0262	4.08197	10.345	6.46132	4.20976	15.8888	5.07488	12.0488	11.5434	6.24461	13.7154	8.96336	12.3423	9.21378	16.1321	1.52053	7.66228	7.00767	6.65548	12.7645	7.57053	8.20523	10.4507	10.26	15.9539	9.54149	11.3518	11.9223	20.0933	12.5315	11.3589	4.48	14.7129	17.229	11.5214	0	18.4146	12.4791	6.37251	8.20756	2.17329	13.5784	11.8484	14.6652	7.61215	11.7025	10.6488	8.83484	6.21418	10.7847	7.00071	8.45648	
19.38	26.4103	12.8219	8.32095	20.6366	9.80393	13.3965	10.6832	2.48	13.3397	10.8083	13.5653	15.325	1.6694	4.02289	13.5712	7.15174	15.6907	20.2774	10.0361	15.1296	17.9324	8.80509	9.35304	18.2635	6.76057	17.1264	17.2052	21.6163	2.42657	6.81151	19.7569	17.6494	13.6479	22.3732	18.8174	13.7819	17.7951	18.4146	0	13.5169	20.4807	16.891	20.1913	27.5844	5.85	13.0241	7.77268	23.9977	23.3863	9.51491	15.3435	11.3575	9.13289	18.2785	
14.1237	4.57	8.40899	8.37631	18.63	9.89551	10.4223	9.82214	11.4689	20.4322	6.75805	9.29393	12.6314	5.88778	10.6012	5.73149	7.90048	7.27246	15.4682	8.82013	16.9579	10.5189	6.52828	10.1052	14.592	8.92837	10.394	8.40376	8.09938	5.13061	10.0055	6.24	10.8541	0.77	7.6489	6.79155	1.53	10.0793	12.4791	13.5169	0	13.2986	13.2969	16.3579	12.2327	13.4661	5.06675	7.89667	11.8365	11.5751	4.43397	9.43	7.9452	5.47837	11.7376	
8.68994	8.7145	9.33909	16.6821	6.12849	6.11617	10.5913	11.8364	16.0745	12.1197	16.7128	8.46509	2.30489	9.2288	6.41319	5.91545	3.74647	10.7547	8.24722	9.04824	11.6354	7.54937	8.37124	9.34451	4.2655	5.17873	7.36236	8.11928	15.6435	12.0162	10.3429	16.1347	9.30203	8.77141	1.89251	6.50708	10.9279	14.3489	6.37251	20.4807	13.2986	0	2.83019	14.0449	8.20108	11.1784	10.7255	5.34809	13.9545	9.24372	8.50702	10.119	8.03544	8.62873	5.6575	
9.72809	5.8843	7.7626	11.1753	8.95869	10.3756	17.1105	12.5029	12.3049	13.0415	13.5778	5.63489	4.38406	15.2216	10.762	8.08129	6.57666	7.92454	14.871	12.0631	17.8257	11.3771	10.1258	12.455	6.34467	8.00892	6.15549	8.11759	9.30285	15.3298	21.6461	11.3635	8.42698	9.6843	4.72271	6.50538	15.5349	11.4355	8.20756	16.891	13.2969	2.83019	0	10.3809	5.37088	16.0229	7.31626	9.56615	7.59798	7.94083	10.4949	14.2565	10.295	12.9011	7.73667	
3.69382	13.1677	18.9468	18.756	8.25727	7.61468	4.28803	2.03647	13.8834	7.24817	17.2864	18.4574	8.41791	13.9574	6.95793	10.3369	10.6186	10.8248	5.15893	5.65685	9.12772	4.48219	13.6095	8.29059	6.77804	8.86622	12.4333	11.6945	11.7148	9.34637	9.91685	13.3159	17.9451	11.0886	6.65329	19.3279	14.4987	16.127	2.17329	20.1913	16.3579	14.0449	10.3809	0	18.1934	6.86969	14.7594	9.78545	23.124	6.59854	9.62248	7.75259	11.6464	9.17401	6.28318	
17.9419	4.45881	3.82368	12.9824	15.9659	15.7465	17.2945	14.6684	23.3907	18.4124	15.339	11.0058	9.75495	20.5925	15.5067	10.9723	13.389	11.6588	17.6025	15.9	12.4548	18.0705	6.16438	15.5937	10.8139	11.5554	11.5264	11.4952	7.87736	19.8002	25.3229	5.33903	12.8781	6.24213	15.6523	11.8763	14.8574	8.46458	13.5784	27.5844	12.2327	8.20108	5.37088	18.1934	0	21.8415	1.94538	15.5744	15.7925	13.3117	12.1969	19.8521	13.4337	11.4756	21.3724	
9.55304	21.3436	21.4765	2.47095	6.11985	9.0368	7.5056	4.83322	5.85	12.4223	19.0919	8.01139	14.3741	7.5194	5.26087	7.87678	7.43189	13.6215	7.95569	4.18607	12.3862	9.6237	12.0567	3.50304	9.57479	16.5147	15.3957	16.7594	17.393	5.83645	0.961509	16.1126	13.1242	10.0773	13.0532	15.8077	12.7522	12.4834	11.8484	5.85	13.4661	11.1784	16.0229	6.86969	21.8415	0	13.5079	9.03351	18.0424	9.39529	9.62186	10.1015	14.9049	11.4272	7.32404	
16.582	3.75659	1.8783	11.037	14.0206	17.6028	21.3566	12.723	15.1042	13.8934	10.6934	11.3905	8.42057	19.7323	13.5614	12.2022	8.84377	10.7992	15.8454	14.8624	14.4002	13.3464	4.219	17.2366	8.86848	15.1384	11.7142	9.54981	6.8202	15.2194	19.1789	3.39366	14.8235	4.29675	11.1757	11.162	6.53121	6.5192	14.6652	13.0241	5.06675	10.7255	7.31626	14.7594	1.94538	13.5079	0	13.629	16.3423	13.8182	9.0352	14.0838	10.5188	16.0473	11.7732	
9.13268	9.43509	13.0342	8.4419	16.3049	6.83545	7.36219	10.1837	9.4717	9.801	15.2422	3.93126	6	6.10328	4.26835	3.77061	1.60162	16.876	6.52097	6.9034	18.7445	10.9183	6.22639	14.0337	7.96061	5.86831	11.0575	13.0694	15.5207	6.86044	8.19802	13.9899	12.9971	12.5235	8.88998	16.7331	8.78302	16.4564	7.61215	7.77268	7.89667	5.34809	9.56615	9.78545	15.5744	9.03351	13.629	0	17.6496	7.60162	4.25243	13.8941	6.20234	2.41831	9.35261	
12.6346	17.0986	11.2784	19.0943	21.9545	11.9365	23.3568	13.6571	23.5276	19.0611	8.86484	16.4416	6.49997	21.615	27.0272	10.6752	21.2532	14.6063	20.178	26.8869	18.2488	15.5338	18.1695	22.6115	6.6925	12.381	1.4425	6.79247	13.68	27.5753	19.6672	22.8535	3.714	23.6317	14.5396	8.40467	18.8279	6.7225	11.7025	23.9977	11.8365	13.9545	7.59798	23.124	15.7925	18.0424	16.3423	17.6496	0	18.5884	16.4927	7.94094	7.21138	18.3268	10.2485	
10.9593	13.8251	13.973	17.1322	10.7829	6.56877	12.8448	4.56207	14.176	9.97469	11.9403	12.0011	6.91036	11.4823	8.66672	8.16899	6	13.3504	7.68454	11.3018	14.2691	3.43628	10.6248	9.55694	4.94975	13.8717	8.0084	12.1776	9.74601	14.2698	12.5964	15.8415	5.7369	13.6142	9.09313	14.012	12.0444	7.76611	10.6488	23.3863	11.5751	9.24372	7.94083	6.59854	13.3117	9.39529	13.8182	7.60162	18.5884	0	7.14112	10.1651	12.3605	8.97524	10.2914	
11.0342	8.8509	7.15691	10.4004	9.33485	6.25127	6.77801	7.58601	7.03491	14.6414	10.1314	4.85996	14.08	9.29761	7.42728	6.92954	4.76056	13.9133	9.67991	10.0623	15.6266	6.0849	9.38533	6.11882	12.0909	5.28412	14.828	14.8263	12.0988	9.56459	9.72507	9.32589	12.878	5.20397	11.7418	11.2255	4.90333	14.9072	8.83484	9.51491	4.43397	8.50702	10.4949	9.62248	12.1969	9.62186	9.0352	4.25243	16.4927	7.14112	0	11.0355	5.61815	1.83412	9.93982	
4.69366	13.5099	17.2716	10.5614	7.2551	3.99552	9.74798	5.71612	11.3195	10.2403	8.91487	19.3979	5.66016	11.5044	11.6558	15.1615	11.4634	13.3154	4.69366	14.2875	10.1808	7.12801	17.4948	6.12855	5.21536	4.93297	9.38344	7.71884	16.8781	14.4313	11.063	15.67	9.94264	10.2	8.22652	14.2776	10.96	17.3548	6.21418	15.3435	9.43	10.119	14.2565	7.75259	19.8521	10.1015	14.0838	13.8941	7.94094	10.1651	11.0355	0	6.59308	8.41267	2.30755	
14.5098	8.72722	10.3166	9.16341	8.84756	2.59756	7.35833	12.0198	9.92149	16.6217	7.51691	11.3125	10.5652	7.94788	8.91093	2.21371	4.38269	11.9175	13.7877	6.89371	12.198	5.73005	6.29984	6.58745	11.0189	2.85671	5.76888	8.44527	11.3617	10.7939	14.2498	15.7493	8.04038	10.1192	13.4551	14.285	13.8303	11.0489	10.7847	11.3575	7.9452	8.03544	10.295	11.6464	13.4337	14.9049	10.5188	6.20234	7.21138	12.3605	5.61815	6.59308	0	3.78403	7.22065	
8.52124	7.01678	8.89508	10.8602	10.6671	4.38744	4.94389	9.42013	8.86903	12.0756	9.3365	6.34956	8.41831	7.46349	8.45856	5.99774	4.01993	13.7371	11.3732	9.75964	9.78358	7.54964	10.0839	7.95294	12.3719	3.45	9.55291	9.03856	10.4353	8.22066	10.4657	11.7184	10.3643	6.24837	11.4807	12.2699	6.73745	14.1734	7.00071	9.13289	5.47837	8.62873	12.9011	9.17401	11.4756	11.4272	16.0473	2.41831	18.3268	8.97524	1.83412	8.41267	3.78403	0	7.81394	
5.9397	11.4606	10.3868	12.9244	7.03702	5.30139	7.44043	6.85894	15.2597	12.2337	18.4343	18.4648	3.35261	9.45511	12.7986	8.19473	10.859	13.2251	5.9397	11.94	8.91762	7.63855	9.87249	3.82099	5.31322	4.36394	8.41008	5.41128	14.8287	17.1068	7.42724	18.1383	10.3498	15.647	6.24259	7.02349	17.6551	11.1802	8.45648	18.2785	11.7376	5.6575	7.73667	6.28318	21.3724	7.32404	11.7732	9.35261	10.2485	10.2914	9.93982	2.30755	7.22065	7.81394	0	

0	13.9387	13.9102	12.3448	3.44688	10.5316	7.22016	2.43705	15.7248	8.76953	13.5484	19.8051	17.7345	8.45079	9.41444	10.6055	12.4015	11.1781	0	10.7855	3.22441	4.92003	15.5992	6.91029	13.998	10.245	10.5119	10.9172	19.5014	6.2514	10.9969	10.3325	10.6355	11.4427	6.70099	17.0431	10.2827	16.1433	2.728	9.50529	9.89267	9.57537	12.501	3.9602	14.3281	4.80885	17.7159	14.9273	14.1105	10.4231	16.9948	4.74193	6.87308	10.8764	4.06339	
13.9387	0	3.68951	11.3961	18.9958	13.0859	14.4313	16.7092	19.8486	17.6298	6.8222	7.90651	18.4494	11.0051	11.9687	6.51351	10.4937	8.8586	15.6822	12.2986	20.2872	17.639	10.2625	24.3209	16.2425	11.458	19.4272	11.0112	6.51153	8.80569	20.9225	3.60624	20.313	4.6	10.4985	13.282	4.0153	8.06716	16.9236	11.3502	4.4053	11.6224	16.8113	19.3932	8.27951	12.2788	11.0685	10.2355	20.5758	18.1361	9.85092	14.4053	8.52223	8.26978	16.8369	
13.9102	3.68951	0	12.744	14.515	14.2692	10.7418	20.1162	12.8429	19.2563	5.16	15.4079	15.1281	11.5178	8.34841	10.203	18.0247	7.74	18.8011	12.9305	19.6631	22.1508	11.2429	14.4984	11.3861	11.4295	12.64	7.32167	7.72172	11.5114	16.9518	3.57771	22.7325	8.28951	13.8777	8.59446	7.70481	8.41715	15.5108	11.2987	12.3037	12.5827	11.9135	15.7567	4.59	20.5672	5.77512	14.6359	13.6424	16.9863	12.4284	20.5907	14.8729	11.9593	16.8084	
12.3448	11.3961	12.744	0	9.7112	10.3736	9.13329	13.5865	8.25	16.2	21.9726	10.6592	13.3697	6.12	4.39557	4.88262	6.67509	15.9327	10.3685	4.21329	10.6622	12.8057	10.836	11.2681	18.1747	13.4459	19.1822	18.3059	12.4167	6.09338	2.92329	23.3781	14.0868	16.2812	8.86759	13.4666	12.0082	22.8285	11.7077	4.93041	12.9445	10.9324	14.879	13.869	24.9426	5.55964	17.3297	8.80576	20.3226	15.8286	8.42114	12.7744	12.6641	6.84	13.6733	
3.44688	18.9958	14.515	9.7112	0	9.00411	3.77327	3.87525	16.35	13.5497	20.3838	13.3781	13.9879	8.83883	10.336	14.1123	10.3858	11.2886	3.44688	6.67882	7.5251	8.32511	15.7129	3.46341	10.563	13.8862	9.47098	12.5929	19.7464	9.47311	9.8684	13.7794	12.5193	11.5835	7.65636	16.0022	10.4235	11.7374	6.17489	11.22	10.0335	6.12849	15.3193	4.15779	15.8153	6	14.6302	12.2567	11.193	7.56482	13.3408	6.18014	10.32	12.3146	4.76823	
10.5316	13.0859	14.2692	10.3736	9.00411	0	5.23083	9.46708	13.5602	10.9341	10.3306	10.2892	10.0473	5.75	7.44322	8.17221	7.61575	8.85345	11.1567	10.0429	11.3971	12.1043	3.80718	8.98743	8.35701	4.29061	14.42	7.7284	7.55814	4.28019	11.3329	10.6915	9.74922	10.3808	11.2725	16.2212	10.1556	8.96733	11.3889	12.1998	10.3991	3.35841	5.92891	9.84315	15.8344	7.7533	18.1831	9.16784	11.2889	12.6014	10.252	11.772	5.64865	12.4611	11.0934	
7.22016	14.4313	10.7418	9.13329	3.77327	5.23083	0	7.64853	14.3912	16.1649	12.5048	19.8883	12.6301	10.9808	10.6291	13.403	12.0265	7.51532	8.05929	7.5	8.92136	10.4213	9.03801	3.75659	13.5788	9.52144	13.0698	18.0634	10.8033	9.51102	6.21	14.3195	17.3736	13.5361	11.9466	19.2489	12.3586	9.2477	8.77951	8.31125	13.8068	8.58924	10.4399	7.93106	10.6653	9.77327	14.0531	16.6527	14.3286	11.3381	15.4888	11.6793	10.8795	16.2688	8.5415	
2.43705	16.7092	20.1162	13.5865	3.87525	9.46708	7.64853	0	11.4438	4.70616	19.7977	19.7649	10.846	9.21581	12.9305	10.1967	13.1975	13.6152	2.43705	8.34841	10.0738	5.18323	13.2743	7.33866	5.17334	13.7577	12.9489	11.8044	25.9886	8.68845	9.63841	12.7695	12.7568	16.4584	7.2832	14.8934	17.7148	12.4199	3.61519	10.3925	12.3297	10.0037	8.31927	7.24077	16.9897	9.02724	18.5054	10.4051	8.05111	6.01131	10.0205	2.30489	9.31013	8.43939	1.62635	
15.7248	19.8486	12.8429	8.25	16.35	13.5602	14.3912	11.4438	0	11.5402	15.686	12.3495	10.8734	7.66388	4.4945	11.5857	8.85332	11.8059	15.1588	9.07655	17.5989	14.9839	10.9349	11.3671	9.92472	15.6536	19.9093	14.1988	24.8028	7.65753	11.1733	17.0916	15.2704	18.5186	9.02382	14.9996	13.4149	19.2539	12.8573	6.08	16.5428	13.1107	8.88132	12.5224	21.9958	10.35	19.2464	7.66698	14.2414	12.8454	8.2409	9.13893	14.5092	9.63274	11.4465	
8.76953	17.6298	19.2563	16.2	13.5497	10.9341	16.1649	4.70616	11.5402	0	20.7985	16.5033	15.521	12.9459	13.9096	9.3636	12.6668	21.3663	9.249	11.887	12.4734	8.23355	14.7413	11.0644	5.26972	15.2247	7.73586	14.2307	20.7276	10.7465	13.177	21.6255	12.8531	19.1848	5.37862	14.2671	16.6614	12.5162	6.04152	12.8188	15.4645	13.2928	8.41565	8.8772	15.7859	12.5658	19.8497	11.3258	12.629	6.1077	10.9411	2.40127	11.7818	9.36	4.70882	
13.5484	6.8222	5.16	21.9726	20.3838	10.3306	12.5048	19.7977	15.686	20.7985	0	15.7292	7.17482	11.9472	13.5084	14.5312	15.6235	10.8	17.3102	18.0666	16.7489	16.6382	10.1584	17.3257	6.22614	11.0677	17.4171	6.99989	4.81278	14.6108	24.3381	3.21596	11.5719	13.7653	17.6561	8.27269	12.6053	3.25715	15.1891	21.5768	12.2153	8.86607	12.3173	15.435	8.35892	18.1731	10.7076	9.47589	8.33801	9.22427	7.44514	9.09459	10.1825	9.02628	16.4466	
19.8051	7.90651	15.4079	10.6592	13.3781	10.2892	19.8883	19.7649	12.3495	16.5033	15.7292	0	22.8959	4.53922	7.7086	12.9347	8.08661	9.32731	13.8202	9.69018	17.6421	15.0851	14.9707	17.7262	30.4166	11.6463	24.2392	16.7799	12.8704	6.7386	12.8798	17.1347	20.3318	3.30651	16.2427	15.7461	5.44197	14.7082	15.9976	11.8092	4.85651	10.3289	15.2975	20.1239	14.4514	9.01135	13.2662	7.95705	19.789	22.8775	8.28402	18.9046	16.0303	9.86516	12.1287	
17.7345	18.4494	15.1281	13.3697	13.9879	10.0473	12.6301	10.846	10.8734	15.521	7.17482	22.8959	0	13.6178	11.145	15.6	13.2985	15.7646	15.4169	7.88632	13.0651	12.0823	11.7277	12.0483	0.948683	13.4669	13.1499	7.80646	13.3893	14.308	9.17632	14.8432	4.78138	19.9297	12.3787	6.02356	20.6079	18.4428	12.2187	14.0953	13.8423	5.94728	13.1239	12.7783	14.4878	8.56514	19.7712	10.2	9.8387	3.94682	14.8065	3.81713	14.8828	11.9151	9.21968	
8.45079	11.0051	11.5178	6.12	8.83883	5.75	10.9808	9.21581	7.66388	12.9459	11.9472	4.53922	13.6178	0	3.16938	6.55351	3.54739	14.7275	9.07593	7.75144	13.86	9.67797	9.55718	10.0419	17.735	8.90955	18.3098	12.9979	19.3572	2.19939	9.04329	13.3527	17.5951	7.84573	10.8355	10.3389	8.11425	18.5062	14.0473	6.11964	12.8039	7.80474	11.6789	12.9966	18.6444	5.6725	15.5075	3.41784	11.6935	11.9346	4.50201	9.89702	10.8865	5.38359	7.58947	
9.41444	11.9687	8.34841	4.39557	10.336	7.44322	10.6291	12.9305	4.4945	13.9096	13.5084	7.7086	11.145	3.16938	0	7.09118	6.66553	12.8724	10.0396	4.58205	9.76085	13.5373	6.4404	6.87255	12.0937	12.0789	18.0347	10.3616	10.1914	3.16304	5.87205	11.9261	15.9264	14.0241	10.6404	14.5269	9.0779	20.0804	9.72754	2.95025	14.5797	13.9185	13.3758	10.24	12.9384	5.26087	15.7274	6.58722	19.3475	12.8983	7.6714	13.6334	11.5871	8.61086	10.7589	
10.6055	6.51351	10.203	4.88262	14.1123	8.17221	13.403	10.1967	11.5857	9.3636	14.5312	12.9347	15.6	6.55351	7.09118	0	3.9802	15.8573	11.2307	9.39243	13.7737	10.1108	11.285	13.9637	10.7602	12.1656	18.6621	22.5396	7.53404	4.35412	7.80591	10.1198	12.8398	11.1135	3.98497	10.7718	10.269	9.08967	13.1017	6.32437	12.9486	8.23755	13.4094	7.48354	20.06	7.82724	17.4901	5.4	13.6757	11.5982	8.5815	7.89177	7.78152	7.00036	9.64183	
12.4015	10.4937	18.0247	6.67509	10.3858	7.61575	12.0265	13.1975	8.85332	12.6668	15.6235	8.08661	13.2985	3.54739	6.66553	3.9802	0	13.461	12.5156	5.41223	10.591	6.13058	14.9073	12.7953	9.25595	11.7232	13.3227	8.06435	11.5142	5.74678	6.70223	13.2623	10.6482	10.7531	7.28815	6.79155	8.61768	9.86627	8.32261	3.71528	9.00768	4.25735	12.9671	10.7867	14.6606	6.09105	17.1814	6.96523	10.0115	10.2827	8.0494	11.872	7.33913	6.69167	9.68746	
11.1781	8.8586	7.74	15.9327	11.2886	8.85345	7.51532	13.6152	11.8059	21.3663	10.8	9.32731	15.7646	14.7275	12.8724	15.8573	13.461	0	11.1781	14.8281	14.3945	14.8168	6.43204	11.2719	16.7132	7.58947	11.2	8.24198	8.32328	10.7582	13.5381	8.29296	15.8266	6.0208	17.8791	11.019	4.8433	9.87892	13.9061	11.0023	5.2333	13.0432	2.92453	15.3522	3.15	12.2439	4.33512	14.8319	8.28457	17.8777	10.2255	8.93892	8.55246	11.8066	18.5133	
0	15.6822	18.8011	10.3685	3.44688	11.1567	8.05929	2.43705	15.1588	9.249	17.3102	13.8202	15.4169	9.07593	10.0396	11.2307	12.5156	11.1781	0	5.48767	3.22441	5.54613	11.1868	7.76411	14.6241	10.245	10.5119	11.5433	24.4648	6.2514	8.67724	10.3325	10.6355	22.367	6.70099	19.9844	11.6346	17.307	2.728	10.1314	9.89267	10.4292	12.7556	3.9602	23.99	4.80885	18.9309	15.5525	15.0515	8.80843	12.5824	10.9343	6.87308	15.9393	8.6267	
10.7855	12.2986	12.9305	4.21329	6.67882	10.0429	7.5	8.34841	9.07655	11.887	18.0666	9.69018	7.88632	7.75144	4.58205	9.39243	5.41223	14.8281	5.48767	0	5.1788	11.5428	11.0225	9.39371	8.835	8.56506	16.476	11.2176	16.7153	4.15193	1.29	19.2929	12.4536	15.9094	9.40452	9.94481	14.0299	18.4399	7.66504	7.53231	10.1333	9.66957	9.99816	11.4372	13.07	0.678823	11.8849	5.99457	13.1647	15.8164	5.60995	10.6533	12.503	4.02881	9.97476	
3.22441	20.2872	19.6631	10.6622	7.5251	11.3971	8.92136	10.0738	17.5989	12.4734	16.7489	17.6421	13.0651	13.86	9.76085	13.7737	10.591	14.3945	3.22441	5.1788	0	9.60939	7.96241	6.44981	17.5494	13.4694	17.2215	11.8836	11.7134	10.1009	6.4688	16.0351	13.8599	19.6266	9.75701	15.1236	17.3146	18.1691	6.57851	17.1173	16.1017	13.879	17.326	6.25843	19.9372	5.85763	17.0637	13.7695	16.6705	11.1067	9.35803	12.5533	10.352	9.20761	10.2458	
4.92003	17.639	22.1508	12.8057	8.32511	12.1043	10.4213	5.18323	14.9839	8.23355	16.6382	15.0851	12.0823	9.67797	13.5373	10.1108	6.13058	14.8168	5.54613	11.5428	9.60939	0	20.4674	6.66472	7.1503	10.8397	16.7829	10.3812	16.3338	12.5224	14.3069	16.6034	17.0205	15.9514	8.27315	12.9221	10.9626	16.8886	2.19203	8.96932	14.2059	10.3879	11.8923	9.00039	18.9202	9.17825	24.6507	16.9478	9.98165	4.15217	14.309	5.86443	6.45565	12.8223	3.55688	
15.5992	10.2625	11.2429	10.836	15.7129	3.80718	9.03801	13.2743	10.9349	14.7413	10.1584	14.9707	11.7277	9.55718	6.4404	11.285	14.9073	6.43204	11.1868	11.0225	7.96241	20.4674	0	13.313	15.6486	8.09778	11.5943	3.92122	3.75096	8.08736	15.2426	8.07272	17.0408	9.68929	16.0896	5.19402	8.52929	5.30659	12.1104	9.39066	8.13929	7.16558	9.23867	12.3563	9.58204	16.5888	12.9698	11.0415	10.242	13.5858	10.6569	12.822	9.45583	9.07574	15.1296	
6.91029	24.3209	14.4984	11.2681	3.46341	8.98743	3.75659	7.33866	11.3671	11.0644	17.3257	17.7262	12.0483	10.0419	6.87255	13.9637	12.7953	11.2719	7.76411	9.39371	6.44981	6.66472	13.313	0	11.0996	16.6011	12.9344	13.2121	25.3414	10.0356	9.96659	18.8025	16.4453	20.8967	12.6785	15.6949	20.4807	13.0043	5.02292	9.82281	13.497	9.5919	17.835	7.6212	26.52	8.71488	18.0936	18.3928	12.4749	10.8169	15.8078	9.66155	10.7632	15.7961	8.23164	
13.998	16.2425	11.3861	18.1747	10.563	8.35701	13.5788	5.17334	9.92472	5.26972	6.22614	30.4166	0.948683	17.735	12.0937	10.7602	9.25595	16.7132	14.6241	8.835	17.5494	7.1503	15.6486	11.0996	0	14.0313	11.6061	6.34767	11.8454	12.7334	16.5093	9.4421	5.34573	12.021	10.2942	5.07488	13.2836	9.48328	11.27	16.0047	12.0393	4.9986	8.88283	7.84636	12.9439	15.5842	18.8935	11.1487	8.29482	2.99813	13.6713	2.86845	9.95089	17.389	5.176	
10.245	11.458	11.4295	13.4459	13.8862	4.29061	9.52144	13.7577	15.6536	15.2247	11.0677	11.6463	13.4669	8.90955	12.0789	12.1656	11.7232	7.58947	10.245	8.56506	13.4694	10.8397	8.09778	16.6011	14.0313	0	18.7106	7.50963	12.4304	8.57079	11.7546	7.85175	8.68553	13.6103	11.1723	8.78242	8.891	10.8747	10.1243	16.1795	17.4293	7.64901	6.7723	14.1338	10.7395	7.88624	14.1272	12.3274	12.1323	11.2312	13.4116	12.7867	4.38406	15.4699	12.3385	
10.5119	19.4272	12.64	19.1822	9.47098	14.42	13.0698	12.9489	19.9093	7.73586	17.4171	24.2392	13.1499	18.3098	18.0347	18.6621	13.3227	11.2	10.5119	16.476	17.2215	16.7829	11.5943	12.9344	11.6061	18.7106	0	7.80398	13.3017	16.7633	19.2798	13.193	11.6939	13.0576	13.1145	6.53119	11.8976	9.97404	13.2399	20.691	11.5076	15.5995	10.2532	13.6288	8.05	15.471	9.23512	13.1689	4.89318	13.5226	19.8095	10.1371	17.385	17.0959	11.3179	
10.9172	11.0112	7.32167	18.3059	12.5929	7.7284	18.0634	11.8044	14.1988	14.2307	6.99989	16.7799	7.80646	12.9979	10.3616	22.5396	8.06435	8.24198	11.5433	11.2176	11.8836	10.3812	3.92122	13.2121	6.34767	7.50963	7.80398	0	7.67218	17.5647	17.96	10.2159	10.748	15.5854	11.9336	1.27279	13.2734	10.257	8.18917	14.9665	12.0605	14.1356	5.31744	8.43508	9.14182	14.0916	14.7007	13.1023	4.49273	9.66462	8.49588	11.3318	10.9454	10.077	12.7455	
19.5014	6.51153	7.72172	12.4167	19.7464	7.55814	10.8033	25.9886	24.8028	20.7276	4.81278	12.8704	13.3893	19.3572	10.1914	7.53404	11.5142	8.32328	24.4648	16.7153	11.7134	16.3338	3.75096	25.3414	11.8454	12.4304	13.3017	7.67218	0	11.8882	18.9936	7.36646	15.9783	9.56393	11.519	6.7705	10.5268	1.55563	16.3873	13.8584	11.1139	7.16456	11.2478	17.0299	11.4733	19.3167	11.9864	12.934	6.6365	12.1816	14.4423	11.6706	15.3156	12.8267	24.0416	
6.2514	8.80569	11.5114	6.09338	9.47311	4.28019	9.51102	8.68845	7.65753	10.7465	14.6108	6.7386	14.308	2.19939	3.16304	4.35412	5.74678	10.7582	6.2514	4.15193	10.1009	12.5224	8.08736	10.0356	12.7334	8.57079	16.7633	17.5647	11.8882	0	7.34151	12.4119	17.1463	8.05033	8.3391	16.0637	5.91486	16.3644	8.9794	6.11329	6.30486	7.63859	10.2091	10.8367	12.0725	3.47311	19.5525	5.61722	16.9516	9.73526	6.7014	12.2459	9.92884	9.06277	9.78885	
10.9969	20.9225	16.9518	2.92329	9.8684	11.3329	6.21	9.63841	11.1733	13.177	24.3381	12.8798	9.17632	9.04329	5.87205	7.80591	6.70223	13.5381	8.67724	1.29	6.4688	14.3069	15.2426	9.96659	16.5093	11.7546	19.2798	17.96	18.9936	7.34151	0	21.3294	11.1636	19.0656	10.6945	11.2348	16.9302	15.4577	10.8546	7.85369	17.3202	14.454	13.1877	19.5706	16.6881	1.96882	13.1749	9.88069	17.1748	20.0088	13.1635	13.0576	13.793	5.31881	10.75	
10.3325	3.60624	3.57771	23.3781	13.7794	10.6915	14.3195	12.7695	17.0916	21.6255	3.21596	17.1347	14.8432	13.3527	11.9261	10.1198	13.2623	8.29296	10.3325	19.2929	16.0351	16.6034	8.07272	18.8025	9.4421	7.85175	13.193	10.2159	7.36646	12.4119	21.3294	0	15.3958	8.20624	16.9191	13.012	7.62154	5.81083	13.0605	21.5118	12.5685	9.005	13.4341	20.5346	5.14296	15.738	6.32807	12.6919	10.8917	18.5473	8.85068	15.5382	12.2358	10.4318	13.2306	
10.6355	20.313	22.7325	14.0868	12.5193	9.74922	17.3736	12.7568	15.2704	12.8531	11.5719	20.3318	4.78138	17.5951	15.9264	12.8398	10.6482	15.8266	10.6355	12.4536	13.8599	17.0205	17.0408	16.4453	5.34573	8.68553	11.6939	10.748	15.9783	17.1463	11.1636	15.3958	0	13.4132	8.85483	9.47523	25.2274	11.8816	13.9896	16.545	13.4316	6.39081	12.1608	12.3534	17.3443	15.032	22.533	14.009	6.80074	8.34386	13.6244	8.21418	13.0696	12.0433	12.7594	
11.4427	4.6	8.28951	16.2812	11.5835	10.3808	13.5361	16.4584	18.5186	19.1848	13.7653	3.30651	19.9297	7.84573	14.0241	11.1135	10.7531	6.0208	22.367	15.9094	19.6266	15.9514	9.68929	20.8967	12.021	13.6103	13.0576	15.5854	9.56393	8.05033	19.0656	8.20624	13.4132	0	14.9365	16.3344	1.94	11.1196	20.0736	9.47032	1.55	7.02236	8.94533	11.9809	8.29312	12.3179	12.5586	11.1665	20.0077	19.72	9.8519	15.49	6.6424	7.65447	18.0848	
6.70099	10.4985	13.8777	8.86759	7.65636	11.2725	11.9466	7.2832	9.02382	5.37862	17.6561	16.2427	12.3787	10.8355	10.6404	3.98497	7.28815	17.8791	6.70099	9.40452	9.75701	8.27315	16.0896	12.6785	10.2942	11.1723	13.1145	11.9336	11.519	8.3391	10.6945	16.9191	8.85483	14.9365	0	14.0797	15.025	13.5231	9.42899	7.69013	13.9294	7.91414	13.4401	3.49857	18.4677	10.0833	21.2567	9.38497	12.0816	8.3468	15.4665	7.42571	11.7665	10.9853	5.65685	
17.0431	13.282	8.59446	13.4666	16.0022	16.2212	19.2489	14.8934	14.9996	14.2671	8.27269	15.7461	6.02356	10.3389	14.5269	10.7718	6.79155	11.019	19.9844	9.94481	15.1236	12.9221	5.19402	15.6949	5.07488	8.78242	6.53119	1.27279	6.7705	16.0637	11.2348	13.012	9.47523	16.3344	14.0797	0	14.0267	8.3008	9.46196	10.5068	16.3555	10.0735	6.59024	9.70787	7.86903	10.6236	9.05414	11.4956	3.21994	8.07301	9.76867	7.94333	14.1307	13.4832	9.6447	
10.2827	4.0153	7.70481	12.0082	10.4235	10.1556	12.3586	17.7148	13.4149	16.6614	12.6053	5.44197	20.6079	8.11425	9.0779	10.269	8.61768	4.8433	11.6346	14.0299	17.3146	10.9626	8.52929	20.4807	13.2836	8.891	11.8976	13.2734	10.5268	5.91486	16.9302	7.62154	25.2274	1.94	15.025	14.0267	0	16.887	10.2472	7.33486	0.39	7.43074	7.76784	10.8209	6.15766	9.38797	7.34278	10.0065	18.8302	11.4597	8.6919	14.33	4.50694	6.49447	12.4614	
