10
5
3
3
40

6	7
19	44
37	23
35	6
5	8

26	20
20	33
15	46
20	26
17	19
15	12
5	30
13	40
38	5
9	40

70

1.79769e+308
1.79769e+308
1.79769e+308
1.79769e+308
1.79769e+308

16
18
15
11
18
16
15
15
15
16

0
0
0
0
0

0

0	19.8842	9.07766	21.8697	1.3435	9.06441	12.7139	24.9923	8.37216	10.3916	3.91234	27.9996	10.088	26.5115	30.5227	
19.8842	0	17.5553	14.993	16.5604	24.7455	6.45104	8.04984	20.6124	13.3268	13.1705	8.11759	6.99477	12.147	2.80029	
9.07766	17.5553	0	8.25438	19.0624	10.2616	7.692	19.8097	8.63134	11.6446	5.16532	9.827	11.341	5.40833	11.3428	
21.8697	14.993	8.25438	0	25.4278	19.4727	14.8292	21.9135	22.4171	24.4366	17.9573	11.1261	24.133	2.84605	28.0514	
1.3435	16.5604	19.0624	25.4278	0	10.4079	11.3704	18.673	17.4604	17.6702	5.25584	20.3229	9.56561	23.3535	15.0211	
9.06441	24.7455	10.2616	19.4727	10.4079	0	10.1657	22.2834	4.92146	14.4886	9.38128	19.3589	15.8327	15.6699	13.8164	
12.7139	6.45104	7.692	14.8292	11.3704	10.1657	0	12.1177	6.09	6.29984	10.5498	11.5091	8.01859	11.9832	3.65075	
24.9923	8.04984	19.8097	21.9135	18.673	22.2834	12.1177	0	18.2077	18.4175	15.2831	16.1674	9.10736	20.1968	10.8501	
8.37216	20.6124	8.63134	22.4171	17.4604	4.92146	6.09	18.2077	0	10.9391	4.45982	14.4375	10.6355	14.0397	9.74075	
10.3916	13.3268	11.6446	24.4366	17.6702	14.4886	6.29984	18.4175	10.9391	0	6.4793	5.20922	9.83368	13.4893	9.95059	
3.91234	13.1705	5.16532	17.9573	5.25584	9.38128	10.5498	15.2831	4.45982	6.4793	0	11.6885	6.17569	10.5736	13.0157	
27.9996	8.11759	9.827	11.1261	20.3229	19.3589	11.5091	16.1674	14.4375	5.20922	11.6885	0	10.7572	8.2801	8.61626	
10.088	6.99477	11.341	24.133	9.56561	15.8327	8.01859	9.10736	10.6355	9.83368	6.17569	10.7572	0	19.0373	6.84	
26.5115	12.147	5.40833	2.84605	23.3535	15.6699	11.9832	20.1968	14.0397	13.4893	10.5736	8.2801	19.0373	0	14.9473	
30.5227	2.80029	11.3428	28.0514	15.0211	13.8164	3.65075	10.8501	9.74075	9.95059	13.0157	8.61626	6.84	14.9473	0	

0	18.0757	17.6844	7.54448	1.85262	11.7053	23.3359	25.8218	14.5471	8.3022	9.06874	23.9299	26.138	11.5922	23.858	
18.0757	0	20.685	27.6248	16.2231	23.2741	10.2005	6.43988	11.752	13.0415	23.4392	14.4697	6.27366	20.4675	8.55366	
17.6844	20.685	0	16.9308	20.1262	12.77	7.88923	11.6499	15.6271	9.3822	18.2106	15.6907	13.037	15.8644	16.4946	
7.54448	27.6248	16.9308	0	9.3971	4.16083	25.0183	23.2285	12.137	11.6194	9.60142	33.2351	18.2416	4.04772	31.4025	
1.85262	16.2231	20.1262	9.3971	0	12.6567	25.7777	22.663	16.989	10.1548	7.21612	26.3717	22.4968	18.3157	25.7106	
11.7053	23.2741	12.77	4.16083	12.6567	0	18.7562	13.9547	7.97616	10.2326	5.44059	25.8603	13.4545	8.20854	32.4493	
23.3359	10.2005	7.88923	25.0183	25.7777	18.7562	0	3.76066	9.73917	15.0337	19.6442	7.8015	5.14774	19.3416	7.42774	
25.8218	6.43988	11.6499	23.2285	22.663	13.9547	3.76066	0	5.9785	12.2234	18.7	11.5622	8.47426	23.3644	6.19426	
14.5471	11.752	15.6271	12.137	16.989	7.97616	9.73917	5.9785	0	6.24493	13.4168	13.6744	5.47837	13.8166	7.75837	
8.3022	13.0415	9.3822	11.6194	10.1548	10.2326	15.0337	12.2234	6.24493	0	12.6674	15.6277	11.7233	7.57166	21.5198	
9.06874	23.4392	18.2106	9.60142	7.21612	5.44059	19.6442	18.7	13.4168	12.6674	0	22.6504	22.277	20.239	24.8943	
23.9299	14.4697	15.6907	33.2351	26.3717	25.8603	7.8015	11.5622	13.6744	15.6277	22.6504	0	8.196	22.3898	9.6933	
26.138	6.27366	13.037	18.2416	22.4968	13.4545	5.14774	8.47426	5.47837	11.7233	22.277	8.196	0	14.1938	2.28	
11.5922	20.4675	15.8644	4.04772	18.3157	8.20854	19.3416	23.3644	13.8166	7.57166	20.239	22.3898	14.1938	0	16.4738	
23.858	8.55366	16.4946	31.4025	25.7106	32.4493	7.42774	6.19426	7.75837	21.5198	24.8943	9.6933	2.28	16.4738	0	

0	20.7852	8.37253	13.4759	1.04652	9.70242	8.04366	20.9219	9.55038	7.78115	4.9419	15.8553	28.3018	11.8631	25.5596	
20.7852	0	13.191	22.2896	12.2989	20.9891	5.30177	1.96774	11.6718	23.3562	11.7779	6.33568	5.69923	22.278	4.00421	
8.37253	13.191	0	14.0519	9.41904	12.77	7.88923	17.4998	14.2592	18.9684	13.3144	27.4234	16.9968	12.4392	17.1465	
13.4759	22.2896	14.0519	0	23.9849	22.7431	16.9878	26.5984	7.97425	10.9511	23.4639	24.9722	26.0953	1.61276	26.2451	
1.04652	12.2989	9.41904	23.9849	0	9.82257	6.99714	16.6077	9.67054	7.9013	5.06205	15.9754	16.1047	12.9096	16.2544	
9.70242	20.9891	12.77	22.7431	9.82257	0	11.2366	16.9983	7.5519	7.59976	4.76051	14.6534	20.9618	13.9134	14.9618	
8.04366	5.30177	7.88923	16.9878	6.99714	11.2366	0	7.26951	6.37	9.31535	6.47611	11.6375	9.10754	12.7315	9.25727	
20.9219	1.96774	17.4998	26.5984	16.6077	16.9983	7.26951	0	15.9806	18.8192	15.98	6.60379	3.73149	26.1524	2.03647	
9.55038	11.6718	14.2592	7.97425	9.67054	7.5519	6.37	15.9806	0	7.44772	4.60848	15.5218	15.1829	6.36149	15.6273	
7.78115	23.3562	18.9684	10.9511	7.9013	7.59976	9.31535	18.8192	7.44772	0	2.83924	13.7526	23.9429	9.33838	20.225	
4.9419	11.7779	13.3144	23.4639	5.06205	4.76051	6.47611	15.98	4.60848	2.83924	0	10.9134	15.5836	10.97	15.7334	
15.8553	6.33568	27.4234	24.9722	15.9754	14.6534	11.6375	6.60379	15.5218	13.7526	10.9134	0	10.3353	26.5849	8.64025	
28.3018	5.69923	16.9968	26.0953	16.1047	20.9618	9.10754	3.73149	15.1829	23.9429	15.5836	10.3353	0	21.5444	5.76796	
11.8631	22.278	12.4392	1.61276	12.9096	13.9134	12.7315	26.1524	6.36149	9.33838	10.97	26.5849	21.5444	0	26.2335	
25.5596	4.00421	17.1465	26.2451	16.2544	14.9618	9.25727	2.03647	15.6273	20.225	15.7334	8.64025	5.76796	26.2335	0	

0	23.2359	23.1273	13.923	2.1496	19.9696	11.6438	25.476	18.2641	13.1081	4.73599	12.4317	21.268	10.0251	15.6175	
23.2359	0	18.7833	9.48314	21.2445	11.5886	7.28994	4.24853	5.61918	16.0238	14.1978	10.8554	2.01911	11.2224	6.49911	
23.1273	18.7833	0	11.0856	19.1299	3.76258	13.6289	11.1027	10.3576	4.89506	13.2672	11.895	13.9577	9.94283	21.2442	
13.923	9.48314	11.0856	0	9.69191	7.32306	16.3041	13.7317	19.0379	6.78702	7.02841	20.7661	11.5023	1.73925	10.7005	
2.1496	21.2445	19.1299	9.69191	0	23.5123	15.7436	25.4931	18.9789	13.0004	6.88559	14.5813	22.579	7.95266	23.1755	
19.9696	11.5886	3.76258	7.32306	23.5123	0	14.6199	7.34011	13.5765	5.886	14.2581	12.8859	15.309	9.06231	18.0235	
11.6438	7.28994	13.6289	16.3041	15.7436	14.6199	0	11.5385	8.82	8.73387	6.90785	15.7338	9.30905	12.197	7.43189	
25.476	4.24853	11.1027	13.7317	25.4931	7.34011	11.5385	0	11.569	13.2261	19.3041	16.8053	6.26764	22.8997	12.4489	
18.2641	5.61918	10.3576	19.0379	18.9789	13.5765	8.82	11.569	0	9.67203	13.5281	7.14112	3.60007	14.7198	8.08007	
13.1081	16.0238	4.89506	6.78702	13.0004	5.886	8.73387	13.2261	9.67203	0	8.37213	6.99989	13.2721	5.04777	16.1658	
4.73599	14.1978	13.2672	7.02841	6.88559	14.2581	6.90785	19.3041	13.5281	8.37213	0	15.372	15.3615	5.28916	10.8815	
12.4317	10.8554	11.895	20.7661	14.5813	12.8859	15.7338	16.8053	7.14112	6.99989	15.372	0	8.83631	12.0477	10.6626	
21.268	2.01911	13.9577	11.5023	22.579	15.309	9.30905	6.26764	3.60007	13.2721	15.3615	8.83631	0	22.6845	4.48	
10.0251	11.2224	9.94283	1.73925	7.95266	9.06231	12.197	22.8997	14.7198	5.04777	5.28916	12.0477	22.6845	0	12.4397	
15.6175	6.49911	21.2442	10.7005	23.1755	18.0235	7.43189	12.4489	8.08007	16.1658	10.8815	10.6626	4.48	12.4397	0	

0	17.6417	10.765	13.6603	1.03238	21.9475	17.0675	20.3137	25.0169	10.0858	4.58658	14.0124	19.0426	22.6637	15.2426	
17.6417	0	19.9142	23.8245	16.6094	17.5	14.8008	7.91568	21.0308	14.2954	16.447	20.2482	11.4657	17.7879	9.801	
10.765	19.9142	0	22.4009	8.96549	16.0765	13.4117	20.3713	19.6417	10.1434	5.41128	23.2869	28.1619	22.7213	19.4427	
13.6603	23.8245	22.4009	0	12.628	6.32446	13.9129	14.3943	8.75	7.54923	12.2813	13.5349	22.3677	4.52206	12.0437	
1.03238	16.6094	8.96549	12.628	0	18.9524	16.0351	18.5142	19.6554	8.28628	3.55421	12.98	28.075	17.15	16.275	
21.9475	17.5	16.0765	6.32446	18.9524	0	7.58845	14.6802	8.40043	13.8737	16.5938	7.21042	18.4993	10.8465	14.6993	
17.0675	14.8008	13.4117	13.9129	16.0351	7.58845	0	10.1677	6.23	14.7597	18.823	9.94309	14.7502	20.04	18.5502	
20.3137	7.91568	20.3713	14.3943	18.5142	14.6802	10.1677	0	16.3977	8.93441	13.6665	18.9325	8.66464	9.87223	8.48528	
25.0169	21.0308	19.6417	8.75	19.6554	8.40043	6.23	16.3977	0	8.52967	13.2617	6.6754	13.6177	13.2721	13.0241	
10.0858	14.2954	10.1434	7.54923	8.28628	13.8737	14.7597	8.93441	8.52967	0	4.73207	14.9417	8.29444	12.0713	4.49444	
4.58658	16.447	5.41128	12.2813	3.55421	16.5938	18.823	13.6665	13.2617	4.73207	0	16.5342	17.8315	17.31	9.22651	
14.0124	20.2482	23.2869	13.5349	12.98	7.21042	9.94309	18.9325	6.6754	14.9417	16.5342	0	14.2472	18.737	10.4472	
19.0426	11.4657	28.1619	22.3677	28.075	18.4993	14.7502	8.66464	13.6177	8.29444	17.8315	14.2472	0	18.5369	3.8	
22.6637	17.7879	22.7213	4.52206	17.15	10.8465	20.04	9.87223	13.2721	12.0713	17.31	18.737	18.5369	0	15.4541	
15.2426	9.801	19.4427	12.0437	16.275	14.6993	18.5502	8.48528	13.0241	4.49444	9.22651	10.4472	3.8	15.4541	0	

0	15.6869	14.6519	9.80052	2.5173	10.0186	14.7648	11.9478	19.1795	9.51719	10.9134	23.6188	11.7531	6.73311	9.61209	
15.6869	0	13.7283	23.2188	11.9039	21.7511	14.0276	2.90689	8.06077	15.4946	26.6003	12.0774	2.66811	21.7111	7.46811	
14.6519	13.7283	0	15.146	17.1692	16.321	27.0576	10.8214	15.9753	15.2733	11.5605	20.8214	15.8178	12.0786	18.3733	
9.80052	23.2188	15.146	0	14.5491	11.1353	18.0464	21.1415	15.5138	7.54923	11.2621	11.1414	20.3758	3.06741	20.3584	
2.5173	11.9039	17.1692	14.5491	0	12.5359	11.0063	9.4305	14.5844	6.99989	10.7127	19.4305	9.23576	9.25041	7.09479	
10.0186	21.7511	16.321	11.1353	12.5359	0	14.6042	18.0515	12.8976	8.47337	4.76051	26.1754	19.083	8.06794	18.5157	
14.7648	14.0276	27.0576	18.0464	11.0063	14.6042	0	11.4634	10.99	14.8905	18.6034	16.9436	8.71152	14.979	3.91152	
11.9478	2.90689	10.8214	21.1415	9.4305	18.0515	11.4634	0	5.15388	16.4304	22.1395	10	4.9964	17.6003	7.5519	
19.1795	8.06077	15.9753	15.5138	14.5844	12.8976	10.99	5.15388	0	13.023	16.7358	15.1539	9.39149	12.4464	12.7058	
9.51719	15.4946	15.2733	7.54923	6.99989	8.47337	14.8905	16.4304	13.023	0	3.71286	18.6907	12.8265	10.6166	12.8092	
10.9134	26.6003	11.5605	11.2621	10.7127	4.76051	18.6034	22.1395	16.7358	3.71286	0	21.4149	16.5394	12.8285	16.522	
23.6188	12.0774	20.8214	11.1414	19.4305	26.1754	16.9436	10	15.1539	18.6907	21.4149	0	11.2695	14.2088	13.0321	
11.7531	2.66811	15.8178	20.3758	9.23576	19.083	8.71152	4.9964	9.39149	12.8265	16.5394	11.2695	0	21.8379	4.8	
6.73311	21.7111	12.0786	3.06741	9.25041	8.06794	14.979	17.6003	12.4464	10.6166	12.8285	14.2088	21.8379	0	18.8905	
9.61209	7.46811	18.3733	20.3584	7.09479	18.5157	3.91152	7.5519	12.7058	12.8092	16.522	13.0321	4.8	18.8905	0	

0	19.5584	24.7687	21.6162	2.40416	23.6885	20.6876	22.7827	7.55893	13.6365	8.00473	14.5037	11.9698	28.7014	18.2898	
19.5584	0	8.57418	15.9346	12.5943	19.6339	7.18645	6.97653	19.1507	13.0613	23.7669	12.7614	3.02866	22.9964	4.78866	
24.7687	8.57418	0	7.36041	15.7195	11.0597	20.8095	13.4215	13.3214	4.48714	14.4598	21.8395	11.6028	10.8705	22.1448	
21.6162	15.9346	7.36041	0	12.7	16.6204	23.7671	9.8387	29.4836	10.8294	7.09941	17.601	17.7444	3.51013	13.4025	
2.40416	12.5943	15.7195	12.7	0	14.7431	9.91476	17.4713	5.15476	11.2324	5.60057	16.1021	9.56561	18.5517	11.3256	
23.6885	19.6339	11.0597	16.6204	14.7431	0	14.3484	20.1631	9.58837	11.2287	9.52103	20.0226	24.2027	18.5479	23.1198	
20.6876	7.18645	20.8095	23.7671	9.91476	14.3484	0	12.0635	4.76	13.5943	19.2125	13.8905	4.15779	23.6416	5.91779	
22.7827	6.97653	13.4215	9.8387	17.4713	20.1631	12.0635	0	17.0952	8.93441	16.9381	10.9434	5.32382	13.3488	3.56382	
7.55893	19.1507	13.3214	29.4836	5.15476	9.58837	4.76	17.0952	0	8.8343	10.7553	14.2822	8.91779	16.1536	13.5314	
13.6365	13.0613	4.48714	10.8294	11.2324	11.2287	13.5943	8.93441	8.8343	0	11.0658	19.8778	16.8401	7.31927	12.4982	
8.00473	23.7669	14.4598	7.09941	5.60057	9.52103	19.2125	16.9381	10.7553	11.0658	0	10.5015	15.1662	10.6095	19.0101	
14.5037	12.7614	21.8395	17.601	16.1021	20.0226	13.8905	10.9434	14.2822	19.8778	10.5015	0	9.73275	18.6302	8.50856	
11.9698	3.02866	11.6028	17.7444	9.56561	24.2027	4.15779	5.32382	8.91779	16.8401	15.1662	9.73275	0	25.3957	1.76	
28.7014	22.9964	10.8705	3.51013	18.5517	18.5479	23.6416	13.3488	16.1536	7.31927	10.6095	18.6302	25.3957	0	23.6357	
18.2898	4.78866	22.1448	13.4025	11.3256	23.1198	5.91779	3.56382	13.5314	12.4982	19.0101	8.50856	1.76	23.6357	0	

0	10.9809	23.1316	27.6121	0.579828	16.785	17.1537	12.4077	23.5757	5.62626	10.0577	13.3398	17.543	31.1006	15.5044	
10.9809	0	20.4499	23.0315	11.5607	8.25	9.53379	2.01246	14.5449	12.5478	14.546	17.7864	6.5621	19.7756	4.52354	
23.1316	20.4499	0	5.64869	21.2843	12.1999	6.11416	13.6355	18.5042	11.4216	11.8064	15.0681	16.9046	8.65285	21.8289	
27.6121	23.0315	5.64869	0	10.8194	14.5298	11.7628	21.019	7.37225	5.77294	16.2869	13.7496	11.7587	3.00416	26.3094	
0.579828	11.5607	21.2843	10.8194	0	16.2051	15.3064	12.9876	6.64575	5.04643	9.47789	12.76	11.0322	27.7308	19.5004	
16.785	8.25	12.1999	14.5298	16.2051	0	8.59069	10.2625	14.0856	15.6849	13.8735	9.53636	14.8121	11.5256	12.7735	
17.1537	9.53379	6.11416	11.7628	15.3064	8.59069	0	7.52133	12.39	13.9893	5.8285	12.0059	10.7904	18.1928	13.3762	
12.4077	2.01246	13.6355	21.019	12.9876	10.2625	7.52133	0	16.7106	14.7136	13.3498	19.8563	8.57456	24.0232	5.85484	
23.5757	14.5449	18.5042	7.37225	6.64575	14.0856	12.39	16.7106	0	1.59931	12.8835	9.57593	7.58503	14.3825	10.9028	
5.62626	12.5478	11.4216	5.77294	5.04643	15.6849	13.9893	14.7136	1.59931	0	11.2842	7.97662	5.98572	8.7771	8.90572	
10.0577	14.546	11.8064	16.2869	9.47789	13.8735	5.8285	13.3498	12.8835	11.2842	0	6.17738	12.9425	19.291	10.0225	
13.3398	17.7864	15.0681	13.7496	12.76	9.53636	12.0059	19.8563	9.57593	7.97662	6.17738	0	13.9623	21.062	14.0014	
17.543	6.5621	16.9046	11.7587	11.0322	14.8121	10.7904	8.57456	7.58503	5.98572	12.9425	13.9623	0	22.3653	2.92	
31.1006	19.7756	8.65285	3.00416	27.7308	11.5256	18.1928	24.0232	14.3825	8.7771	19.291	21.062	22.3653	0	24.0902	
15.5044	4.52354	21.8289	26.3094	19.5004	12.7735	13.3762	5.85484	10.9028	8.90572	10.0225	14.0014	2.92	24.0902	0	

0	14.9467	16.7997	19.4415	0.989949	19.7203	7.11245	26.7538	18.2078	9.12936	4.22105	22.7915	16.4928	16.5832	15.2249	
14.9467	0	17.1285	27.3248	10.9709	20.2531	10.9314	6.75293	10.8167	16.7703	7.73977	13.3552	6.99477	17.116	7.87477	
16.7997	17.1285	0	16.0902	12.8238	9.46346	12.6361	10.3105	12.947	8.77031	9.59273	12.605	9.06917	18.969	8.18917	
19.4415	27.3248	16.0902	0	19.844	13.9804	16.8681	20.5718	14.3451	17.0968	14.594	27.1008	22.6899	5.21776	22.685	
0.989949	10.9709	12.8238	19.844	0	15.1121	6.1225	10.301	10.5325	8.13941	3.2311	21.7255	10.2803	12.6073	11.2491	
19.7203	20.2531	9.46346	13.9804	15.1121	0	10.8385	14.4583	14.5098	6.97265	12.5134	16.7528	13.2169	19.1981	12.3369	
7.11245	10.9314	12.6361	16.8681	6.1225	10.8385	0	4.17852	4.41	3.86581	9.3536	15.603	4.15779	11.6503	5.03779	
26.7538	6.75293	10.3105	20.5718	10.301	14.4583	4.17852	0	8.58852	8.04433	10.1393	6.53716	3.00132	15.8288	2.12132	
18.2078	10.8167	12.947	14.3451	10.5325	14.5098	4.41	8.58852	0	8.27581	11.0009	15.2766	8.56779	9.12735	10.8607	
9.12936	16.7703	8.77031	17.0968	8.13941	6.97265	3.86581	8.04433	8.27581	0	10.7746	19.4688	8.0236	15.5161	12.1387	
4.22105	7.73977	9.59273	14.594	3.2311	12.5134	9.3536	10.1393	11.0009	10.7746	0	12.4338	8.89798	9.37624	8.01798	
22.7915	13.3552	12.605	27.1008	21.7255	16.7528	15.603	6.53716	15.2766	19.4688	12.4338	0	5.29584	27.2533	4.41584	
16.4928	6.99477	9.06917	22.6899	10.2803	13.2169	4.15779	3.00132	8.56779	8.0236	8.89798	5.29584	0	15.8081	0.88	
16.5832	17.116	18.969	5.21776	12.6073	19.1981	11.6503	15.8288	9.12735	15.5161	9.37624	27.2533	15.8081	0	17.3942	
15.2249	7.87477	8.18917	22.685	11.2491	12.3369	5.03779	2.12132	10.8607	12.1387	8.01798	4.41584	0.88	17.3942	0	

0	12.5353	13.6578	23.6216	0.735391	16.4591	10.3565	22.1525	8.20602	3.25576	12.9725	11.558	14.2592	26.9324	7.97493	
12.5353	0	17.9781	18.6573	15.8368	25.0714	10.0513	4.51686	13.7011	9.27955	13.6969	13.2637	5.84501	13.8822	13.9987	
13.6578	17.9781	0	4.79283	22.6184	11.2877	14.0221	22.495	15.3523	10.402	15.4419	10.8097	14.1071	9.56787	15.1212	
23.6216	18.6573	4.79283	0	22.8381	13.1482	17.2967	10.6424	19.4884	15.1948	10.6491	15.6025	9.31429	4.77504	13.0743	
0.735391	15.8368	22.6184	22.8381	0	17.1945	9.62107	14.8519	19.5611	3.99116	13.7079	12.8335	13.5238	25.1369	17.2838	
16.4591	25.0714	11.2877	13.1482	17.1945	0	20.3313	22.8673	11.3703	15.9375	20.7359	22.0974	21.5444	13.8307	17.9579	
10.3565	10.0513	14.0221	17.2967	9.62107	20.3313	0	5.71064	9.94	9.59294	11.4489	3.21238	7.0388	21.6116	12.5826	
22.1525	4.51686	22.495	10.6424	14.8519	22.8673	5.71064	0	11.5023	13.7964	9.18	8.11547	1.32816	12.9413	5.08816	
8.20602	13.7011	15.3523	19.4884	19.5611	11.3703	9.94	11.5023	0	4.95025	9.36562	13.1524	10.1741	21.7872	6.58766	
3.25576	9.27955	10.402	15.1948	3.99116	15.9375	9.59294	13.7964	4.95025	0	11.9394	8.3022	8.47916	23.1618	4.71916	
12.9725	13.6969	15.4419	10.6491	13.7079	20.7359	11.4489	9.18	9.36562	11.9394	0	8.2365	10.5082	15.3866	15.9533	
11.558	13.2637	10.8097	15.6025	12.8335	22.0974	3.21238	8.11547	13.1524	8.3022	8.2365	0	6.78731	18.4005	9.37019	
14.2592	5.84501	14.1071	9.31429	13.5238	21.5444	7.0388	1.32816	10.1741	8.47916	10.5082	6.78731	0	11.6131	3.76	
26.9324	13.8822	9.56787	4.77504	25.1369	13.8307	21.6116	12.9413	21.7872	23.1618	15.3866	18.4005	11.6131	0	15.3731	
7.97493	13.9987	15.1212	13.0743	17.2838	17.9579	12.5826	5.08816	6.58766	4.71916	15.9533	9.37019	3.76	15.3731	0	

0	10.1054	13.7268	15.3732	2.46073	8.99116	6.79182	13.5709	19.1547	8.62777	5.04561	8.28782	14.819	11.8631	12.8114	
10.1054	0	19.6681	21.5369	17.5994	16.4997	3.31361	6.61876	15.7036	17.6314	17.8036	11.9018	8.01016	23.8601	11.2629	
13.7268	19.6681	0	21.8326	7.50423	12.615	19.4168	13.0493	16.1419	5.09902	4.91935	9.827	13.06	21.9939	14.3505	
15.3732	21.5369	21.8326	0	19.4982	15.8112	18.2233	22.4498	10.25	18.207	16.9133	21.1169	21.0584	3.51013	15.0572	
2.46073	17.5994	7.50423	19.4982	0	6.53043	9.25255	16.4113	18.4947	5.35132	2.58488	10.7486	10.7256	14.3238	18.7044	
8.99116	16.4997	12.615	15.8112	6.53043	0	17.1814	9.88092	11.9642	7.51597	9.11531	15.1639	11.2723	19.3213	16.7715	
6.79182	3.31361	19.4168	18.2233	9.25255	17.1814	0	9.93237	12.39	14.3178	16.2638	14.3792	12.2555	18.6549	14.603	
13.5709	6.61876	13.0493	22.4498	16.4113	9.88092	9.93237	0	14.8198	12.1833	9.53209	5.28303	1.3914	24.7413	2.9914	
19.1547	15.7036	16.1419	10.25	18.4947	11.9642	12.39	14.8198	0	11.0429	13.8093	9.33075	6.40721	13.7601	4.80721	
8.62777	17.6314	5.09902	18.207	5.35132	7.51597	14.3178	12.1833	11.0429	0	2.76644	14.926	10.9071	19.4339	15.8501	
5.04561	17.8036	4.91935	16.9133	2.58488	9.11531	16.2638	9.53209	13.8093	2.76644	0	14.6719	8.14069	20.4234	9.74069	
8.28782	11.9018	9.827	21.1169	10.7486	15.1639	14.3792	5.28303	9.33075	14.926	14.6719	0	6.12354	19.4582	4.52354	
14.819	8.01016	13.06	21.0584	10.7256	11.2723	12.2555	1.3914	6.40721	10.9071	8.14069	6.12354	0	19.3268	1.6	
11.8631	23.8601	21.9939	3.51013	14.3238	19.3213	18.6549	24.7413	13.7601	19.4339	20.4234	19.4582	19.3268	0	17.7268	
12.8114	11.2629	14.3505	15.0572	18.7044	16.7715	14.603	2.9914	4.80721	15.8501	9.74069	4.52354	1.6	17.7268	0	

0	14.8124	16.8911	14.9938	2.31931	17.971	11.9363	8.8055	7.31626	9.66235	9.26607	5.75543	12.1443	11.8631	11.2662	
14.8124	0	23.7864	31.4579	21.5358	13.4023	17.5621	6.97653	18.6336	25.3307	21.9365	21.1091	2.66811	29.7654	6.66811	
16.8911	23.7864	0	16.186	19.039	7.63918	17.567	22.585	12.947	12.6456	7.62499	16.5525	18.3733	15.1433	29.9608	
14.9938	31.4579	16.186	0	14.842	11.7749	13.37	23.5211	8.75	13.1001	8.56105	17.007	24.7155	3.13065	29.4032	
2.31931	21.5358	19.039	14.842	0	21.3655	10.712	11.1248	6.09199	17.8203	11.5854	8.07474	14.4636	14.1824	26.7452	
17.971	13.4023	7.63918	11.7749	21.3655	0	18.8508	19.3988	15.2735	7.60652	8.70494	11.5134	10.7342	8.64422	14.7342	
11.9363	17.5621	17.567	13.37	10.712	18.8508	0	14.3462	4.62	16.3483	10.1459	12.6966	16.3342	31.9552	14.9942	
8.8055	6.97653	22.585	23.5211	11.1248	19.3988	14.3462	0	16.1218	18.8126	14.96	13.7696	6.46073	20.6686	2.46073	
7.31626	18.6336	12.947	8.75	6.09199	15.2735	4.62	16.1218	0	11.7283	14.7659	11.4879	15.9655	11.8807	19.6142	
9.66235	25.3307	12.6456	13.1001	17.8203	7.60652	16.3483	18.8126	11.7283	0	6.3337	3.90692	18.3407	16.2308	15.2158	
9.26607	21.9365	7.62499	8.56105	11.5854	8.70494	10.1459	14.96	14.7659	6.3337	0	10.2406	19.4391	11.6917	17.4207	
5.75543	21.1091	16.5525	17.007	8.07474	11.5134	12.6966	13.7696	11.4879	3.90692	10.2406	0	15.3088	17.6185	11.3088	
12.1443	2.66811	18.3733	24.7155	14.4636	10.7342	16.3342	6.46073	15.9655	18.3407	19.4391	15.3088	0	19.3784	4	
11.8631	29.7654	15.1433	3.13065	14.1824	8.64422	31.9552	20.6686	11.8807	16.2308	11.6917	17.6185	19.3784	0	31.0973	
11.2662	6.66811	29.9608	29.4032	26.7452	14.7342	14.9942	2.46073	19.6142	15.2158	17.4207	11.3088	4	31.0973	0	

0	17.0009	30.4644	21.4405	0.777817	20.1057	29.104	17.656	24.5079	6.99282	4.73599	11.9713	12.3225	24.8098	29.4192	
17.0009	0	18.209	20.3455	16.2231	8.25191	6.1854	4.87463	8.7754	14.5463	16.8032	16.0238	7.57166	25.3078	2.47718	
30.4644	18.209	0	18.3635	29.6866	8.77935	10.7035	32.4398	8.11346	10.681	24.149	25.8778	18.7571	23.3257	14.5541	
21.4405	20.3455	18.3635	0	21.6588	14.1532	12.84	29.6245	10.25	16.4188	16.7045	28.4133	20.8937	2.46658	18.262	
0.777817	16.2231	29.6866	21.6588	0	20.324	15.9005	17.8744	22.1884	7.21119	4.95435	12.7491	11.5447	28.3515	16.8647	
20.1057	8.25191	8.77935	14.1532	20.324	0	6.49323	13.9206	3.90323	1.90163	4.15846	19.8083	11.0947	19.1155	5.77474	
29.104	6.1854	10.7035	12.84	15.9005	6.49323	0	11.06	2.59	8.75878	15.2861	12.8079	4.35578	17.8022	8.66258	
17.656	4.87463	32.4398	29.6245	17.8744	13.9206	11.06	0	14.9702	15.1768	12.92	18.0022	9.55008	39.5386	7.3518	
24.5079	8.7754	8.11346	10.25	22.1884	3.90323	2.59	14.9702	0	5.80486	8.42561	18.1633	6.94578	12.7166	8.01202	
6.99282	14.5463	10.681	16.4188	7.21119	1.90163	8.75878	15.1768	5.80486	0	2.25683	17.9067	14.9643	21.381	7.67637	
4.73599	16.8032	24.149	16.7045	4.95435	4.15846	15.2861	12.92	8.42561	2.25683	0	16.7073	16.499	19.1711	21.0659	
11.9713	16.0238	25.8778	28.4133	12.7491	19.8083	12.8079	18.0022	18.1633	17.9067	16.7073	0	8.45212	33.3755	13.7721	
12.3225	7.57166	18.7571	20.8937	11.5447	11.0947	4.35578	9.55008	6.94578	14.9643	16.499	8.45212	0	25.8559	5.32	
24.8098	25.3078	23.3257	2.46658	28.3515	19.1155	17.8022	39.5386	12.7166	21.381	19.1711	33.3755	25.8559	0	23.2243	
29.4192	2.47718	14.5541	18.262	16.8647	5.77474	8.66258	7.3518	8.01202	7.67637	21.0659	13.7721	5.32	23.2243	0	

0	18.8454	18.8728	35.401	1.55563	11.2303	18.7677	27.4081	16.334	12.3719	11.4281	15.7523	12.4406	18.1237	8.97291	
18.8454	0	11.34	16.842	13.5531	13.81	5.85404	2.63856	7.25404	10.0381	7.41728	10.2955	2.66811	15.1106	4.90811	
18.8728	11.34	0	7.36041	17.3172	13.3275	11.7576	13.9786	10.3576	14.6224	12.2984	15.3253	9.70559	10.8389	11.9456	
35.401	16.842	7.36041	0	15.8327	6.15803	16.65	18.8541	9.12788	12.8169	11.1718	10.8099	14.1739	3.47851	16.4139	
1.55563	13.5531	17.3172	15.8327	0	9.67471	17.1961	15.5652	12.6446	13.9275	12.3859	14.3266	9.65728	16.568	7.41728	
11.2303	13.81	13.3275	6.15803	9.67471	0	4.36985	20.9054	2.96985	7.23468	6.39269	4.65188	12.2048	9.41259	8.66729	
18.7677	5.85404	11.7576	16.65	17.1961	4.36985	0	8.4926	1.4	5.66483	6.3058	6.36774	8.51357	15.0329	7.09744	
27.4081	2.63856	13.9786	18.8541	15.5652	20.9054	8.4926	0	13.9151	18.1881	10.0558	12.934	4.68017	21.6249	6.92017	
16.334	7.25404	10.3576	9.12788	12.6446	2.96985	1.4	13.9151	0	4.26483	4.9058	4.96774	7.93744	12.3824	5.69744	
12.3719	10.0381	14.6224	12.8169	13.9275	7.23468	5.66483	18.1881	4.26483	0	2.62084	6.945	12.8019	9.33838	9.96227	
11.4281	7.41728	12.2984	11.1718	12.3859	6.39269	6.3058	10.0558	4.9058	2.62084	0	4.32416	10.0854	7.69332	10.6032	
15.7523	10.2955	15.3253	10.8099	14.3266	4.65188	6.36774	12.934	4.96774	6.945	4.32416	0	9.98887	10.7641	10.5549	
12.4406	2.66811	9.70559	14.1739	9.65728	12.2048	8.51357	4.68017	7.93744	12.8019	10.0854	9.98887	0	17.6524	2.24	
18.1237	15.1106	10.8389	3.47851	16.568	9.41259	15.0329	21.6249	12.3824	9.33838	7.69332	10.7641	17.6524	0	19.9003	
8.97291	4.90811	11.9456	16.4139	7.41728	8.66729	7.09744	6.92017	5.69744	9.96227	10.6032	10.5549	2.24	19.9003	0	

0	11.5234	15.5647	24.0843	0.311127	24.9816	8.85889	10.6518	18.3089	12.6975	3.00371	16.6931	9.57538	29.2704	8.61538	
11.5234	0	11.9081	15.164	18.1721	14.75	9.40339	2.99633	16.676	8.52716	15.4795	10.9857	3.86799	9.97787	2.90799	
15.5647	11.9081	0	15.6422	15.9035	13.6821	6.70585	8.91175	16.1558	15.705	11.2391	16.343	15.1731	10.4561	10.9482	
24.0843	15.164	15.6422	0	24.3954	20.8041	23.2	16.7905	13.75	15.9866	21.7158	23.8164	10.5292	5.18614	11.4892	
0.311127	18.1721	15.9035	24.3954	0	16.9741	7.22586	17.5219	18.8966	12.9575	2.69258	17.6	16.1626	23.128	8.92651	
24.9816	14.75	13.6821	20.8041	16.9741	0	16.917	17.7463	7.46705	15.6159	14.2815	13.2579	14.0411	20.7461	17.658	
8.85889	9.40339	6.70585	23.2	7.22586	16.917	0	6.40706	9.45	14.7982	4.53328	9.63715	12.6684	17.1619	8.44353	
10.6518	2.99633	8.91175	16.7905	17.5219	17.7463	6.40706	0	12.8353	11.5235	10.9403	10.1142	2.99647	12.9742	2.03647	
18.3089	16.676	16.1558	13.75	18.8966	7.46705	9.45	12.8353	0	8.14888	13.9833	19.0871	6.57404	18.9361	7.53404	
12.6975	8.52716	15.705	15.9866	12.9575	15.6159	14.7982	11.5235	8.14888	0	10.265	14.4882	14.7229	18.505	11.4351	
3.00371	15.4795	11.2391	21.7158	2.69258	14.2815	4.53328	10.9403	13.9833	10.265	0	14.1704	18.8552	20.4354	18.3875	
16.6931	10.9857	16.343	23.8164	17.6	13.2579	9.63715	10.1142	19.0871	14.4882	14.1704	0	9.03775	18.6302	8.07775	
9.57538	3.86799	15.1731	10.5292	16.1626	14.0411	12.6684	2.99647	6.57404	14.7229	18.8552	9.03775	0	15.7153	0.96	
29.2704	9.97787	10.4561	5.18614	23.128	20.7461	17.1619	12.9742	18.9361	18.505	20.4354	18.6302	15.7153	0	12.8859	
8.61538	2.90799	10.9482	11.4892	8.92651	17.658	8.44353	2.03647	7.53404	11.4351	18.3875	8.07775	0.96	12.8859	0	

0	23.501	30.5504	12.7178	2.00818	13.376	14.5503	26.0306	9.44034	14.0545	8.25497	18.7548	14.5424	9.61873	27.0354	
23.501	0	10.6428	16.9813	22.8461	18	4.5286	3.62243	9.6386	10.5765	12.5158	6.73166	4.95059	13.8822	2.26177	
30.5504	10.6428	0	10.0992	23.7104	19.497	6.11416	12.5043	11.2242	11.8297	14.1014	17.6886	11.1761	13.1982	9.89529	
12.7178	16.9813	10.0992	0	10.4229	10.3986	12.1633	15.907	8.0413	9.66114	4.17612	22.0645	14.5789	3.09903	17.6589	
2.00818	22.8461	23.7104	10.4229	0	11.3678	14.234	13.8624	10.112	12.0463	6.24679	21.56	12.5342	11.6269	15.6142	
13.376	18	19.497	10.3986	11.3678	0	11.8134	19.897	6.70337	12.587	10.5686	16.0179	18.7865	7.29956	20.2618	
14.5503	4.5286	6.11416	12.1633	14.234	11.8134	0	8.15103	5.11	10.8815	7.9872	11.2603	6.86114	17.4436	3.78114	
26.0306	3.62243	12.5043	15.907	13.8624	19.897	8.15103	0	14.0067	7.30997	15.9733	10.3541	1.32816	13.8721	4.40816	
9.44034	9.6386	11.2242	8.0413	10.112	6.70337	5.11	14.0067	0	7.84425	3.86518	9.3145	12.6785	14.0029	8.89114	
14.0545	10.5765	11.8297	9.66114	12.0463	12.587	10.8815	7.30997	7.84425	0	8.66333	16.5002	6.19949	6.5621	8.31472	
8.25497	12.5158	14.1014	4.17612	6.24679	10.5686	7.9872	15.9733	3.86518	8.66333	0	13.1797	14.8628	7.27515	11.7683	
18.7548	6.73166	17.6886	22.0645	21.56	16.0179	11.2603	10.3541	9.3145	16.5002	13.1797	0	11.2655	20.6139	8.18545	
14.5424	4.95059	11.1761	14.5789	12.5342	18.7865	6.86114	1.32816	12.6785	6.19949	14.8628	11.2655	0	12.7616	3.08	
9.61873	13.8822	13.1982	3.09903	11.6269	7.29956	17.4436	13.8721	14.0029	6.5621	7.27515	20.6139	12.7616	0	14.8768	
27.0354	2.26177	9.89529	17.6589	15.6142	20.2618	3.78114	4.40816	8.89114	8.31472	11.7683	8.18545	3.08	14.8768	0	

0	16.6228	20.9222	31.0662	1.14551	9.06441	10.7666	10.4065	21.8772	6.8431	13.0088	16.7655	16.2883	26.2912	9.85275	
16.6228	0	20.1078	28.8617	13.9739	8.25	14.693	6.21627	19.0146	8.27636	12.1944	13.3228	10.6003	26.1959	10.4589	
20.9222	20.1078	0	13.7889	24.8078	11.8578	15.1868	23.1528	6.04194	16.7802	14.0201	22.1871	15.903	9.01388	18.5051	
31.0662	28.8617	13.7889	0	34.5623	24.6321	30.7635	22.8079	21.6186	22.6946	28.5765	33.9111	28.6897	4.77504	16.5929	
1.14551	13.9739	24.8078	34.5623	0	10.2099	9.62107	11.552	16.4358	5.69759	11.3033	10.744	10.2272	20.5251	8.70724	
9.06441	8.25	11.8578	24.6321	10.2099	0	6.44302	14.4663	12.8128	9.55011	3.94443	16.0035	17.4132	20.8717	18.9332	
10.7666	14.693	15.1868	30.7635	9.62107	6.44302	0	9.4713	11.41	15.3187	10.3874	21.5689	15.3531	24.2007	13.7139	
10.4065	6.21627	23.1528	22.8079	11.552	14.4663	9.4713	0	15.7429	14.4926	23.9346	11.3511	5.76264	16.0605	4.24264	
21.8772	19.0146	6.04194	21.6186	16.4358	12.8128	11.41	15.7429	0	10.7382	16.3439	15.7847	9.86106	15.0558	11.3811	
6.8431	8.27636	16.7802	22.6946	5.69759	9.55011	15.3187	14.4926	10.7382	0	5.60568	5.04643	11.5776	17.9196	12.1549	
13.0088	12.1944	14.0201	28.5765	11.3033	3.94443	10.3874	23.9346	16.3439	5.60568	0	10.6521	19.9306	23.034	21.4506	
16.7655	13.3228	22.1871	33.9111	10.744	16.0035	21.5689	11.3511	15.7847	5.04643	10.6521	0	6.53119	18.9263	7.10842	
16.2883	10.6003	15.903	28.6897	10.2272	17.4132	15.3531	5.76264	9.86106	11.5776	19.9306	6.53119	0	13.3379	1.52	
26.2912	26.1959	9.01388	4.77504	20.5251	20.8717	24.2007	16.0605	15.0558	17.9196	23.034	18.9263	13.3379	0	11.8179	
9.85275	10.4589	18.5051	16.5929	8.70724	18.9332	13.7139	4.24264	11.3811	12.1549	21.4506	7.10842	1.52	11.8179	0	

0	21.1342	15.3496	21.1826	1.62635	10.1795	12.4846	15.8611	20.063	9.69028	4.31893	5.295	11.9542	11.2358	23.9277	
21.1342	0	20.8618	15.4153	13.9797	14.2428	10.6556	4.24853	9.91527	11.3245	11.2872	12.2118	5.55255	28.9372	7.43153	
15.3496	20.8618	0	13.5226	16.976	8.20926	14.2227	24.2914	12.5368	11.5598	20.8586	13.0937	19.4112	16.2772	13.4302	
21.1826	15.4153	13.5226	0	12.6136	6.65733	9.98	40.1485	5.5	10.0078	11.1491	11.5418	20.6484	3.00416	19.2095	
1.62635	13.9797	16.976	12.6136	0	11.9783	20.2252	28.2731	8.34169	8.62777	2.69258	6.92134	14.3997	9.60946	24.8078	
10.1795	14.2428	8.20926	6.65733	11.9783	0	6.01348	12.4205	4.32749	3.35049	9.9766	4.88448	9.12243	8.06794	13.6494	
12.4846	10.6556	14.2227	9.98	20.2252	6.01348	0	6.40706	4.48	9.36398	10.1291	7.18962	13.1111	14.0814	17.2682	
15.8611	4.24853	24.2914	40.1485	28.2731	12.4205	6.40706	0	10.8871	12.476	15.5357	10.5661	6.70403	36.0322	10.8612	
20.063	9.91527	12.5368	5.5	8.34169	4.32749	4.48	10.8871	0	7.3873	5.64911	9.21197	13.1592	8.50416	13.7095	
9.69028	11.3245	11.5598	10.0078	8.62777	3.35049	9.36398	12.476	7.3873	0	10.0466	4.39528	5.77194	11.4184	11.7719	
4.31893	11.2872	20.8586	11.1491	2.69258	9.9766	10.1291	15.5357	5.64911	10.0466	0	14.4418	12.6321	12.302	18.6321	
5.295	12.2118	13.0937	11.5418	6.92134	4.88448	7.18962	10.5661	9.21197	4.39528	14.4418	0	6.65925	12.9524	12.6592	
11.9542	5.55255	19.4112	20.6484	14.3997	9.12243	13.1111	6.70403	13.1592	5.77194	12.6321	6.65925	0	20.9153	6	
11.2358	28.9372	16.2772	3.00416	9.60946	8.06794	14.0814	36.0322	8.50416	11.4184	12.302	12.9524	20.9153	0	21.7173	
23.9277	7.43153	13.4302	19.2095	24.8078	13.6494	17.2682	10.8612	13.7095	11.7719	18.6321	12.6592	6	21.7173	0	

0	22.3989	9.33084	6.67396	1.90919	10.2571	14.1247	21.8319	12.453	10.6411	7.00103	8.94919	10.8151	9.83624	17.8935	
22.3989	0	19.0496	24.3263	13.0883	14.3922	13.9172	2.81745	20.4272	21.6995	10.9196	17.1571	4.18244	21.5731	5.18244	
9.33084	19.0496	0	15.5767	7.42165	9.46346	15.384	15.4984	12.1787	16.4361	21.3992	14.4617	8.8616	18.739	7.8616	
6.67396	24.3263	15.5767	0	8.58315	16.9311	10.8182	27.1438	28.5124	12.2483	13.675	14.7544	24.2981	3.16228	23.4383	
1.90919	13.0883	7.42165	8.58315	0	12.1663	12.8529	13.0169	10.5438	10.5812	8.91022	7.04	8.90591	18.6321	9.90591	
10.2571	14.3922	9.46346	16.9311	12.1663	0	9.16341	11.5748	2.71529	5.00002	10.6127	14.9763	15.6857	16.0586	8.41273	
14.1247	13.9172	15.384	10.8182	12.8529	9.16341	0	12.9534	6.51	8.79473	7.12372	5.81288	13.8608	7.65593	12.2074	
21.8319	2.81745	15.4984	27.1438	13.0169	11.5748	12.9534	0	13.3342	18.5474	10.8481	14.3397	4.11096	20.6093	5.11096	
12.453	20.4272	12.1787	28.5124	10.5438	2.71529	6.51	13.3342	0	2.28473	5.92479	12.3229	6.69744	11.3707	5.69744	
10.6411	21.6995	16.4361	12.2483	10.5812	5.00002	8.79473	18.5474	2.28473	0	3.64005	17.6212	10.3772	9.08599	7.98217	
7.00103	10.9196	21.3992	13.675	8.91022	10.6127	7.12372	10.8481	5.92479	3.64005	0	12.9366	6.73712	12.726	7.73712	
8.94919	17.1571	14.4617	14.7544	7.04	14.9763	5.81288	14.3397	12.3229	17.6212	12.9366	0	11.5549	11.5921	10.5549	
10.8151	4.18244	8.8616	24.2981	8.90591	15.6857	13.8608	4.11096	6.69744	10.3772	6.73712	11.5549	0	23.0001	1	
9.83624	21.5731	18.739	3.16228	18.6321	16.0586	7.65593	20.6093	11.3707	9.08599	12.726	11.5921	23.0001	0	22.1471	
17.8935	5.18244	7.8616	23.4383	9.90591	8.41273	12.2074	5.11096	5.69744	7.98217	7.73712	10.5549	1	22.1471	0	

0	27.0703	19.3126	12.4612	2.53144	11.8561	18.0131	20.3927	16.7343	15.0661	10.1927	18.8114	17.7719	7.05374	23.4892	
27.0703	0	18.5866	19.2499	20.8338	6	9.0572	2.32551	13.2125	20.217	11.0325	4.55377	8.29277	10.8023	13.3728	
19.3126	18.5866	0	17.6664	23.3563	11.3555	12.053	20.9191	4.14304	5.97083	17.8731	20.2951	10.2938	12.2589	15.3599	
12.4612	19.2499	17.6664	0	28.5741	10.2098	10.1927	19.0406	15.088	17.2684	9.18747	19.2179	14.5789	5.40749	15.6688	
2.53144	20.8338	23.3563	28.5741	0	22.0949	20.4083	28.5442	14.3625	12.5347	12.7241	16.28	26.9659	9.58518	18.1527	
11.8561	6	11.3555	10.2098	22.0949	0	14.1746	8.32551	7.21249	9.04027	5.03254	5.81485	12.6118	4.80234	18.4293	
18.0131	9.0572	12.053	10.1927	20.4083	14.1746	0	11.3827	7.91	9.73779	16.2908	9.02526	8.71156	15.6002	5.47613	
20.3927	2.32551	20.9191	19.0406	28.5442	8.32551	11.3827	0	18.554	17.8369	10.2	6.87928	10.6183	13.6331	12.2188	
16.7343	13.2125	4.14304	15.088	14.3625	7.21249	7.91	18.554	0	1.82779	9.90871	13.0273	9.07844	9.68052	7.44584	
15.0661	20.217	5.97083	17.2684	12.5347	9.04027	9.73779	17.8369	1.82779	0	8.08092	18.8656	10.6981	11.5083	5.61805	
10.1927	11.0325	17.8731	9.18747	12.7241	5.03254	16.2908	10.2	9.90871	8.08092	0	10.8474	7.57926	9.83489	12.6593	
18.8114	4.55377	20.2951	19.2179	16.28	5.81485	9.02526	6.87928	13.0273	18.8656	10.8474	0	11.6537	10.6172	13.2475	
17.7719	8.29277	10.2938	14.5789	26.9659	12.6118	8.71156	10.6183	9.07844	10.6981	7.57926	11.6537	0	18.759	5.08	
7.05374	10.8023	12.2589	5.40749	9.58518	4.80234	15.6002	13.6331	9.68052	11.5083	9.83489	10.6172	18.759	0	20.8974	
23.4892	13.3728	15.3599	15.6688	18.1527	18.4293	5.47613	12.2188	7.44584	5.61805	12.6593	13.2475	5.08	20.8974	0	

0	19.4011	16.4276	16.2139	1.9799	8.26846	14.808	23.1106	22.8333	13.0495	11.0163	22.2199	26.0588	10.9012	33.9064	
19.4011	0	7.97612	22.5361	12.2886	6	2.65089	4.20381	8.29103	6.77157	8.38475	13.9388	3.82188	23.8601	8.07775	
16.4276	7.97612	0	18.829	16.0739	14.5526	5.32523	6.36553	16.9452	7.44972	5.41128	22.2961	9.38403	16.7658	17.9904	
16.2139	22.5361	18.829	0	23.1625	23.3006	20.6942	25.1945	18.7347	15.7646	17.803	34.1596	20.2538	5.31263	26.7759	
1.9799	12.2886	16.0739	23.1625	0	6.28856	12.8281	14.4756	8.57959	11.0696	10.6626	20.24	15.5589	12.8811	20.2004	
8.26846	6	14.5526	23.3006	6.28856	0	8.65089	8.18704	2.29103	5.26118	12.6494	12.0713	9.82188	23.035	13.9119	
14.808	2.65089	5.32523	20.6942	12.8281	8.65089	0	6.85469	11.62	8.54808	10.7365	14.1757	4.05879	22.091	8.33879	
23.1106	4.20381	6.36553	25.1945	14.4756	8.18704	6.85469	0	10.4781	10.9754	11.7768	19.414	8.02569	23.1313	11.6248	
22.8333	8.29103	16.9452	18.7347	8.57959	2.29103	11.62	10.4781	0	2.97015	5.00858	9.78023	7.45944	20.744	13.9815	
13.0495	6.77157	7.44972	15.7646	11.0696	5.26118	8.54808	10.9754	2.97015	0	2.03843	12.7504	4.48929	18.8676	8.76929	
11.0163	8.38475	5.41128	17.803	10.6626	12.6494	10.7365	11.7768	5.00858	2.03843	0	16.8848	6.52772	16.8291	13.0498	
22.2199	13.9388	22.2961	34.1596	20.24	12.0713	14.1757	19.414	9.78023	12.7504	16.8848	0	10.1169	30.5242	11.4165	
26.0588	3.82188	9.38403	20.2538	15.5589	9.82188	4.05879	8.02569	7.45944	4.48929	6.52772	10.1169	0	24.9467	4.28	
10.9012	23.8601	16.7658	5.31263	12.8811	23.035	22.091	23.1313	20.744	18.8676	16.8291	30.5242	24.9467	0	29.2267	
33.9064	8.07775	17.9904	26.7759	20.2004	13.9119	8.33879	11.6248	13.9815	8.76929	13.0498	11.4165	4.28	29.2267	0	

0	11.3876	19.5465	6.67396	2.47487	14.0737	15.0134	13.7461	20.2495	11.1059	8.33946	17.0245	7.42154	6.41249	8.94674	
11.3876	0	20.489	8.65852	17.7696	15.893	10.3808	5.36656	17.2707	13.7595	19.3585	17.9865	3.96611	13.3071	5.56611	
19.5465	20.489	0	12.4813	22.3596	5.47284	4.14185	9.15607	12.4291	13.2605	15.9879	15.8444	17.3997	14.1171	23.9602	
6.67396	8.65852	12.4813	0	9.14884	11.3462	8.33946	13.3537	19.8895	18.7915	15.0134	27.0048	12.6246	4.64855	15.6207	
2.47487	17.7696	22.3596	9.14884	0	16.5486	20.6631	23.0439	18.4588	13.5368	10.7703	21.9764	9.89641	8.88736	11.4216	
14.0737	15.893	5.47284	11.3462	16.5486	0	3.00674	8.02096	11.5955	7.78763	10.5541	15.1131	11.9269	8.64422	13.5269	
15.0134	10.3808	4.14185	8.33946	20.6631	3.00674	0	5.01422	11.55	10.452	13.2185	14.9653	11.3388	11.651	18.2513	
13.7461	5.36656	9.15607	13.3537	23.0439	8.02096	5.01422	0	12.2008	8.39293	11.1594	15.7184	6.32456	23.4315	7.92456	
20.2495	17.2707	12.4291	19.8895	18.4588	11.5955	11.55	12.2008	0	3.80789	6.57433	3.41532	13.3046	21.0327	11.4931	
11.1059	13.7595	13.2605	18.7915	13.5368	7.78763	10.452	8.39293	3.80789	0	2.76644	7.2232	14.7175	16.4318	12.2162	
8.33946	19.3585	15.9879	15.0134	10.7703	10.5541	13.2185	11.1594	6.57433	2.76644	0	10.0919	11.0498	14.7519	9.44976	
17.0245	17.9865	15.8444	27.0048	21.9764	15.1131	14.9653	15.7184	3.41532	7.2232	10.0919	0	9.67775	22.3563	8.07775	
7.42154	3.96611	17.3997	12.6246	9.89641	11.9269	11.3388	6.32456	13.3046	14.7175	11.0498	9.67775	0	13.834	1.6	
6.41249	13.3071	14.1171	4.64855	8.88736	8.64422	11.651	23.4315	21.0327	16.4318	14.7519	22.3563	13.834	0	15.3592	
8.94674	5.56611	23.9602	15.6207	11.4216	13.5269	18.2513	7.92456	11.4931	12.2162	9.44976	8.07775	1.6	15.3592	0	

0	20.7852	11.8611	21.7891	0.820244	10.0112	17.6099	11.3743	8.55239	13.6646	14.5854	5.52521	20.8927	23.5791	11.8797	
20.7852	0	15.6519	11.1324	19.941	10.75	8.61993	5.27712	14.0593	15.6025	18.6285	11.1262	4.68722	12.5554	5.16976	
11.8611	15.6519	0	9.928	12.6813	9.57747	13.6089	14.8945	12.8867	10.198	18.0606	12.4475	11.5621	11.351	10.4821	
21.7891	11.1324	9.928	0	19.7321	7.18584	8.33946	11.6823	8.33768	13.7802	15.034	16.1915	14.7766	1.42302	12.3318	
0.820244	19.941	12.6813	19.7321	0	9.19097	16.9021	19.0719	7.73215	12.2255	16.6755	6.34546	32.3421	14.6468	23.3528	
10.0112	10.75	9.57747	7.18584	9.19097	0	11.7795	9.88092	3.30926	6.33877	8.56893	7.50079	13.9919	5.76281	14.2933	
17.6099	8.61993	13.6089	8.33946	16.9021	11.7795	0	3.34281	9.17	5.44077	13.3033	9.19188	7.45377	9.76249	7.75516	
11.3743	5.27712	14.8945	11.6823	19.0719	9.88092	3.34281	0	10.0406	8.78359	14.9092	5.84907	4.11096	15.3211	4.41235	
8.55239	14.0593	12.8867	8.33768	7.73215	3.30926	9.17	10.0406	0	4.49331	11.8782	4.19153	19.559	6.91466	10.546	
13.6646	15.6025	10.198	13.7802	12.2255	6.33877	5.44077	8.78359	4.49331	0	7.86252	8.13941	20.29	11.408	14.4939	
14.5854	18.6285	18.0606	15.034	16.6755	8.56893	13.3033	14.9092	11.8782	7.86252	0	9.06015	14.5388	14.3317	13.4588	
5.52521	11.1262	12.4475	16.1915	6.34546	7.50079	9.19188	5.84907	4.19153	8.13941	9.06015	0	7.43449	11.1062	6.35449	
20.8927	4.68722	11.5621	14.7766	32.3421	13.9919	7.45377	4.11096	19.559	20.29	14.5388	7.43449	0	11.9888	1.08	
23.5791	12.5554	11.351	1.42302	14.6468	5.76281	9.76249	15.3211	6.91466	11.408	14.3317	11.1062	11.9888	0	10.9088	
11.8797	5.16976	10.4821	12.3318	23.3528	14.2933	7.75516	4.41235	10.546	14.4939	13.4588	6.35449	1.08	10.9088	0	

0	23.7356	12.3697	11.3167	0.707107	10.0925	24.0286	18.0112	13.9765	8.35815	6.69216	16.3271	18.614	13.8149	15.574	
23.7356	0	17.9499	22.3933	21.4714	5.75	5.74359	5.72433	11.5446	7.65163	9.15037	16.6819	7.78799	19.3887	10.828	
12.3697	17.9499	0	14.2919	11.6626	12.1999	14.0219	24.8088	6.04194	11.2178	13.3263	18.6165	9.79853	19.6503	19.2173	
11.3167	22.3933	14.2919	0	12.0238	11.4492	16.23	29.328	8.25	9.54755	12.7508	20.8246	12.0066	2.4982	21.4253	
0.707107	21.4714	11.6626	12.0238	0	9.55268	27.7484	18.7184	16.7557	7.65105	7.39927	15.62	25.9217	17.7002	16.2811	
10.0925	5.75	12.1999	11.4492	9.55268	0	11.4936	11.4743	6.44881	1.90163	3.40037	10.9319	10.2054	13.6387	18.0045	
24.0286	5.74359	14.0219	16.23	27.7484	11.4936	0	11.4679	7.98	13.9286	15.2644	20.5546	11.7366	23.4688	17.2107	
18.0112	5.72433	24.8088	29.328	18.7184	11.4743	11.4679	0	9.63843	15.7349	17.2336	18.5015	5.88184	26.9815	8.92184	
13.9765	11.5446	6.04194	8.25	16.7557	6.44881	7.98	9.63843	0	8.35044	7.28437	12.5746	3.75659	10.7482	6.79659	
