50
5
3
12
30

42	6
2	39
5	45
14	8
43	3

28	23
33	5
45	13
14	3
50	32
17	45
1	22
39	36
8	8
17	9
21	18
22	16
17	39
42	6
21	5
38	2
39	17
21	38
31	6
40	33
26	26
40	48
33	42
14	50
11	10
24	5
7	44
49	42
8	31
40	24
35	44
7	30
16	48
40	10
10	3
7	31
33	29
25	34
49	9
5	48
23	3
3	49
15	18
38	50
42	31
12	23
47	22
24	24
14	17
44	20

70

1.79769e+308
1.79769e+308
1.79769e+308
1.79769e+308
1.79769e+308

19
17
19
18
14
19
20
13
11
16
17
16
11
14
13
12
16
12
13
20
16
16
16
13
20
16
11
16
12
14
13
17
19
11
11
19
11
15
14
14
18
12
16
17
11
18
14
16
15
15

0
0
0
0
0

0

0	18.0802	27.9096	11.6938	2.27684	8.02684	2.26385	1.67547	9.29288	11.4252	16.9829	17.0439	12.5789	11.664	9.61261	5.07922	14.7907	21.305	0	4.62524	7.22289	4.4878	10.6859	10.5101	11.1357	9.71302	21.5548	17.054	14.7143	11.9824	8.88761	14.4261	9.5353	15.9486	8.9994	17.6362	23.252	17.1171	3.93548	15.2247	14.3036	9.96034	11.7924	5.63527	15.2344	10.6768	24.3762	9.75037	8.83629	12.25	11.0342	7.54337	10.0671	9.62663	9.11158	
18.0802	0	3.44056	15.8917	17.1924	18.9278	17.9179	16.0501	16.368	21.589	8.81847	5.96029	11.8789	13.3317	13.7518	11.2633	14.0262	8.27666	17.3199	15.8823	18.8201	17.0753	7.03973	17.3739	12.8929	14.0099	14.7377	8.09765	10.2542	10.6276	15.0846	4.14081	21.8415	9.71662	11.7894	9.67923	9.78085	10.6174	13.3845	15.2108	9.05662	13.9994	13.828	22.4399	4.89401	13.5182	2.41197	14.4736	17.4607	15.9022	11.9812	17.6188	17.0624	14.4566	17.8003	
27.9096	3.44056	0	20.8394	13.7676	16.5885	18.0699	14.3382	13.2006	19.4185	5.52	11.2057	15.3426	19.5946	16.3174	11.6277	16.8347	7.68	24.1895	16.0904	17.4367	21.8086	9.05107	15.1055	11.5095	14.35	15.5491	9.67142	8.22568	13.1206	23.1045	1.58761	18.6176	6.67931	10.406	21.4186	6.20761	5.70088	15.802	20.4562	6.78823	13.2221	13.9529	23.4671	0.81	15.7023	1.02859	10.2968	11.0027	18.4373	9.71276	18.599	19.6279	14.2254	13.0542	
11.6938	15.8917	20.8394	0	9.41692	9.64359	9.37582	13.8559	2.5	14.6095	14.7124	12.088	10.5155	5.7	4.52206	6.14165	5.76999	13.8673	11.7929	7.40705	6.92682	12.609	12.6304	14.1848	7.57457	12.4199	17.886	11.6985	21.3645	5.2641	6.36365	15.2399	10.7565	10.4645	14.4869	19.3323	10.6199	16.2081	13.2248	5.14	11.2475	11.8387	15.3559	9.92565	14.8906	4.3	18.0555	9.11014	12.7097	12.4677	8.32301	16.4682	7.5017	13.05	16.148	
2.27684	17.1924	13.7676	9.41692	0	5.75	7.00726	3.95231	10.2	12.3063	16.2662	15.9579	12.6318	11.75	12.2509	9.70707	15.0831	18.9532	2.27684	9.00445	4.94605	7.90911	16.9262	12.8641	10.2479	7.43618	25.8207	17.8078	13.8264	14.681	10.2336	18.0223	8.28636	11.5461	15.2144	20.4486	19.4689	21.601	3.80789	19.3636	20.8064	9.03549	11.5649	7.94488	12.9576	8.4	15.4396	12.7408	11.5507	15.7182	12.877	9.82021	6.69831	11.1862	8.22372	
8.02684	18.9278	16.5885	9.64359	5.75	0	9.85978	6.70585	7.59872	9.20832	11.0685	9.26005	12.8581	6	4.2589	3.95707	2.68002	13.2032	9.03629	10.0429	10.696	5.08655	12.2663	14.2744	9.97869	2.77627	13.6118	11.4703	16.9977	8.70416	12.2029	13.9971	6.79671	6.88621	10.5544	13.8759	12.1255	12.7771	9.55789	12.2468	12.3645	4.37559	5.81489	10.6656	17.2532	11.0596	17.4134	8.08085	10.0611	13.5446	8.21705	16.7488	0.948314	6.52627	14.1605	
2.26385	17.9179	18.0699	9.37582	7.00726	9.85978	0	8.73725	11.5567	11.2834	14.4496	11.9577	12.4897	14.2964	9.75386	7.34307	13.9296	13.5638	2.26385	6.88908	2.449	9.83994	12.8049	3.17522	16.4544	7.0835	13.8136	15.6875	16.3828	14.6148	7.20573	18.7702	14.5836	9.37804	7.62238	14.0777	9.85887	16.621	6.19933	9.96344	10.038	8.68281	6.01664	5.44783	15.2473	12.1836	17.0413	12.0142	11.1001	10.9024	12.5243	6.16636	11.0716	10.6566	9.55558	
1.67547	16.0501	14.3382	13.8559	3.95231	6.70585	8.73725	0	11.95	13.1007	15.3074	13.9273	9.46233	12.7058	9.33381	10.6629	16.2326	10.2473	1.67547	8.40308	6.95863	2.81233	9.01042	9.47705	10.3078	9.20869	20.0437	15.3785	14.1585	15.116	12.1862	12.7506	11.2108	13.3186	9.78727	15.7123	17.3706	12.5881	4.13998	16.0153	17.1497	9.40457	12.5207	3.9598	18.8327	10.8912	14.4795	14.0358	15.3097	11.3139	13.0545	8.30027	6.95057	12.9587	6.7389	
9.29288	16.368	13.2006	2.5	10.2	7.59872	11.5567	11.95	0	21.4226	11.9823	8.94463	11.4592	3.82702	2.6162	3.64165	7.51005	11.9212	8.72087	5.5012	9.42682	9.87891	11.616	9.42823	10.0746	10.938	22.7027	11.1548	17.0719	6.53119	3.63358	13.6817	18.2082	8.55863	14.2219	22.5406	12.8612	12.4617	13.2284	2.64	15.5631	9.33872	11.0632	17.0095	12.3906	1.8	14.8727	7.31817	12.7505	21.0475	8.85995	13.7381	5.92679	12.46	13.418	
11.4252	21.589	19.4185	14.6095	12.3063	9.20832	11.2834	13.1007	21.4226	0	13.6997	16.3549	8.61884	18.4011	12.9951	12.6884	11.6097	12.814	11.4252	13.6193	15.2869	17.3541	12.055	14.4302	7.03491	6.43204	13.0637	14.7923	20.6534	12.1392	11.4554	18.0862	4.01995	10.542	10.4196	11.9098	14.3995	17.3319	13.4749	13.9853	14.7559	8.03136	5.26677	14.7197	17.78	19.6935	17.5158	8.29315	7.2843	4.59549	11.8728	9.33148	10.4201	9.89122	11.1919	
16.9829	8.81847	5.52	14.7124	16.2662	11.0685	14.4496	15.3074	11.9823	13.6997	0	13.7287	12.9817	15.242	15.1038	13.7532	16.4769	2.16	19.4139	14.7927	17.6848	18.1197	3.39693	17.5963	15.7128	8.82999	13.4626	15.0203	8.10502	18.0048	12.0159	7.10761	13.842	12.054	15.7839	14.8634	14.5614	4.42385	16.1258	22.9792	12.3082	10.4293	8.43291	19.2672	6.18466	10.1823	6.4065	14.1346	10.2349	14.7594	13.311	19.6265	12.0169	12.58	18.0005	
17.0439	5.96029	11.2057	12.088	15.9579	9.26005	11.9577	13.9273	8.94463	16.3549	13.7287	0	12.2609	12.6176	7.46973	5.30298	9.17138	15.8887	10.3822	12.1682	14.4067	11.115	13	15.1329	9.31997	12.2463	14.9491	12.8162	18.1694	11.8733	9.39149	12.7933	12.5019	10.7808	13.3434	15.6395	10.3	14.123	15.2162	9.25047	10.104	19.5751	12.7246	22.7674	12.0157	7.55791	8.37226	10.0944	12.0641	14.2131	7.17948	18.124	11.8099	8.49632	15.4307	
12.5789	11.8789	15.3426	10.5155	12.6318	12.8581	12.4897	9.46233	11.4592	8.61884	12.9817	12.2609	0	19.2752	15.2204	12.6892	8.76196	12.4656	16.2734	13.0472	17.5778	6.65	11.2287	9.2774	2.94092	3.71981	12.7532	5.17602	18.4731	17.3762	10.0357	11.4571	6.1229	7.31794	8.06787	9.33381	6.8371	14.8064	7.38509	15.6586	7.6171	2.1205	12.5865	12.3655	18.5196	14.7289	13.4219	15.4775	8.07609	4.02336	14.2318	8.75935	10.7882	22.0753	10.6198	
11.664	13.3317	19.5946	5.7	11.75	6	14.2964	12.7058	3.82702	18.4011	15.242	12.6176	19.2752	0	6.44322	7.46867	11.47	13.5576	9.56165	4.93642	12.6268	12.7244	11.3265	13.035	13.2746	8.77627	31.9684	16.6056	24.645	2.70416	6.89322	18.0069	12.7967	20.1594	17.6822	26.2611	16.3199	15.3259	15.7542	6.24679	16.5858	13.1657	11.8149	20.2691	15.0148	5.05964	19.7358	6.5502	16.9624	13.9602	7.39799	16.9977	6.94831	11.8431	15.92	
9.61261	13.7518	16.3174	4.52206	12.2509	4.2589	9.75386	9.33381	2.6162	12.9951	15.1038	7.46973	15.2204	6.44322	0	2.16675	5.04229	14.5374	7.24597	2.885	7.30486	7.44883	14.7375	13.6107	12.0966	7.29867	13.0193	9.67994	13.9124	7.11683	5.045	12.2068	13.3987	5.94243	12.4077	17.9159	6.42326	10.9868	13.4738	5.2562	6.60243	11.9549	9.34051	10.3037	11.8117	4.4162	16.1638	4.70197	10.1343	11.9088	6.24375	14.3477	3.31059	6.30003	13.8686	
5.07922	11.2633	11.6277	6.14165	9.70707	3.95707	7.34307	10.6629	3.64165	12.6884	13.7532	5.30298	12.6892	7.46867	2.16675	0	3.8684	11.0839	5.07922	5.05174	9.47161	10.6452	12.3977	16.585	14.6229	6.73334	15.2185	7.51319	13.4302	9.28358	10.6623	10.0401	10.7538	8.10918	17.0773	11.671	9.21954	8.82001	9.0147	6.28165	9.99954	10.5099	7.42159	14.2182	16.0323	5.44165	11.7689	6.86872	12.3011	17.3292	8.4105	17.0343	4.90538	9.09806	15.2723	
14.7907	14.0262	16.8347	5.76999	15.0831	2.68002	13.9296	16.2326	7.51005	11.6097	16.4769	9.17138	8.76196	11.47	5.04229	3.8684	0	18.7888	8.94762	8.06311	11.4806	5.86994	13.6155	11.7449	13.3446	5.71979	12.116	5.92855	17.115	8.43251	7.71443	13.9085	15.6296	10.8423	13.3944	10.0863	10.9623	12.6884	11.9061	10.2786	10.1823	6.64146	7.76163	12.2728	14.0733	8.08381	16.9759	4.58647	15.001	14.75	10.0094	14.7932	1.7317	6.18453	11.4039	
21.305	8.27666	7.68	13.8673	18.9532	13.2032	13.5638	10.2473	11.9212	12.814	2.16	15.8887	12.4656	13.5576	14.5374	11.0839	18.7888	0	19.3396	12.6534	20.3971	11.4706	1.23693	16.7106	16.2631	10.7269	15.3441	9.33236	7.07217	9.85925	20.1816	8.70039	19.9999	12.5698	18.4235	7.93881	11.2341	2.26385	24.1326	14.5612	9.37622	13.0212	7.54718	20.1832	8.34466	11.0529	8.5665	16.8469	7.56562	12.5994	12.1379	12.2273	13.1207	12.0835	15.3312	
0	17.3199	24.1895	11.7929	2.27684	9.03629	2.26385	1.67547	8.72087	11.4252	19.4139	10.3822	16.2734	9.56165	7.24597	5.07922	8.94762	19.3396	0	4.62524	4.71285	5.92891	15.4838	5.43906	10.3755	9.34735	11.7213	12.5924	13.954	9.87999	6.78524	15.1193	9.5353	11.6419	12.3881	16.6178	14.2988	13.8992	3.93548	11.9329	13.9587	9.20008	8.28049	8.45351	17.701	9.23557	19.3052	9.75037	8.83629	12.25	11.0342	7.54337	11.5862	9.62663	8.35131	
4.62524	15.8823	16.0904	7.40705	9.00445	10.0429	6.88908	8.40308	5.5012	13.6193	14.7927	12.1682	13.0472	4.93642	2.885	5.05174	8.06311	12.6534	4.62524	0	7.88713	7.78799	13.8771	6.19051	9.25479	12.8191	14.911	11.6692	15.1979	5.25476	2.16	19.753	15.2904	8.82743	8.12148	15.827	18.2554	10.3895	8.56071	8.49706	18.2455	14.7046	13.1736	13.7627	17.5654	3.99358	21.1631	5.32228	12.026	9.02382	9.12874	13.7598	6.19558	11.2529	10.9836	
7.22289	18.8201	17.4367	6.92682	4.94605	10.696	2.449	6.95863	9.42682	15.2869	17.6848	14.4067	17.5778	12.6268	7.30486	9.47161	11.4806	20.3971	4.71285	7.88713	0	12.3474	18.3448	5.62422	12.8219	8.85483	23.0113	17.4091	18.2648	10.1842	5.72713	18.1369	13.2324	11.827	11.6886	21.8469	17.5467	25.7797	8.24621	14.1273	15.8773	10.4541	8.46564	2.99883	17.9037	7.5607	16.4081	8.88941	13.7682	16.3892	13.5486	7.33931	10.6155	8.20756	5.77793	
4.4878	17.0753	21.8086	12.609	7.90911	5.08655	9.83994	2.81233	9.87891	17.3541	18.1197	11.115	6.65	12.7244	7.44883	10.6452	5.86994	11.4706	5.92891	7.78799	12.3474	0	10.2337	6.66472	9.59092	8.12632	19.5402	11.826	14.1198	13.0428	9.91249	15.5629	15.4642	11.2249	9.54594	16.5162	11.7057	13.8114	4.10122	13.203	11.8849	8.5865	10.1682	6.77213	17.0942	8.07891	18.9233	13.4406	18.4411	10.6734	15.7099	10.6779	4.13824	14.2231	7.28869	
10.6859	7.03973	9.05107	12.6304	16.9262	12.2663	12.8049	9.01042	11.616	12.055	3.39693	13	11.2287	11.3265	14.7375	12.3977	13.6155	1.23693	15.4838	13.8771	18.3448	10.2337	0	15.9516	14.1696	9.49	11.7603	8.09543	8.38603	8.62232	11.6496	7.46346	18.4547	8.79929	12.4463	6.70188	8.91929	3.50078	13.1504	14.6751	8.13929	11.0893	6.78823	12.9702	12.4877	9.81599	9.1923	12.4447	8.87948	13.8364	11.0638	10.9903	11.8838	10.8466	14.3795	
10.5101	17.3739	15.1055	14.1848	12.8641	14.2744	3.17522	9.47705	9.42823	14.4302	17.5963	15.1329	9.2774	13.035	13.6107	16.585	11.7449	16.7106	5.43906	6.19051	5.62422	6.66472	15.9516	0	11.1253	8.75622	16.9604	14.4905	13.2076	8.48759	4.03051	17.4173	20.5429	8.97731	9.99198	17.2244	9.09731	18.0159	10.7659	6.78823	8.31731	7.15691	9.16341	11.7867	22.1505	5.86408	20.2165	7.19279	14.4944	13.3379	9.94309	9.34158	10.803	15.987	13.9534	
11.1357	12.8929	11.5095	7.57457	10.2479	9.97869	16.4544	10.3078	10.0746	7.03491	15.7128	9.31997	2.94092	13.2746	12.0966	14.6229	13.3446	16.2631	10.3755	9.25479	12.8219	9.59092	14.1696	11.1253	0	13.467	8.02017	8.11694	15.5322	11.5519	7.09479	12.2098	3.18198	15.917	9.45	12.9167	9.77802	10.4369	6.44	18.2286	16.8715	5.06141	12.3017	14.2676	12.963	8.92836	10.4809	10.2571	5.13517	4.89318	15.6139	9.62917	14.8507	14.1346	10.8558	
9.71302	14.0099	14.35	12.4199	7.43618	2.77627	7.0835	9.20869	10.938	6.43204	8.82999	12.2463	3.71981	8.77627	7.29867	6.73334	5.71979	10.7269	9.34735	12.8191	8.85483	8.12632	9.49	8.75622	13.467	0	14.9633	13.1693	12.0799	9.15061	8.46685	15.0976	9.57298	4.10994	7.77817	16.1919	4.59077	13.0677	6.86391	10.9967	4.76994	1.59931	8.59117	11.4403	9.97925	15.7307	14.6371	5.30457	11.7452	11.0275	5.44077	9.2342	3.72459	3.75	10.6844	
21.5548	14.7377	15.5491	17.886	25.8207	13.6118	13.8136	20.0437	22.7027	13.0637	13.4626	14.9491	12.7532	31.9684	13.0193	15.2185	12.116	15.3441	11.7213	14.911	23.0113	19.5402	11.7603	16.9604	8.02017	14.9633	0	9.21626	20.5995	26.0242	19.8304	13.9614	6.14935	26.2736	14.5539	5.05847	17.2674	8.18677	18.6286	26.9021	14.8836	13.0309	7.79695	20.0125	20.0436	20.1998	15.6903	16.7025	2.885	8.72979	18.866	13.4658	13.8269	25.2575	14.286	
17.054	8.09765	9.67142	11.6985	17.8078	11.4703	15.6875	15.3785	11.1548	14.7923	15.0203	12.8162	5.17602	16.6056	9.67994	7.51319	5.92855	9.33236	12.5924	11.6692	17.4091	11.826	8.09543	14.4905	8.11694	13.1693	9.21626	0	14.7219	16.7178	13.643	8.08381	16.294	7.06703	10.9771	4.15779	6.5862	11.6731	16.8346	20.1662	7.3662	7.29652	12.2188	13.8616	14.1659	14.0124	9.81265	10.515	11.9393	9.19938	15.0639	9.52111	7.66025	18.942	12.9103	
14.7143	10.2542	8.22568	21.3645	13.8264	16.9977	16.3828	14.1585	17.0719	20.6534	8.10502	18.1694	18.4731	24.645	13.9124	13.4302	17.115	7.07217	13.954	15.1979	18.2648	14.1198	8.38603	13.2076	15.5322	12.0799	20.5995	14.7219	0	20.9866	17.2381	6.63807	18.7142	7.96994	17.2196	19.0662	8.45078	4.80833	10.0186	19.8114	8.62994	15.2832	16.5379	19.0739	8.94296	18.2874	7.84221	16.4311	10.1101	17.5448	14.6823	16.3752	18.2095	17.9714	14.4344	
11.9824	10.6276	13.1206	5.2641	14.681	8.70416	14.6148	15.116	6.53119	12.1392	18.0048	11.8733	17.3762	2.70416	7.11683	9.28358	8.43251	9.85925	9.87999	5.25476	10.1842	13.0428	8.62232	8.48759	11.5519	9.15061	26.0242	16.7178	20.9866	0	4.45708	13.6391	17.0853	12.9226	10.4186	15.3242	15.884	12.2	12.5034	7.9196	7.61836	16.9545	15.4105	21.894	12.3106	6.29066	13.0395	3.84604	17.2512	14.2786	4.69383	19.6126	10.4274	5.4441	15.9571	
8.88761	15.0846	23.1045	6.36365	10.2336	12.2029	7.20573	12.1862	3.63358	11.4554	12.0159	9.39149	10.0357	6.89322	5.045	10.6623	7.71443	20.1816	6.78524	2.16	5.72713	9.91249	11.6496	4.03051	7.09479	8.46685	19.8304	13.643	17.2381	4.45708	0	12.9553	10.2768	13.4977	5.96148	18.247	20.6754	12.5495	8.04627	8.85438	12.3209	11.1874	13.1939	8.72596	12.6491	1.83358	15.3389	3.16228	12.23	11.1838	9.15091	7.4175	9.44614	4.76034	11.4486	
14.4261	4.14081	1.58761	15.2399	18.0223	13.9971	18.7702	12.7506	13.6817	18.0862	7.10761	12.7933	11.4571	18.0069	12.2068	10.0401	13.9085	8.70039	15.1193	19.753	18.1369	15.5629	7.46346	17.4173	12.2098	15.0976	13.9614	8.08381	6.63807	13.6391	12.9553	0	19.0346	5.10083	11.1062	12.2416	4.62	7.28849	14.2144	15.4852	5.4	14.8097	14.2517	14.2457	2.39761	17.2794	1.72884	9.79306	16.8464	14.424	12.0245	14.8558	15.7972	11.3911	11.4666	
9.5353	21.8415	18.6176	10.7565	8.28636	6.79671	14.5836	11.2108	18.2082	4.01995	13.842	12.5019	6.1229	12.7967	13.3987	10.7538	15.6296	19.9999	9.5353	15.2904	13.2324	15.4642	18.4547	20.5429	3.18198	9.57298	6.14935	16.294	18.7142	17.0853	10.2768	19.0346	0	12.735	12.632	11.0459	13.2158	8.56613	9.62198	20.6279	13.395	13.4103	9.28672	17.9888	18.6043	16.6864	13.6629	12.3131	3.26435	7.43189	16.2367	12.1679	7.74502	17.6111	14.0283	
15.9486	9.71662	6.67931	10.4645	11.5461	6.88621	9.37804	13.3186	8.55863	10.542	12.054	10.7808	7.31794	20.1594	5.94243	8.10918	10.8423	12.5698	11.6419	8.82743	11.827	11.2249	8.79929	8.97731	15.917	4.10994	26.2736	7.06703	7.96994	12.9226	13.4977	5.10083	12.735	0	8.08154	12.6898	0.480833	10.8972	15.3261	12.7649	0.66	5.70925	10.1491	12.7457	5.86931	10.8639	8.35135	9.41451	12.6586	10.2848	3.58453	8.40525	8.09802	7.85994	11.7945	
8.9994	11.7894	10.406	14.4869	15.2144	10.5544	7.62238	9.78727	14.2219	10.4196	15.7839	13.3434	8.06787	17.6822	12.4077	17.0773	13.3944	18.4235	12.3881	8.12148	11.6886	9.54594	12.4463	9.99198	9.45	7.77817	14.5539	10.9771	17.2196	10.4186	5.96148	11.1062	12.632	8.08154	0	14.7147	8.20154	16.0379	9.90298	17.5187	7.42154	9.37749	16.1409	5.79649	11.8594	7.79505	9.37739	9.12375	14.5852	5.82409	6.16393	1.45602	11.7663	11.5282	4.84524	
17.6362	9.67923	21.4186	19.3323	20.4486	13.8759	14.0777	15.7123	22.5406	11.9098	14.8634	15.6395	9.33381	26.2611	17.9159	11.671	10.0863	7.93881	16.6178	15.827	21.8469	16.5162	6.70188	17.2244	12.9167	16.1919	5.05847	4.15779	19.0662	15.3242	18.247	12.2416	11.0459	12.6898	14.7147	0	10.744	10.2796	13.6434	21.377	12.9889	13.6586	8.06102	12.0066	16.32	16.5179	12.0912	20.203	7.78152	13.7883	19.1301	12.6167	14.0909	16.1619	9.22752	
23.252	9.78085	6.20761	10.6199	19.4689	12.1255	9.85887	17.3706	12.8612	14.3995	14.5614	10.3	6.8371	16.3199	6.42326	9.21954	10.9623	11.2341	14.2988	18.2554	17.5467	11.7057	8.91929	9.09731	9.77802	4.59077	17.2674	6.5862	8.45078	15.884	20.6754	4.62	13.2158	0.480833	8.20154	10.744	0	11.378	16.1927	17.4231	0.78	8.9576	10.2691	14.905	6.35014	15.15	6.34884	9.9386	12.7786	9.804	3.70453	8.88608	11.1772	8.44971	16.0866	
17.1171	10.6174	5.70088	16.2081	21.601	12.7771	16.621	12.5881	12.4617	17.3319	4.42385	14.123	14.8064	15.3259	10.9868	8.82001	12.6884	2.26385	13.8992	10.3895	25.7797	13.8114	3.50078	18.0159	10.4369	13.0677	8.18677	11.6731	4.80833	12.2	12.5495	7.28849	8.56613	10.8972	16.0379	10.2796	11.378	0	14.8269	18.2529	11.5572	15.4477	9.81103	15.8464	6.51088	13.3937	6.72947	16.32	5.30177	12.7364	9.87401	14.568	15.327	14.4243	13.0673	
3.93548	13.3845	15.802	13.2248	3.80789	9.55789	6.19933	4.13998	13.2284	13.4749	16.1258	15.2162	7.38509	15.7542	13.4738	9.0147	11.9061	24.1326	3.93548	8.56071	8.24621	4.10122	13.1504	10.7659	6.44	6.86391	18.6286	16.8346	10.0186	12.5034	8.04627	14.2144	9.62198	15.3261	9.90298	13.6434	16.1927	14.8269	0	17.3042	15.1738	5.2646	15.7279	7.19494	16.7655	9.87984	15.7964	11.2085	11.5752	11.0122	14.9697	7.80505	8.23946	11.3502	4.41584	
15.2247	15.2108	20.4562	5.14	19.3636	12.2468	9.96344	16.0153	2.64	13.9853	22.9792	9.25047	15.6586	6.24679	5.2562	6.28165	10.2786	14.5612	11.9329	8.49706	14.1273	13.203	14.6751	6.78823	18.2286	10.9967	26.9021	20.1662	19.8114	7.9196	8.85438	15.4852	20.6279	12.7649	17.5187	21.377	17.4231	18.2529	17.3042	0	14.8507	11.9787	15.9516	23.7831	15.0306	4.44	22.3262	5.6921	16.9568	17.5209	12.6134	20.1321	10.1331	7.29016	19.4807	
14.3036	9.05662	6.78823	11.2475	20.8064	12.3645	10.038	17.1497	15.5631	14.7559	12.3082	10.104	7.6171	16.5858	6.60243	9.99954	10.1823	9.37622	13.9587	18.2455	15.8773	11.8849	8.13929	8.31731	16.8715	4.76994	14.8836	7.3662	8.62994	7.61836	12.3209	5.4	13.395	0.66	7.42154	12.9889	0.78	11.5572	15.1738	14.8507	0	9.90919	9.48911	15.0842	6.52931	17.9553	7.81682	9.1586	11.9986	10.584	2.92453	8.87756	11.914	7.66971	12.9087	
9.96034	13.9994	13.2221	11.8387	9.03549	4.37559	8.68281	9.40457	9.33872	8.03136	10.4293	19.5751	2.1205	13.1657	11.9549	10.5099	6.64146	13.0212	9.20008	14.7046	10.4541	8.5865	11.0893	7.15691	5.06141	1.59931	13.0309	7.29652	15.2832	16.9545	11.1874	14.8097	13.4103	5.70925	9.37749	13.6586	8.9576	15.4477	5.2646	11.9787	9.90919	0	13.3963	10.245	14.0321	11.1387	14.2507	6.90389	10.1459	6.14385	7.04008	8.76539	5.58739	5.34931	9.68043	
11.7924	13.828	13.9529	15.3559	11.5649	5.81489	6.01664	12.5207	11.0632	5.26677	8.43291	12.7246	12.5865	11.8149	9.34051	7.42159	7.76163	7.54718	8.28049	13.1736	8.46564	10.1682	6.78823	9.16341	12.3017	8.59117	7.79695	12.2188	16.5379	15.4105	13.1939	14.2517	9.28672	10.1491	16.1409	8.06102	10.2691	9.81103	15.7279	15.9516	9.48911	13.3963	0	20.9313	14.6176	16.6042	14.8394	13.5599	10.6819	9.86226	11.0691	12.183	6.02993	16.1264	17.2074	
5.63527	22.4399	23.4671	9.92565	7.94488	10.6656	5.44783	3.9598	17.0095	14.7197	19.2672	22.7674	12.3655	20.2691	10.3037	14.2182	12.2728	20.1832	8.45351	13.7627	2.99883	6.77213	12.9702	11.7867	14.2676	11.4403	20.0125	13.8616	19.0739	21.894	8.72596	14.2457	17.9888	12.7457	5.79649	12.0066	14.905	15.8464	7.19494	23.7831	15.0842	10.245	20.9313	0	20.2935	14.3971	19.4069	16.7449	17.9752	9.07646	16.8811	4.34047	14.0045	9.71351	2.7791	
15.2344	4.89401	0.81	14.8906	12.9576	17.2532	15.2473	18.8327	12.3906	17.78	6.18466	12.0157	18.5196	15.0148	11.8117	16.0323	14.0733	8.34466	17.701	17.5654	17.9037	17.0942	12.4877	22.1505	12.963	9.97925	20.0436	14.1659	8.94296	12.3106	12.6491	2.39761	18.6043	5.86931	11.8594	16.32	6.35014	6.51088	16.7655	15.0306	6.52931	14.0321	14.6176	20.2935	0	14.1906	1.83859	9.48683	14.2118	20.1944	14.098	14.2746	18.7892	11.0849	17.5487	
10.6768	13.5182	15.7023	4.3	8.4	11.0596	12.1836	10.8912	1.8	19.6935	10.1823	7.55791	14.7289	5.05964	4.4162	5.44165	8.08381	11.0529	9.23557	3.99358	7.5607	8.07891	9.81599	5.86408	8.92836	15.7307	20.1998	14.0124	18.2874	6.29066	1.83358	17.2794	16.6864	10.8639	7.79505	16.5179	15.15	13.3937	9.87984	4.44	17.9553	11.1387	16.6042	14.3971	14.1906	0	16.5527	4.99585	15.0558	13.6342	11.1652	11.9381	8.23205	14.0176	11.618	
24.3762	2.41197	1.02859	18.0555	15.4396	17.4134	17.0413	14.4795	14.8727	17.5158	6.4065	8.37226	13.4219	19.7358	16.1638	11.7689	16.9759	8.5665	19.3052	21.1631	16.4081	18.9233	9.1923	20.2165	10.4809	14.6371	15.6903	9.81265	7.84221	13.0395	15.3389	1.72884	13.6629	8.35135	9.37739	12.0912	6.34884	6.72947	15.7964	22.3262	7.81682	14.2507	14.8394	19.4069	1.83859	16.5527	0	11.5219	15.6161	15.2015	15.5413	10.8334	18.6252	13.1968	13.1954	
9.75037	14.4736	10.2968	9.11014	12.7408	8.08085	12.0142	14.0358	7.31817	8.29315	14.1346	10.0944	15.4775	6.5502	4.70197	6.86872	4.58647	16.8469	9.75037	5.32228	8.88941	13.4406	12.4447	7.19279	10.2571	5.30457	16.7025	10.515	16.4311	3.84604	3.16228	9.79306	12.3131	9.41451	9.12375	20.203	9.9386	16.32	11.2085	5.6921	9.1586	6.90389	13.5599	16.7449	9.48683	4.99585	11.5219	0	14.8363	12.8886	8.53986	13.2826	6.31817	1.59806	8.53248	
8.83629	17.4607	11.0027	12.7097	11.5507	10.0611	11.1001	15.3097	12.7505	7.2843	10.2349	12.0641	8.07609	16.9624	10.1343	12.3011	15.001	7.56562	8.83629	12.026	13.7682	18.4411	8.87948	14.4944	5.13517	11.7452	2.885	11.9393	10.1101	17.2512	12.23	16.8464	3.26435	12.6586	14.5852	7.78152	12.7786	5.30177	11.5752	16.9568	11.9986	10.1459	10.6819	17.9752	14.2118	15.0558	15.6161	14.8363	0	10.0284	14.9231	17.4856	13.4449	18.4629	17.009	
12.25	15.9022	18.4373	12.4677	15.7182	13.5446	10.9024	11.3139	21.0475	4.59549	14.7594	14.2131	4.02336	13.9602	11.9088	17.3292	14.75	12.5994	12.25	9.02382	16.3892	10.6734	13.8364	13.3379	4.89318	11.0275	8.72979	9.19938	17.5448	14.2786	11.1838	14.424	7.43189	10.2848	5.82409	13.7883	9.804	12.7364	11.0122	17.5209	10.584	6.14385	9.86226	9.07646	20.1944	13.6342	15.2015	12.8886	10.0284	0	11.988	4.73599	14.4929	13.5308	6.5964	
11.0342	11.9812	9.71276	8.32301	12.877	8.21705	12.5243	13.0545	8.85995	11.8728	13.311	7.17948	14.2318	7.39799	6.24375	8.4105	10.0094	12.1379	11.0342	9.12874	13.5486	15.7099	11.0638	9.94309	15.6139	5.44077	18.866	15.0639	14.6823	4.69383	9.15091	12.0245	16.2367	3.58453	6.16393	19.1301	3.70453	9.87401	14.9697	12.6134	2.92453	7.04008	11.0691	16.8811	14.098	11.1652	15.5413	8.53986	14.9231	11.988	0	7.61995	9.42885	8.72789	11.6511	
7.54337	17.6188	18.599	16.4682	9.82021	16.7488	6.16636	8.30027	13.7381	9.33148	19.6265	18.124	8.75935	16.9977	14.3477	17.0343	14.7932	12.2273	7.54337	13.7598	7.33931	10.6779	10.9903	9.34158	9.62917	9.2342	13.4658	9.52111	16.3752	19.6126	7.4175	14.8558	12.1679	8.40525	1.45602	12.6167	8.88608	14.568	7.80505	20.1321	8.87756	8.76539	12.183	4.34047	14.2746	11.9381	10.8334	13.2826	17.4856	4.73599	7.61995	0	14.096	10.3236	3.38922	
10.0671	17.0624	19.6279	7.5017	6.69831	0.948314	11.0716	6.95057	5.92679	10.4201	12.0169	11.8099	10.7882	6.94831	3.31059	4.90538	1.7317	13.1207	11.5862	6.19558	10.6155	4.13824	11.8838	10.803	14.8507	3.72459	13.8269	7.66025	18.2095	10.4274	9.44614	15.7972	7.74502	8.09802	11.7663	14.0909	11.1772	15.327	8.23946	10.1331	11.914	5.58739	6.02993	14.0045	18.7892	8.23205	18.6252	6.31817	13.4449	14.4929	9.42885	14.096	0	7.73808	11.4269	
9.62663	14.4566	14.2254	13.05	11.1862	6.52627	10.6566	12.9587	12.46	9.89122	12.58	8.49632	22.0753	11.8431	6.30003	9.09806	6.18453	12.0835	9.62663	11.2529	8.20756	14.2231	10.8466	15.987	14.1346	3.75	25.2575	18.942	17.9714	5.4441	4.76034	11.3911	17.6111	7.85994	11.5282	16.1619	8.44971	14.4243	11.3502	7.29016	7.66971	5.34931	16.1264	9.71351	11.0849	14.0176	13.1968	1.59806	18.4629	13.5308	8.72789	10.3236	7.73808	0	6.93441	
9.11158	17.8003	13.0542	16.148	8.22372	14.1605	9.55558	6.7389	13.418	11.1919	18.0005	15.4307	10.6198	15.92	13.8686	15.2723	11.4039	15.3312	8.35131	10.9836	5.77793	7.28869	14.3795	13.9534	10.8558	10.6844	14.286	12.9103	14.4344	15.9571	11.4486	11.4666	14.0283	11.7945	4.84524	9.22752	16.0866	13.0673	4.41584	19.4807	12.9087	9.68043	17.2074	2.7791	17.5487	11.618	13.1954	8.53248	17.009	6.5964	11.6511	3.38922	11.4269	6.93441	0	

0	22.1243	15.59	9.52139	2.11873	12.1775	2.81538	4.35648	9.96284	8.78917	17.2087	11.2914	8.20377	9.54298	7.33435	17.4805	8.82259	9.13938	0	7.7788	1.35765	6.31863	7.65506	8.25	7.5249	6.72421	9.67095	12.3024	11.1282	13.8992	9.07275	16.2385	15.9693	14.5945	5.79545	24.7679	15.444	17.5136	3.1305	13.1816	14.229	11.2149	13.5474	3.50326	14.2589	5.56697	12.296	11.5232	15.7704	5.41174	14.8224	3.35261	15.5253	12.0464	5.73227	
22.1243	0	5.59821	12.2994	22.2798	10.9906	23.3492	12.7575	12.1375	14.5523	10.8552	9.3153	15.0845	7.26232	12.4102	8.49588	9.77044	5.34915	27.2239	14.0439	17.9221	21.8356	9.63947	16.5623	15.3143	12.5556	12.5838	8.1626	9.76729	9.3896	16.8668	4.94975	20.1802	2.7	18.4487	10.4742	4.0153	6.82376	13.6748	12.8057	3.44	11.5806	10.7153	20.4563	5.7739	18.3543	5.12544	12.0018	10.6073	13.5371	4.66774	15.9664	12.9904	11.5364	16.0139	
15.59	5.59821	0	12.3842	19.6061	17.993	14.2448	14.343	16.8698	20.1965	7.18088	8.17362	16.5017	13.9905	15.8702	11.8969	9.22495	11.796	15.59	16.4476	15.7869	15.2824	6.65337	11.718	15.6	12.3278	19.3281	10.1377	11.8903	15.9798	14.4589	0.64846	26.1377	7.61692	15.3632	11.8913	7.26965	12.31	18.7205	14.2146	6.92965	12.9977	6.41401	17.7937	2.66092	13.2514	2.01246	15.9241	10.4159	9.23581	9.09946	12.8534	17.785	14.7559	16.8886	
9.52139	12.2994	12.3842	0	13.8411	9.39741	9.62149	11.1626	3.05	9.93339	15.3979	16.8124	12.0984	6.20155	1.48627	6.69165	7.95856	14.2426	9.82497	5.23403	7.46298	11.9568	14.1832	5.63844	12.2172	11.7751	18.4702	19.6749	18.5481	4.07427	9.18747	11.7358	19.496	10.1162	10.2732	17.9213	9.71624	18.2618	12.9555	4.34433	9.37624	15.0828	9.03398	13.3282	14.8215	6.83	17.4248	9.61326	18.7233	18.543	7.67294	13.1776	10.0938	6.78355	8.19187	
2.11873	22.2798	19.6061	13.8411	0	11.8155	7.2803	8.56635	12.2564	15.59	14.1392	9.68052	10.2358	13.2667	14.0476	14.4412	12.5463	18.207	2.11873	11.7949	5.37374	4.36807	11.6712	9.89545	6.02993	9.72424	10.8815	16.0261	20.2728	14.1729	13.4746	17.2057	10.3574	16.4076	9.81154	18.2884	14.9805	14.5205	6.8542	16.283	17.1728	13.2053	12.0432	7.51935	14.4905	11.8092	18.8973	15.5393	22.1962	10.5271	14.3252	7.3687	13.7689	16.6181	11.1119	
12.1775	10.9906	17.993	9.39741	11.8155	0	9.90221	16.3309	6.13632	12.3603	6.50622	8.91611	8.79036	12.1714	11.9345	2.49467	3.76923	12.843	16.4851	7.93769	7.45778	7.89388	14.0386	12.3893	7.96645	2.09122	12.0825	9.62697	14.4343	9.9223	3.87221	16.4413	12.1776	15.0896	6.38205	11.3806	14.2161	13.6909	11.3587	12.4989	7.46197	6.73684	4.83239	11.455	9.99881	4.74157	18.2673	7.50883	11.5138	12.4637	10.9704	9.59235	6.13587	5.53523	13.8409	
2.81538	23.3492	14.2448	9.62149	7.2803	9.90221	0	4.45657	8.56869	8.88927	16.8111	15.0057	14.9108	15.6345	6.67892	13.4611	14.449	23.1479	5.16157	9.66217	1.45774	3.89076	17.5254	2.52676	13.4745	6.8243	10.4041	13.18	12.9041	19.1227	6.03	14.6617	11.43	20.9202	9.61832	17.811	15.809	19.4202	7.35558	14.6567	19.0771	10.32	15.1373	10.5176	14.0131	5.66706	26.3419	9.66662	21.7189	10.477	13.8479	11.5463	15.1589	16.1408	9.61246	
4.35648	12.7575	14.343	11.1626	8.56635	16.3309	4.45657	0	19.0335	10.4304	19.5588	14.0422	10.0193	13.8178	8.97554	17.4188	13.0974	14.2581	6.70188	9.95606	2.99883	7.95982	14.3569	9.59364	11.6401	8.3654	11.6352	15.1864	20.4513	21.7655	13.0969	13.7314	12.9056	10.6938	8.52361	17.7212	8.74216	21.6288	7.40531	15.0899	9.08216	5.53025	19.497	3.45068	16.3554	7.20816	16.3555	8.94074	12.8717	8.21173	10.8067	4.92525	13.7498	14.3782	2.54558	
9.96284	12.1375	16.8698	3.05	12.2564	6.13632	8.56869	19.0335	0	14.2833	16.6079	15.2635	15.9445	6.01389	4.53627	3.64165	4.91621	18.72	10.1377	2.18403	7.98932	10.621	12.3198	6.04194	14.3139	8.35864	13.2295	15.9744	13.2866	7.12427	4.98748	14.7858	21.2603	6.59068	12.7295	11.1634	6.6875	15.7629	12.4264	6.64	6.79276	13.5439	12.084	8.68942	19.3071	3.78	17.992	6.3362	22.1832	14.5088	4.62294	13.3687	8.13614	6.68221	12.5417	
8.78917	14.5523	20.1965	9.93339	15.59	12.3603	8.88927	10.4304	14.2833	0	11.0618	21.2764	3.51141	21.8146	8.44712	14.8549	15.7953	20.5529	12.0701	15.5748	7.43153	12.3925	16.7554	12.5993	7.71724	12.7981	10.1887	8.669	13.2822	11.5355	15.3898	18.4233	5.62793	15.5214	5.91973	6.91537	18.5676	15.9487	9.49583	11.3052	16.794	8.67435	12.1381	14.2565	17.9797	11.6409	19.6778	21.0263	11.0089	5.31901	13.4558	9.91829	11.3873	13.7444	12.298	
17.2087	10.8552	7.18088	15.3979	14.1392	6.50622	16.8111	19.5588	16.6079	11.0618	0	10.927	14.0745	10.5682	16.38	9.13199	7.79677	1.98	21.0757	9.8377	9.78156	14.3762	3.46432	18.6674	13.6135	4.415	7.79616	5.90001	9.27121	12.9372	9.32215	6.53242	13.4802	4.62915	14.4552	4.14638	6.36163	5.12289	19.0878	11.6939	6.02163	9.06062	7.15616	22.5852	9.61819	10.2137	12.7704	5.68553	8.70796	15.1198	8.19144	13.1798	8.45965	6.20879	12.0807	
11.2914	9.3153	8.17362	16.8124	9.68052	8.91611	15.0057	14.0422	15.2635	21.2764	10.927	0	14.1453	14.5734	16.2319	11.4108	13.3082	6.60682	11.7992	15.3286	15.4413	11.115	5.1225	16.8279	15.7104	11.0073	17.6284	12.1896	8.59561	15.2314	12.7883	7.52516	18.6542	6.72704	15.2982	15.0733	5.3	15.2966	8.16088	16.8327	5.64	18.6713	13.2907	13.5941	10.6109	13.6577	9.7634	13.8091	13.2379	16.1125	7.36456	17.4362	15.2882	15.0742	19.1034	
8.20377	15.0845	16.5017	12.0984	10.2358	8.79036	14.9108	10.0193	15.9445	3.51141	14.0745	14.1453	0	10.1514	11.1952	12.3703	11.4638	16.1378	12.5585	16.5318	10.9429	8.13588	18.0415	14.6514	4.20583	9.80857	5.23104	6.36396	14.8163	8.02409	11.0583	10.3949	6.50142	11.8266	2.40832	8.11759	20.6121	12.6964	5.98442	10.7818	10.8419	5.16294	8.6267	7.48125	9.9513	15.2342	18.4195	11.878	6.46755	1.8076	14.9804	3.86672	7.87584	12.9094	8.14761	
9.54298	7.26232	13.9905	6.20155	13.2667	12.1714	15.6345	13.8178	6.01389	21.8146	10.5682	14.5734	10.1514	0	6.50686	4.66071	3.38615	11.3892	12.9865	8.19793	16.8637	9.87731	12.2362	12.0558	10.2702	14.3937	19.2646	14.2026	16.1153	2.12728	8.51924	11.9626	19.3767	8.74	15.1666	13.992	9.51616	14.0861	6.41249	4.88499	8.68945	9.68702	17.734	11.8457	12.6265	9.79389	11.9781	4.88262	20.3815	20.5439	7.4516	15.3246	8.08649	5.40588	11.2778	
7.33435	12.4102	15.8702	1.48627	14.0476	11.9345	6.67892	8.97554	4.53627	8.44712	16.38	16.2319	11.1952	6.50686	0	8.33784	8.26388	11.7363	10.3235	7.12764	5.9767	10.6809	14.4885	4.15217	12.5226	11.3433	18.6358	15.9213	14.5295	4.37959	8.06226	13.222	14.075	10.4587	8.7869	15.3625	10.9319	16.7755	12.8192	2.85806	10.8625	9.69026	10.5203	13.0938	23.9255	8.40043	16.0631	5.82054	26.0918	17.523	10.4591	9.08526	8.60753	5.29728	6.70559	
17.4805	8.49588	11.8969	6.69165	14.4412	2.49467	13.4611	17.4188	3.64165	14.8549	9.13199	11.4108	12.3703	4.66071	8.33784	0	1.27456	9.4796	13.7793	5.82568	10.0836	10.3886	12.7935	9.68358	10.4611	4.58589	9.58785	12.1216	17.0601	5.15885	6.36688	9.85104	14.8034	5.70729	8.87672	13.2376	5.30729	14.0079	6.96666	9.88386	4.96729	7.57543	7.45816	17.3856	12.6246	7.23625	13.6213	3.38579	10.4081	10.8672	6.64544	12.7198	4.4945	3.04056	13.0552	
8.82259	9.77044	9.22495	7.95856	12.5463	3.76923	14.449	13.0974	4.91621	15.7953	7.79677	13.3082	11.4638	3.38615	8.26388	1.27456	0	10.1697	12.2661	6.2634	15.5192	9.15692	12.3327	12.2089	11.6367	5.99155	10.8624	9.16087	14.0346	3.88429	5.74785	8.57649	15.9641	6.0433	11.7203	11.9113	5.6433	14.3254	5.6921	6.64201	5.3033	6.30087	12.8193	11.1253	11.6623	12.0587	15.3642	2.11123	12.897	12.1418	5.37088	15.8089	4.70034	2.63449	8.50639	
9.13938	5.34915	11.796	14.2426	18.207	12.843	23.1479	14.2581	18.72	20.5529	1.98	6.60682	16.1378	11.3892	11.7363	9.4796	10.1697	0	19.9204	14.6997	16.1183	16.8866	1.48432	18.4726	13.1994	6.395	10.3732	8.11175	4.95743	10.9572	14.1841	8.51242	20.8382	2.64915	13.2999	6.12638	4.60077	4.7088	16.373	12.7548	3.38915	12.8302	11.2141	18.8025	8.0881	16.5505	6.12522	6.9623	9.59969	13.7967	4.61689	16.1183	11.65	6.43904	15.8149	
0	27.2239	15.59	9.82497	2.11873	16.4851	5.16157	6.70188	10.1377	12.0701	21.0757	11.7992	12.5585	12.9865	10.3235	13.7793	12.2661	19.9204	0	7.7788	1.35765	6.48679	7.65506	7.68833	8.14865	10.0052	9.67095	15.7459	19.3974	18.0581	11.1916	19.7771	19.5382	15.7941	5.79545	13.3207	15.3941	15.4309	3.1305	16.7777	15.0541	15.4816	22.0594	3.50326	24.4886	8.84794	21.016	11.5232	10.4912	13.0944	14.7606	3.35261	20.3988	14.4399	9.19239	
7.7788	14.0439	16.4476	5.23403	11.7949	7.93769	9.66217	9.95606	2.18403	15.5748	9.8377	15.3286	16.5318	8.19793	7.12764	5.82568	6.2634	14.6997	7.7788	0	7.40545	8.43699	14.7405	7.13541	15.2648	8.99483	14.9504	16.3033	15.7073	10.1044	4.4036	18.4054	15.9762	9.01135	11.5783	13.584	9.10817	16.0172	10.9093	8.82403	9.21343	10.3354	18.2491	6.50538	18.5594	3.19612	21.8509	4.15217	21.5506	15.0232	6.80698	10.1601	8.15433	4.67543	10.5473	
1.35765	17.9221	15.7869	7.46298	5.37374	7.45778	1.45774	2.99883	7.98932	7.43153	9.78156	15.4413	10.9429	16.8637	5.9767	10.0836	15.5192	16.1183	1.35765	7.40545	0	4.96099	9.01271	3.98449	12.9995	5.36656	11.4744	16.9307	17.7097	10.3563	5.4168	15.1384	12.5002	16.4354	7.15309	14.3469	11.741	16.9663	4.48814	8.83476	17.467	10.0122	8.10773	4.8609	13.2742	4.20932	20.9296	12.8808	18.8175	11.2106	14.9181	4.71026	9.41121	11.274	5.54442	
6.31863	21.8356	15.2824	11.9568	4.36807	7.89388	3.89076	7.95982	10.621	12.3925	14.3762	11.115	8.13588	9.87731	10.6809	10.3886	9.15692	16.8866	6.48679	8.43699	4.96099	0	16.2375	6.41752	9.59756	9.96117	6.51339	12.6367	16.8527	14.4425	8.64858	13.2082	7.53923	11.9248	5.72756	10.1632	12.0217	12.2734	3.46482	11.9149	12.1269	10.9731	12.7023	8.89805	10.1224	7.4411	10.7709	12.5892	7.33363	6.5862	9.95711	8.64532	14.0058	12.25	7.9884	
7.65506	9.63947	6.65337	14.1832	11.6712	14.0386	17.5254	14.3569	12.3198	16.7554	3.46432	5.1225	18.0415	12.2362	14.4885	12.7935	12.3327	1.48432	7.65506	14.7405	9.01271	16.2375	0	13.8505	15.7431	12.2361	8.93562	10.0022	3.47311	10.1089	14.7033	9.68956	22.6964	4.13347	13.4505	12.677	7.0003	6.19312	10.7856	12.8666	6.35069	14.3145	9.72979	11.1583	5.28936	17.524	4.64091	11.0667	8.11537	12.7753	7.69686	11.0077	10.1657	7.92336	16.8475	
8.25	16.5623	11.718	5.63844	9.89545	12.3893	2.52676	9.59364	6.04194	12.5993	18.6674	16.8279	14.6514	12.0558	4.15217	9.68358	12.2089	18.4726	7.68833	7.13541	3.98449	6.41752	13.8505	0	15.9254	14.9229	13.0421	17.8389	10.3774	8.53176	8.55676	12.135	14.0679	14.6108	12.2563	17.1945	15.0841	15.2706	8.66699	7.01023	15.9016	12.8468	17.9005	8.94166	15.2208	9.56928	13.7305	11.2876	20.2751	13.1149	10.6649	11.6026	12.7597	9.44945	10.8578	
7.5249	15.3143	15.6	12.2172	6.02993	7.96645	13.4745	11.6401	14.3139	7.71724	13.6135	15.7104	4.20583	10.2702	12.5226	10.4611	11.6367	13.1994	8.14865	15.2648	12.9995	9.59756	15.7431	15.9254	0	8.75449	7.92065	10.0354	13.3838	8.14297	9.89243	11.7789	4.32749	12.825	3.87	13.6613	14.7766	8.49058	10.1903	10.9007	12.3036	7.17541	6.01332	8.94293	12.6409	12.0687	15.0133	13.7479	9.15716	4.4972	14.2714	4.17229	12.0144	13.8515	6.55195	
6.72421	12.5556	12.3278	11.7751	9.72424	2.09122	6.8243	8.3654	8.35864	12.7981	4.415	11.0073	9.80857	14.3937	11.3433	4.58589	5.99155	6.395	10.0052	8.99483	5.36656	9.96117	12.2361	14.9229	8.75449	0	14.3048	7.50562	12.2552	12.1446	5.96343	8.50672	10.0864	12.5702	8.47326	8.56138	14.7266	9.53789	13.426	16.3287	9.68428	4.64562	2.74117	13.27	7.90759	5.79871	8.55605	8.04681	12.4305	10.6383	11.1492	8.7648	4.04465	7.75755	7.63028	
9.67095	12.5838	19.3281	18.4702	10.8815	12.0825	10.4041	11.6352	13.2295	10.1887	7.79616	17.6284	5.23104	19.2646	18.6358	9.58785	10.8624	10.3732	9.67095	14.9504	11.4744	6.51339	8.93562	13.0421	7.92065	14.3048	0	2.70704	10.6532	15.8511	17.9931	12.0108	8.11727	13.0224	10.2354	3.64978	15.8892	5.76	9.97821	18.4283	13.5284	9.41615	10.5095	11.207	11.5672	13.9545	9.22367	16.2479	0.820244	3.42345	10.1902	5.48257	14.0823	12.6284	14.5018	
12.3024	8.1626	10.1377	19.6749	16.0261	9.62697	13.18	15.1864	15.9744	8.669	5.90001	12.1896	6.36396	14.2026	15.9213	12.1216	9.16087	8.11175	15.7459	16.3033	16.9307	12.6367	10.0022	17.8389	10.0354	7.50562	2.70704	0	8.45237	14.388	8.75536	10.7862	11.0874	5.4626	8.27946	1.75362	7.41421	13.3455	9.17187	15.5683	6.2026	2.86	11.5761	11.7358	15.1826	13.3927	10.2902	11.6495	1.8868	6.54675	7.43034	13.9425	7.64735	13.6286	5.84466	
11.1282	9.76729	11.8903	18.5481	20.2728	14.4343	12.9041	20.4513	13.2866	13.2822	9.27121	8.59561	14.8163	16.1153	14.5295	17.0601	14.0346	4.95743	19.3974	15.7073	17.7097	16.8527	3.47311	10.3774	13.3838	12.2552	10.6532	8.45237	0	13.582	18.7036	9.81604	18.9102	10.4126	17.266	10.206	10.7282	4.89318	16.2205	16.7036	10.8335	11.3124	9.51408	19.319	6.73027	18.1418	7.37873	14.5398	10.3392	14.874	8.66367	12.9835	13.6388	14.5343	15.3631	
13.8992	9.3896	15.9798	4.07427	14.1729	9.9223	19.1227	21.7655	7.12427	11.5355	12.9372	15.2314	8.02409	2.12728	4.37959	5.15885	3.88429	10.9572	18.0581	10.1044	10.3563	14.4425	10.1089	8.53176	8.14297	12.1446	15.8511	14.388	13.582	0	11.3844	12.4608	12.4705	10.8673	10.4324	17.9522	15.3043	15.666	8.53976	2.75772	9.18759	10.1852	13.1083	20.928	16.7127	11.7004	14.1054	5.99552	18.2243	9.83168	9.25517	12.3153	8.21514	7.3873	11.0852	
9.07275	16.8668	14.4589	9.18747	13.4746	3.87221	6.03	13.0969	4.98748	15.3898	9.32215	12.7883	11.0583	8.51924	8.06226	6.36688	5.74785	14.1841	11.1916	4.4036	5.4168	8.64858	14.7033	8.55676	9.89243	5.96343	17.9931	8.75536	18.7036	11.3844	0	20.6513	19.035	12.9385	10.2543	13.9389	12.1457	17.1469	15.422	8.6267	13.0471	5.89536	16.2727	8.67881	21.4608	1.20748	16.5611	3.63662	14.072	7.77927	9.75912	5.72014	7.63878	4.15988	8.0998	
16.2385	4.94975	0.64846	11.7358	17.2057	16.4413	14.6617	13.7314	14.7858	18.4233	6.53242	7.52516	10.3949	11.9626	13.222	9.85104	8.57649	8.51242	19.7771	18.4054	15.1384	13.2082	9.68956	12.135	11.7789	8.50672	12.0108	10.7862	9.81604	12.4608	20.6513	0	13.2812	7.64975	13.5175	10.6788	8.06351	10.2358	14.2686	13.5662	7.57811	14.5801	5.76555	17.1821	3.08577	13.8999	2.66092	10.6877	13.2473	8.58735	13.9474	10.6465	13.2768	20.4095	16.277	
15.9693	20.1802	26.1377	19.496	10.3574	12.1776	11.43	12.9056	21.2603	5.62793	13.4802	18.6542	6.50142	19.3767	14.075	14.8034	15.9641	20.8382	19.5382	15.9762	12.5002	7.53923	22.6964	14.0679	4.32749	10.0864	8.11727	11.0874	18.9102	12.4705	19.035	13.2812	0	17.1525	8.19749	9.33381	18.7019	12.8181	11.0041	19.4541	18.8071	10.6865	10.3408	18.3974	12.8375	14.9803	24.8863	15.3984	9.35378	4.69383	15.8742	6.75295	12.6304	15.9217	15.5276	
14.5945	2.7	7.61692	10.1162	16.4076	15.0896	20.9202	10.6938	6.59068	15.5214	4.62915	6.72704	11.8266	8.74	10.4587	5.70729	6.0433	2.64915	15.7941	9.01135	16.4354	11.9248	4.13347	14.6108	12.825	12.5702	13.0224	5.4626	10.4126	10.8673	12.9385	7.64975	17.1525	0	9.17356	7.21622	1.08	7.35795	14.6345	10.0076	0.74	8.3226	13.937	13.8358	6.25292	16.542	5.60446	8.09024	7.3494	17.3222	1.96774	16.4454	9.07228	8.56624	15.697	
5.79545	18.4487	15.3632	10.2732	9.81154	6.38205	9.61832	8.52361	12.7295	5.91973	14.4552	15.2982	2.40832	15.1666	8.7869	8.87672	11.7203	13.2999	5.79545	11.5783	7.15309	5.72756	13.4505	12.2563	3.87	8.47326	10.2354	8.27946	17.266	10.4324	10.2543	13.5175	8.19749	9.17356	0	12.3365	8.77356	12.3606	8.39274	11.645	8.43356	5.41946	7.75194	5.07293	15.85	11.1236	15.5002	10.284	11.8602	4.21591	10.6034	4.65927	10.2584	10.5011	7.03893	
24.7679	10.4742	11.8913	17.9213	18.2884	11.3806	17.811	17.7212	11.1634	6.91537	4.14638	15.0733	8.11759	13.992	15.3625	13.2376	11.9113	6.12638	13.3207	13.584	14.3469	10.1632	12.677	17.1945	13.6613	8.56138	3.64978	1.75362	10.206	17.9522	13.9389	10.6788	9.33381	7.21622	12.3365	0	8.60497	9.26927	10.9255	14.5803	8.71023	4.61362	14.2509	13.4894	16.2683	20.1852	12.965	9.83192	3.64042	7.07323	6.54041	16.8337	9.40098	13.6872	15.5448	
15.444	4.0153	7.26965	9.71624	14.9805	14.2161	15.809	8.74216	6.6875	18.5676	6.36163	5.3	20.6121	9.51616	10.9319	5.30729	5.6433	4.60077	15.3941	9.10817	11.741	12.0217	7.0003	15.0841	14.7766	14.7266	15.8892	7.41421	10.7282	15.3043	12.1457	8.06351	18.7019	1.08	8.77356	8.60497	0	9.38063	13.4609	10.1045	0.34	13.2031	11.9854	12.1928	12.575	13.2247	7.55608	8.18706	16.0164	16.9539	2.06456	16.21	9.1691	8.16624	11.2877	
