10
5
3
3
30

6	21
10	1
47	15
18	25
31	42

29	47
34	25
27	39
46	33
33	29
28	46
44	28
33	32
35	23
40	39

70

1.79769e+308
1.79769e+308
1.79769e+308
1.79769e+308
1.79769e+308

12
15
15
20
13
14
17
19
14
16

0
0
0
0
0

0

0	11.0139	22.7484	10.1193	20.0159	21.5221	15.563	19.6332	19.2801	15.0538	20.8269	16.7438	14.2858	13.6624	13.8495	
11.0139	0	27.5728	14.8024	28.4904	13.8723	10.3632	22.6658	20.0771	7.97178	14.5282	19.7903	9.29178	9.36318	22.8638	
22.7484	27.5728	0	26.4316	12.7061	15.4204	7.87259	19.3694	16.5771	10.264	16.184	6.93767	9.39565	9.08599	14.5745	
10.1193	14.8024	26.4316	0	24.7255	12.7311	9.22204	17.4755	18.9359	6.83064	13.3871	17.5212	8.15064	8.22204	21.3989	
20.0159	28.4904	12.7061	24.7255	0	6.51605	4.83355	7.25	11.597	7.22495	7.27972	9.00967	10.0961	6.73421	6.16644	
21.5221	13.8723	15.4204	12.7311	6.51605	0	8.29191	4.44063	9.42308	5.90051	0.763675	10.3753	7.22051	7.29191	9.09914	
15.563	10.3632	7.87259	9.22204	4.83355	8.29191	0	12.0835	9.23021	2.3914	8.94782	4.17612	3.7114	1.90066	6.70188	
19.6332	22.6658	19.3694	17.4755	7.25	4.44063	12.0835	0	9.96243	6.66734	3.67696	7.80532	5.34734	14.8435	6.76	
19.2801	20.0771	16.5771	18.9359	11.597	9.42308	9.23021	9.96243	0	11.6216	8.65941	9.63945	11.7663	11.1309	5.43058	
15.0538	7.97178	10.264	6.83064	7.22495	5.90051	2.3914	6.66734	11.6216	0	6.55642	3.77799	1.32	1.3914	7.65568	
20.8269	14.5282	16.184	13.3871	7.27972	0.763675	8.94782	3.67696	8.65941	6.55642	0	8.99906	6.54107	7.94782	8.33547	
16.7438	19.7903	6.93767	17.5212	9.00967	10.3753	4.17612	7.80532	9.63945	3.77799	8.99906	0	2.45799	5.76555	8.79366	
14.2858	9.29178	9.39565	8.15064	10.0961	7.22051	3.7114	5.34734	11.7663	1.32	6.54107	2.45799	0	2.7114	6.33568	
13.6624	9.36318	9.08599	8.22204	6.73421	7.29191	1.90066	14.8435	11.1309	1.3914	7.94782	5.76555	2.7114	0	8.60254	
13.8495	22.8638	14.5745	21.3989	6.16644	9.09914	6.70188	6.76	5.43058	7.65568	8.33547	8.79366	6.33568	8.60254	0	

0	7.34259	16.5747	16.0644	6.52993	10.4072	9.65981	11.4799	12.8964	12.6297	10.4299	12.3646	9.48736	8.13929	14.8783	
7.34259	0	23.9173	23.407	13.8725	15.6469	20.0253	20.3986	26.6595	21.6333	15.0246	19.7072	25.99	15.4819	30.3507	
16.5747	23.9173	0	11.0433	12.8677	15.7233	12.0487	13.04	15.2854	8.42957	16.7677	12.4058	15.8252	10.5282	5.5	
16.0644	23.407	11.0433	0	18.3208	15.0431	13.28	16.3105	19.9142	14.888	14.4208	16.3077	18.5961	14.8005	16.5433	
6.52993	13.8725	12.8677	18.3208	0	3.87732	9.33269	4.95	17.8427	4.78743	3.9	14.1833	2.95743	9.07243	8.34841	
10.4072	15.6469	15.7233	15.0431	3.87732	0	6.71564	5.99627	9.95226	9.68555	0.622254	23.0066	6.83475	5.19511	12.2257	
9.65981	20.0253	12.0487	13.28	9.33269	6.71564	0	4.38269	6.27767	1.60801	9.7567	3.02769	3.43801	1.52053	4.53758	
11.4799	20.3986	13.04	16.3105	4.95	5.99627	4.38269	0	11.0169	5.9907	5.37401	7.41038	5.80831	5.90322	7.54	
12.8964	26.6595	15.2854	19.9142	17.8427	9.95226	6.27767	11.0169	0	6.58756	16.778	3.71576	12.9625	4.75714	10.6215	
12.6297	21.6333	8.42957	14.888	4.78743	9.68555	1.60801	5.9907	6.58756	0	14.6148	2.87179	1.83	3.12854	2.92957	
10.4299	15.0246	16.7677	14.4208	3.9	0.622254	9.7567	5.37401	16.778	14.6148	0	24.8446	6.85743	5.81737	12.2484	
12.3646	19.7072	12.4058	16.3077	14.1833	23.0066	3.02769	7.41038	3.71576	2.87179	24.8446	0	4.70179	4.54822	5.80137	
9.48736	25.99	15.8252	18.5961	2.95743	6.83475	3.43801	5.80831	12.9625	1.83	6.85743	4.70179	0	6.32043	4.75957	
8.13929	15.4819	10.5282	14.8005	9.07243	5.19511	1.52053	5.90322	4.75714	3.12854	5.81737	4.54822	6.32043	0	7.42001	
14.8783	30.3507	5.5	16.5433	8.34841	12.2257	4.53758	7.54	10.6215	2.92957	12.2484	5.80137	4.75957	7.42001	0	

0	19.3763	15.8658	3.41526	7.83592	9.71967	8.48528	11.3859	15.8693	13.1444	12.0248	15.86	13.7027	10.0729	10.456	
19.3763	0	27.7754	22.7915	24.5089	29.0959	21.3829	21.519	22.5856	22.0502	31.1449	19.1033	17.3702	22.9705	25.8838	
15.8658	27.7754	0	12.8838	16.4718	11.7488	7.38055	15.9419	15.3236	8.71156	14.054	8.67208	12.0664	8.96816	18.7177	
3.41526	22.7915	12.8838	0	11.2512	13.1349	9.44	9.98599	10.4349	14.0991	11.3474	19.6715	14.1348	11.0276	7.04074	
7.83592	24.5089	16.4718	11.2512	0	5.0082	12.4193	3.55	9.72671	7.76024	7.31337	8.02409	7.13863	12.6571	11.9534	
9.71967	29.0959	11.7488	13.1349	5.0082	0	18.205	7.11349	10.2985	12.7684	2.30517	13.0323	12.1468	19.7647	6.61183	
8.48528	21.3829	7.38055	9.44	12.4193	18.205	0	11.8895	14.5664	4.65911	18.5825	6.22064	8.87105	1.58761	16.4807	
11.3859	21.519	15.9419	9.98599	3.55	7.11349	11.8895	0	6.17671	7.23038	4.80833	7.54316	4.1488	11.4322	9.11498	
15.8693	22.5856	15.3236	10.4349	9.72671	10.2985	14.5664	6.17671	0	9.89536	7.70077	7.00071	5.21536	11.6337	3.39411	
13.1444	22.0502	8.71156	14.0991	7.76024	12.7684	4.65911	7.23038	9.89536	0	12.0387	8.07436	4.68	6.24672	13.1936	
12.0248	31.1449	14.054	11.3474	7.31337	2.30517	18.5825	4.80833	7.70077	12.0387	0	12.0416	8.95712	16.6746	4.30666	
15.86	19.1033	8.67208	19.6715	8.02409	13.0323	6.22064	7.54316	7.00071	8.07436	12.0416	0	3.39436	4.63303	10.3948	
13.7027	17.3702	12.0664	14.1348	7.13863	12.1468	8.87105	4.1488	5.21536	4.68	8.95712	3.39436	0	7.28344	8.51357	
10.0729	22.9705	8.96816	11.0276	12.6571	19.7647	1.58761	11.4322	11.6337	6.24672	16.6746	4.63303	7.28344	0	15.797	
10.456	25.8838	18.7177	7.04074	11.9534	6.61183	16.4807	9.11498	3.39411	13.1936	4.30666	10.3948	8.51357	15.797	0	

0	32.8335	29.299	20.2386	28.8491	33.4207	20.0818	24.0665	25.2275	23.8511	27.7259	27.39	26.3973	21.511	31.4516	
32.8335	0	18.5681	17.6512	25.297	20.0555	13.0667	22.8016	15.0391	10.1381	25.8254	17.3055	8.87812	11.3226	25.1133	
29.299	18.5681	0	18.4631	22.5729	20.8674	9.53212	25.732	11.5045	10.1281	17.4848	11.8741	9.68999	7.78799	21.25	
20.2386	17.6512	18.4631	0	6.67796	11.2496	17.1876	3.82796	10.2039	10.0331	10.4748	13.8714	8.77306	13.3622	11.213	
28.8491	25.297	22.5729	6.67796	0	3.96569	11.0441	2.85	9.22595	9.99624	3.4	10.6988	11.2562	12.3363	10.2073	
33.4207	20.0555	20.8674	11.2496	3.96569	0	8.2098	7.21249	8.11491	12.4374	0.565685	11.4031	11.1774	16.0638	7.37298	
20.0818	13.0667	9.53212	17.1876	11.0441	8.2098	0	14.2909	5.46065	4.08422	7.64412	7.30821	6.63049	1.74413	14.4514	
24.0665	22.8016	25.732	3.82796	2.85	7.21249	14.2909	0	6.37595	11.9526	6.25	8.20691	12.601	10.0925	10.1943	
25.2275	15.0391	11.5045	10.2039	9.22595	8.11491	5.46065	6.37595	0	5.5766	7.54923	1.83096	6.8366	3.71652	3.81838	
23.8511	10.1381	10.1281	10.0331	9.99624	12.4374	4.08422	11.9526	5.5766	0	13.1258	6.07495	1.26	2.34009	9.39498	
27.7259	25.8254	17.4848	10.4748	3.4	0.565685	7.64412	6.25	7.54923	13.1258	0	9.38018	11.7431	9.38825	6.8073	
27.39	17.3055	11.8741	13.8714	10.6988	11.4031	7.30821	8.20691	1.83096	6.07495	9.38018	0	7.33495	5.54747	5.64933	
26.3973	8.87812	9.68999	8.77306	11.2562	11.1774	6.63049	12.601	6.8366	1.26	11.7431	7.33495	0	3.60009	11.8797	
21.511	11.3226	7.78799	13.3622	12.3363	16.0638	1.74413	10.0925	3.71652	2.34009	9.38825	5.54747	3.60009	0	7.53489	
31.4516	25.1133	21.25	11.213	10.2073	7.37298	14.4514	10.1943	3.81838	9.39498	6.8073	5.64933	11.8797	7.53489	0	

0	8.56635	8.28734	18.2147	12.7334	12.4967	14.1421	17.6834	19.0457	15.3791	12.8927	18.7359	14.6739	17.8764	19.5695	
8.56635	0	16.8537	26.7811	21.2997	21.0631	19.007	25.7437	23.9106	20.244	24.0859	23.6008	22.0476	18.3159	25.8593	
8.28734	16.8537	0	11.3525	17.0945	20.7841	9.42715	12.1027	13.5577	9.26659	19.7595	11.1855	6.38659	12.6559	10.8414	
18.2147	26.7811	11.3525	0	10.4423	7.13306	8.00644	5.49229	12.137	7.84588	7.52904	9.76481	4.96588	10.0992	9.42066	
12.7334	21.2997	17.0945	10.4423	0	7.14598	11.8908	4.95	15.8535	7.86548	6.75	10.4171	10.6661	12.52	8.98	
12.4967	21.0631	20.7841	7.13306	7.14598	0	12.116	5.48715	9.49946	10.8791	0.39598	9.78842	11.5275	6.16597	7.07276	
14.1421	19.007	9.42715	8.00644	11.8908	12.116	0	4.15241	4.90355	1.23693	9.50422	4.59373	3.04056	3.73423	7.49533	
17.6834	25.7437	12.1027	5.49229	4.95	5.48715	4.15241	0	8.78176	2.91548	5.09117	5.46708	5.71612	8.79731	4.03	
19.0457	23.9106	13.5577	12.137	15.8535	9.49946	4.90355	8.78176	0	6.14048	9.10348	6.62375	7.17112	8.63778	4.75176	
15.3791	20.244	9.26659	7.84588	7.86548	10.8791	1.23693	2.91548	6.14048	0	8.00664	5.83067	2.88	4.97117	6.94548	
12.8927	24.0859	19.7595	7.52904	6.75	0.39598	9.50422	5.09117	9.10348	8.00664	0	9.39244	10.8073	5.76999	7.46874	
18.7359	23.6008	11.1855	9.76481	10.4171	9.78842	4.59373	5.46708	6.62375	5.83067	9.39244	0	4.79893	6.5892	9.2537	
14.6739	22.0476	6.38659	4.96588	10.6661	11.5275	3.04056	5.71612	7.17112	2.88	10.8073	4.79893	0	6.26929	4.45477	
17.8764	18.3159	12.6559	10.0992	12.52	6.16597	3.73423	8.79731	8.63778	4.97117	5.76999	6.5892	6.26929	0	7.54337	
19.5695	25.8593	10.8414	9.42066	8.98	7.07276	7.49533	4.03	4.75176	6.94548	7.46874	9.2537	4.45477	7.54337	0	

0	16.0644	21.9055	8.4749	20.6734	25.9386	13.0108	31.7937	21.921	18.2471	17.3788	21.5718	14.2684	15.135	25.6856	
16.0644	0	29.2745	7.58947	15.9199	25.0532	7.80646	15.6945	13.807	13.0428	12.1745	16.3675	10.4228	9.93072	24.8002	
21.9055	29.2745	0	26.5616	28.5928	22.4059	7.46048	18.7107	10.688	9.19419	27.9617	12.1313	9.30062	5.33622	16.6289	
8.4749	7.58947	26.5616	0	12.1985	14.1372	8.40983	10.6799	8.79236	9.33353	16.0485	19.0198	5.79353	9.75793	17.2107	
20.6734	15.9199	28.5928	12.1985	0	1.93866	8.11346	3.6	10.7729	7.49718	3.09831	16.6745	8.48636	10.2377	10.5076	
25.9386	25.0532	22.4059	14.1372	1.93866	0	5.52772	5.53866	13.6601	9.43584	1.15966	14.8895	11.1169	17.0697	8.56893	
13.0108	7.80646	7.46048	8.40983	8.11346	5.52772	0	7.50265	5.61513	5.23634	4.36807	8.56105	2.6163	2.12426	14.7874	
31.7937	15.6945	18.7107	10.6799	3.6	5.53866	7.50265	0	7.17295	8.42636	5.16188	15.3045	4.88636	8.85076	11.7	
21.921	13.807	10.688	8.79236	10.7729	13.6601	5.61513	7.17295	0	6.53883	12.3348	8.1316	2.99883	5.35178	5.09117	
18.2471	13.0428	9.19419	9.33353	7.49718	9.43584	5.23634	8.42636	6.53883	0	9.60441	10.6531	3.54	3.85798	9.76524	
17.3788	12.1745	27.9617	16.0485	3.09831	1.15966	4.36807	5.16188	12.3348	9.60441	0	12.9291	6.98436	6.49233	9.72858	
21.5718	16.3675	12.1313	19.0198	16.6745	14.8895	8.56105	15.3045	8.1316	10.6531	12.9291	0	10.7595	6.79512	6.32054	
14.2684	10.4228	9.30062	5.79353	8.48636	11.1169	2.6163	4.88636	2.99883	3.54	6.98436	10.7595	0	3.9644	8.09	
15.135	9.93072	5.33622	9.75793	10.2377	17.0697	2.12426	8.85076	5.35178	3.85798	6.49233	6.79512	3.9644	0	10.443	
25.6856	24.8002	16.6289	17.2107	10.5076	8.56893	14.7874	11.7	5.09117	9.76524	9.72858	6.32054	8.09	10.443	0	

0	34.4912	20.8512	17.8352	16.2808	19.179	14.4731	15.2775	26.7794	11.5457	18.9819	20.2715	13.0157	22.6137	24.6152	
34.4912	0	36.8444	29.4649	20.7593	16.8245	20.0957	17.3478	24.6128	27.5389	15.5093	31.1167	29.0089	27.3074	22.3166	
20.8512	36.8444	0	26.5374	14.0406	23.5036	12.2329	13.0373	8.58863	9.30553	23.706	6.00375	10.7755	9.81313	11.2709	
17.8352	29.4649	26.5374	0	8.56037	10.9964	14.2434	14.0329	11.956	13.2954	13.1217	12.0471	9.35384	23.2915	6.77997	
16.2808	20.7593	14.0406	8.56037	0	2.85414	7.66247	5.08061	11.5453	4.73506	4.16936	13.4609	6.20506	10.851	7.07059	
19.179	16.8245	23.5036	10.9964	2.85414	0	5.90169	2.22648	9.39248	5.95829	1.31522	9.48357	4.07039	6.8775	4.21646	
14.4731	20.0957	12.2329	14.2434	7.66247	5.90169	0	3.25812	7.18119	2.88421	4.58647	6.82807	1.41421	3.01869	3.98808	
15.2775	17.3478	13.0373	14.0329	5.08061	2.22648	3.25812	0	8.81352	3.31391	1.83848	8.4604	1.84391	4.65102	4.41778	
26.7794	24.6128	8.58863	11.956	11.5453	9.39248	7.18119	8.81352	0	11.3107	9.10348	2.58488	7.74989	4.1625	5.17602	
11.5457	27.5389	9.30553	13.2954	4.73506	5.95829	2.88421	3.31391	11.3107	0	5.57029	8.72584	1.47	5.9461	4.04387	
18.9819	15.5093	23.706	13.1217	4.16936	1.31522	4.58647	1.83848	9.10348	5.57029	0	11.6884	3.68239	6.4895	5.53167	
20.2715	31.1167	6.00375	12.0471	13.4609	9.48357	6.82807	8.4604	2.58488	8.72584	11.6884	0	7.84098	3.80938	5.26711	
13.0157	29.0089	10.7755	9.35384	6.20506	4.07039	1.41421	1.84391	7.74989	1.47	3.68239	7.84098	0	4.43291	2.57387	
22.6137	27.3074	9.81313	23.2915	10.851	6.8775	3.01869	4.65102	4.1625	5.9461	6.4895	3.80938	4.43291	0	9.0765	
24.6152	22.3166	11.2709	6.77997	7.07059	4.21646	3.98808	4.41778	5.17602	4.04387	5.53167	5.26711	2.57387	9.0765	0	

0	4.6911	21.1549	10.2567	12.7334	20.3803	19.9148	16.5334	18.5399	13.2353	20.2834	24.1702	17.8853	16.3467	27.2729	
4.6911	0	23.8631	5.56561	17.4245	25.9007	12.6842	15.2187	21.2481	15.9436	25.1035	16.9063	20.5936	10.1873	20.2047	
21.1549	23.8631	0	22.5123	27.4707	16.0677	9.73499	23.5869	6.12944	7.9196	20.1464	8.8055	12.5696	14.0563	14.9541	
10.2567	5.56561	22.5123	0	13.4531	21.3057	5.65025	9.65312	19.8973	14.5927	15.5928	9.87243	15.8908	4.62166	13.1708	
12.7334	17.4245	27.4707	13.4531	0	7.64693	9.32185	3.8	12.9274	12.5025	7.55	14.9092	7.85249	10.3504	8.74	
20.3803	25.9007	16.0677	21.3057	7.64693	0	13.7799	7.70746	15.0707	9.95711	1.76777	7.26223	11.1774	12.513	11.0757	
19.9148	12.6842	9.73499	5.65025	9.32185	13.7799	0	13.1218	3.60555	6.67943	12.0122	6.27936	9.40452	1.02859	9.57775	
16.5334	15.2187	23.5869	9.65312	3.8	7.70746	13.1218	0	13.7647	15.1603	5.9397	14.7814	10.5103	13.4892	4.94	
18.5399	21.2481	6.12944	19.8973	12.9274	15.0707	3.60555	13.7647	0	5.30457	15.6177	7.80849	9.95457	4.63414	8.82469	
13.2353	15.9436	7.9196	14.5927	12.5025	9.95711	6.67943	15.1603	5.30457	0	11.7249	10.9349	4.65	7.70802	14.0375	
20.2834	25.1035	20.1464	15.5928	7.55	1.76777	12.0122	5.9397	15.6177	11.7249	0	9.03	12.9452	13.0408	9.30794	
24.1702	16.9063	8.8055	9.87243	14.9092	7.26223	6.27936	14.7814	7.80849	10.9349	9.03	0	8.19329	5.25077	13.7999	
17.8853	20.5936	12.5696	15.8908	7.85249	11.1774	9.40452	10.5103	9.95457	4.65	12.9452	8.19329	0	10.4331	15.1462	
16.3467	10.1873	14.0563	4.62166	10.3504	12.513	1.02859	13.4892	4.63414	7.70802	13.0408	5.25077	10.4331	0	8.54916	
27.2729	20.2047	14.9541	13.1708	8.74	11.0757	9.57775	4.94	8.82469	14.0375	9.30794	13.7999	15.1462	8.54916	0	

0	19.9569	29.3577	13.2816	14.5461	36.7959	21.1904	24.5393	19.6278	13.3588	23.5663	15.6436	11.0788	13.2915	23.6512	
19.9569	0	19.4439	21.7565	12.3455	18.9195	18.9897	22.3387	20.6148	11.1581	21.3656	13.443	8.87812	11.0908	21.4505	
29.3577	19.4439	0	20.6292	16.2127	9.37513	12.0415	12.8088	9.91527	4.94975	18.8912	13.3442	7.22975	9.69316	10	
13.2816	21.7565	20.6292	0	4.92221	11.5998	9.12	12.2222	11.2196	15.6794	8.07221	22.2765	8.38955	11.0654	19.0361	
14.5461	12.3455	16.2127	4.92221	0	5.35617	8.28608	7.3	6.29743	5.74733	3.15	8.03217	3.46733	5.68002	11.3037	
36.7959	18.9195	9.37513	11.5998	5.35617	0	11.1607	3.54587	10.546	4.42538	2.20617	12.8199	6.70538	9.1688	9.65587	
21.1904	18.9897	12.0415	9.12	8.28608	11.1607	0	14.4674	13.2124	6.6888	8.95454	14.6765	4.15807	1.94538	17.8457	
24.5393	22.3387	12.8088	12.2222	7.3	3.54587	14.4674	0	11.1163	7.97125	5.75204	16.176	10.56	12.522	6.11	
19.6278	20.6148	9.91527	11.2196	6.29743	10.546	13.2124	11.1163	0	6.12066	9.44743	7.70079	8.40066	10.8641	5.00632	
13.3588	11.1581	4.94975	15.6794	5.74733	4.42538	6.6888	7.97125	6.12066	0	6.63155	6.84483	2.28	4.49269	11.127	
23.5663	21.3656	18.8912	8.07221	3.15	2.20617	8.95454	5.75204	9.44743	6.63155	0	17.0523	6.61733	10.8999	8.89116	
15.6436	13.443	13.3442	22.2765	8.03217	12.8199	14.6765	16.176	7.70079	6.84483	17.0523	0	4.56483	6.77752	10.066	
11.0788	8.87812	7.22975	8.38955	3.46733	6.70538	4.15807	10.56	8.40066	2.28	6.61733	4.56483	0	2.21269	12.5724	
13.2915	11.0908	9.69316	11.0654	5.68002	9.1688	1.94538	12.522	10.8641	4.49269	10.8999	6.77752	2.21269	0	14.785	
23.6512	21.4505	10	19.0361	11.3037	9.65587	17.8457	6.11	5.00632	11.127	8.89116	10.066	12.5724	14.785	0	

0	6.52674	25.6908	15.8114	20.8069	20.5864	31.4026	20.4715	37.3532	18.4844	18.6489	21.2884	25.6562	28.6064	32.5858	
6.52674	0	23.0335	22.3381	14.2802	22.1964	12.9472	17.672	19.0698	11.9577	20.4802	14.7616	15.1077	18.9147	14.6431	
25.6908	23.0335	0	16.647	14.9586	24.7738	7.54456	12.0838	12.58	8.53411	23.1079	8.27183	12.5529	9.73591	15.4117	
15.8114	22.3381	16.647	0	10.8519	6.58935	9.19935	4.66013	12.6833	10.3745	4.65188	8.3752	13.0499	14.1408	15.5151	
20.8069	14.2802	14.9586	10.8519	0	7.91619	11.5113	7.6	5.59771	7.63714	6.2	6.68674	4.48714	7.43739	5.6921	
20.5864	22.1964	24.7738	6.58935	7.91619	0	12.2374	9.15329	8.1484	9.75821	1.93747	12.4565	12.4033	13.237	7.07276	
31.4026	12.9472	7.54456	9.19935	11.5113	12.2374	0	4.53922	7.39447	0.989545	10.7356	7.9569	4.13955	2.19135	3.67499	
20.4715	17.672	12.0838	4.66013	7.6	9.15329	4.53922	0	13.1977	5.52876	8.27315	13.0353	8.38979	6.73056	8.39978	
37.3532	19.0698	12.58	12.6833	5.59771	8.1484	7.39447	13.1977	0	7.69176	10.0859	4.30813	8.15338	5.20312	5.00632	
18.4844	11.9577	8.53411	10.3745	7.63714	9.75821	0.989545	5.52876	7.69176	0	9.74602	9.1194	3.15	3.18089	2.68544	
18.6489	20.4802	23.1079	4.65188	6.2	1.93747	10.7356	8.27315	10.0859	9.74602	0	12.8867	10.5549	11.2996	9.01024	
21.2884	14.7616	8.27183	8.3752	6.68674	12.4565	7.9569	13.0353	4.30813	9.1194	12.8867	0	5.9694	5.76555	7.13987	
25.6562	15.1077	12.5529	13.0499	4.48714	12.4033	4.13955	8.38979	8.15338	3.15	10.5549	5.9694	0	2.95025	5.83544	
28.6064	18.9147	9.73591	14.1408	7.43739	13.237	2.19135	6.73056	5.20312	3.18089	11.2996	5.76555	2.95025	0	9.64245	
32.5858	14.6431	15.4117	15.5151	5.6921	7.07276	3.67499	8.39978	5.00632	2.68544	9.01024	7.13987	5.83544	9.64245	0	

0	10.198	21.2972	18.4677	7.50942	9.24627	10.962	13.6676	13.9148	10.691	10.6594	14.3754	5.83095	10.8095	10.7349	
10.198	0	33.5608	28.6657	17.7075	44.9111	27.4886	34.4527	34.4196	30.8733	40.3781	38.2066	16.029	22.6977	36.3266	
21.2972	33.5608	0	14.3885	9.52099	18.7247	6.06845	11.8716	16.8851	9.4494	18.9542	18.4924	13.7761	6.58275	14.9027	
18.4677	28.6657	14.3885	0	11.7725	20.8499	8.32	7.65593	19.1367	10.2215	18.4747	19.7161	15.4164	8.8343	14.1559	
7.50942	17.7075	9.52099	11.7725	0	4.68509	3.45254	7.85	13.323	6.83348	3.15	7.55626	8.10041	3.96683	3.22552	
9.24627	44.9111	18.7247	20.8499	4.68509	0	8.13763	11.2519	11.4991	8.27532	2.34759	9.33172	3.41532	8.39387	7.91062	
10.962	27.4886	6.06845	8.32	3.45254	8.13763	0	5.94657	10.8167	3.38095	6.60254	12.424	5.49285	0.514296	6.67806	
13.6676	34.4527	11.8716	7.65593	7.85	11.2519	5.94657	0	12.0866	2.56562	10.8187	10.8307	7.42562	8.00474	6.5	
13.9148	34.4196	16.8851	19.1367	13.323	11.4991	10.8167	12.0866	0	9.52103	10.7537	3.76962	8.08381	11.3309	8.10035	
10.691	30.8733	9.4494	10.2215	6.83348	8.27532	3.38095	2.56562	9.52103	0	13.3844	9.82369	4.86	3.89524	5.49295	
10.6594	40.3781	18.9542	18.4747	3.15	2.34759	6.60254	10.8187	10.7537	13.3844	0	6.98412	5.76291	13.4001	6.37552	
14.3754	38.2066	18.4924	19.7161	7.55626	9.33172	12.424	10.8307	3.76962	9.82369	6.98412	0	8.54443	12.5607	4.33074	
5.83095	16.029	13.7761	15.4164	8.10041	3.41532	5.49285	7.42562	8.08381	4.86	5.76291	8.54443	0	4.97855	10.353	
10.8095	22.6977	6.58275	8.8343	3.96683	8.39387	0.514296	8.00474	11.3309	3.89524	13.4001	12.5607	4.97855	0	9.34859	
10.7349	36.3266	14.9027	14.1559	3.22552	7.91062	6.67806	6.5	8.10035	5.49295	6.37552	4.33074	10.353	9.34859	0	

0	28.7238	14.0885	19.6061	22.8775	26.4932	18.7726	21.4158	13.7812	16.0513	24.2263	17.0013	18.1513	19.5931	16.9208	
28.7238	0	27.3322	14.0684	10.8747	15.7594	14.9341	9.57474	18.8847	13.0447	16.7165	11.7225	15.1447	16.4993	18.7818	
14.0885	27.3322	0	23.6211	22.2565	25.9662	17.1412	27.1434	13.1603	18.617	22.8347	15.6097	16.517	15.576	16.2998	
19.6061	14.0684	23.6211	0	5.7937	6.88709	7.52	4.4937	16.9647	9.85817	8.10331	13.09	9.76624	8.0451	13.726	
22.8775	10.8747	22.2565	5.7937	0	6.31622	11.2735	1.3	8.73679	6.66448	5.1	12.325	8.46437	9.70824	5.59723	
26.4932	15.7594	25.9662	6.88709	6.31622	0	11.9555	6.18466	17.928	11.5491	1.21622	8.44118	14.1702	10.3902	4.27256	
18.7726	14.9341	17.1412	7.52	11.2735	11.9555	0	8.08573	10.4849	2.72125	11.8906	6.61011	4.82125	1.56525	8.45833	
21.4158	9.57474	27.1434	4.4937	1.3	6.18466	8.08573	0	10.3963	5.36448	6.4	10.114	7.46448	8.90623	6.89723	
13.7812	18.8847	13.1603	16.9647	8.73679	17.928	10.4849	10.3963	0	8.87664	6.19589	7.16227	7.09935	8.91964	3.13955	
16.0513	13.0447	18.617	9.85817	6.66448	11.5491	2.72125	5.36448	8.87664	0	8.79342	4.74951	2.1	3.54175	5.73708	
24.2263	16.7165	22.8347	8.10331	5.1	1.21622	11.8906	6.4	6.19589	8.79342	0	7.22496	7.01614	11.6064	3.05634	
17.0013	11.7225	15.6097	13.09	12.325	8.44118	6.61011	10.114	7.16227	4.74951	7.22496	0	6.84951	5.04486	7.84215	
18.1513	15.1447	16.517	9.76624	8.46437	14.1702	4.82125	7.46448	7.09935	2.1	7.01614	6.84951	0	3.78001	3.9598	
19.5931	16.4993	15.576	8.0451	9.70824	10.3902	1.56525	8.90623	8.91964	3.54175	11.6064	5.04486	3.78001	0	7.73981	
16.9208	18.7818	16.2998	13.726	5.59723	4.27256	8.45833	6.89723	3.13955	5.73708	3.05634	7.84215	3.9598	7.73981	0	

0	12.0337	18.2321	22.6419	25.4398	26.9645	29.3208	25.73	18.7926	28.8576	27.674	21.0543	32.4081	28.0392	28.4821	
12.0337	0	30.2658	26.3102	22.2008	14.9308	25.5345	22.1875	30.3569	20.2918	15.2703	23.6455	25.3318	22.8216	30.4365	
18.2321	30.2658	0	14.8098	13.7978	14.7545	13.3624	7.49784	10.2668	12.3369	17.6802	8.005	14.2085	9.8071	10.25	
22.6419	26.3102	14.8098	0	8.98839	15.5195	13.4432	9.32026	9.06662	14.8062	13.6884	6.80485	9.76624	13.9088	21.3213	
25.4398	22.2008	13.7978	8.98839	0	5.03941	14.5006	6.3	6.64729	16.3097	4.7	8.90905	11.6258	18.056	12.3329	
26.9645	14.9308	14.7545	15.5195	5.03941	0	10.6037	7.25667	9.22085	11.6166	0.339411	8.71468	12.3809	14.1464	8.53595	
29.3208	25.5345	13.3624	13.4432	14.5006	10.6037	0	17.8603	10.5282	6.08517	10.9431	9.81389	3.67696	3.55535	7.00651	
25.73	22.1875	7.49784	9.32026	6.3	7.25667	17.8603	0	12.9473	16.6765	7.59608	14.5789	16.1342	17.3049	17.7478	
18.7926	30.3569	10.2668	9.06662	6.64729	9.22085	10.5282	12.9473	0	10.0651	8.88144	2.26177	8.46526	9.36575	11.7945	
28.8576	20.2918	12.3369	14.8062	16.3097	11.6166	6.08517	16.6765	10.0651	0	11.956	8.06311	5.04	2.52982	12.0845	
27.674	15.2703	17.6802	13.6884	4.7	0.339411	10.9431	7.59608	8.88144	11.956	0	9.05409	12.0415	15.4655	8.19654	
21.0543	23.6455	8.005	6.80485	8.90905	8.71468	9.81389	14.5789	2.26177	8.06311	9.05409	0	6.20349	7.10398	14.0563	
32.4081	25.3318	14.2085	9.76624	11.6258	12.3809	3.67696	16.1342	8.46526	5.04	12.0415	6.20349	0	7.2323	10.6835	
28.0392	22.8216	9.8071	13.9088	18.056	14.1464	3.55535	17.3049	9.36575	2.52982	15.4655	7.10398	7.2323	0	10.5619	
28.4821	30.4365	10.25	21.3213	12.3329	8.53595	7.00651	17.7478	11.7945	12.0845	8.19654	14.0563	10.6835	10.5619	0	

0	10.8099	15.958	6.19806	6.85643	15.5051	13.7181	11.8564	16.9726	11.2641	9.15643	15.3584	14.0841	18.4741	18.9757	
10.8099	0	22.5906	17.008	16.1228	17.0987	26.5846	11.6562	15.8404	20.5193	18.4228	24.3133	25.3041	26.5037	15.0086	
15.958	22.5906	0	15.431	9.10157	16.3768	7.05017	10.9343	13.3251	12.1135	11.4016	6.27058	11.1449	4.90355	16.3366	
6.19806	17.008	15.431	0	11.8238	11.8478	7.52	6.82376	10.7746	7.60685	15.0262	9.16038	10.1363	9.66663	12.7776	
6.85643	16.1228	9.10157	11.8238	0	3.55865	13.7322	5	9.18422	9.99624	2.3	15.3721	11.1159	11.9167	12.41	
15.5051	17.0987	16.3768	11.8478	3.55865	0	8.51548	5.4425	9.62672	4.24099	1.25865	11.6414	5.89919	10.8753	12.8525	
13.7181	26.5846	7.05017	7.52	13.7322	8.51548	0	11.828	7.64377	5.4363	11.7633	3.86291	2.6163	2.14663	11.576	
11.8564	11.6562	10.9343	6.82376	5	5.4425	11.828	0	4.18422	8.86305	6.70115	11.2388	11.3417	14.8475	7.41	
16.9726	15.8404	13.3251	10.7746	9.18422	9.62672	7.64377	4.18422	0	7.48081	12.3867	7.05457	10.2601	9.79039	9.41866	
11.2641	20.5193	12.1135	7.60685	9.99624	4.24099	5.4363	8.86305	7.48081	0	5.49964	7.40039	2.82	7.20999	12.8169	
9.15643	18.4228	11.4016	15.0262	2.3	1.25865	11.7633	6.70115	12.3867	5.49964	0	13.2201	7.15784	9.61665	15.6124	
15.3584	24.3133	6.27058	9.16038	15.3721	11.6414	3.86291	11.2388	7.05457	7.40039	13.2201	0	6.47921	3.60347	10.066	
14.0841	25.3041	11.1449	10.1363	11.1159	5.89919	2.6163	11.3417	10.2601	2.82	7.15784	6.47921	0	4.76292	10.2955	
18.4741	26.5037	4.90355	9.66663	11.9167	10.8753	2.14663	14.8475	9.79039	7.20999	9.61665	3.60347	4.76292	0	13.6695	
18.9757	15.0086	16.3366	12.7776	12.41	12.8525	11.576	7.41	9.41866	12.8169	15.6124	10.066	10.2955	13.6695	0	

0	11.0139	15.3796	14.0765	16.7119	12.8394	13.8636	17.9781	20.7219	20.2034	13.9137	14.0803	10.4547	11.9182	8.07886	
11.0139	0	27.409	30.0054	26.4246	31.157	24.7566	27.4344	21.2766	22.4662	20.7295	19.5375	17.7562	21.6995	19.0927	
15.3796	27.409	0	6.88478	16.6339	18.3571	5.40671	15.7685	13.0952	11.7465	18.4839	5.62341	17.1063	3.46133	17.4694	
14.0765	30.0054	6.88478	0	11.8515	10.7582	5.36883	12.6178	15.7695	11.7086	10.0015	5.58553	8.37354	3.42345	5.99767	
16.7119	26.4246	16.6339	11.8515	0	1.72325	10.3953	1.05	12.1887	6.31341	1.85	8.9469	4.82321	14.5986	6.48377	
12.8394	31.157	18.3571	10.7582	1.72325	0	14.7765	2.77325	15.1957	8.03667	1.83848	11.6196	4.81169	13.7817	4.76051	
13.8636	24.7566	5.40671	5.36883	10.3953	14.7765	0	9.67959	10.5207	4.08187	9.97357	4.10746	7.00036	1.94538	9.37624	
17.9781	27.4344	15.7685	12.6178	1.05	2.77325	9.67959	0	13.1205	5.59771	2.6163	7.8969	5.58951	10.059	8.45112	
20.7219	21.2766	13.0952	15.7695	12.1887	15.1957	10.5207	13.1205	0	8.23037	6.49358	5.22361	3.52037	7.38569	5.89625	
20.2034	22.4662	11.7465	11.7086	6.31341	8.03667	4.08187	5.59771	8.23037	0	7.68321	10.4472	4.71	6.02725	7.08588	
13.9137	20.7295	18.4839	10.0015	1.85	1.83848	9.97357	2.6163	6.49358	7.68321	0	10.5132	2.97321	13.425	5.34909	
14.0803	19.5375	5.62341	5.58553	8.9469	11.6196	4.10746	7.8969	5.22361	10.4472	10.5132	0	8.74398	2.16208	9.59785	
10.4547	17.7562	17.1063	8.37354	4.82321	4.81169	7.00036	5.58951	3.52037	4.71	2.97321	8.74398	0	8.94574	2.37588	
11.9182	21.6995	3.46133	3.42345	14.5986	13.7817	1.94538	10.059	7.38569	6.02725	13.425	2.16208	8.94574	0	9.42111	
8.07886	19.0927	17.4694	5.99767	6.48377	4.76051	9.37624	8.45112	5.89625	7.08588	5.34909	9.59785	2.37588	9.42111	0	

0	11.4218	13.4845	8.34841	16.2668	31.081	11.9182	17.3358	21.5367	20.4965	27.6537	14.8617	11.2381	9.30204	13.6604	
11.4218	0	23.3976	16.4438	23.9343	39.5905	17.811	23.6638	10.1149	22.5316	21.6608	12.5908	14.0265	18.1505	20.5518	
13.4845	23.3976	0	21.9844	12.0443	10.7731	6.06845	10.0897	10.9588	8.15727	15.3723	9.74208	6.11854	4.18244	8.54083	
8.34841	16.4438	21.9844	0	7.91835	13.193	17.2832	8.98739	21.7377	24.4977	12.5936	23.2935	12.0298	17.6505	20.1564	
16.2668	23.9343	12.0443	7.91835	0	7.5925	7.61333	4.95	8.90856	6.10704	6.15	13.8926	4.99704	6.93314	12.238	
31.081	39.5905	10.7731	13.193	7.5925	0	6.3421	4.20557	7.63732	4.8358	1.4425	12.6214	3.7258	5.66191	4.6245	
11.9182	17.811	6.06845	17.2832	7.61333	6.3421	0	5.65874	6.52782	3.7263	10.9413	5.22015	2.6163	2.6162	6.97459	
17.3358	23.6638	10.0897	8.98739	4.95	4.20557	5.65874	0	6.95397	4.15245	3.60624	11.938	3.04245	4.97855	8.83007	
21.5367	10.1149	10.9588	21.7377	8.90856	7.63732	6.52782	6.95397	0	5.02152	11.5459	4.25428	3.91152	5.84763	10.4369	
20.4965	22.5316	8.15727	24.4977	6.10704	4.8358	3.7263	4.15245	5.02152	0	7.26522	9.94082	1.11	3.0461	10.8115	
27.6537	21.6608	15.3723	12.5936	6.15	1.4425	10.9413	3.60624	11.5459	7.26522	0	13.0049	5.1683	10.2611	6.067	
14.8617	12.5908	9.74208	23.2935	13.8926	12.6214	5.22015	11.938	4.25428	9.94082	13.0049	0	7.49574	5.55964	9.91803	
11.2381	14.0265	6.11854	12.0298	4.99704	3.7258	2.6163	3.04245	3.91152	1.11	5.1683	7.49574	0	1.9361	6.2945	
9.30204	18.1505	4.18244	17.6505	6.93314	5.66191	2.6162	4.97855	5.84763	3.0461	10.2611	5.55964	1.9361	0	4.35839	
13.6604	20.5518	8.54083	20.1564	12.238	4.6245	6.97459	8.83007	10.4369	10.8115	6.067	9.91803	6.2945	4.35839	0	

0	15.0524	19.3666	3.41526	10.2636	13.862	11.7353	8.57469	27.1109	16.4808	15.042	19.143	13.6781	18.129	17.1237	
15.0524	0	19.0105	11.6372	16.1025	14.4331	19.9572	16.7966	11.0783	15.4307	15.2817	19.8561	13.9467	28.577	15.0086	
19.3666	19.0105	0	15.9514	13.0447	15.9104	7.91062	16.14	7.93221	6.13769	15.9255	16.71	10.8007	12.4031	9.25	
3.41526	11.6372	15.9514	0	6.8483	8.5177	8.32	5.15943	13.1313	10.0929	7.8983	14.0687	10.2628	11.7412	10.643	
10.2636	16.1025	13.0447	6.8483	0	1.6694	8.03702	4.75	6.29743	10.6499	1.05	13.6593	8.3448	15.9215	3.79473	
13.862	14.4331	15.9104	8.5177	1.6694	0	6.91535	3.62833	7.96683	9.77272	0.848528	12.5377	6.6754	17.5909	5.46413	
11.7353	19.9572	7.91062	8.32	8.03702	6.91535	0	3.28702	6.12541	1.77294	8.09535	7.83023	4.73762	3.42118	10.177	
8.57469	16.7966	16.14	5.15943	4.75	3.62833	3.28702	0	11.0474	5.05996	4.47686	8.90932	8.02464	6.7082	6.89	
27.1109	11.0783	7.93221	13.1313	6.29743	7.96683	6.12541	11.0474	0	4.35247	7.34743	8.77782	2.86845	12.6376	9.33381	
16.4808	15.4307	6.13769	10.0929	10.6499	9.77272	1.77294	5.05996	4.35247	0	10.6212	9.60317	4.95	5.19412	12.3286	
15.042	15.2817	15.9255	7.8983	1.05	0.848528	8.09535	4.47686	7.34743	10.6212	0	13.7176	7.52392	16.9715	4.84473	
19.143	19.8561	16.71	14.0687	13.6593	12.5377	7.83023	8.90932	8.77782	9.60317	13.7176	0	11.6463	11.2514	14.1627	
13.6781	13.9467	10.8007	10.2628	8.3448	6.6754	4.73762	8.02464	2.86845	4.95	7.52392	11.6463	0	8.1588	12.2023	
18.129	28.577	12.4031	11.7412	15.9215	17.5909	3.42118	6.7082	12.6376	5.19412	16.9715	11.2514	8.1588	0	19.7163	
17.1237	15.0086	9.25	10.643	3.79473	5.46413	10.177	6.89	9.33381	12.3286	4.84473	14.1627	12.2023	19.7163	0	

0	12.9021	11.9537	5.81859	20.4503	22.0524	11.4487	20.4431	19.6278	16.8408	28.2431	12.6512	16.5432	8.42998	21.3537	
12.9021	0	13.2186	7.0835	16.6246	17.3298	14.7635	14.154	22.7217	16.7196	15.0246	21.4784	17.1042	24.7143	28.6392	
11.9537	13.2186	0	6.13514	18.2564	20.362	10.6608	20.3211	23.3973	17.1573	18.9068	12.7489	12.9942	13.6795	20.5	
5.81859	7.0835	6.13514	0	14.71	16.2339	7.68	13.5878	14.4225	11.0222	18.539	9.76806	10.0135	10.6987	15.6134	
20.4503	16.6246	18.2564	14.71	0	1.34629	5.29088	2.65	9.34625	5.21562	1.6	9.68364	2.95743	10.6143	6.81823	
22.0524	17.3298	20.362	16.2339	1.34629	0	8.94187	3.71938	17.6257	14.5669	2.30517	11.7893	4.30372	12.7199	15.8611	
11.4487	14.7635	10.6608	7.68	5.29088	8.94187	0	5.28371	8.22715	6.68345	9.19558	2.08806	2.33345	3.01869	6.19426	
20.4431	14.154	20.3211	13.5878	2.65	3.71938	5.28371	0	5.96599	2.56562	1.41421	11.2915	2.95025	11.0635	6.81106	
19.6278	22.7217	23.3973	14.4225	9.34625	17.6257	8.22715	5.96599	0	3.40037	9.9819	6.13909	6.38882	10.3603	10.2496	
16.8408	16.7196	17.1573	11.0222	5.21562	14.5669	6.68345	2.56562	3.40037	0	3.97983	8.72584	4.35	9.80306	8.2108	
28.2431	15.0246	18.9068	18.539	1.6	2.30517	9.19558	1.41421	9.9819	3.97983	0	18.3032	4.36447	21.4048	13.6146	
12.6512	21.4784	12.7489	9.76806	9.68364	11.7893	2.08806	11.2915	6.13909	8.72584	18.3032	0	4.42151	4.22121	8.42738	
16.5432	17.1042	12.9942	10.0135	2.95743	4.30372	2.33345	2.95025	6.38882	4.35	4.36447	4.42151	0	5.35214	3.8608	
8.42998	24.7143	13.6795	10.6987	10.6143	12.7199	3.01869	11.0635	10.3603	9.80306	21.4048	4.22121	5.35214	0	11.974	
21.3537	28.6392	20.5	15.6134	6.81823	15.8611	6.19426	6.81106	10.2496	8.2108	13.6146	8.42738	3.8608	11.974	0	

0	21.6198	17.329	15.3054	11.7539	14.5524	15.0658	17.7344	19.6779	10.7009	13.9867	13.4836	9.62107	11.9658	14.0758	
21.6198	0	18.9794	23.164	22.3339	27.3732	17.582	19.6615	17.3399	15.9176	23.0673	17.3666	19.5483	14.6527	22.1961	
17.329	18.9794	0	19.1295	14.4387	26.4164	7.25591	9.33545	17.4088	5.59157	12.7412	7.62126	7.70795	4.32666	11.87	
15.3054	23.164	19.1295	0	12.4125	19.7497	8.96	12.3993	5.82409	13.1367	17.3952	9.16038	11.4215	11.8892	15.8763	
11.7539	22.3339	14.4387	12.4125	0	4.86569	3.45254	8.04767	11.8603	8.94362	4.3	4.96729	6.73071	6.38178	4.83828	
14.5524	27.3732	26.4164	19.7497	4.86569	0	12.2067	4.31335	12.6774	19.361	0.565685	11.4031	15.8855	8.98026	7.09513	
15.0658	17.582	7.25591	8.96	3.45254	12.2067	0	6.10447	10.0251	4.19416	7.75254	3.13209	5.44472	2.92925	8.29082	
17.7344	19.6615	9.33545	12.3993	8.04767	4.31335	6.10447	0	6.5752	6.2737	3.74767	8.30339	11.5492	5.00879	10.2771	
19.6779	17.3399	17.4088	5.82409	11.8603	12.6774	10.0251	6.5752	0	8.97697	10.3229	6.89301	10.7556	10.1876	12.7279	
10.7009	15.9176	5.59157	13.1367	8.94362	19.361	4.19416	6.2737	8.97697	0	9.67948	3.97633	2.88	1.26491	7.33477	
13.9867	23.0673	12.7412	17.3952	4.3	0.565685	7.75254	3.74767	10.3229	9.67948	0	9.26729	10.9842	8.41457	6.52945	
13.4836	17.3666	7.62126	9.16038	4.96729	11.4031	3.13209	8.30339	6.89301	3.97633	9.26729	0	3.86255	3.2946	8.31732	
9.62107	19.5483	7.70795	11.4215	6.73071	15.8855	5.44472	11.5492	10.7556	2.88	10.9842	3.86255	0	4.14491	4.45477	
11.9658	14.6527	4.32666	11.8892	6.38178	8.98026	2.92925	5.00879	10.1876	1.26491	8.41457	3.2946	4.14491	0	7.54337	
14.0758	22.1961	11.87	15.8763	4.83828	7.09513	8.29082	10.2771	12.7279	7.33477	6.52945	8.31732	4.45477	7.54337	0	

0	8.36239	12.0166	9.36034	15.6718	22.511	16.4003	20.4718	16.5236	15.4881	20.7718	20.0925	17.2881	19.2883	23.7666	
8.36239	0	9.49442	17.7227	24.0342	27.1177	24.4195	21.366	14.0014	23.8505	31.0022	19.2338	24.7043	29.974	21.2444	
12.0166	9.49442	0	21.377	15.4709	14.7578	14.9251	11.8716	4.50694	8.04332	15.6399	8.76122	17.6986	16.9152	11.75	
9.36034	17.7227	21.377	0	14.1177	11.7778	7.04	17.9748	22.1833	12.4	15.1209	21.4476	15.3839	9.0301	15.6274	
15.6718	24.0342	15.4709	14.1177	0	6.83916	7.0777	4.8	9.98577	12.4377	5.1	5.73149	11.4964	9.0678	8.98988	
22.511	27.1177	14.7578	11.7778	6.83916	0	4.73782	2.88617	12.7559	6.45725	2.05061	12.5707	4.65725	6.72792	5.94049	
16.4003	24.4195	14.9251	7.04	7.0777	4.73782	0	7.62399	8.89642	5.36004	6.78843	12.8092	7.16004	1.9901	7.68954	
20.4718	21.366	11.8716	17.9748	4.8	2.88617	7.62399	0	16.3384	12.1057	4.93678	10.5315	7.54343	13.7594	8.06	
16.5236	14.0014	4.50694	22.1833	9.98577	12.7559	8.89642	16.3384	0	3.53638	13.814	4.25428	5.33638	8.9755	15.1038	
15.4881	23.8505	8.04332	12.4	12.4377	6.45725	5.36004	12.1057	3.53638	0	9.67902	7.79066	1.8	5.43912	9.6206	
20.7718	31.0022	15.6399	15.1209	5.1	2.05061	6.78843	4.93678	13.814	9.67902	0	10.8315	6.70786	9.58932	3.88988	
20.0925	19.2338	8.76122	21.4476	5.73149	12.5707	12.8092	10.5315	4.25428	7.79066	10.8315	0	7.9592	14.8257	15.5673	
17.2881	24.7043	17.6986	15.3839	11.4964	4.65725	7.16004	7.54343	5.33638	1.8	6.70786	7.9592	0	7.23912	7.8206	
19.2883	29.974	16.9152	9.0301	9.0678	6.72792	1.9901	13.7594	8.9755	5.43912	9.58932	14.8257	7.23912	0	5.69944	
23.7666	21.2444	11.75	15.6274	8.98988	5.94049	7.68954	8.06	15.1038	9.6206	3.88988	15.5673	7.8206	5.69944	0	

0	15.4319	24.2619	7.0835	14.5738	14.716	17.7505	11.9101	8.76986	12.3905	22.6451	18.2477	17.1808	14.5409	16.7849	
15.4319	0	18.9888	8.34841	15.8387	26.5611	18.0182	13.175	20.8702	20.2918	29.949	28.4614	15.8262	21.871	18.4001	
24.2619	18.9888	0	17.0106	12.24	14.5754	11.7055	12.184	18.9505	12.2459	14.14	9.47258	13.3239	10.0955	10.75	
7.0835	8.34841	17.0106	0	7.49033	7.21796	12.16	4.82656	12.5218	14.9873	9.39033	20.199	10.0973	13.5226	11.3266	
14.5738	15.8387	12.24	7.49033	0	2.91823	5.1788	5.75	7.17207	10.5388	1.9	10.8108	7.37083	6.78877	10.6303	
14.716	26.5611	14.5754	7.21796	2.91823	0	11.6293	2.3914	5.94613	6.26929	1.01823	9.92901	9.10257	8.41964	6.52871	
17.7505	18.0182	11.7055	12.16	5.1788	11.6293	0	10.9288	12.3509	3.76032	7.0788	8.03904	2.19203	1.60997	4.7659	
11.9101	13.175	12.184	4.82656	5.75	2.3914	10.9288	0	8.33753	8.66069	3.40964	15.3956	9.07387	12.0318	6.5	
8.76986	20.8702	18.9505	12.5218	7.17207	5.94613	12.3509	8.33753	0	12.2154	6.96437	9.47789	13.9441	16.7039	11.3703	
12.3905	20.2918	12.2459	14.9873	10.5388	6.26929	3.76032	8.66069	12.2154	0	7.28752	11.3135	4.89	2.15035	4.39436	
22.6451	29.949	14.14	9.39033	1.9	1.01823	7.0788	3.40964	6.96437	7.28752	0	8.91078	9.95645	7.69332	7.54694	
18.2477	28.4614	9.47258	20.199	10.8108	9.92901	8.03904	15.3956	9.47789	11.3135	8.91078	0	10.2311	9.16311	8.89557	
17.1808	15.8262	13.3239	10.0973	7.37083	9.10257	2.19203	9.07387	13.9441	4.89	9.95645	10.2311	0	3.802	2.57387	
14.5409	21.871	10.0955	13.5226	6.78877	8.41964	1.60997	12.0318	16.7039	2.15035	7.69332	9.16311	3.802	0	5.53181	
16.7849	18.4001	10.75	11.3266	10.6303	6.52871	4.7659	6.5	11.3703	4.39436	7.54694	8.89557	2.57387	5.53181	0	

0	19.3763	14.9423	9.73982	13.6442	7.28975	16.1398	6.0849	13.2359	10.8663	8.05343	15.3992	14.2756	12.7323	17.2649	
19.3763	0	27.0163	15.8331	25.5998	17.9877	23.08	18.8659	12.0416	16.1789	17.1484	9.55165	25.8212	20.3666	21.4904	
14.9423	27.0163	0	10.3363	16.5801	11.3817	3.93629	8.74118	17.0172	3.9598	10.9252	10.587	7.3198	4.40587	9.8766	
9.73982	15.8331	10.3363	0	12.9956	6.64112	6.4	10.0221	9.67405	12.0074	7.4048	6.2814	9.43518	6.86957	12.3403	
13.6442	25.5998	16.5801	12.9956	0	3.16368	9.38891	5.0163	7.50683	13.4814	2.4	16.0482	13.3404	11.797	13.4713	
7.28975	17.9877	11.3817	6.64112	3.16368	0	5.91207	3.37997	5.8705	8.16233	0.763675	9.33879	6.98588	5.4425	14.5172	
16.1398	23.08	3.93629	6.4	9.38891	5.91207	0	9.6052	8.79457	5.60742	6.98891	12.2346	8.96742	0.469574	5.9403	
6.0849	18.8659	8.74118	10.0221	5.0163	3.37997	9.6052	0	7.72312	4.78138	2.6163	9.31429	8.14138	8.82345	11.18	
13.2359	12.0416	17.0172	9.67405	7.50683	5.8705	8.79457	7.72312	0	10.0199	5.10683	3.39265	12.932	8.325	10.6915	
10.8663	16.1789	3.9598	12.0074	13.4814	8.16233	5.60742	4.78138	10.0199	0	7.39768	6.62722	3.36	6.077	11.5477	
8.05343	17.1484	10.9252	7.4048	2.4	0.763675	6.98891	2.6163	5.10683	7.39768	0	8.49948	7.74955	6.20617	12.9292	
15.3992	9.55165	10.587	6.2814	16.0482	9.33879	12.2346	9.31429	3.39265	6.62722	8.49948	0	9.98722	11.7177	11.9388	
14.2756	25.8212	7.3198	9.43518	13.3404	6.98588	8.96742	8.14138	12.932	3.36	7.74955	9.98722	0	12.4284	10.4935	
12.7323	20.3666	4.40587	6.86957	11.797	5.4425	0.469574	8.82345	8.325	6.077	6.20617	11.7177	12.4284	0	6.40988	
17.2649	21.4904	9.8766	12.3403	13.4713	14.5172	5.9403	11.18	10.6915	11.5477	12.9292	11.9388	10.4935	6.40988	0	

0	15.0931	27.6797	5.05964	14.9241	12.1927	15.1654	11.5572	16.3549	10.0274	13.6038	26.827	9.62107	17.8265	8.46357	
15.0931	0	38.7689	13.914	25.7796	21.0471	21.4733	30.8057	16.8582	18.8818	25.0785	23.4281	23.7686	20.1288	23.5567	
27.6797	38.7689	0	21.452	18.8336	14.3189	14.3809	13.4336	15.8179	21.0139	15.9735	12.2743	15.3697	12.5473	24.7903	
5.05964	13.914	21.452	0	15.8032	7.13306	8.84346	12.548	18.8436	4.96774	8.78769	17.8521	7.96774	16.2254	10.9523	
14.9241	25.7796	18.8336	15.8032	0	7.80463	12.1619	5.4	8.92136	8.30298	6.15	15.4913	5.30298	12.1919	10.2458	
12.1927	21.0471	14.3189	7.13306	7.80463	0	4.96343	9.07925	9.57853	8.83915	1.65463	8.09552	11.8224	6.797	6.79483	
15.1654	21.4733	14.3809	8.84346	12.1619	4.96343	0	8.79504	4.61511	3.87572	6.61806	3.13209	6.85894	1.83358	6.70188	
11.5572	30.8057	13.4336	12.548	5.4	9.07925	8.79504	0	8.84646	4.9361	7.42462	19.142	1.9361	10.1415	8.66776	
16.3549	16.8582	15.8179	18.8436	8.92136	9.57853	4.61511	8.84646	0	8.49082	11.604	6.5699	6.91035	3.27054	7.89131	
10.0274	18.8818	21.0139	4.96774	8.30298	8.83915	3.87572	4.9361	8.49082	0	10.8646	7.00781	3	5.7093	9.73166	
13.6038	25.0785	15.9735	8.78769	6.15	1.65463	6.61806	7.42462	11.604	10.8646	0	10.121	9.36073	8.82248	5.1402	
26.827	23.4281	12.2743	17.8521	15.4913	8.09552	3.13209	19.142	6.5699	7.00781	10.121	0	9.99103	4.96567	9.83397	
9.62107	23.7686	15.3697	7.96774	5.30298	11.8224	6.85894	1.9361	6.91035	3	9.36073	9.99103	0	8.20539	6.73166	
17.8265	20.1288	12.5473	16.2254	12.1919	6.797	1.83358	10.1415	3.27054	5.7093	8.82248	4.96567	8.20539	0	8.53546	
8.46357	23.5567	24.7903	10.9523	10.2458	6.79483	6.70188	8.66776	7.89131	9.73166	5.1402	9.83397	6.73166	8.53546	0	

0	27.7387	12.431	17.7088	26.444	23.3828	26.5872	20.744	26.4449	27.4531	22.248	27.1309	25.8197	27.2133	33.354	
27.7387	0	20.1756	20.8491	28.8511	29.1938	15.6373	24.1704	18.3032	16.5182	24.5202	15.4303	12.7382	22.3484	26.2015	
12.431	20.1756	0	17.1784	15.317	11.9383	23.5764	17.0295	14.6025	18.0029	9.81702	16.3796	23.7719	19.0623	18.1525	
17.7088	20.8491	17.1784	0	21.0761	18.6935	10.8964	16.8098	8.73613	11.8909	14.9531	9.4221	8.11094	10.2703	13.7528	
26.444	28.8511	15.317	21.0761	0	2.85414	19.012	5.49292	11.717	11.8893	4.97546	11.654	14.3461	17.4196	7.75067	
23.3828	29.1938	11.9383	18.6935	2.85414	0	9.90101	2.63879	8.33833	9.03515	2.12132	9.22727	12.8152	17.5469	4.89653	
26.5872	15.6373	23.5764	10.8964	19.012	9.90101	0	10.7785	4.26622	0.865852	13.7594	5.59122	2.89914	0.626099	9.8987	
20.744	24.1704	17.0295	16.8098	5.49292	2.63879	10.7785	0	13.313	9.91262	4.76011	14.1243	11.4322	19.7157	7.53532	
26.4449	18.3032	14.6025	8.73613	11.717	8.33833	4.26622	13.313	0	3.40037	6.21701	1.7771	4.46919	4.45982	6.10784	
27.4531	16.5182	18.0029	11.8909	11.8893	9.03515	0.865852	9.91262	3.40037	0	9.61738	5.17747	3.76499	1.49195	9.03285	
22.248	24.5202	9.81702	14.9531	4.97546	2.12132	13.7594	4.76011	6.21701	9.61738	0	7.99411	16.3527	10.6768	7.01785	
