10
5
3
3
40

6	21
10	1
47	15
18	25
31	42

29	47
34	25
27	39
46	33
33	29
28	46
44	28
33	32
35	23
40	39

70

1.79769e+308
1.79769e+308
1.79769e+308
1.79769e+308
1.79769e+308

12
15
15
20
13
14
17
19
14
16

0
0
0
0
0

0

0	21.008	20.2901	10.4988	20.7046	13.191	23.1388	17.0387	19.3157	25.87	12.6546	34.3219	15.9252	25.9043	30.0035	
21.008	0	13.6511	23.0214	22.1113	31.4815	10.1294	28.0113	21.4126	17.6096	30.1613	11.3836	23.4304	9.32446	12.5879	
20.2901	13.6511	0	19.0365	13.1289	8.63955	5.13165	12.0195	9.0107	7.53701	7.63546	4.0025	10.906	4.32666	10.6613	
10.4988	23.0214	19.0365	0	14.0552	14.7522	12.64	8.15523	25.1873	14.4542	12.5393	17.4646	18.3676	13.445	16.9048	
20.7046	22.1113	13.1289	14.0552	0	9.05409	6.73244	5.9	14.3008	4.33743	6.22797	12.7894	2.95743	7.53743	10.9973	
13.191	31.4815	8.63955	14.7522	9.05409	0	16.0183	5.38815	7.66517	16.7749	1.00409	17.7814	4.27463	16.8233	20.2832	
23.1388	10.1294	5.13165	12.64	6.73244	16.0183	0	12.4265	12.5473	1.81417	8.9981	2.86411	3.19417	0.804984	4.26483	
17.0387	28.0113	12.0195	8.15523	5.9	5.38815	12.4265	0	11.0451	10.6123	4.38406	14.1468	7.6546	14.4226	17.0945	
19.3157	21.4126	9.0107	25.1873	14.3008	7.66517	12.5473	11.0451	0	8.54272	6.66108	5.0082	9.93162	7.06733	8.82469	
25.87	17.6096	7.53701	14.4542	4.33743	16.7749	1.81417	10.6123	8.54272	0	4.65054	3.53452	1.38	2.61915	6.079	
12.6546	30.1613	7.63546	12.5393	6.22797	1.00409	8.9981	4.38406	6.66108	4.65054	0	11.638	3.27054	11.9621	15.4858	
34.3219	11.3836	4.0025	17.4646	12.7894	17.7814	2.86411	14.1468	5.0082	3.53452	11.638	0	4.91452	2.05913	9.36376	
15.9252	23.4304	10.906	18.3676	2.95743	4.27463	3.19417	7.6546	9.93162	1.38	3.27054	4.91452	0	6.53255	9.9924	
25.9043	9.32446	4.32666	13.445	7.53743	16.8233	0.804984	14.4226	7.06733	2.61915	11.9621	2.05913	6.53255	0	5.06982	
30.0035	12.5879	10.6613	16.9048	10.9973	20.2832	4.26483	17.0945	8.82469	6.079	15.4858	9.36376	9.9924	5.06982	0	

0	11.6258	23.4693	3.28877	20.6235	9.43796	18.691	15.1055	23.3819	14.3617	26.6005	24.9653	17.0617	16.2591	26.4971	
11.6258	0	27.9499	14.9145	19.3474	22.8477	20.3907	22.3974	29.9956	18.8424	22.6974	29.4459	21.5424	18.9819	27.7907	
23.4693	27.9499	0	22.5605	17.7885	29.9437	6.56049	10.7867	15.3546	9.10754	23.5759	11.885	10.2374	7.96921	16.4338	
3.28877	14.9145	22.5605	0	9.64954	6.14919	16	11.8168	17.595	17.6505	6.71487	21.3246	19.677	17.4087	21.3068	
20.6235	19.3474	17.7885	9.64954	0	3.50036	7.27617	3.05	8.82821	8.68094	3.35	18.9775	11.3809	10.5783	8.44328	
9.43796	22.8477	29.9437	6.14919	3.50036	0	11.8951	4.45477	13.4472	12.1813	0.565685	25.0826	13.3505	22.7335	11.9436	
18.691	20.3907	6.56049	16	7.27617	11.8951	0	4.22617	8.2404	3.30609	8.11526	5.32456	3.67696	1.40872	9.31967	
15.1055	22.3974	10.7867	11.8168	3.05	4.45477	4.22617	0	5.77821	8.55543	3.88909	9.55072	7.90312	5.63489	9.49	
23.3819	29.9956	15.3546	17.595	8.82821	13.4472	8.2404	5.77821	0	7.26344	9.6673	8.1316	4.56344	7.60589	10.2062	
14.3617	18.8424	9.10754	17.6505	8.68094	12.1813	3.30609	8.55543	7.26344	0	12.0309	9.65382	2.7	1.89737	8.34271	
26.6005	22.6974	23.5759	6.71487	3.35	0.565685	8.11526	3.88909	9.6673	12.0309	0	20.2758	12.7848	15.8273	11.7933	
24.9653	29.4459	11.885	21.3246	18.9775	25.0826	5.32456	9.55072	8.1316	9.65382	20.2758	0	7.49101	6.73328	10.5342	
17.0617	21.5424	10.2374	19.677	11.3809	13.3505	3.67696	7.90312	4.56344	2.7	12.7848	7.49101	0	3.04245	5.64271	
16.2591	18.9819	7.96921	17.4087	10.5783	22.7335	1.40872	5.63489	7.60589	1.89737	15.8273	6.73328	3.04245	0	8.68516	
26.4971	27.7907	16.4338	21.3068	8.44328	11.9436	9.31967	9.49	10.2062	8.34271	11.7933	10.5342	5.64271	8.68516	0	

0	10.8099	9.94481	16.4438	18.3348	16.4798	11.8959	19.3082	14.1747	13.0956	15.9848	20.8452	24.7815	10.7555	25.8422	
10.8099	0	20.7547	25.0917	20.4348	29.144	16.2917	18.3169	21.2171	22.4352	21.6403	13.8933	22.7971	17.4321	21.4369	
9.94481	20.7547	0	15.3605	10.7035	20.8916	6.56049	15.4677	13.3705	12.2914	13.1126	20.041	13.0659	7.70088	17.3749	
16.4438	25.0917	15.3605	0	12.943	25.9117	8.8	11.151	12.149	11.0699	14.4744	17.0121	15.3054	8.72979	14.271	
18.3348	20.4348	10.7035	12.943	0	2.84497	4.14304	2.6	9.23312	9.26082	2.35	9.68696	8.03953	5.28344	5.72	
16.4798	29.144	20.8916	25.9117	2.84497	0	7.04707	3.81838	7.37809	7.40579	0.494975	13.2591	16.9982	20.4104	7.75284	
11.8959	16.2917	6.56049	8.8	4.14304	7.04707	0	6.74304	4.55959	3.48048	6.49304	11.2301	6.50538	1.14039	10.8144	
19.3082	18.3169	15.4677	11.151	2.6	3.81838	6.74304	0	10.2065	8.79953	3.3234	7.08696	5.43953	11.553	3.12	
14.1747	21.2171	13.3705	12.149	9.23312	7.37809	4.55959	10.2065	0	5.75928	6.88312	7.32382	12.6473	3.4192	10.4369	
13.0956	22.4352	12.2914	11.0699	9.26082	7.40579	3.48048	8.79953	5.75928	0	6.91082	12.4298	3.36	2.34009	10.9859	
15.9848	21.6403	13.1126	14.4744	2.35	0.494975	6.49304	3.3234	6.88312	6.91082	0	10.4104	8.76293	7.69249	6.4434	
20.8452	13.8933	20.041	17.0121	9.68696	13.2591	11.2301	7.08696	7.32382	12.4298	10.4104	0	12.5265	10.0897	10.207	
24.7815	22.7971	13.0659	15.3054	8.03953	16.9982	6.50538	5.43953	12.6473	3.36	8.76293	12.5265	0	5.70009	8.55953	
10.7555	17.4321	7.70088	8.72979	5.28344	20.4104	1.14039	11.553	3.4192	2.34009	7.69249	10.0897	5.70009	0	11.9548	
25.8422	21.4369	17.3749	14.271	5.72	7.75284	10.8144	3.12	10.4369	10.9859	6.4434	10.207	8.55953	11.9548	0	

0	20.871	19.9879	15.0524	15.7061	16.9027	13.2822	19.6321	21.3038	12.3111	15.3188	17.8413	27.0882	11.0462	20.5979	
20.871	0	23.3611	5.81859	18.1507	16.6412	16.6986	22.4248	13.807	14.8881	16.2853	18.8844	10.8081	15.2331	12.3378	
19.9879	23.3611	0	14.3767	13.6017	12.116	7.26685	12.7985	10.8167	4.75176	13.6999	9.50126	8.83176	6.01667	19.3996	
15.0524	5.81859	14.3767	0	14.0744	10.8226	10.88	12.9666	19.6721	9.62499	10.4667	14.3745	13.705	9.41448	6.5192	
15.7061	18.1507	13.6017	14.0744	0	5.49287	6.89603	5.2	10.3414	5.92487	5.95	11.4551	7.34259	4.65996	9.5817	
16.9027	16.6412	12.116	10.8226	5.49287	0	8.57282	2.14401	19.6621	10.1907	1.58392	16.7349	12.8355	6.87308	6.86305	
13.2822	16.6986	7.26685	10.88	6.89603	8.57282	0	10.5618	12.4937	2.51509	6.98891	7.2646	6.59509	2.23607	8.68198	
19.6321	22.4248	12.7985	12.9666	5.2	2.14401	10.5618	0	14.6155	8.04671	3.72793	12.7962	11.6166	9.31162	9.59248	
21.3038	13.807	10.8167	19.6721	10.3414	19.6621	12.4937	14.6155	0	7.07883	15.5467	2.47718	2.99883	9.27229	14.0648	
12.3111	14.8881	4.75176	9.62499	5.92487	10.1907	2.51509	8.04671	7.07883	0	6.55407	4.74951	4.08	1.26491	11.1971	
15.3188	16.2853	13.6999	10.4667	5.95	1.58392	6.98891	3.72793	15.5467	6.55407	0	12.0843	13.2926	5.28916	5.27913	
17.8413	18.8844	9.50126	14.3745	11.4551	16.7349	7.2646	12.7962	2.47718	4.74951	12.0843	0	5.47601	6.01442	11.5877	
27.0882	10.8081	8.83176	13.705	7.34259	12.8355	6.59509	11.6166	2.99883	4.08	13.2926	5.47601	0	5.34491	11.0874	
11.0462	15.2331	6.01667	9.41448	4.65996	6.87308	2.23607	9.31162	9.27229	1.26491	5.28916	6.01442	5.34491	0	10.5683	
20.5979	12.3378	19.3996	6.5192	9.5817	6.86305	8.68198	9.59248	14.0648	11.1971	5.27913	11.5877	11.0874	10.5683	0	

0	20.804	25.3159	22.0095	18.9669	19.0422	33.3287	20.4281	31.273	20.1379	17.3169	29.0501	27.1011	23.396	17.6966	
20.804	0	28.4833	22.2624	19.808	26.4432	29.3025	27.258	32.4546	27.5407	21.458	31.08	29.2922	37.9639	31.5252	
25.3159	28.4833	0	18.4038	9.41541	9.72439	11.1528	11.1103	23.9886	17.1726	7.99905	17.939	18.8996	14.0374	14.8063	
22.0095	22.2624	18.4038	0	8.98839	9.34676	11.298	9.12665	10.1922	5.27822	10.6384	9.68383	10.6182	11.2233	7.71953	
18.9669	19.808	9.41541	8.98839	0	3.37534	9.49447	4.76127	13.5876	11.2984	1.65	11.2719	9.48418	11.2066	8.4573	
19.0422	26.4432	9.72439	9.34676	3.37534	0	11.9573	4.28803	9.81993	8.13646	1.72534	7.50431	14.8075	8.04462	7.61682	
33.3287	29.3025	11.1528	11.298	9.49447	11.9573	0	6.64112	9.10182	6.01973	11.1445	6.7862	10.5359	2.88453	8.46105	
20.4281	27.258	11.1103	9.12665	4.76127	4.28803	6.64112	0	19.0821	3.84843	3.11127	11.7923	9.18843	3.75659	6.28974	
31.273	32.4546	23.9886	10.1922	13.5876	9.81993	9.10182	19.0821	0	14.6864	20.3837	2.31562	11.3434	13.229	13.5765	
20.1379	27.5407	17.1726	5.27822	11.2984	8.13646	6.01973	3.84843	14.6864	0	6.9597	12.3708	5.34	5.94508	2.44131	
17.3169	21.458	7.99905	10.6384	1.65	1.72534	11.1445	3.11127	20.3837	6.9597	0	9.22965	11.1342	6.86786	6.8073	
29.0501	31.08	17.939	9.68383	11.2719	7.50431	6.7862	11.7923	2.31562	12.3708	9.22965	0	13.659	9.67073	11.3536	
27.1011	29.2922	18.8996	10.6182	9.48418	14.8075	10.5359	9.18843	11.3434	5.34	11.1342	13.659	0	10.2337	7.78131	
23.396	37.9639	14.0374	11.2233	11.2066	8.04462	2.88453	3.75659	13.229	5.94508	6.86786	9.67073	10.2337	0	5.69944	
17.6966	31.5252	14.8063	7.71953	8.4573	7.61682	8.46105	6.28974	13.5765	2.44131	6.8073	11.3536	7.78131	5.69944	0	

0	8.15843	15.7673	5.43912	18.8906	14.5795	7.1107	13.2599	12.7942	10.7173	15.0745	13.0291	14.8743	6.10447	18.7116	
8.15843	0	25.5618	13.5975	17.1376	22.7379	22.3006	21.5656	22.1052	16.0822	33.5391	24.5823	14.2822	14.2629	26.1616	
15.7673	25.5618	0	21.3319	11.8219	17.5839	10.6691	10.6219	15.6032	16.6199	17.0889	13.7419	15.8564	9.66288	22.1919	
5.43912	13.5975	21.3319	0	10.934	15.381	9.56625	10.8182	13.1906	5.27822	14.3154	7.59003	7.07822	11.5436	12.236	
18.8906	17.1376	11.8219	10.934	0	6.39497	6.65657	1.2	6.18121	4.65545	5.9	11.9317	2.85545	8.35542	2.0871	
14.5795	22.7379	17.5839	15.381	6.39497	0	11.3965	9.17004	17.08	9.5322	0.494975	19.9652	10.8255	10.3902	10.0571	
7.1107	22.3006	10.6691	9.56625	6.65657	11.3965	0	8.16165	7.69596	4.28803	13.3253	10.5812	6.08803	1.00623	4.56946	
13.2599	21.5656	10.6219	10.8182	1.2	9.17004	8.16165	0	4.98121	6.85577	7.1	10.5818	4.05545	7.15542	3.2871	
12.7942	22.1052	15.6032	13.1906	6.18121	17.08	7.69596	4.98121	0	9.62304	14.315	5.60057	7.82304	6.68973	7.80646	
10.7173	16.0822	16.6199	5.27822	4.65545	9.5322	4.28803	6.85577	9.62304	0	9.03722	12.1001	1.8	5.29426	6.95774	
15.0745	33.5391	17.0889	14.3154	5.9	0.494975	13.3253	7.1	14.315	9.03722	0	20.0655	8.75545	10.8852	7.9871	
13.0291	24.5823	13.7419	7.59003	11.9317	19.9652	10.5812	10.5818	5.60057	12.1001	20.0655	0	10.3001	9.57494	13.407	
14.8743	14.2822	15.8564	7.07822	2.85545	10.8255	6.08803	4.05545	7.82304	1.8	8.75545	10.3001	0	8.75701	4.94255	
6.10447	14.2629	9.66288	11.5436	8.35542	10.3902	1.00623	7.15542	6.68973	5.29426	10.8852	9.57494	8.75701	0	5.57569	
18.7116	26.1616	22.1919	12.236	2.0871	10.0571	4.56946	3.2871	7.80646	6.95774	7.9871	13.407	4.94255	5.57569	0	

0	29.5743	25.3337	12.1431	17.2433	33.0701	17.2557	15.8047	27.7154	19.5358	20.0513	23.1814	14.2858	20.6473	18.6416	
29.5743	0	12.2636	25.4542	19.1696	34.9965	19.1821	27.7366	29.6418	16.6194	34.0515	25.1078	16.2122	22.5737	20.568	
25.3337	12.2636	0	13.1906	13.4313	23.5327	9.05612	8.20421	20.1335	4.35578	21.0988	16.1708	9.60578	6.1899	17.5	
12.1431	25.4542	13.1906	0	8.61153	8.89815	13.12	3.66153	22.9271	7.50996	7.9082	15.4056	15.186	16.2716	9.12153	
17.2433	19.1696	13.4313	8.61153	0	3.58995	5.92728	4.95	3.84843	8.20743	2.6	8.80278	2.95743	9.31892	7.31321	
33.0701	34.9965	23.5327	8.89815	3.58995	0	18.7217	5.86899	8.58737	13.8145	0.989949	13.2724	7.69638	15.1745	15.7437	
17.2557	19.1821	9.05612	13.12	5.92728	18.7217	0	8.54877	9.8071	4.70034	16.5828	8.30019	2.96985	3.66715	7.32563	
15.8047	27.7366	8.20421	3.66153	4.95	5.86899	8.54877	0	8.79843	3.84843	4.87904	11.7441	7.90743	5.68255	5.46	
27.7154	29.6418	20.1335	22.9271	3.84843	8.58737	9.8071	8.79843	0	12.924	6.44843	4.95435	6.80586	9.58739	6.44881	
19.5358	16.6194	4.35578	7.50996	8.20743	13.8145	4.70034	3.84843	12.924	0	8.72747	6.46715	5.25	1.83412	9.30843	
20.0513	34.0515	21.0988	7.9082	2.6	0.989949	16.5828	4.87904	6.44843	8.72747	0	12.2824	5.55743	14.1846	10.339	
23.1814	25.1078	16.1708	15.4056	8.80278	13.2724	8.30019	11.7441	4.95435	6.46715	12.2824	0	8.89557	4.63303	9.24671	
14.2858	16.2122	9.60578	15.186	2.95743	7.69638	2.96985	7.90743	6.80586	5.25	5.55743	8.89557	0	6.36149	4.35578	
20.6473	22.5737	6.1899	16.2716	9.31892	15.1745	3.66715	5.68255	9.58739	1.83412	14.1846	4.63303	6.36149	0	8.71679	
18.6416	20.568	17.5	9.12153	7.31321	15.7437	7.32563	5.46	6.44881	9.30843	10.339	9.24671	4.35578	8.71679	0	

0	5.7109	27.8317	16.3965	10.6242	14.9238	17.0265	8.57418	27.702	17.4638	17.7666	24.4672	21.2971	25.3894	17.5442	
5.7109	0	26.3139	16.1909	19.0973	16.4239	27.1855	14.2851	31.5348	20.2271	17.8664	26.349	27.5609	29.2187	20.3342	
27.8317	26.3139	0	10.123	17.218	16.0622	5.08438	13.5367	14.2688	11.5494	10.9813	6.13717	12.7918	8.77389	18.5473	
16.3965	16.1909	10.123	0	8.1137	14.1719	10.9631	7.82236	6.89259	4.03629	17.0147	9.44851	4.87629	12.0685	16.7924	
10.6242	19.0973	17.218	8.1137	0	3.60806	10.2969	2.05	6.93372	4.07741	4.4	9.48964	4.91741	12.1096	9.26236	
14.9238	16.4239	16.0622	14.1719	3.60806	0	7.33939	5.65806	18.0566	7.68547	1.4425	8.66745	10.0648	14.8432	6.30485	
17.0265	27.1855	5.08438	10.9631	10.2969	7.33939	0	8.45234	9.78313	6.92682	5.89689	11.2215	7.70746	3.68951	10.7592	
8.57418	14.2851	13.5367	7.82236	2.05	5.65806	8.45234	0	14.0517	6.12741	6.45	13.1309	12.0354	12.1418	8.97	
27.702	31.5348	14.2688	6.89259	6.93372	18.0566	9.78313	14.0517	0	2.85631	15.2719	8.1316	3.69631	7.73036	11.2006	
17.4638	20.2271	11.5494	4.03629	4.07741	7.68547	6.92682	6.12741	2.85631	0	8.47741	5.41223	0.84	8.03219	8.06663	
17.7666	17.8664	10.9813	17.0147	4.4	1.4425	5.89689	6.45	15.2719	8.47741	0	7.22496	8.62232	9.5864	4.86236	
24.4672	26.349	6.13717	9.44851	9.48964	8.66745	11.2215	13.1309	8.1316	5.41223	7.22496	0	6.25223	13.4444	12.0873	
21.2971	27.5609	12.7918	4.87629	4.91741	10.0648	7.70746	12.0354	3.69631	0.84	8.62232	6.25223	0	8.87219	7.22663	
25.3894	29.2187	8.77389	12.0685	12.1096	14.8432	3.68951	12.1418	7.73036	8.03219	9.5864	13.4444	8.87219	0	8.88442	
17.5442	20.3342	18.5473	16.7924	9.26236	6.30485	10.7592	8.97	11.2006	8.06663	4.86236	12.0873	7.22663	8.88442	0	

0	10.402	33.9781	8.4749	21.7028	24.6122	18.0749	16.1308	27.5795	18.9498	22.034	30.1981	16.9098	22.6737	19.0876	
10.402	0	25.8121	18.8769	13.132	12.933	21.7627	22.875	25.8858	30.9096	11.632	32.9966	27.3118	20.98	15.5218	
33.9781	25.8121	0	20.0707	12.9857	12.6427	9.6268	9.5	11.426	8.51357	10.1399	7.87158	8.42789	12.5915	6.25	
8.4749	18.8769	20.0707	0	11.6059	13.4283	9.6	7.65593	18.686	10.7132	15.6246	18.6196	12.5698	10.3826	10.9059	
21.7028	13.132	12.9857	11.6059	0	2.80108	3.62516	3.95	11.9117	4.7384	1.5	11.5346	4.79308	4.40779	5.38988	
24.6122	12.933	12.6427	13.4283	2.80108	0	10.4681	5.77235	11.5687	10.0873	1.30108	11.1916	8.57058	10.6773	5.19096	
18.0749	21.7627	9.6268	9.6	3.62516	10.4681	0	4.69574	5.68843	1.11324	5.12516	10.6491	2.96985	0.782624	5.14774	
16.1308	22.875	9.5	7.65593	3.95	5.77235	4.69574	0	8.42602	4.3149	5.45	8.04893	5.42789	5.47837	3.25	
27.5795	25.8858	11.426	18.686	11.9117	11.5687	5.68843	8.42602	0	10.1992	9.06591	8.72397	7.35391	4.9058	5.17602	
18.9498	30.9096	8.51357	10.7132	4.7384	10.0873	1.11324	4.3149	10.1992	0	8.07647	11.7624	2.04	1.89586	4.21789	
22.034	11.632	10.1399	15.6246	1.5	1.30108	5.12516	5.45	9.06591	8.07647	0	8.68881	6.06777	9.37624	3.88988	
30.1981	32.9966	7.87158	18.6196	11.5346	11.1916	10.6491	8.04893	8.72397	11.7624	8.68881	0	6.97682	11.4317	4.79893	
16.9098	27.3118	8.42789	12.5698	4.79308	8.57058	2.96985	5.42789	7.35391	2.04	6.06777	6.97682	0	3.75247	2.17789	
22.6737	20.98	12.5915	10.3826	4.40779	10.6773	0.782624	5.47837	4.9058	1.89586	9.37624	11.4317	3.75247	0	10.0818	
19.0876	15.5218	6.25	10.9059	5.38988	5.19096	5.14774	3.25	5.17602	4.21789	3.88988	4.79893	2.17789	10.0818	0	

0	19.0391	15.7295	20.3651	16.9778	23.952	8.39453	21.1782	14.473	5.63205	23.8278	11.2652	10.6121	15.8778	8.19543	
19.0391	0	23.5046	29.397	18.8867	28.4683	13.7423	25.7867	22.248	13.4071	25.7367	19.0402	13.1458	10.6565	15.9705	
15.7295	23.5046	0	8.5892	20.0862	28.0206	6.59521	24.2948	13.1806	10.0359	14.036	4.40275	10.6062	13.1242	12.6609	
20.3651	29.397	8.5892	0	7.98837	14.2382	8.96	5.74328	12.2821	8.78718	11.8623	10.0107	3.80718	6.29645	13.1127	
16.9778	18.8867	20.0862	7.98837	0	9.22588	5.69668	6.1173	12.6562	8.45916	6.85	7.88915	4.1812	6.67047	9.86631	
23.952	28.4683	28.0206	14.2382	9.22588	0	13.0969	4.28507	16.3641	18.6131	2.37588	12.0092	8.61554	17.7625	12.2395	
8.39453	13.7423	6.59521	8.96	5.69668	13.0969	0	6.41752	10.9703	2.76248	8.3267	2.19246	5.57505	3.08577	5.32586	
21.1782	25.7867	24.2948	5.74328	6.1173	4.28507	6.41752	0	10.4111	6.9161	1.90919	8.1396	1.9361	4.42538	11.2416	
14.473	22.248	13.1806	12.2821	12.6562	16.3641	10.9703	10.4111	0	5.70293	13.0032	8.77782	8.47496	10.9642	3.13955	
5.63205	13.4071	10.0359	8.78718	8.45916	18.6131	2.76248	6.9161	5.70293	0	12.427	4.95495	4.98	5.84825	2.56338	
23.8278	25.7367	14.036	11.8623	6.85	2.37588	8.3267	1.90919	13.0032	12.427	0	9.63328	3.84529	15.3866	9.86364	
11.2652	19.0402	4.40275	10.0107	7.88915	12.0092	2.19246	8.1396	8.77782	4.95495	9.63328	0	6.20349	5.27824	8.19651	
10.6121	13.1458	10.6062	3.80718	4.1812	8.61554	5.57505	1.9361	8.47496	4.98	3.84529	6.20349	0	2.48928	7.54338	
15.8778	10.6565	13.1242	6.29645	6.67047	17.7625	3.08577	4.42538	10.9642	5.84825	15.3866	5.27824	2.48928	0	11.7948	
8.19543	15.9705	12.6609	13.1127	9.86631	12.2395	5.32586	11.2416	3.13955	2.56338	9.86364	8.19651	7.54338	11.7948	0	

0	11.6258	17.9127	8.6014	14.9641	30.2294	6.50538	18.5874	17.6798	10.6285	21.6586	13.9102	16.9706	9.03214	17.2931	
11.6258	0	32.816	19.6223	18.641	37.2556	10.1823	22.3913	35.7096	14.3054	35.8652	19.9962	20.6475	12.7091	24.8535	
17.9127	32.816	0	17.6796	8.47186	8.94064	9.07285	9.67207	7.77211	4.94975	7.27186	4.0025	9.9719	8.84145	8.91847	
8.6014	19.6223	17.6796	0	14.586	12.8722	9.44	9.98599	11.9394	12.7298	12.9187	14.5769	8.60753	11.9668	12.5673	
14.9641	18.641	8.47186	14.586	0	1.45399	8.45871	4.34017	7.79339	7.93362	1.2	10.2696	5.51116	10.9855	5.50236	
30.2294	37.2556	8.94064	12.8722	1.45399	0	9.91271	2.88617	21.3958	8.13403	1.66877	8.55574	4.91447	15.8222	6.95636	
6.50538	10.1823	9.07285	9.44	8.45871	9.91271	0	9.37096	13.5835	4.12311	9.65871	7.3657	9.37311	2.52676	9.06435	
18.5874	22.3913	9.67207	9.98599	4.34017	2.88617	9.37096	0	9.43918	5.24786	4.55495	5.66957	2.0283	10.1178	5.9881	
17.6798	35.7096	7.77211	11.9394	7.79339	21.3958	13.5835	9.43918	0	15.9624	21.1419	3.76962	6.25082	8.60856	2.29103	
10.6285	14.3054	4.94975	12.7298	7.93362	8.13403	4.12311	5.24786	15.9624	0	6.73362	8.95225	5.25	4.86991	9.2098	
21.6586	35.8652	7.27186	12.9187	1.2	1.66877	9.65871	4.55495	21.1419	6.73362	0	10.2806	4.31116	11.6035	6.70236	
13.9102	19.9962	4.0025	14.5769	10.2696	8.55574	7.3657	5.66957	3.76962	8.95225	10.2806	0	5.9694	4.83895	4.91597	
16.9706	20.6475	9.9719	8.60753	5.51116	4.91447	9.37311	2.0283	6.25082	5.25	4.31116	5.9694	0	10.1199	3.9598	
9.03214	12.7091	8.84145	11.9668	10.9855	15.8222	2.52676	10.1178	8.60856	4.86991	11.6035	4.83895	10.1199	0	6.53759	
17.2931	24.8535	8.91847	12.5673	5.50236	6.95636	9.06435	5.9881	2.29103	9.2098	6.70236	4.91597	3.9598	6.53759	0	

0	9.99408	17.7983	17.0763	11.2849	17.4816	12.9021	6.0849	12.946	12.3107	9.19617	9.65984	10.4957	10.7555	9.8549	
9.99408	0	34.0217	27.0704	26.4179	21.2681	25.9495	16.079	22.9401	19.1122	26.175	19.6539	14.2822	20.0905	24.1817	
17.7983	34.0217	0	20.8077	17.2214	12.1765	14.2613	14.3827	12.1234	10.7893	11.2714	8.13842	17.1054	12.1147	20.4283	
17.0763	27.0704	20.8077	0	14.7403	10.4415	16.2922	12.6476	10.1922	9.15926	9.53636	11.8101	13.9893	16.9461	20.0351	
11.2849	26.4179	17.2214	14.7403	0	5.0082	11.566	5.2	4.54814	16.9657	5.9133	8.53316	11.9941	13.5915	8.97	
17.4816	21.2681	12.1765	10.4415	5.0082	0	11.1701	4.01637	9.55635	11.8159	0.905097	16.5592	6.98588	11.1324	11.7412	
12.9021	25.9495	14.2613	16.2922	11.566	11.1701	0	13.3762	9.51866	7.13297	10.265	8.63287	7.95494	2.14663	13.8808	
6.0849	16.079	14.3827	12.6476	5.2	4.01637	13.3762	0	9.74814	12.9447	3.11127	15.5956	12.6308	15.5041	3.77	
12.946	22.9401	12.1234	10.1922	4.54814	9.55635	9.51866	9.74814	0	6.63591	10.4981	3.98502	13.2992	10.4713	9.84293	
12.3107	19.1122	10.7893	9.15926	16.9657	11.8159	7.13297	12.9447	6.63591	0	15.4164	2.65089	4.83	9.13713	14.7295	
9.19617	26.175	11.2714	9.53636	5.9133	0.905097	10.265	3.11127	10.4981	15.4164	0	15.6541	7.89098	12.0375	6.88127	
9.65984	19.6539	8.13842	11.8101	8.53316	16.5592	8.63287	15.5956	3.98502	2.65089	15.6541	0	7.48089	6.48625	12.2899	
10.4957	14.2822	17.1054	13.9893	11.9941	6.98588	7.95494	12.6308	13.2992	4.83	7.89098	7.48089	0	5.80831	9.89949	
10.7555	20.0905	12.1147	16.9461	13.5915	11.1324	2.14663	15.5041	10.4713	9.13713	12.0375	6.48625	5.80831	0	11.7341	
9.8549	24.1817	20.4283	20.0351	8.97	11.7412	13.8808	3.77	9.84293	14.7295	6.88127	12.2899	9.89949	11.7341	0	

0	34.6733	30.6324	9.73982	17.6188	16.9168	28.8006	18.0058	21.6792	20.812	15.3188	20.0925	21.5266	23.0913	28.298	
34.6733	0	35.4462	36.5407	19.3474	14.1277	19.007	23.6154	14.9538	21.0165	21.6474	30.097	22.1183	22.8083	11.1354	
30.6324	35.4462	0	20.4124	22.385	18.6035	13.8093	31.9844	8.47305	19.4902	28.6632	10.5399	17.3392	16.6494	12.2914	
9.73982	36.5407	20.4124	0	20.9075	19.3964	17.1528	21.2945	11.9394	15.5242	18.6075	18.24	17.3806	13.3514	15.7578	
17.6188	19.3474	22.385	20.9075	0	3.89806	6.68058	4.98701	12.4354	5.66931	2.3	11.2944	3.56931	11.1293	10.3406	
16.9168	14.1277	18.6035	19.3964	3.89806	0	7.62423	4.28507	6.8107	3.87221	1.59806	16.0221	5.97221	13.2326	2.99232	
28.8006	19.007	13.8093	17.1528	6.68058	7.62423	0	17.0328	5.33622	3.75203	9.24524	10.8364	3.11127	3.80132	9.15459	
18.0058	23.6154	31.9844	21.2945	4.98701	4.28507	17.0328	0	16.2984	8.18022	2.68701	18.3451	10.0693	21.4815	12.48	
21.6792	14.9538	8.47305	11.9394	12.4354	6.8107	5.33622	16.2984	0	9.08824	11.7285	6.30064	8.44749	8.17634	3.81838	
20.812	21.0165	19.4902	15.5242	5.66931	3.87221	3.75203	8.18022	9.08824	0	5.47027	9.8251	2.1	7.55334	6.86453	
15.3188	21.6474	28.6632	18.6075	2.3	1.59806	9.24524	2.68701	11.7285	5.47027	0	14.1451	5.86931	14.8536	4.59038	
20.0925	30.097	10.5399	18.24	11.2944	16.0221	10.8364	18.3451	6.30064	9.8251	14.1451	0	7.7251	14.477	10.119	
21.5266	22.1183	17.3392	17.3806	3.56931	5.97221	3.11127	10.0693	8.44749	2.1	5.86931	7.7251	0	6.91259	12.6845	
23.0913	22.8083	16.6494	13.3514	11.1293	13.2326	3.80132	21.4815	8.17634	7.55334	14.8536	14.477	6.91259	0	11.9947	
28.298	11.1354	12.2914	15.7578	10.3406	2.99232	9.15459	12.48	3.81838	6.86453	4.59038	10.119	12.6845	11.9947	0	

0	24.6793	28.6225	15.4319	35.4754	24.5327	25.1126	33.2403	29.0186	21.4018	27.781	33.3308	21.2254	23.7419	26.9057	
24.6793	0	16.2196	20.0757	16.8973	11.812	17.9888	14.4707	18.4745	16.8022	11.1473	16.2048	14.2822	18.8406	19.8259	
28.6225	16.2196	0	13.061	10.6328	17.5326	13.285	14.09	10.8167	9.7875	15.1465	12.5399	7.2675	11.1051	12.8112	
15.4319	20.0757	13.061	0	9.15888	9.1008	11.8746	12.616	13.4862	8.31353	9.76548	13.9423	5.79353	11.1409	11.3372	
35.4754	16.8973	10.6328	9.15888	0	2.15407	9.44647	8.6	4.89726	5.88535	2.81875	6.99555	3.36535	8.71269	2.18197	
24.5327	11.812	17.5326	9.1008	2.15407	0	8.09039	3.98808	6.56474	7.0439	0.66468	4.84149	5.51942	7.51835	4.33604	
25.1126	17.9888	13.285	11.8746	9.44647	8.09039	0	10.7491	2.88444	3.7108	7.42571	4.60769	6.08112	2.728	5.59973	
33.2403	14.4707	14.09	12.616	8.6	3.98808	10.7491	0	10.6506	9.34246	3.3234	8.38087	6.82246	8.22873	10.782	
29.0186	18.4745	10.8167	13.4862	4.89726	6.56474	2.88444	10.6506	0	6.59524	6.78072	1.72325	7.69266	4.40012	2.71529	
21.4018	16.8022	9.7875	8.31353	5.88535	7.0439	3.7108	9.34246	6.59524	0	6.37922	5.01695	2.52	2.34009	5.73708	
27.781	11.1473	15.1465	9.76548	2.81875	0.66468	7.42571	3.3234	6.78072	6.37922	0	5.05747	7.87902	7.69332	7.93197	
33.3308	16.2048	12.5399	13.9423	6.99555	4.84149	4.60769	8.38087	1.72325	5.01695	5.05747	0	8.0242	2.67686	4.43854	
21.2254	14.2822	7.2675	5.79353	3.36535	5.51942	6.08112	6.82246	7.69266	2.52	7.87902	8.0242	0	4.86009	5.54372	
23.7419	18.8406	11.1051	11.1409	8.71269	7.51835	2.728	8.22873	4.40012	2.34009	7.69332	2.67686	4.86009	0	7.71101	
26.9057	19.8259	12.8112	11.3372	2.18197	4.33604	5.59973	10.782	2.71529	5.73708	7.93197	4.43854	5.54372	7.71101	0	

0	23.0744	14.0617	10.4988	7.18292	12.6758	8.48528	11.8932	22.9849	12.8558	8.43292	15.0627	12.18	10.699	10.0024	
23.0744	0	16.0243	17.7088	23.887	22.457	9.87309	15.7092	26.0545	12.32	23.2639	12.2924	15.08	7.65938	13.072	
14.0617	16.0243	0	26.4226	13.7975	15.5094	5.57641	8.74748	20.2419	9.94691	10.1629	12.1538	17.8748	7.79012	11.8675	
10.4988	17.7088	26.4226	0	9.3008	21.6908	15.5479	13.4311	9.7799	7.06377	23.481	21.0078	4.30377	14.4453	6.67964	
7.18292	23.887	13.7975	9.3008	0	2.73492	5.83647	5.05	10.4732	7.75704	1.25	15.284	4.99704	13.0998	7.37292	
12.6758	22.457	15.5094	21.6908	2.73492	0	6.07139	6.76189	19.38	17.462	1.48492	13.7982	10.4899	14.8117	9.38501	
8.48528	9.87309	5.57641	15.5479	5.83647	6.07139	0	7.20014	14.2782	4.37049	4.58647	6.57739	7.13049	2.21371	10.3201	
11.8932	15.7092	8.74748	13.4311	5.05	6.76189	7.20014	0	14.6035	11.5706	6.3	11.8985	5.49588	8.04984	3.12	
22.9849	26.0545	20.2419	9.7799	10.4732	19.38	14.2782	14.6035	0	8.23613	18.393	7.70079	5.47613	12.3338	7.85201	
12.8558	12.32	9.94691	7.06377	7.75704	17.462	4.37049	11.5706	8.23613	0	8.95696	9.83037	2.76	6.5842	5.13588	
8.43292	23.2639	10.1629	23.481	1.25	1.48492	4.58647	6.3	18.393	8.95696	0	11.1639	6.24704	6.80018	10.8699	
15.0627	12.2924	12.1538	21.0078	15.284	13.7982	6.57739	11.8985	7.70079	9.83037	11.1639	0	11.1544	4.63303	8.77852	
12.18	15.08	17.8748	4.30377	4.99704	10.4899	7.13049	5.49588	5.47613	2.76	6.24704	11.1544	0	9.59052	2.37588	
10.699	7.65938	7.79012	14.4453	13.0998	14.8117	2.21371	8.04984	12.3338	6.5842	6.80018	4.63303	9.59052	0	11.1698	
10.0024	13.072	11.8675	6.67964	7.37292	9.38501	10.3201	3.12	7.85201	5.13588	10.8699	8.77852	2.37588	11.1698	0	

0	19.3772	26.8926	20.1121	32.7386	18.1213	10.353	19.4538	16.7045	10.365	22.4774	19.9356	15.3587	8.72067	25.6514	
19.3772	0	19.0002	22.0095	25.3461	20.0572	12.2889	21.3897	17.9927	12.3009	21.9968	14.7616	17.2946	10.6565	10.1671	
26.8926	19.0002	0	14.3277	12.2439	21.4089	5.08438	10.3047	10.4356	8.21794	13.1653	7.2045	8.36863	6.71671	9.50153	
20.1121	22.0095	14.3277	0	7.55188	6.58935	11.8988	7.89516	10.4248	6.82906	4.65188	18.0825	5.95906	12.5971	13.5817	
32.7386	25.3461	12.2439	7.55188	0	2.53103	9.81495	4.1	8.67294	4.74525	2.9	18.7229	3.87525	10.5133	11.4979	
18.1213	20.0572	21.4089	6.58935	2.53103	0	10.0184	5.96798	7.71041	10.9002	1.93747	20.629	6.40628	9.40068	17.71	
10.353	12.2889	5.08438	11.8988	9.81495	10.0184	0	6.28227	10.5282	3.13356	8.08092	12.2889	4.00356	1.63233	4.41715	
19.4538	21.3897	10.3047	7.89516	4.1	5.96798	6.28227	0	9.80345	2.8061	4.03051	20.6636	1.9361	4.7931	7.66514	
16.7045	17.9927	10.4356	10.4248	8.67294	7.71041	10.5282	9.80345	0	11.4311	5.77294	3.2311	10.5611	11.5955	12.1267	
10.365	12.3009	8.21794	6.82906	4.74525	10.9002	3.13356	2.8061	11.4311	0	7.17922	13.412	0.87	1.64438	4.51643	
22.4774	21.9968	13.1653	4.65188	2.9	1.93747	8.08092	4.03051	5.77294	7.17922	0	9.00404	5.96661	9.71325	12.4981	
19.9356	14.7616	7.2045	18.0825	18.7229	20.629	12.2889	20.6636	3.2311	13.412	9.00404	0	13.7922	14.8266	8.89557	
15.3587	17.2946	8.36863	5.95906	3.87525	6.40628	4.00356	1.9361	10.5611	0.87	5.96661	13.7922	0	2.51438	5.38643	
8.72067	10.6565	6.71671	12.5971	10.5133	9.40068	1.63233	4.7931	11.5955	1.64438	9.71325	14.8266	2.51438	0	6.04948	
25.6514	10.1671	9.50153	13.5817	11.4979	17.71	4.41715	7.66514	12.1267	4.51643	12.4981	8.89557	5.38643	6.04948	0	

0	29.6149	25.3569	15.6793	9.34124	13.191	12.7279	7.19124	23.7289	19.4362	13.6011	25.3891	15.7654	16.3727	13.6912	
29.6149	0	37.8486	17.7088	16.5612	16.4239	18.8432	23.5981	31.1357	11.9577	16.834	15.3817	17.1477	16.4481	20.8684	
25.3569	37.8486	0	27.9149	18.3256	21.1349	10.8559	22.8473	6.30971	11.7015	20.7248	11.9103	14.5239	7.2111	11.5695	
15.6793	17.7088	27.9149	0	10.6381	15.6623	19.1318	8.48809	25.0257	20.1814	17.4683	23.6055	17.0623	24.6719	14.9881	
9.34124	16.5612	18.3256	10.6381	0	7.41012	5.69668	2.15	8.50114	4.60353	7	8.02759	6.32325	6.91984	2.56144	
13.191	16.4239	21.1349	15.6623	7.41012	0	10.1525	7.1742	19.5468	12.0889	0.410122	17.302	10.965	13.7973	10.0468	
12.7279	18.8432	10.8559	19.1318	5.69668	10.1525	0	7.84668	18.9387	6.88559	10.5626	10.3096	12.0756	3.64479	8.00319	
7.19124	23.5981	22.8473	8.48809	2.15	7.1742	7.84668	0	12.4397	6.75353	7.58433	14.2251	8.57418	10.8584	4.71144	
23.7289	31.1357	6.30971	25.0257	8.50114	19.5468	18.9387	12.4397	0	9.02463	18.7691	5.60057	8.2142	10.2981	5.9397	
19.4362	11.9577	11.7015	20.1814	4.60353	12.0889	6.88559	6.75353	9.02463	0	11.6035	3.42406	5.19	4.49043	7.16498	
13.6011	16.834	20.7248	17.4683	7	0.410122	10.5626	7.58433	18.7691	11.6035	0	16.5243	10.5549	18.1349	9.56144	
25.3891	15.3817	11.9103	23.6055	8.02759	17.302	10.3096	14.2251	5.60057	3.42406	16.5243	0	5.9694	7.9145	7.7251	
15.7654	17.1477	14.5239	17.0623	6.32325	10.965	12.0756	8.57418	8.2142	5.19	10.5549	5.9694	0	8.1202	3.76181	
16.3727	16.4481	7.2111	24.6719	6.91984	13.7973	3.64479	10.8584	10.2981	4.49043	18.1349	7.9145	8.1202	0	4.35839	
13.6912	20.8684	11.5695	14.9881	2.56144	10.0468	8.00319	4.71144	5.9397	7.16498	9.56144	7.7251	3.76181	4.35839	0	

0	12.2376	17.1589	9.23385	36.5393	13.9706	13.794	20.2262	15.6403	11.8693	26.4458	8.88705	14.9735	19.2856	28.4821	
12.2376	0	30.4698	21.4715	18.2133	18.2785	23.2692	25.8728	25.4006	19.9294	16.9633	21.1247	20.7394	23.7242	28.0772	
17.1589	30.4698	0	24.2338	26.8314	13.3554	13.1788	19.611	15.7572	11.2541	21.2247	8.27183	14.3583	18.6704	10.25	
9.23385	21.4715	24.2338	0	14.9546	9.8387	13.7409	23.0326	6.4065	10.4012	11.1539	13.3834	11.2112	14.1959	12.9402	
36.5393	18.2133	26.8314	14.9546	0	2.56522	7.62088	7.05	9.68737	6.97106	1.25	9.95331	7.78106	5.63078	12.1887	
13.9706	18.2785	13.3554	9.8387	2.56522	0	9.47563	10.2248	9.75259	6.82246	1.31522	5.08356	7.63246	10.3902	7.07276	
13.794	23.2692	13.1788	13.7409	7.62088	9.47563	0	7.20014	9.23021	3.33972	10.7909	4.90694	4.14972	1.9901	12.1284	
20.2262	25.8728	19.611	23.0326	7.05	10.2248	7.20014	0	16.4304	10.5399	8.3	11.3391	9.77272	9.19024	16.64	
15.6403	25.4006	15.7572	6.4065	9.68737	9.75259	9.23021	16.4304	0	10.4676	8.43737	7.48538	13.5718	11.2203	6.53367	
11.8693	19.9294	11.2541	10.4012	6.97106	6.82246	3.33972	10.5399	10.4676	0	7.49973	2.98225	0.81	3.79473	8.78872	
26.4458	16.9633	21.2247	11.1539	1.25	1.31522	10.7909	8.3	8.43737	7.49973	0	6.39878	6.68973	6.88078	8.38798	
8.88705	21.1247	8.27183	13.3834	9.95331	5.08356	4.90694	11.3391	7.48538	2.98225	6.39878	0	3.79225	6.77698	11.771	
14.9735	20.7394	14.3583	11.2112	7.78106	7.63246	4.14972	9.77272	13.5718	0.81	6.68973	3.79225	0	4.60473	9.59872	
19.2856	23.7242	18.6704	14.1959	5.63078	10.3902	1.9901	9.19024	11.2203	3.79473	6.88078	6.77698	4.60473	0	12.5835	
28.4821	28.0772	10.25	12.9402	12.1887	7.07276	12.1284	16.64	6.53367	8.78872	8.38798	11.771	9.59872	12.5835	0	

0	13.4614	26.7742	2.9093	18.497	14.9266	18.9093	18.3076	21.9739	19.1036	16.1994	24.9751	12.8411	20.0265	18.2184	
13.4614	0	42.1594	14.926	25.1418	28.388	30.926	26.2265	43.5105	25.7483	25.9562	37.2533	22.3883	28.842	24.8632	
26.7742	42.1594	0	27.9149	6.59079	13.6992	11.4386	14.7408	8.71529	15.1402	13.0908	7.47133	8.47487	10.3541	6	
2.9093	14.926	27.9149	0	12.6852	17.8359	16	15.9245	28.0551	13.2918	13.4996	19.9673	9.93177	16.3854	12.4066	
18.497	25.1418	6.59079	12.6852	0	7.10842	10.0809	8.15	7.87179	6.11347	6.32133	6.11359	2.75347	8.99637	5.22834	
14.9266	28.388	13.6992	17.8359	7.10842	0	8.4801	3.38095	7.04727	10.1328	1.27279	12.594	4.84065	14.9534	9.76256	
18.9093	30.926	11.4386	16	10.0809	8.4801	0	14.5568	9.51404	2.79114	7.20731	3.39707	6.96798	0.514296	13.435	
18.3076	26.2265	14.7408	15.9245	8.15	3.38095	14.5568	0	10.4282	9.3527	4.65374	14.2636	5.9927	12.4464	8.46758	
21.9739	43.5105	8.71529	28.0551	7.87179	7.04727	9.51404	10.4282	0	4.08044	8.32006	5.54672	5.19016	6.35728	2.71529	
19.1036	25.7483	15.1402	13.2918	6.11347	10.1328	2.79114	9.3527	4.08044	0	6.92786	5.15962	3.36	2.27684	5.83487	
16.1994	25.9562	13.0908	13.4996	6.32133	1.27279	7.20731	4.65374	8.32006	6.92786	0	11.1746	3.56786	7.7216	6.04273	
24.9751	37.2533	7.47133	19.9673	6.11359	12.594	3.39707	14.2636	5.54672	5.15962	11.1746	0	8.86706	2.88278	8.26201	
12.8411	22.3883	8.47487	9.93177	2.75347	4.84065	6.96798	5.9927	5.19016	3.36	3.56786	8.86706	0	5.63684	2.47487	
20.0265	28.842	10.3541	16.3854	8.99637	14.9534	0.514296	12.4464	6.35728	2.27684	7.7216	2.88278	5.63684	0	8.92855	
18.2184	24.8632	6	12.4066	5.22834	9.76256	13.435	8.46758	2.71529	5.83487	6.04273	8.26201	2.47487	8.92855	0	

0	32.0218	16.2023	19.3531	29.3373	12.5798	8.6983	11.5828	11.5983	15.3128	27.6292	11.8518	16.3523	6.39515	23.6507	
32.0218	0	19.0581	29.3535	21.4226	11.9447	16.1456	21.5103	17.5789	28.4316	12.4679	9.98581	20.6371	15.4425	24.3826	
16.2023	19.0581	0	13.667	18.6708	15.1242	12.1102	14.9948	4.32666	7.59101	11.7218	9.07233	7.70795	9.52979	9.67239	
19.3531	29.3535	13.667	0	17.3639	10.7574	5.28	12.3555	13.5213	9.88906	9.9729	11.4398	5.95906	7.58315	11.6772	
29.3373	21.4226	18.6708	17.3639	0	9.47789	12.0839	4.75	12.8403	10.1278	6.87132	14.1377	13.0138	9.93768	7.4946	
12.5798	11.9447	15.1242	10.7574	9.47789	0	8.48781	2.64458	11.3878	15.1023	0.523259	6.05186	4.5371	6.18466	9.13657	
8.6983	16.1456	12.1102	5.28	12.0839	8.48781	0	7.49083	7.50627	5.31881	10.2364	6.15978	6.22254	2.30315	6.39725	
11.5828	21.5103	14.9948	12.3555	4.75	2.64458	7.49083	0	10.3908	12.0118	2.12132	10.6444	6.13516	5.18768	10.7346	
11.5983	17.5789	4.32666	13.5213	12.8403	11.3878	7.50627	10.3908	0	3.26435	11.5761	7.59308	7.19435	5.20312	5.34573	
15.3128	28.4316	7.59101	9.88906	10.1278	15.1023	5.31881	12.0118	3.26435	0	7.94384	10.8574	3.93	7.62196	3.05164	
27.6292	12.4679	11.7218	9.9729	6.87132	0.523259	10.2364	2.12132	11.5761	7.94384	0	6.57512	4.01384	6.70792	8.61332	
11.8518	9.98581	9.07233	11.4398	14.1377	6.05186	6.15978	10.6444	7.59308	10.8574	6.57512	0	10.6513	5.45668	12.557	
16.3523	20.6371	7.70795	5.95906	13.0138	4.5371	6.22254	6.13516	7.19435	3.93	4.01384	10.6513	0	8.52569	6.98164	
6.39515	15.4425	9.52979	7.58315	9.93768	6.18466	2.30315	5.18768	5.20312	7.62196	6.70792	5.45668	8.52569	0	8.7004	
23.6507	24.3826	9.67239	11.6772	7.4946	9.13657	6.39725	10.7346	5.34573	3.05164	8.61332	12.557	6.98164	8.7004	0	

0	28.1993	19.8896	9.23385	35.0719	32.8159	13.394	20.7177	21.033	15.0696	26.7126	18.5317	15.2308	9.88342	32.4422	
28.1993	0	12.5742	18.8659	13.3448	11.9447	8.14587	14.3361	15.0881	9.78354	12.6013	22.2648	10.4135	11.6565	15.7648	
19.8896	12.5742	0	15.1483	11.6482	8.6396	4.42833	6.2482	17.0076	9.8296	7.99905	17.2107	7.32747	7.93896	21.3353	
9.23385	18.8659	15.1483	0	16.8839	13.8753	10.72	11.4839	16.3267	11.0222	15.7972	21.4959	11.6522	14.2306	17.0034	
35.0719	13.3448	11.6482	16.8839	0	1.40014	7.59558	3.79154	7.34628	8.07457	2.71536	16.6913	7.44457	11.1062	8.60892	
32.8159	11.9447	8.6396	13.8753	1.40014	0	8.99572	2.3914	5.94613	6.27683	1.31522	9.33879	8.84471	14.8171	7.20878	
13.394	8.14587	4.42833	10.72	7.59558	8.99572	0	10.6765	10.7058	3.52914	10.3629	12.1459	2.89914	3.51063	11.3825	
20.7177	14.3361	6.2482	11.4839	3.79154	2.3914	10.6765	0	8.33753	7.69686	3.70662	14.1521	8.32686	12.883	9.60018	
21.033	15.0881	17.0076	16.3267	7.34628	5.94613	10.7058	8.33753	0	5.30457	7.26135	3.39265	5.93457	10.4907	10.1823	
15.0696	9.78354	9.8296	11.0222	8.07457	6.27683	3.52914	7.69686	5.30457	0	4.96161	8.69723	0.63	5.18614	5.98121	
26.7126	12.6013	7.99905	15.7972	2.71536	1.31522	10.3629	3.70662	7.26135	4.96161	0	17.4429	5.59161	10.1477	8.524	
18.5317	22.2648	17.2107	21.4959	16.6913	9.33879	12.1459	14.1521	3.39265	8.69723	17.4429	0	9.24671	8.64833	12.407	
15.2308	10.4135	7.32747	11.6522	7.44457	8.84471	2.89914	8.32686	5.93457	0.63	5.59161	9.24671	0	5.34734	6.61121	
9.88342	11.6565	7.93896	14.2306	11.1062	14.8171	3.51063	12.883	10.4907	5.18614	10.1477	8.64833	5.34734	0	11.1673	
32.4422	15.7648	21.3353	17.0034	8.60892	7.20878	11.3825	9.60018	10.1823	5.98121	8.524	12.407	6.61121	11.1673	0	

0	7.95447	21.8224	2.9093	11.819	14.1761	7.2293	9.89949	17.4967	11.424	14.9716	11.3734	6.41405	5.81378	10.3738	
7.95447	0	31.5734	5.31263	20.2933	27.4502	9.63263	12.3028	32.3129	24.7927	29.0372	21.8774	14.3685	13.7682	18.3416	
21.8224	31.5734	0	7.76426	21.5544	8.18207	3.44426	9.07915	12.98	6.45412	18.9509	14.1647	15.6772	5.74741	23.5	
2.9093	5.31263	7.76426	0	13.7402	9.05782	4.32	6.99019	22.3386	7.32987	16.5361	17.266	9.32334	6.62315	13.2964	
11.819	20.2933	21.5544	13.7402	0	3.93117	8.66899	6.75	16.4876	10.3652	5	16.8081	5.40496	10.8445	9.36476	
14.1761	27.4502	8.18207	9.05782	3.93117	0	4.73782	4.37049	18.8447	7.74768	1.72534	16.692	7.76209	7.04097	6.30985	
7.2293	9.63263	3.44426	4.32	8.66899	4.73782	0	5.63489	9.8106	3.00987	6.46316	7.86279	7.74268	2.30315	16.1927	
9.89949	12.3028	9.07915	6.99019	6.75	4.37049	5.63489	0	10.4159	3.61519	6.09583	8.5856	8.62519	7.93804	13.1793	
17.4967	32.3129	12.98	22.3386	16.4876	18.8447	9.8106	10.4159	0	6.15515	13.5344	1.18474	11.0826	6.74438	9.96326	
11.424	24.7927	6.45412	7.32987	10.3652	7.74768	3.00987	3.61519	6.15515	0	6.73362	4.97041	5.01	5.31302	8.9698	
14.9716	29.0372	18.9509	16.5361	5	1.72534	6.46316	6.09583	13.5344	6.73362	0	11.704	8.5443	12.8577	4.58451	
11.3734	21.8774	14.1647	17.266	16.8081	16.692	7.86279	8.5856	1.18474	4.97041	11.704	0	9.98041	5.55964	8.77852	
6.41405	14.3685	15.6772	9.32334	5.40496	7.76209	7.74268	8.62519	11.0826	5.01	8.5443	9.98041	0	5.43953	3.9598	
5.81378	13.7682	5.74741	6.62315	10.8445	7.04097	2.30315	7.93804	6.74438	5.31302	12.8577	5.55964	5.43953	0	9.39933	
10.3738	18.3416	23.5	13.2964	9.36476	6.30985	16.1927	13.1793	9.96326	8.9698	4.58451	8.77852	3.9598	9.39933	0	

0	10.8099	14.0885	9.73982	18.9368	20.9832	14.0598	15.5505	10.7274	14.7961	19.87	9.27345	23.3191	17.0981	16.1792	
10.8099	0	24.6224	6.83052	23.4472	21.4009	11.1505	24.287	20.8083	24.2176	22.2918	20.0834	25.0903	14.5333	15.1751	
14.0885	24.6224	0	15.6368	16.32	15.8889	11.3168	11.3469	6.52383	9.89949	14.5294	5.06983	10.6729	9.37443	8	
9.73982	6.83052	15.6368	0	14.6776	15.1243	4.32	8.07659	11.4193	5.88678	14.874	12.5678	10.9296	7.53994	8.34458	
18.9368	23.4472	16.32	14.6776	0	2.04636	8.00659	4.25	5.77264	11.9244	2.93732	7.22664	10.2427	9.46795	9.93522	
20.9832	21.4009	15.8889	15.1243	2.04636	0	6.64277	2.88617	7.81901	12.2283	0.890955	9.1632	8.87888	7.42159	7.4204	
14.0598	11.1505	11.3168	4.32	8.00659	6.64277	0	3.75659	6.93646	1.56678	12.5954	7.08946	4.59678	3.21994	7.24307	
15.5505	24.287	11.3469	8.07659	4.25	2.88617	3.75659	0	7.73102	5.32337	3.77713	6.27702	5.9927	6.97653	6.76	
10.7274	20.8083	6.52383	11.4193	5.77264	7.81901	6.93646	7.73102	0	6.97668	9.47981	1.45399	6.94336	3.71652	7.73965	
14.7961	24.2176	9.89949	5.88678	11.9244	12.2283	1.56678	5.32337	6.97668	0	13.7983	5.52268	3.03	4.78672	5.70286	
19.87	22.2918	14.5294	14.874	2.93732	0.890955	12.5954	3.77713	9.47981	13.7983	0	10.5966	9.20231	8.31254	6.52945	
9.27345	20.0834	5.06983	12.5678	7.22664	9.1632	7.08946	6.27702	1.45399	5.52268	10.5966	0	8.55268	5.17051	6.90577	
23.3191	25.0903	10.6729	10.9296	10.2427	8.87888	4.59678	5.9927	6.94336	3.03	9.20231	8.55268	0	3.22684	2.67286	
17.0981	14.5333	9.37443	7.53994	9.46795	7.42159	3.21994	6.97653	3.71652	4.78672	8.31254	5.17051	3.22684	0	4.02313	
16.1792	15.1751	8	8.34458	9.93522	7.4204	7.24307	6.76	7.73965	5.70286	6.52945	6.90577	2.67286	4.02313	0	

0	14.8891	26.3776	4.93315	14.9964	16.487	18.4476	12.4464	14.5429	11.6085	19.6589	19.5898	18.2181	15.4065	18.0813	
14.8891	0	27.2965	19.8223	14.9473	11.447	17.6494	15.4876	24.6428	15.3192	11.8005	22.8245	24.1768	16.3178	22.8722	
26.3776	27.2965	0	15.9195	10.357	13.8573	17.2803	12.907	6.30971	10.8894	17.1895	10.6717	9.43893	14.2415	12.5888	
4.93315	19.8223	15.9195	0	12.6266	10.5476	13.0662	15.1766	9.60975	6.6754	14.4722	13.9717	9.4054	10.0274	15.8889	
14.9964	14.9473	10.357	12.6266	0	3.50036	12.5727	2.55	16.6667	6.18188	3.85391	13.5645	8.91188	9.5339	13.9351	
16.487	11.447	13.8573	10.5476	3.50036	0	10.263	4.04064	11.2333	3.87221	0.353553	11.3775	6.60221	7.22422	7.4387	
18.4476	17.6494	17.2803	13.0662	12.5727	10.263	0	13.9307	11.3661	6.39081	14.1876	14.3435	9.12081	3.04105	14.4399	
12.4464	15.4876	12.907	15.1766	2.55	4.04064	13.9307	0	11.7034	7.91285	4.3942	15.4181	8.57418	16.9718	14.2976	
14.5429	24.6428	6.30971	9.60975	16.6667	11.2333	11.3661	11.7034	0	5.85922	10.8798	4.36198	3.12922	8.325	6.27911	
11.6085	15.3192	10.8894	6.6754	6.18188	3.87221	6.39081	7.91285	5.85922	0	4.22576	7.95266	2.73	3.35201	9.27698	
