10
5
2
2
20

6	11
10	43
1	33
14	23
27	48

12	21
1	2
11	28
2	10
14	5
10	12
23	24
24	11
8	30
11	27

150

1.79769e+308
1.79769e+308
1.79769e+308
1.79769e+308
1.79769e+308

11
15
11
14
17
13
14
15
13
17

0
0
0
0
0

0

0	2.73837	4.76027	2.53871	9.53698	3.18	1.68172	3.97047	2.74725	5.02905	1.37282	3.5559	7.37157	5.29623	5.82261	
2.73837	0	2.82597	4.58075	4.09358	7.93402	6.17492	2.73451	2.73999	7.56983	1.36556	4.99225	1.92817	1.82324	3.25752	
4.76027	2.82597	0	3.76025	8.83296	4.93013	4.61672	1.914	7.18357	4.70028	6.13309	6.58502	2.97937	1.00273	2.43702	
2.53871	4.58075	3.76025	0	7.66299	0.641287	4.22043	1.43176	5.11956	5.21117	3.91153	1.01718	3.90258	2.34303	1.67813	
9.53698	4.09358	8.83296	7.66299	0	14.7784	11.996	6.23123	10.6233	10.0106	5.45913	7.80889	4.74481	5.91681	6.4776	
3.18	7.93402	4.93013	0.641287	14.7784	0	8.68012	2.07305	7.19079	9.63041	6.56846	1.65847	8.71202	3.3988	2.74052	
1.68172	6.17492	4.61672	4.22043	11.996	8.68012	0	5.26296	2.56685	3.34733	3.05454	6.66923	6.32833	4.35168	5.78597	
3.97047	2.73451	1.914	1.43176	6.23123	2.07305	5.26296	0	4.39207	3.77941	5.40824	2.44894	2.47082	0.911274	0.246368	
2.74725	2.73999	7.18357	5.11956	10.6233	7.19079	2.56685	4.39207	0	5.91419	1.37444	4.10238	6.86289	5.30335	4.63844	
5.02905	7.56983	4.70028	5.21117	10.0106	9.63041	3.34733	3.77941	5.91419	0	6.20428	7.96289	6.25023	4.69069	4.02578	
1.37282	1.36556	6.13309	3.91153	5.45913	6.56846	3.05454	5.40824	1.37444	6.20428	0	5.47682	3.29373	3.18879	5.6546	
3.5559	4.99225	6.58502	1.01718	7.80889	1.65847	6.66923	2.44894	4.10238	7.96289	5.47682	0	3.06408	3.7747	4.30108	
7.37157	1.92817	2.97937	3.90258	4.74481	8.71202	6.32833	2.47082	6.86289	6.25023	3.29373	3.06408	0	1.97665	2.71719	
5.29623	1.82324	1.00273	2.34303	5.91681	3.3988	4.35168	0.911274	5.30335	4.69069	3.18879	3.7747	1.97665	0	1.15764	
5.82261	3.25752	2.43702	1.67813	6.4776	2.74052	5.78597	0.246368	4.63844	4.02578	5.6546	4.30108	2.71719	1.15764	0	

0	4.05521	4.70612	3.74176	10.005	1.89192	2.46045	3.43498	1.4645	2.61839	3.44757	3.39408	7.64091	3.05488	1.64184	
4.05521	0	1.02924	4.01313	2.98304	2.16329	4.09645	1.4951	4.53536	11.8187	5.29218	3.66546	19.1826	5.12427	4.09352	
4.70612	1.02924	0	2.99773	1.9538	3.19253	6.35796	0.465862	3.50612	5.68097	5.10433	2.24382	9.68253	4.47732	2.25901	
3.74176	4.01313	2.99773	0	4.95153	1.84984	3.783	2.64076	4.25519	5.34133	4.90068	0.862799	9.85253	4.16177	2.86063	
10.005	2.98304	1.9538	4.95153	0	7.27525	7.98156	2.41966	5.45992	15.1018	8.46689	9.37252	14.9993	4.31427	5.01807	
1.89192	2.16329	3.19253	1.84984	7.27525	0	1.93316	3.28012	3.35643	4.51031	3.10611	1.50216	8.95751	2.96098	2.4329	
2.46045	4.09645	6.35796	3.783	7.98156	1.93316	0	6.02458	2.85184	2.94984	1.17296	3.43532	7.00158	3.66728	3.21301	
3.43498	1.4951	0.465862	2.64076	2.41966	3.28012	6.02458	0	3.97198	4.40984	3.8332	1.77796	8.78505	3.20619	1.79315	
1.4645	4.53536	3.50612	4.25519	5.45992	3.35643	2.85184	3.97198	0	4.08289	4.0248	5.11799	6.17641	2.55835	3.10634	
2.61839	11.8187	5.68097	5.34133	15.1018	4.51031	2.94984	4.40984	4.08289	0	1.77689	4.47853	7.60551	4.02973	2.61669	
3.44757	5.29218	5.10433	4.90068	8.46689	3.10611	1.17296	3.8332	4.0248	1.77689	0	4.63105	5.82862	3.4531	2.04005	
3.39408	3.66546	2.24382	0.862799	9.37252	1.50216	3.43532	1.77796	5.11799	4.47853	4.63105	0	9.39865	4.46314	3.57111	
7.64091	19.1826	9.68253	9.85253	14.9993	8.95751	7.00158	8.78505	6.17641	7.60551	5.82862	9.39865	0	8.40495	6.9919	
3.05488	5.12427	4.47732	4.16177	4.31427	2.96098	3.66728	3.20619	2.55835	4.02973	3.4531	4.46314	8.40495	0	1.41304	
1.64184	4.09352	2.25901	2.86063	5.01807	2.4329	3.21301	1.79315	3.10634	2.61669	2.04005	3.57111	6.9919	1.41304	0	

0	10.2979	12.0472	4.53336	4.60286	7.40856	2.84618	4.67061	3.12954	2.03774	0.184543	8.55274	4.57974	5.94538	6.71134	
10.2979	0	15.8778	3.63062	10.204	0.755417	8.68516	6.83751	7.24244	15.5347	10.8415	8.59934	6.65362	1.65077	2.97661	
12.0472	15.8778	0	6.589	4.77587	6.07233	13.9282	9.89677	8.91763	13.5469	9.19419	9.2471	13.8341	5.17698	6.79492	
4.53336	3.63062	6.589	0	10.2369	2.30738	2.92063	2.85851	7.66289	6.5711	4.7179	7.62955	7.75985	1.41202	2.17798	
4.60286	10.204	4.77587	10.2369	0	9.44863	7.07995	8.90438	7.81017	7.26693	4.41832	4.47123	7.21989	8.82487	10.4428	
7.40856	0.755417	6.07233	2.30738	9.44863	0	5.79583	2.90172	6.48703	8.4402	9.87888	7.11288	5.8982	0.895356	2.22119	
2.84618	8.68516	13.9282	2.92063	7.07995	5.79583	0	4.03139	6.05349	5.51025	2.66164	12.0865	7.96874	4.33265	4.71192	
4.67061	6.83751	9.89677	2.85851	8.90438	2.90172	4.03139	0	6.20279	6.47935	4.48606	6.68601	3.93735	2.29847	0.680526	
3.12954	7.24244	8.91763	7.66289	7.81017	6.48703	6.05349	6.20279	0	5.16728	3.31408	12.8167	10.1401	7.38238	6.88332	
2.03774	15.5347	13.5469	6.5711	7.26693	8.4402	5.51025	6.47935	5.16728	0	2.22228	5.29066	2.542	8.36992	8.12387	
0.184543	10.8415	9.19419	4.7179	4.41832	9.87888	2.66164	4.48606	3.31408	2.22228	0	8.88955	5.39061	11.2185	5.16659	
8.55274	8.59934	9.2471	7.62955	4.47123	7.11288	12.0865	6.68601	12.8167	5.29066	8.88955	0	2.74866	6.21753	7.83547	
4.57974	6.65362	13.8341	7.75985	7.21989	5.8982	7.96874	3.93735	10.1401	2.542	5.39061	2.74866	0	6.79356	4.61788	
5.94538	1.65077	5.17698	1.41202	8.82487	0.895356	4.33265	2.29847	7.38238	8.36992	11.2185	6.21753	6.79356	0	1.61794	
6.71134	2.97661	6.79492	2.17798	10.4428	2.22119	4.71192	0.680526	6.88332	8.12387	5.16659	7.83547	4.61788	1.61794	0	

0	5.24478	7.14394	2.31775	6.28147	3.59712	5.5184	4.69224	0.596098	3.55103	1.02996	2.79282	5.26064	7.02044	3.61065	
5.24478	0	2.75893	10.1899	4.42224	1.65382	5.0337	0.558704	4.64868	8.96265	10.4568	3.10349	8.04395	1.90647	1.2848	
7.14394	2.75893	0	7.94852	1.6633	4.12103	7.50091	3.02591	6.54784	11.714	9.46572	5.57069	5.28502	3.24583	3.752	
2.31775	10.1899	7.94852	0	8.59923	4.21062	6.16846	5.10911	2.91385	5.86878	1.68002	3.07755	4.90106	4.70268	4.38302	
6.28147	4.42224	1.6633	8.59923	0	9.87859	11.433	4.68922	6.87757	9.8325	7.31143	9.7371	6.94833	4.90914	8.58037	
3.59712	1.65382	4.12103	4.21062	9.87859	0	3.93533	1.09512	4.19321	2.41968	3.91385	3.48704	1.66352	2.44289	1.82121	
5.5184	5.0337	7.50091	6.16846	11.433	3.93533	0	4.475	6.35272	4.21484	4.48844	4.09533	2.27181	5.82276	5.20109	
4.69224	0.558704	3.02591	5.10911	4.68922	1.09512	4.475	0	3.74064	3.5148	4.30764	2.54478	2.75864	1.34777	0.726092	
0.596098	4.64868	6.54784	2.91385	6.87757	4.19321	6.35272	3.74064	0	4.14713	1.62606	9.06413	6.76476	4.1327	3.01455	
3.55103	8.96265	11.714	5.86878	9.8325	2.41968	4.21484	3.5148	4.14713	0	4.58099	9.25942	4.0832	8.09181	6.97366	
1.02996	10.4568	9.46572	1.68002	7.31143	3.91385	4.48844	4.30764	1.62606	4.58099	0	1.76285	3.58637	6.20497	5.08682	
2.79282	3.10349	5.57069	3.07755	9.7371	3.48704	4.09533	2.54478	9.06413	9.25942	1.76285	0	1.82352	3.89255	3.27088	
5.26064	8.04395	5.28502	4.90106	6.94833	1.66352	2.27181	2.75864	6.76476	4.0832	3.58637	1.82352	0	5.98274	7.10089	
7.02044	1.90647	3.24583	4.70268	4.90914	2.44289	5.82276	1.34777	4.1327	8.09181	6.20497	3.89255	5.98274	0	1.11815	
3.61065	1.2848	3.752	4.38302	8.58037	1.82121	5.20109	0.726092	3.01455	6.97366	5.08682	3.27088	7.10089	1.11815	0	

0	4.42406	3.45964	7.08572	15.1568	4.79621	4.69463	2.97815	5.99713	2.59132	5.1716	8.5916	7.90676	8.31501	2.33712	
4.42406	0	0.964428	3.61095	12.8705	2.301	17.2986	2.25407	5.37428	5.91839	3.33811	7.10245	4.37804	9.1997	2.8951	
3.45964	0.964428	0	2.94314	4.12632	1.33657	10.3112	3.06099	13.9172	6.05095	4.30254	8.06687	7.05433	8.39741	2.41997	
7.08572	3.61095	2.94314	0	4.39631	1.60657	9.99201	1.35687	6.75883	7.30294	2.16129	6.36599	0.821039	4.40031	1.9979	
15.1568	12.8705	4.12632	4.39631	0	2.78975	14.3404	6.04877	16.5413	10.0841	12.7938	8.52215	8.89214	2.61072	5.5278	
4.79621	2.301	1.33657	1.60657	2.78975	0	9.39768	2.96344	10.7002	7.29437	6.32923	7.97255	2.42761	5.40047	2.73805	
4.69463	17.2986	10.3112	9.99201	14.3404	9.39768	0	8.53228	2.20093	2.10331	4.23709	14.1457	9.30737	10.9581	7.89126	
2.97815	2.25407	3.06099	1.35687	6.04877	2.96344	8.53228	0	8.8386	9.24558	3.46422	6.89551	2.12397	5.75718	0.641027	
5.99713	5.37428	13.9172	6.75883	16.5413	10.7002	2.20093	8.8386	0	3.40581	2.03616	6.56244	3.37641	12.2606	10.0922	
2.59132	5.91839	6.05095	7.30294	10.0841	7.29437	2.10331	9.24558	3.40581	0	2.58028	7.10656	3.92053	8.85475	4.92844	
5.1716	3.33811	4.30254	2.16129	12.7938	6.32923	4.23709	3.46422	2.03616	2.58028	0	4.52628	1.34025	9.12297	7.44346	
8.5916	7.10245	8.06687	6.36599	8.52215	7.97255	14.1457	6.89551	6.56244	7.10656	4.52628	0	5.86653	5.91143	6.25448	
7.90676	4.37804	7.05433	0.821039	8.89214	2.42761	9.30737	2.12397	3.37641	3.92053	1.34025	5.86653	0	5.22135	2.765	
8.31501	9.1997	8.39741	4.40031	2.61072	5.40047	10.9581	5.75718	12.2606	8.85475	9.12297	5.91143	5.22135	0	5.97789	
2.33712	2.8951	2.41997	1.9979	5.5278	2.73805	7.89126	0.641027	10.0922	4.92844	7.44346	6.25448	2.765	5.97789	0	

0	11.6615	6.70949	4.70867	16.6981	6.21474	4.99713	7.86264	3.2836	2.56867	1.92572	4.37544	4.47225	5.7409	6.15999	
11.6615	0	5.2635	12.1634	14.732	11.6088	16.8355	8.75486	8.68939	14.2301	11.7182	9.56958	14.1236	10.7396	7.78503	
6.70949	5.2635	0	6.9419	9.46855	6.35704	5.13942	8.79501	3.42589	12.8296	5.07836	7.27512	8.86009	9.44025	9.85934	
4.70867	12.1634	6.9419	0	6.9373	1.91426	7.53935	1.85311	4.84541	7.14708	7.47829	0.333226	6.10547	1.69868	2.11778	
16.6981	14.732	9.46855	6.9373	0	8.85156	15.2351	8.79041	12.7631	15.343	20.9208	7.27052	12.2258	18.6601	11.3157	
6.21474	11.6088	6.35704	1.91426	8.85156	0	4.64467	3.76738	2.93114	8.16075	4.58361	2.24749	4.19121	2.386	4.9836	
4.99713	16.8355	5.13942	7.53935	15.2351	4.64467	0	9.52801	1.71353	4.49151	3.366	9.54942	8.46105	8.24267	13.6569	
7.86264	8.75486	8.79501	1.85311	8.79041	3.76738	9.52801	0	7.67894	5.29397	7.94301	2.18634	9.26351	2.71313	0.969836	
3.2836	8.68939	3.42589	4.84541	12.7631	2.93114	1.71353	7.67894	0	4.30151	1.65247	6.15905	6.85286	5.31714	7.91474	
2.56867	14.2301	12.8296	7.14708	15.343	8.16075	4.49151	5.29397	4.30151	0	2.64904	6.94411	3.96954	8.0071	6.26381	
1.92572	11.7182	5.07836	7.47829	20.9208	4.58361	3.366	7.94301	1.65247	2.64904	0	6.30116	6.39797	8.18161	16.4322	
4.37544	9.56958	7.27512	0.333226	7.27052	2.24749	9.54942	2.18634	6.15905	6.94411	6.30116	0	8.84769	1.36546	1.78455	
4.47225	14.1236	8.86009	6.10547	12.2258	4.19121	8.46105	9.26351	6.85286	3.96954	6.39797	8.84769	0	6.5772	9.17481	
5.7409	10.7396	9.44025	1.69868	18.6601	2.386	8.24267	2.71313	5.31714	8.0071	8.18161	1.36546	6.5772	0	3.15001	
6.15999	7.78503	9.85934	2.11778	11.3157	4.9836	13.6569	0.969836	7.91474	6.26381	16.4322	1.78455	9.17481	3.15001	0	

0	6.00721	6.74	9.74848	8.99675	6.58361	5.76009	8.92883	7.55232	12.3682	7.22375	5.2846	9.5199	9.74387	7.88367	
6.00721	0	9.4651	10.3172	12.6213	7.99884	11.7673	8.83066	8.96756	6.36094	10.8483	6.69983	10.9351	9.6457	7.78551	
6.74	9.4651	0	7.1488	14.4788	4.06428	11.7097	6.18763	5.03299	10.6275	8.8002	2.76526	7.00057	10.0598	7.23278	
9.74848	10.3172	7.1488	0	3.48472	3.0279	6.66194	0.961166	4.63351	10.0597	5.25772	4.38246	5.0479	4.39193	2.00632	
8.99675	12.6213	14.4788	3.48472	0	2.65066	6.22916	4.44588	4.744	9.62689	1.773	3.94967	8.88099	4.94931	3.14683	
6.58361	7.99884	4.06428	3.0279	2.65066	0	3.5785	1.54132	3.56674	6.97623	4.42366	1.29901	5.53432	2.29864	0.496167	
5.76009	11.7673	11.7097	6.66194	6.22916	3.5785	0	6.34248	3.45765	10.5547	5.11647	4.87751	12.2245	5.87714	4.07466	
8.92883	8.83066	6.18763	0.961166	4.44588	1.54132	6.34248	0	5.59467	9.74021	6.9979	4.06299	4.08673	2.90535	1.04515	
7.55232	8.96756	5.03299	4.63351	4.744	3.56674	3.45765	5.59467	0	12.0243	2.971	2.26772	6.50303	3.34469	5.20488	
12.3682	6.36094	10.6275	10.0597	9.62689	6.97623	10.5547	9.74021	12.0243	0	14.4128	8.27524	11.25	9.27487	7.4724	
7.22375	10.8483	8.8002	5.25772	1.773	4.42366	5.11647	6.9979	2.971	14.4128	0	5.23873	7.108	6.31569	7.93278	
5.2846	6.69983	2.76526	4.38246	3.94967	1.29901	4.87751	4.06299	2.26772	8.27524	5.23873	0	4.23531	3.59766	1.79518	
9.5199	10.9351	7.00057	5.0479	8.88099	5.53432	12.2245	4.08673	6.50303	11.25	7.108	4.23531	0	9.51863	5.13188	
9.74387	9.6457	10.0598	4.39193	4.94931	2.29864	5.87714	2.90535	3.34469	9.27487	6.31569	3.59766	9.51863	0	1.86019	
7.88367	7.78551	7.23278	2.00632	3.14683	0.496167	4.07466	1.04515	5.20488	7.4724	7.93278	1.79518	5.13188	1.86019	0	

0	9.77846	4.52886	1.38392	8.41754	0.663731	3.62594	2.12371	0.306063	2.09647	1.89218	4.44076	3.66252	3.82486	1.29883	
9.77846	0	5.53137	12.7973	1.96563	6.60986	3.64764	6.83994	9.36672	7.68199	8.50783	9.29243	9.71372	4.59061	6.61537	
4.52886	5.53137	0	8.23316	9.04287	6.92045	4.78993	3.1901	5.71688	7.82497	2.63668	3.55999	6.06388	0.940764	3.4668	
1.38392	12.7973	8.23316	0	11.2801	0.720191	3.6824	3.50079	3.16858	6.26645	5.00396	6.8558	3.71898	5.20194	2.67591	
8.41754	1.96563	9.04287	11.2801	0	12.8301	5.61328	10.3514	8.11148	9.64762	10.4735	11.2581	13.2252	6.55624	10.6281	
0.663731	6.60986	6.92045	0.720191	12.8301	0	2.96221	3.50763	0.969794	2.7602	2.55591	5.10449	2.99879	5.75696	1.96256	
3.62594	3.64764	4.78993	3.6824	5.61328	2.96221	0	3.7926	6.75949	7.22946	7.24598	8.34992	5.96101	5.49376	2.96772	
2.12371	6.83994	3.1901	3.50079	10.3514	3.50763	3.7926	0	3.31376	6.26427	5.23248	1.99928	6.50642	2.24934	0.82488	
0.306063	9.36672	5.71688	3.16858	8.11148	0.969794	6.75949	3.31376	0	2.40254	2.19824	4.74682	9.89923	4.77611	1.60489	
2.09647	7.68199	7.82497	6.26645	9.64762	2.7602	7.22946	6.26427	2.40254	0	3.98865	4.26498	16.856	7.87398	3.3953	
1.89218	8.50783	2.63668	5.00396	10.4735	2.55591	7.24598	5.23248	2.19824	3.98865	0	6.19667	7.28256	3.57744	3.19101	
4.44076	9.29243	3.55999	6.8558	11.2581	5.10449	8.34992	1.99928	4.74682	4.26498	6.19667	0	11.8984	4.24862	2.82416	
3.66252	9.71372	6.06388	3.71898	13.2252	2.99879	5.96101	6.50642	9.89923	16.856	7.28256	11.8984	0	5.12312	6.91516	
3.82486	4.59061	0.940764	5.20194	6.55624	5.75696	5.49376	2.24934	4.77611	7.87398	3.57744	4.24862	5.12312	0	2.52603	
1.29883	6.61537	3.4668	2.67591	10.6281	1.96256	2.96772	0.82488	1.60489	3.3953	3.19101	2.82416	6.91516	2.52603	0	

0	9.81351	11.319	6.63392	12.4165	6.54424	6.26972	11.5054	3.52941	7.41985	8.30851	8.42723	8.67133	10.7943	10.2387	
9.81351	0	4.30173	5.95358	2.60304	6.71775	9.62047	4.99042	6.88016	12.4498	11.5611	4.35273	2.5695	1.79322	2.76941	
11.319	4.30173	0	4.44256	15.5862	5.40724	3.40646	5.14247	14.4324	10.049	6.58741	2.89182	2.40515	2.50852	3.48471	
6.63392	5.95358	4.44256	0	11.355	9.02786	3.03872	6.47747	10.1633	6.92238	6.03371	6.71988	2.03741	2.81369	5.13656	
12.4165	2.60304	15.5862	11.355	0	16.5632	22.8752	7.7623	9.4832	15.082	14.1642	14.0478	13.3924	4.39626	16.1899	
6.54424	6.71775	5.40724	9.02786	16.5632	0	4.81562	1.55848	3.01483	5.32999	4.74379	2.51542	6.65536	4.75568	2.82514	
6.26972	9.62047	3.40646	3.03872	22.8752	4.81562	0	2.26523	2.74031	7.79321	1.92531	9.48747	1.00131	1.77759	0.998572	
11.5054	4.99042	5.14247	6.47747	7.7623	1.55848	2.26523	0	4.57331	6.88847	2.1934	4.0739	3.97348	2.24286	1.26666	
3.52941	6.88016	14.4324	10.1633	9.4832	3.01483	2.74031	4.57331	0	8.10813	7.21947	5.53025	3.74161	8.67338	3.73888	
7.41985	12.4498	10.049	6.92238	15.082	5.32999	7.79321	6.88847	8.10813	0	0.888662	7.49131	7.64387	8.42015	1.8154	
8.30851	11.5611	6.58741	6.03371	14.1642	4.74379	1.92531	2.1934	7.21947	0.888662	0	8.37997	8.07113	1.90293	0.926739	
8.42723	4.35273	2.89182	6.71988	14.0478	2.51542	9.48747	4.0739	5.53025	7.49131	8.37997	0	3.3358	2.55952	3.53571	
8.67133	2.5695	2.40515	2.03741	13.3924	6.65536	1.00131	3.97348	3.74161	7.64387	8.07113	3.3358	0	0.776281	1.75248	
10.7943	1.79322	2.50852	2.81369	4.39626	4.75568	1.77759	2.24286	8.67338	8.42015	1.90293	2.55952	0.776281	0	0.976196	
10.2387	2.76941	3.48471	5.13656	16.1899	2.82514	0.998572	1.26666	3.73888	1.8154	0.926739	3.53571	1.75248	0.976196	0	

0	5.27494	1.6858	2.73082	11.344	1.58523	3.62111	5.43986	2.36064	4.26784	0.95688	7.77902	6.53649	2.93932	4.39132	
5.27494	0	9.8011	4.83529	11.9736	3.6897	6.38144	5.06088	2.95187	5.28116	8.00942	9.54872	10.3424	3.53054	4.81634	
1.6858	9.8011	0	6.70301	8.50501	3.27103	1.93532	2.00213	1.97961	5.95364	2.64268	14.275	9.07898	1.40094	3.69131	
2.73082	4.83529	6.70301	0	4.3345	1.14559	7.60504	1.76326	3.5494	6.50476	3.82961	10.4273	7.04476	3.80909	1.51872	
11.344	11.9736	8.50501	4.3345	0	5.48009	18.2839	4.52979	8.50997	13.321	8.16412	6.09276	7.48529	5.13098	4.77434	
1.58523	3.6897	3.27103	1.14559	5.48009	0	5.72008	4.30052	3.94587	5.85307	2.54211	10.1632	8.97842	3.69933	2.66431	
3.62111	6.38144	1.93532	7.60504	18.2839	5.72008	0	5.73013	3.42957	4.07738	5.09173	15.9769	6.34603	3.33625	5.46025	
5.43986	5.06088	2.00213	1.76326	4.52979	4.30052	5.73013	0	1.17986	8.30923	11.5619	7.4331	5.77058	0.601189	0.244544	
2.36064	2.95187	1.97961	3.5494	8.50997	3.94587	3.42957	1.17986	0	2.32929	3.31752	12.5006	4.59795	0.578676	2.03068	
4.26784	5.28116	5.95364	6.50476	13.321	5.85307	4.07738	8.30923	2.32929	0	3.73566	3.66118	2.26866	2.90797	4.35997	
0.95688	8.00942	2.64268	3.82961	8.16412	2.54211	5.09173	11.5619	3.31752	3.73566	0	6.82214	6.00432	8.01904	5.34833	
7.77902	9.54872	14.275	10.4273	6.09276	10.1632	15.9769	7.4331	12.5006	3.66118	6.82214	0	1.39253	10.9009	6.91856	
6.53649	10.3424	9.07898	7.04476	7.48529	8.97842	6.34603	5.77058	4.59795	2.26866	6.00432	1.39253	0	6.64176	5.52604	
2.93932	3.53054	1.40094	3.80909	5.13098	3.69933	3.33625	0.601189	0.578676	2.90797	8.01904	10.9009	6.64176	0	0.845732	
4.39132	4.81634	3.69131	1.51872	4.77434	2.66431	5.46025	0.244544	2.03068	4.35997	5.34833	6.91856	5.52604	0.845732	0	

0	6.55242	5.26626	6.1086	7.5539	4.02481	3.48709	4.78345	2.07207	1.64634	0.650353	12.2648	5.21104	5.01773	5.67298	
6.55242	0	5.98564	9.50704	9.06581	6.46066	14.0295	4.23496	5.65756	12.839	5.90206	7.0134	13.4876	2.7119	5.52024	
5.26626	5.98564	0	6.58459	8.08854	9.65735	8.75335	4.7968	6.21941	6.58622	5.91661	13.1574	7.48333	3.27375	8.07417	
6.1086	9.50704	6.58459	0	2.38635	3.07276	11.1975	1.9574	5.0255	4.46226	6.72775	5.47996	0.898737	3.48046	2.84694	
7.5539	9.06581	8.08854	2.38635	0	5.45911	13.5839	4.34376	5.48183	6.84861	6.96393	11.5637	3.28509	6.35391	6.37316	
4.02481	6.46066	9.65735	3.07276	5.45911	0	10.2485	1.82995	1.95274	7.53502	3.43484	2.43358	3.9715	4.8984	0.940418	
3.48709	14.0295	8.75335	11.1975	13.5839	10.2485	0	8.27054	5.55916	5.13343	4.13745	10.8013	8.69813	15.0051	9.30813	
4.78345	4.23496	4.7968	1.9574	4.34376	1.82995	8.27054	0	4.46872	4.6816	4.77035	2.38269	2.85614	1.52306	0.889535	
2.07207	5.65756	6.21941	5.0255	5.48183	1.95274	5.55916	4.46872	0	3.71841	1.4821	5.0488	7.28311	2.94566	2.89316	
1.64634	12.839	6.58622	4.46226	6.84861	7.53502	5.13343	4.6816	3.71841	0	2.29669	8.81187	5.36099	6.20465	5.57113	
0.650353	5.90206	5.91661	6.72775	6.96393	3.43484	4.13745	4.77035	1.4821	2.29669	0	11.6353	5.86139	4.42776	5.65988	
12.2648	7.0134	13.1574	5.47996	11.5637	2.43358	10.8013	2.38269	5.0488	8.81187	11.6353	0	8.04511	7.19011	1.49316	
5.21104	13.4876	7.48333	0.898737	3.28509	3.9715	8.69813	2.85614	7.28311	5.36099	5.86139	8.04511	0	9.00332	4.88554	
5.01773	2.7119	3.27375	3.48046	6.35391	4.8984	15.0051	1.52306	2.94566	6.20465	4.42776	7.19011	9.00332	0	2.41259	
5.67298	5.52024	8.07417	2.84694	6.37316	0.940418	9.30813	0.889535	2.89316	5.57113	5.65988	1.49316	4.88554	2.41259	0	

0	4.91293	4.5862	3.90846	6.73581	3.81312	9.75834	3.66832	1.21965	8.38119	1.61838	3.11232	5.51196	3.88268	1.84569	
4.91293	0	6.06855	3.7413	1.64896	10.3577	12.0413	2.1708	10.4149	11.8821	10.8136	6.97598	6.7335	1.10679	3.06724	
4.5862	6.06855	0	4.10145	12.4821	4.85174	7.99275	6.02577	3.36654	8.90151	5.58074	4.08681	6.04248	4.96176	6.16422	
3.90846	3.7413	4.10145	0	6.95289	0.750292	9.13659	3.69852	6.41219	3.74011	2.94503	3.27062	1.94103	2.63451	2.06277	
6.73581	1.64896	12.4821	6.95289	0	21.7218	13.8642	5.02328	12.5065	12.406	9.88923	8.3953	8.55639	2.75575	4.71619	
3.81312	10.3577	4.85174	0.750292	21.7218	0	9.88688	6.98342	6.53677	10.3471	2.19474	3.68867	2.69132	3.3848	2.81306	
9.75834	12.0413	7.99275	9.13659	13.8642	9.88688	0	10.7967	11.3593	1.37715	9.6323	11.1262	3.17624	11.7711	8.97408	
3.66832	2.1708	6.02577	3.69852	5.02328	6.98342	10.7967	0	7.71289	9.00211	5.09559	3.60165	5.48889	1.06401	1.82262	
1.21965	10.4149	3.36654	6.41219	12.5065	6.53677	11.3593	7.71289	0	9.60084	2.83803	4.11123	8.35322	5.10233	3.06535	
8.38119	11.8821	8.90151	3.74011	12.406	10.3471	1.37715	9.00211	9.60084	0	9.99957	12.7794	1.79909	12.2639	5.46535	
1.61838	10.8136	5.58074	2.94503	9.88923	2.19474	9.6323	5.09559	2.83803	9.99957	0	1.49393	7.44292	5.50106	3.46408	
3.11232	6.97598	4.08681	3.27062	8.3953	3.68867	11.1262	3.60165	4.11123	12.7794	1.49393	0	5.21164	4.66566	5.33338	
5.51196	6.7335	6.04248	1.94103	8.55639	2.69132	3.17624	5.48889	8.35322	1.79909	7.44292	5.21164	0	4.57554	3.66626	
3.88268	1.10679	4.96176	2.63451	2.75575	3.3848	11.7711	1.06401	5.10233	12.2639	5.50106	4.66566	4.57554	0	2.88663	
1.84569	3.06724	6.16422	2.06277	4.71619	2.81306	8.97408	1.82262	3.06535	5.46535	3.46408	5.33338	3.66626	2.88663	0	

0	7.30427	1.56916	5.67834	7.66491	3.29639	4.79791	4.41923	5.16301	2.02969	2.59017	4.34606	10.5001	7.22518	4.50166	
7.30427	0	5.73511	6.79171	0.875086	7.46235	14.6137	8.45949	14.152	6.51031	9.24011	8.64463	10.4226	6.19528	6.8448	
1.56916	5.73511	0	2.21478	6.6102	1.72724	9.52386	2.85007	6.73216	3.59885	4.15932	2.99218	9.93267	5.65603	2.34102	
5.67834	6.79171	2.21478	0	5.91663	0.487543	7.91192	1.43627	7.7928	4.04246	2.63351	0.877614	4.31898	6.6556	1.10132	
7.66491	0.875086	6.6102	5.91663	0	6.40417	17.1129	7.10059	11.8558	5.63522	7.88121	6.79424	11.2976	7.07036	5.96972	
3.29639	7.46235	1.72724	0.487543	6.40417	0	11.2511	1.74465	7.30525	4.53001	2.52528	1.26495	4.70631	4.37291	0.613781	
4.79791	14.6137	9.52386	7.91192	17.1129	11.2511	0	4.27037	11.7475	8.88096	2.20774	3.96364	14.2189	8.41842	4.11923	
4.41923	8.45949	2.85007	1.43627	7.10059	1.74465	4.27037	0	9.73165	5.47874	2.06263	2.31389	7.0826	4.89	1.13087	
5.16301	14.152	6.73216	7.7928	11.8558	7.30525	11.7475	9.73165	0	6.22057	7.75317	8.5702	14.691	14.9153	7.91904	
2.02969	6.51031	3.59885	4.04246	5.63522	4.53001	8.88096	5.47874	6.22057	0	4.61986	4.92008	8.47046	10.3735	6.61432	
2.59017	9.24011	4.15932	2.63351	7.88121	2.52528	2.20774	2.06263	7.75317	4.61986	0	1.7559	5.19726	5.67063	1.91149	
4.34606	8.64463	2.99218	0.877614	6.79424	1.26495	3.96364	2.31389	8.5702	4.92008	1.7559	0	3.44136	8.7576	1.87873	
10.5001	10.4226	9.93267	4.31898	11.2976	4.70631	14.2189	7.0826	14.691	8.47046	5.19726	3.44136	0	5.80379	8.21347	
7.22518	6.19528	5.65603	6.6556	7.07036	4.37291	8.41842	4.89	14.9153	10.3735	5.67063	8.7576	5.80379	0	3.75913	
4.50166	6.8448	2.34102	1.10132	5.96972	0.613781	4.11923	1.13087	7.91904	6.61432	1.91149	1.87873	8.21347	3.75913	0	

0	5.66077	11.8772	4.21797	5.68839	2.78121	4.7263	3.47235	2.56896	3.43289	2.58987	5.01641	1.75916	6.55494	3.02041	
5.66077	0	6.21641	2.89434	5.27564	6.66006	5.31429	3.32274	4.54335	7.36363	3.17785	5.54577	7.41993	7.14292	2.81319	
11.8772	6.21641	0	7.23068	1.9436	14.2367	17.6481	4.31356	12.9809	6.70157	5.99784	11.1038	11.206	2.03277	4.61158	
4.21797	2.89434	7.23068	0	4.68614	3.76572	5.25116	2.5277	1.649	4.13643	5.07798	2.65143	5.05605	5.19791	2.01815	
5.68839	5.27564	1.9436	4.68614	0	10.949	8.4299	3.17753	7.2454	4.75797	6.29346	8.72001	7.43656	3.97637	2.66798	
2.78121	6.66006	14.2367	3.76572	10.949	0	6.79194	4.31324	5.35018	6.2141	4.65551	5.62004	4.54037	6.59403	4.82278	
4.7263	5.31429	17.6481	5.25116	8.4299	6.79194	0	8.59401	5.79238	8.27981	2.13643	4.56298	7.64408	6.1015	7.26931	
3.47235	3.32274	4.31356	2.5277	3.17753	4.31324	8.59401	0	4.99186	6.87375	3.73334	1.3068	1.71319	2.28079	0.509545	
2.56896	4.54335	12.9809	1.649	7.2454	5.35018	5.79238	4.99186	0	2.48743	5.15883	4.30044	4.32812	6.84691	3.66716	
3.43289	7.36363	6.70157	4.13643	4.75797	6.2141	8.27981	6.87375	2.48743	0	6.02275	7.12072	5.16056	9.66719	6.45329	
2.58987	3.17785	5.99784	5.07798	6.29346	4.65551	2.13643	3.73334	5.15883	6.02275	0	2.42654	4.34903	3.96507	5.61028	
5.01641	5.54577	11.1038	2.65143	8.72001	5.62004	4.56298	1.3068	4.30044	7.12072	2.42654	0	3.01999	3.58759	1.81634	
1.75916	7.41993	11.206	5.05605	7.43656	4.54037	7.64408	1.71319	4.32812	5.16056	4.34903	3.01999	0	3.99398	2.22274	
6.55494	7.14292	2.03277	5.19791	3.97637	6.59403	6.1015	2.28079	6.84691	9.66719	3.96507	3.58759	3.99398	0	2.79033	
3.02041	2.81319	4.61158	2.01815	2.66798	4.82278	7.26931	0.509545	3.66716	6.45329	5.61028	1.81634	2.22274	2.79033	0	

0	9.30012	8.13456	5.64989	2.66164	1.07357	3.34113	5.13065	1.22247	8.35837	2.76237	15.7301	11.2894	2.07886	3.42337	
9.30012	0	11.2286	9.43893	9.81463	8.22656	9.32099	7.13942	11.3693	5.76156	11.3576	6.48355	12.4468	8.58043	7.54773	
8.13456	11.2286	0	3.50669	6.76925	3.65348	4.79342	5.39352	5.43707	7.4059	8.05114	6.68391	5.24786	2.64819	4.08747	
5.64989	9.43893	3.50669	0	4.97956	1.86379	6.46186	1.33586	3.64738	6.62612	5.05308	5.90413	6.68258	0.858499	0.927551	
2.66164	9.81463	6.76925	4.97956	0	1.58808	7.4545	6.8664	3.63731	5.36672	5.85878	4.64473	9.94514	2.59337	3.93788	
1.07357	8.22656	3.65348	1.86379	1.58808	0	4.4147	2.75811	2.29603	13.9881	3.83594	6.23281	6.82938	1.0053	2.34981	
3.34113	9.32099	4.79342	6.46186	7.4545	4.4147	0	2.18157	3.81719	9.41725	6.03867	10.1392	10.0413	4.92691	2.58988	
5.13065	7.13942	5.39352	1.33586	6.8664	2.75811	2.18157	0	5.53422	8.5993	4.53384	9.32129	8.56942	1.84759	0.408307	
1.22247	11.3693	5.43707	3.64738	3.63731	2.29603	3.81719	5.53422	0	7.81748	2.22147	8.28204	8.61296	2.78888	4.22817	
8.35837	5.76156	7.4059	6.62612	5.36672	13.9881	9.41725	8.5993	7.81748	0	5.596	0.721992	6.68524	10.5764	9.0076	
2.76237	11.3576	8.05114	5.05308	5.85878	3.83594	6.03867	4.53384	2.22147	5.596	0	6.318	11.227	5.01036	4.12553	
15.7301	6.48355	6.68391	5.90413	4.64473	6.23281	10.1392	9.32129	8.28204	0.721992	6.318	0	7.40723	6.76263	6.83168	
11.2894	12.4468	5.24786	6.68258	9.94514	6.82938	10.0413	8.56942	8.61296	6.68524	11.227	7.40723	0	5.82408	7.26336	
2.07886	8.58043	2.64819	0.858499	2.59337	1.0053	4.92691	1.84759	2.78888	10.5764	5.01036	6.76263	5.82408	0	1.43928	
3.42337	7.54773	4.08747	0.927551	3.93788	2.34981	2.58988	0.408307	4.22817	9.0076	4.12553	6.83168	7.26336	1.43928	0	

0	6.55651	5.88745	2.1419	5.11324	0.763316	2.46351	4.17831	1.26844	6.22459	3.90694	6.15821	3.40527	5.98925	2.79199	
6.55651	0	8.33046	4.70346	6.11613	5.64033	9.48322	2.22534	5.41452	4.73087	2.64957	8.32857	13.5719	2.91453	2.30029	
5.88745	8.33046	0	6.60158	4.60029	5.223	6.92319	3.42574	4.61901	11.1186	7.38396	5.05392	7.86496	2.73654	6.14256	
2.1419	4.70346	6.60158	0	7.99704	1.37858	3.07877	0.568966	2.01756	4.98367	5.03997	3.27441	4.02054	3.16733	0.494011	
5.11324	6.11613	4.60029	7.99704	0	5.87655	12.1271	8.34147	6.38168	11.6099	8.7657	6.50494	9.36294	7.33684	9.10017	
0.763316	5.64033	5.223	1.37858	5.87655	0	1.70019	3.41499	1.1962	5.92053	3.66138	4.653	2.64196	4.10419	1.87259	
2.46351	9.48322	6.92319	3.07877	12.1271	1.70019	0	5.11518	2.8964	7.61275	5.36158	7.17754	4.31954	6.92612	7.28597	
4.17831	2.22534	3.42574	0.568966	8.34147	3.41499	5.11518	0	1.59851	2.50554	4.82319	3.00657	6.05695	0.689199	0.0749548	
1.26844	5.41452	4.61901	2.01756	6.38168	1.1962	2.8964	1.59851	0	5.0826	2.76495	5.85633	3.83816	5.15375	1.52355	
6.22459	4.73087	11.1186	4.98367	11.6099	5.92053	7.61275	2.50554	5.0826	0	2.31765	10.0831	11.4908	3.19474	2.58049	
3.90694	2.64957	7.38396	5.03997	8.7657	3.66138	5.36158	4.82319	2.76495	2.31765	0	7.76549	6.30334	6.47932	4.2885	
6.15821	8.32857	5.05392	3.27441	6.50494	4.653	7.17754	3.00657	5.85633	10.0831	7.76549	0	2.858	2.31737	3.76842	
3.40527	13.5719	7.86496	4.02054	9.36294	2.64196	4.31954	6.05695	3.83816	11.4908	6.30334	2.858	0	5.17537	8.48602	
5.98925	2.91453	2.73654	3.16733	7.33684	4.10419	6.92612	0.689199	5.15375	3.19474	6.47932	2.31737	5.17537	0	0.764154	
2.79199	2.30029	6.14256	0.494011	9.10017	1.87259	7.28597	0.0749548	1.52355	2.58049	4.2885	3.76842	8.48602	0.764154	0	

0	14.7436	5.17643	4.15961	13.7038	5.73764	3.14392	3.28817	0.90431	1.1109	3.86975	9.86228	3.62753	4.31531	4.56061	
14.7436	0	7.07698	7.91744	4.37888	5.73606	14.1855	4.99046	9.1033	6.64494	9.59204	10.8559	7.116	3.44053	4.83665	
5.17643	7.07698	0	7.52742	8.57203	4.93545	6.33055	3.43734	4.27212	6.84086	8.43389	5.42551	3.73382	3.63645	2.89453	
4.15961	7.91744	7.52742	0	11.5415	6.63847	5.49491	7.11726	3.2553	7.93704	4.97274	3.03614	10.2814	6.60592	5.56712	
13.7038	4.37888	8.57203	11.5415	0	7.23111	15.6806	6.4855	10.5983	8.13999	11.0871	9.57504	8.61104	4.93558	6.33169	
5.73764	5.73606	4.93545	6.63847	7.23111	0	5.47694	2.58373	5.69722	5.49994	1.86789	3.60233	2.88021	2.29553	2.04092	
3.14392	14.1855	6.33055	5.49491	15.6806	5.47694	0	3.97883	2.23961	3.63126	6.40137	5.967	4.27531	4.83214	3.43602	
3.28817	4.99046	3.43734	7.11726	6.4855	2.58373	3.97883	0	3.86196	2.17727	7.70144	3.07379	1.3821	1.54993	0.542812	
0.90431	9.1033	4.27212	3.2553	10.5983	5.69722	2.23961	3.86196	0	2.01521	4.16176	6.18728	4.49559	5.05242	3.6563	
1.1109	6.64494	6.84086	7.93704	8.13999	5.49994	3.63126	2.17727	2.01521	0	4.98065	10.6198	2.51663	3.20441	2.72008	
3.86975	9.59204	8.43389	4.97274	11.0871	1.86789	6.40137	7.70144	4.16176	4.98065	0	5.47022	8.12554	4.16342	3.90881	
9.86228	10.8559	5.42551	3.03614	9.57504	3.60233	5.967	3.07379	6.18728	10.6198	5.47022	0	3.37026	3.92709	2.53098	
3.62753	7.116	3.73382	10.2814	8.61104	2.88021	4.27531	1.3821	4.49559	2.51663	8.12554	3.37026	0	2.2354	0.839287	
4.31531	3.44053	3.63645	6.60592	4.93558	2.29553	4.83214	1.54993	5.05242	3.20441	4.16342	3.92709	2.2354	0	1.39612	
4.56061	4.83665	2.89453	5.56712	6.33169	2.04092	3.43602	0.542812	3.6563	2.72008	3.90881	2.53098	0.839287	1.39612	0	

0	5.85066	9.18438	1.93231	4.74764	2.66535	2.94897	3.31694	5.26984	6.7032	4.76092	1.93469	3.76656	4.02394	5.66051	
5.85066	0	11.8663	6.00397	10.5556	2.77446	9.78759	2.09113	10.136	3.63251	11.2556	3.91597	13.7416	11.8013	2.0059	
9.18438	11.8663	0	8.44945	11.2648	9.18249	14.171	9.40398	8.44046	11.487	11.2781	8.02173	8.96335	5.16044	9.86039	
1.93231	6.00397	8.44945	0	2.81534	0.733042	4.88128	1.74341	2.66398	4.81009	2.82861	2.088	1.83426	5.63716	1.5016	
4.74764	10.5556	11.2648	2.81534	0	3.54838	12.5352	4.55875	6.15287	7.62543	5.64395	4.90334	4.64959	9.01281	7.40844	
2.66535	2.77446	9.18249	0.733042	3.54838	0	7.84091	0.853792	1.93094	2.39517	3.53445	2.82105	2.5673	5.21095	0.768563	
2.94897	9.78759	14.171	4.88128	12.5352	7.84091	0	4.49384	10.6991	3.75423	8.97643	4.88366	13.1865	6.97291	4.57907	
3.31694	2.09113	9.40398	1.74341	4.55875	0.853792	4.49384	0	5.08095	1.71184	4.57203	1.38226	3.57767	4.29704	0.0852291	
5.26984	10.136	8.44046	2.66398	6.15287	1.93094	10.6991	5.08095	0	8.14763	5.4654	5.42554	5.17179	3.28001	2.6995	
6.7032	3.63251	11.487	4.81009	7.62543	2.39517	3.75423	1.71184	8.14763	0	5.2222	6.8981	6.64435	11.453	1.62661	
4.76092	11.2556	11.2781	2.82861	5.64395	3.53445	8.97643	4.57203	5.4654	5.2222	0	4.91662	4.66287	9.50575	4.30302	
1.93469	3.91597	8.02173	2.088	4.90334	2.82105	4.88366	1.38226	5.42554	6.8981	4.91662	0	3.92226	5.6793	1.46749	
3.76656	13.7416	8.96335	1.83426	4.64959	2.5673	13.1865	3.57767	5.17179	6.64435	4.66287	3.92226	0	3.80291	6.42736	
4.02394	11.8013	5.16044	5.63716	9.01281	5.21095	6.97291	4.29704	3.28001	11.453	9.50575	5.6793	3.80291	0	4.38227	
5.66051	2.0059	9.86039	1.5016	7.40844	0.768563	4.57907	0.0852291	2.6995	1.62661	4.30302	1.46749	6.42736	4.38227	0	

0	6.63626	4.86095	4.05601	5.07289	3.01422	4.39256	4.88561	1.01251	9.38094	0.680012	2.30367	5.49176	4.83144	4.40743	
6.63626	0	6.27019	3.04846	3.72869	4.57774	15.2153	1.89215	7.91604	13.5734	5.95625	9.12025	9.32451	3.48725	2.37033	
4.86095	6.27019	0	6.08296	4.54936	3.7563	5.96463	4.92666	6.14073	9.20356	4.18094	4.99815	11.8737	7.90339	5.21482	
4.05601	3.04846	6.08296	0	5.10221	6.48199	7.79006	1.1563	7.72099	9.4452	5.7612	1.75235	6.77504	4.13303	1.63448	
5.07289	3.72869	4.54936	5.10221	0	2.17997	13.7065	1.14364	7.66873	7.22164	8.7303	6.72248	9.8918	1.08948	0.665462	
3.01422	4.57774	3.7563	6.48199	2.17997	0	2.20833	1.99269	4.02673	12.9599	3.69423	4.72964	3.22336	1.93852	1.5145	
4.39256	15.2153	5.96463	7.79006	13.7065	2.20833	0	5.10242	3.38006	3.68518	5.33985	5.89128	1.01502	2.12569	2.54971	
4.88561	1.89215	4.92666	1.1563	1.14364	1.99269	5.10242	0	7.48144	10.1025	6.9175	2.90865	7.43235	0.902199	0.478181	
1.01251	7.91604	6.14073	7.72099	7.66873	4.02673	3.38006	7.48144	0	7.14941	1.69252	3.31617	4.39508	5.50575	5.41993	
9.38094	13.5734	9.20356	9.4452	7.22164	12.9599	3.68518	10.1025	7.14941	0	11.3612	13.3102	2.67016	9.5446	7.8871	
0.680012	5.95625	4.18094	5.7612	8.7303	3.69423	5.33985	6.9175	1.69252	11.3612	0	2.98368	6.43905	4.1804	4.60442	
2.30367	9.12025	4.99815	1.75235	6.72248	4.72964	5.89128	2.90865	3.31617	13.3102	2.98368	0	8.52739	3.76559	4.18961	
5.49176	9.32451	11.8737	6.77504	9.8918	3.22336	1.01502	7.43235	4.39508	2.67016	6.43905	8.52739	0	3.14071	7.91053	
4.83144	3.48725	7.90339	4.13303	1.08948	1.93852	2.12569	0.902199	5.50575	9.5446	4.1804	3.76559	3.14071	0	0.424018	
4.40743	2.37033	5.21482	1.63448	0.665462	1.5145	2.54971	0.478181	5.41993	7.8871	4.60442	4.18961	7.91053	0.424018	0	

0	1.45268	4.93535	0.228449	5.05724	4.20609	8.2812	1.08211	2.69092	5.90011	2.445	3.74133	10.1292	3.25092	2.56423	
1.45268	0	7.38137	1.68113	3.60456	4.82268	8.94877	8.20706	4.1436	7.35279	3.89768	9.64707	12.259	3.03325	4.01691	
4.93535	7.38137	0	7.94572	4.35877	5.43906	10.2637	2.55562	7.29423	13.4406	7.5213	8.75334	11.3457	4.34813	2.37112	
0.228449	1.68113	7.94572	0	6.53718	2.55577	8.28878	0.853662	2.22223	6.12856	2.67345	3.51289	6.49716	3.47937	1.03817	
5.05724	3.60456	4.35877	6.53718	0	6.11211	10.2382	5.21493	9.141	14.0969	10.1806	7.46295	13.5484	4.32268	5.03042	
4.20609	4.82268	5.43906	2.55577	6.11211	0	7.70496	1.70211	1.78196	8.05069	3.57612	3.24107	7.34561	1.78943	1.88661	
8.2812	8.94877	10.2637	8.28878	10.2382	7.70496	0	8.72967	10.7338	2.38109	10.0242	11.8017	7.73222	5.91553	10.4212	
1.08211	8.20706	2.55562	0.853662	5.21493	1.70211	8.72967	0	1.36857	6.34858	4.81746	3.55143	5.6435	3.49154	0.184503	
2.69092	4.1436	7.29423	2.22223	9.141	1.78196	10.7338	1.36857	0	7.71715	3.44889	4.92	7.01207	3.57139	1.55307	
5.90011	7.35279	13.4406	6.12856	14.0969	8.05069	2.38109	6.34858	7.71715	0	7.64309	9.90001	10.1133	8.29662	6.53308	
2.445	3.89768	7.5213	2.67345	10.1806	3.57612	10.0242	4.81746	3.44889	7.64309	0	6.81719	10.8871	5.36555	5.00923	
3.74133	9.64707	8.75334	3.51289	7.46295	3.24107	11.8017	3.55143	4.92	9.90001	6.81719	0	7.85912	5.0305	3.73593	
10.1292	12.259	11.3457	6.49716	13.5484	7.34561	7.73222	5.6435	7.01207	10.1133	10.8871	7.85912	0	9.22575	5.828	
3.25092	3.03325	4.34813	3.47937	4.32268	1.78943	5.91553	3.49154	3.57139	8.29662	5.36555	5.0305	9.22575	0	4.50572	
2.56423	4.01691	2.37112	1.03817	5.03042	1.88661	10.4212	0.184503	1.55307	6.53308	5.00923	3.73593	5.828	4.50572	0	

-111