20
5
2
3
20

6	25
1	50
11	25
47	42
3	33

22	35
37	29
8	32
40	14
47	10
42	35
5	14
4	36
42	25
29	13
40	12
50	19
49	12
45	9
11	8
25	5
17	28
33	35
2	41
7	15

150

1.79769e+308
1.79769e+308
1.79769e+308
1.79769e+308
1.79769e+308

14
17
16
17
17
12
20
15
15
12
13
15
11
18
13
13
19
18
19
14

0
0
0
0
0

0

0	8.15843	2.35	8.87694	7.43328	9.48571	13.7531	4.25394	10.104	22.2655	13.9523	8.61498	6.14919	9.36	6.48556	11.5664	11.8578	11.4918	21.4616	7.26522	7.6377	2.28035	5.7732	11.0613	6.83392	
8.15843	0	10.5084	12.6064	7.43128	9.54858	12.8228	10.4364	26.6969	18.741	17.6818	10.5042	6.87255	14.0983	14.644	20.6708	20.4927	21.6264	18.574	11.2253	18.9525	10.4388	7.77506	3.80326	12.9183	
2.35	10.5084	0	11.2269	6.67509	7.13571	13.0913	1.90394	7.75403	16.3281	16.2169	6.26498	5.08498	10.4373	8.83556	10.954	16.4869	12.1794	16.1611	7.83216	12.2668	4.63035	9.66571	10.3031	6.13909	
8.87694	12.6064	11.2269	0	15.6192	22.155	9.37101	17.3125	13.4454	9.86851	5.07537	15.1433	15.0261	9.67537	14.0262	12.0143	7.88624	9.01998	14.5799	14.8553	21.0928	11.1573	16.7754	16.4097	15.1532	
7.43328	7.43128	6.67509	15.6192	0	9.17039	13.7671	5.40496	14.4291	14.9675	10.5438	12.9401	4.80666	15.0425	12.793	16.5939	17.9025	17.7992	14.0283	14.6985	13.6823	8.325	8.71931	3.62802	12.8142	
9.48571	9.54858	7.13571	22.155	9.17039	0	7.57777	9.03966	14.8897	9.19239	14.23	13.4007	12.2207	8.8532	12.6469	11.591	18.3518	10.0409	9.02541	8.16333	13.7074	6.02285	2.53	12.7984	9.85641	
13.7531	12.8228	13.0913	9.37101	13.7671	7.57777	0	13.6088	7.86092	16.7459	4.29564	9.85913	16.6547	8.89564	9.74179	4.66092	10.0318	13.7239	7.22654	8.64531	13.765	8.54062	5.04777	19.3961	6.95224	
4.25394	10.4364	1.90394	17.3125	5.40496	9.03966	13.6088	0	9.65797	26.3946	15.9488	8.16893	3.56382	14.8842	16.6049	26.2251	22.6765	19.1737	19.4333	11.4239	18.4563	8.81339	8.56098	9.03298	8.04303	
10.104	26.6969	7.75403	13.4454	14.4291	14.8897	7.86092	9.65797	0	5.27391	7.28328	13.3666	12.839	2.68328	8.28087	3.2	7.32452	4.42538	5.76562	17.274	8.74643	14.1038	9.00648	18.9521	13.8931	
22.2655	18.741	16.3281	9.86851	14.9675	9.19239	16.7459	26.3946	5.27391	0	21.5243	22.2515	22.3527	14.4542	5.85477	3.50477	3.74767	0.848528	0.939149	17.3557	17.6639	17.9668	11.7224	31.117	23.4424	
13.9523	17.6818	16.2169	5.07537	10.5438	14.23	4.29564	15.9488	7.28328	21.5243	0	12.9847	15.3505	4.6	12.0103	8.95656	12.9616	14.0953	23.5893	11.7709	14.9619	15.1928	9.34341	14.1719	10.0778	
8.61498	10.5042	6.26498	15.1433	12.9401	13.4007	9.85913	8.16893	13.3666	22.2515	12.9847	0	8.36863	18.979	14.9205	10.1666	15.5374	23.4866	12.7322	4.59996	19.2707	13.1744	16.0279	14.3075	2.90689	
6.14919	6.87255	5.08498	15.0261	4.80666	12.2207	16.6547	3.56382	12.839	22.3527	15.3505	8.36863	0	15.5092	12.6347	18.5352	26.5209	22.3547	18.835	13.4144	22.3008	8.42954	11.6069	6.6776	11.2241	
9.36	14.0983	10.4373	9.67537	15.0425	8.8532	8.89564	14.8842	2.68328	14.4542	4.6	18.979	15.5092	0	13.8933	5.88328	9.9	7.10866	11.3781	13.6371	11.4297	9.81605	6.3232	23.5435	14.6778	
6.48556	14.644	8.83556	14.0262	12.793	12.6469	9.74179	16.6049	8.28087	5.85477	12.0103	14.9205	12.6347	13.8933	0	5.08087	7.42571	5.00625	7.64648	4.48357	2.95161	8.30896	11.7975	16.421	6.17664	
11.5664	20.6708	10.954	12.0143	16.5939	11.591	4.66092	26.2251	3.2	3.50477	8.95656	10.1666	18.5352	5.88328	5.08087	0	5.37088	7.62538	2.56562	9.56444	8.03248	14.4615	9.70869	28.3679	11.6132	
11.8578	20.4927	16.4869	7.88624	17.9025	18.3518	10.0318	22.6765	7.32452	3.74767	12.9616	15.5374	26.5209	9.9	7.42571	5.37088	0	2.89914	7.9365	11.346	10.3773	9.57747	13.0703	21.6856	13.0391	
11.4918	21.6264	12.1794	9.01998	17.7992	10.0409	13.7239	19.1737	4.42538	0.848528	14.0953	23.4866	22.3547	7.10866	5.00625	7.62538	2.89914	0	1.78768	9.48982	7.95786	12.4766	22.1341	28.4678	23.4088	
21.4616	18.574	16.1611	14.5799	14.0283	9.02541	7.22654	19.4333	5.76562	0.939149	23.5893	12.7322	18.835	11.3781	7.64648	2.56562	7.9365	1.78768	0	17.1887	11.6697	17.7998	11.5554	17.6563	23.0825	
7.26522	11.2253	7.83216	14.8553	14.6985	8.16333	8.64531	11.4239	17.274	17.3557	11.7709	4.59996	13.4144	13.6371	4.48357	9.56444	11.346	9.48982	17.1887	0	7.43518	9.54557	7.31391	14.137	1.69307	
7.6377	18.9525	12.2668	21.0928	13.6823	13.7074	13.765	18.4563	8.74643	17.6639	14.9619	19.2707	22.3008	11.4297	2.95161	8.03248	10.3773	7.95786	11.6697	7.43518	0	5.35735	8.8502	17.4655	22.6454	
2.28035	10.4388	4.63035	11.1573	8.325	6.02285	8.54062	8.81339	14.1038	17.9668	15.1928	13.1744	8.42954	9.81605	8.30896	14.4615	9.57747	12.4766	17.7998	9.54557	5.35735	0	3.49285	11.953	9.11427	
5.7732	7.77506	9.66571	16.7754	8.71931	2.53	5.04777	8.56098	9.00648	11.7224	9.34341	16.0279	11.6069	6.3232	11.7975	9.70869	13.0703	22.1341	11.5554	7.31391	8.8502	3.49285	0	11.5783	9.00699	
11.0613	3.80326	10.3031	16.4097	3.62802	12.7984	19.3961	9.03298	18.9521	31.117	14.1719	14.3075	6.6776	23.5435	16.421	28.3679	21.6856	28.4678	17.6563	14.137	17.4655	11.953	11.5783	0	12.4439	
6.83392	12.9183	6.13909	15.1532	12.8142	9.85641	6.95224	8.04303	13.8931	23.4424	10.0778	2.90689	11.2241	14.6778	6.17664	11.6132	13.0391	23.4088	23.0825	1.69307	22.6454	9.11427	9.00699	12.4439	0	

0	14.0722	6.35	12.5991	7.34784	5.84907	15.8376	4.22246	10.8526	9.36674	24.9148	5.3729	8.74795	15.03	9.00032	12.4676	14.3346	17.0942	8.85244	12.7073	14.9713	9.36869	11.7763	9.12154	3.91945	
14.0722	0	18.8363	24.3293	3.94699	9.69031	25.4833	9.84974	12.2073	26.3969	12.6896	15.1417	11.005	17.5739	24.9668	14.5673	17.4621	16.0796	17.6521	28.6738	16.5806	7.92963	17.4035	2.17329	14.7883	
6.35	18.8363	0	19.2216	11.54	12.1991	11.7577	8.53405	14.0466	26.8207	12.68	8.73481	11.4141	8.68	9.30232	20.9501	11.38	13.7078	14.5799	17.6195	18.9621	3.01869	9.66644	8.77503	8.83167	
12.5991	24.3293	19.2216	0	19.3469	6.74999	4.42833	17.094	12.1219	6.72	12.0433	12.2034	14.7616	13.0085	11.4049	13.8545	17.3767	10.1424	7.2343	33.7616	16.4951	17.4169	6.51955	14.267	16.3464	
7.34784	3.94699	11.54	19.3469	0	9.29072	16.1591	9.11079	11.1742	28.7963	12.29	5.69443	4.5853	19.5292	9.32186	22.3284	19.2904	26.5577	16.2003	13.0289	24.1741	7.53003	16.732	1.7737	4.24099	
5.84907	9.69031	12.1991	6.74999	9.29072	0	11.0012	10.0715	10.5103	8.13173	14.58	16.383	16.3487	15.8768	23.5485	12.8703	15.765	11.5541	8.64602	28.5307	14.8835	10.6669	8.91	7.51702	9.76852	
15.8376	25.4833	11.7577	4.42833	16.1591	11.0012	0	9.64503	13.9467	7.72953	7.76122	7.77506	14.8588	8.58019	6.97653	14.864	11.2802	11.1519	8.24382	14.2239	16.6363	13.4912	2.09122	19.6543	9.22851	
4.22246	9.84974	8.53405	17.094	9.11079	10.0715	9.64503	0	11.8717	16.1981	13.2238	5.292	4.52548	12.8122	10.0194	16.3117	10.1122	12.3749	13.0749	11.7408	14.9959	5.51536	7.55381	10.9519	4.93852	
10.8526	12.2073	14.0466	12.1219	11.1742	10.5103	13.9467	11.8717	0	5.95902	9.36656	8.38663	16.9034	5.36656	8.27771	2.36	5.25476	3.87221	5.44472	15.721	4.37321	17.8253	16.3985	14.3806	6.93318	
9.36674	26.3969	26.8207	6.72	28.7963	8.13173	7.72953	16.1981	5.95902	0	9.4328	15.5046	21.4816	16.3097	5.79187	4.12949	5.68514	3.4224	0.514296	21.9436	6.63312	16.4181	9.82075	15.6487	18.3295	
24.9148	12.6896	12.68	12.0433	12.29	14.58	7.76122	13.2238	9.36656	9.4328	0	16.9131	18.4376	4	10.4159	19.6004	6.7	6.01041	14.7604	20.9581	20.9035	16.2727	5.67	10.5163	16.3246	
5.3729	15.1417	8.73481	12.2034	5.69443	16.383	7.77506	5.292	8.38663	15.5046	16.9131	0	9.81749	16.3552	6.53431	23.6475	15.4042	13.2136	17.3903	6.44881	20.2879	5.71612	9.86628	11.4725	1.45344	
8.74795	11.005	11.4141	14.7616	4.5853	16.3487	14.8588	4.52548	16.9034	21.4816	18.4376	9.81749	0	22.6311	15.0511	20.768	14.6376	22.3484	20.2093	16.7995	19.5214	8.39539	12.0793	6.359	8.82629	
15.03	17.5739	8.68	13.0085	19.5292	15.8768	8.58019	12.8122	5.36656	16.3097	4	16.3552	22.6311	0	6.72289	7.72656	2.7	4.96274	10.8113	16.4373	9.73978	11.6987	9.67	14.5163	11.8038	
9.00032	24.9668	9.30232	11.4049	9.32186	23.5485	6.97653	10.0194	8.27771	5.79187	10.4159	6.53431	15.0511	6.72289	0	8.89277	6.66824	4.4055	5.27758	9.7144	9.65981	12.321	9.06775	21.76	5.08087	
12.4676	14.5673	20.9501	13.8545	22.3284	12.8703	14.864	16.3117	2.36	4.12949	19.6004	23.6475	20.768	7.72656	8.89277	0	7.61476	6.23221	3.61519	18.1502	6.73321	17.9314	21.6183	20.5547	9.29318	
14.3346	17.4621	11.38	17.3767	19.2904	15.765	11.2802	10.1122	5.25476	5.68514	6.7	15.4042	14.6376	2.7	6.66824	7.61476	0	2.26274	10.6995	20.666	9.62797	12.6559	13.732	18.4123	12.1879	
17.0942	16.0796	13.7078	10.1424	26.5577	11.5541	11.1519	12.3749	3.87221	3.4224	6.01041	13.2136	22.3484	4.96274	4.4055	6.23221	2.26274	0	3.93669	14.1199	8.24542	13.9531	11.6804	16.5268	9.48636	
8.85244	17.6521	14.5799	7.2343	16.2003	8.64602	8.24382	13.0749	5.44472	0.514296	14.7604	17.3903	20.2093	10.8113	5.27758	3.61519	10.6995	3.93669	0	14.992	6.11882	15.9038	23.2376	21.6601	10.3584	
12.7073	28.6738	17.6195	33.7616	13.0289	28.5307	14.2239	11.7408	15.721	21.9436	20.9581	6.44881	16.7995	16.4373	9.7144	18.1502	20.666	14.1199	14.992	0	17.4677	12.1649	24.6488	25.1935	7.90226	
14.9713	16.5806	18.9621	16.4951	24.1741	14.8835	16.6363	14.9959	4.37321	6.63312	20.9035	20.2879	19.5214	9.73978	9.65981	6.73321	9.62797	8.24542	6.11882	17.4677	0	20.5112	22.5497	32.7352	11.3064	
9.36869	7.92963	3.01869	17.4169	7.53003	10.6669	13.4912	5.51536	17.8253	16.4181	16.2727	5.71612	8.39539	11.6987	12.321	17.9314	12.6559	13.9531	15.9038	12.1649	20.5112	0	12.6851	5.75634	7.16956	
11.7763	17.4035	9.66644	6.51955	16.732	8.91	2.09122	7.55381	16.3985	9.82075	5.67	9.86628	12.0793	9.67	9.06775	21.6183	13.732	11.6804	23.2376	24.6488	22.5497	12.6851	0	16.1863	12.4923	
9.12154	2.17329	8.77503	14.267	1.7737	7.51702	19.6543	10.9519	14.3806	15.6487	10.5163	11.4725	6.359	14.5163	21.76	20.5547	18.4123	16.5268	21.6601	25.1935	32.7352	5.75634	16.1863	0	6.01469	
3.91945	14.7883	8.83167	16.3464	4.24099	9.76852	9.22851	4.93852	6.93318	18.3295	16.3246	1.45344	8.82629	11.8038	5.08087	9.29318	12.1879	9.48636	10.3584	7.90226	11.3064	7.16956	12.4923	6.01469	0	

0	9.06922	2.9	17.2323	1.7088	6.76518	10.4727	5.87015	7.50438	13.6317	16.4398	7.44029	4.9027	9	7.87566	8.18438	18.5	14.9487	12.9491	9.7	18.5338	9.34944	14.972	6.54616	6.99273	
9.06922	0	14.8827	21.8782	7.36041	19.3965	20.3886	9.37757	19.4871	17.8897	13.5339	12.4964	8.76482	20.9827	19.0242	17.1201	13.336	19.0636	20.7151	19.7961	23.1888	19.5053	24.8739	4.61825	11.0083	
2.9	14.8827	0	14.3323	4.6088	3.86518	16.3419	2.97015	8.62512	13.478	15.2652	6.82073	3.78114	11.9	4.97566	7.94512	11.7292	10.8251	9.98596	6.8	13.5622	11.8064	16.6032	7.72948	4.09273	
17.2323	21.8782	14.3323	0	28.3349	18.1975	20.3375	17.3025	13.1673	7.04	8.34426	23.6965	18.1135	15.6107	18.8233	11.6284	11.5937	9.04818	8.49344	21.1323	17.9992	26.1388	19.6843	25.2928	18.4251	
1.7088	7.36041	4.6088	28.3349	0	6.79945	19.7237	7.8015	9.21318	17.7662	18.1486	5.73149	3.1939	10.7088	20.3375	19.3377	20.6964	16.3024	19.8404	8.96625	20.5639	11.0582	15.1815	4.83735	8.45949	
6.76518	19.3965	3.86518	18.1975	6.79945	0	15.7603	3.57946	7.98154	12.8344	11.4	12.1944	3.60555	15.4289	8.84084	7.30154	11.0856	10.1815	9.34237	9.3779	16.3419	12.1293	19.25	7.75213	7.9579	
10.4727	20.3886	16.3419	20.3375	19.7237	15.7603	0	21.5745	9.07535	11.6062	10.5727	14.8433	16.5298	1.47272	19.0623	8.45871	7.05252	8.70748	7.49588	21.037	19.1777	31.8173	11.1051	20.6764	12.2492	
5.87015	9.37757	2.97015	17.3025	7.8015	3.57946	21.5745	0	17.7694	11.6421	14.9795	12.6375	6.75129	19.0083	7.94581	10.881	16.1958	13.6503	13.0955	9.77015	12.7624	10.2428	20.835	4.75933	7.06288	
7.50438	19.4871	8.62512	13.1673	9.21318	7.98154	9.07535	17.7694	0	6.12732	15.4555	18.5919	19.1319	7.60263	9.38856	0.68	4.46403	3.56	2.72083	19.0224	14.8269	16.8538	12.8388	28.7796	23.0817	
13.6317	17.8897	13.478	7.04	17.7662	12.8344	11.6062	11.6421	6.12732	0	9.74136	12.5791	14.5723	7.47661	10.6892	3.49428	4.55368	2.00818	1.45344	20.3447	10.8356	12.0258	18.9662	16.4014	24.2438	
16.4398	13.5339	15.2652	8.34426	18.1486	11.4	10.5727	14.9795	15.4555	9.74136	0	20.79	15.0056	9.1	18.2414	8.97171	5.18768	10.9152	12.5667	16.6707	9.65493	23.5293	11.34	18.1522	24.15	
7.44029	12.4964	6.82073	23.6965	5.73149	12.1944	14.8433	12.6375	18.5919	12.5791	20.79	0	8.58886	16.316	14.8929	13.4509	16.2985	10.5709	14.109	8.23072	15.2465	20.5885	9.45	7.87819	2.728	
4.9027	8.76482	3.78114	18.1135	3.1939	3.60555	16.5298	6.75129	19.1319	14.5723	15.0056	8.58886	0	18.0025	8.7568	10.9071	19.126	15.8298	16.0258	5.77235	12.7881	15.5876	17.2656	4.14658	7.87386	
9	20.9827	11.9	15.6107	10.7088	15.4289	1.47272	19.0083	7.60263	7.47661	9.1	16.316	18.0025	0	15.2589	8.064	8.52524	7.23476	6.02316	20.518	15.4054	17.2523	12.5778	25.5396	13.7219	
7.87566	19.0242	4.97566	18.8233	20.3375	8.84084	19.0623	7.94581	9.38856	10.6892	18.2414	14.8929	8.7568	15.2589	0	10.0686	14.3876	13.4835	9.23576	11.7757	8.5865	16.7821	11.6276	22.7711	9.06839	
8.18438	17.1201	7.94512	11.6284	19.3377	7.30154	8.45871	10.881	0.68	3.49428	8.97171	13.4509	10.9071	8.064	10.0686	0	3.78403	2.88	2.04083	14.7451	11.423	12.8976	13.5188	30.7971	12.0378	
18.5	13.336	11.7292	11.5937	20.6964	11.0856	7.05252	16.1958	4.46403	4.55368	5.18768	16.2985	19.126	8.52524	14.3876	3.78403	0	5.72756	5.82487	25.8264	14.8426	15.7451	16.5277	17.9543	19.3017	
14.9487	19.0636	10.8251	9.04818	16.3024	10.1815	8.70748	13.6503	3.56	2.00818	10.9152	10.5709	15.8298	7.23476	13.4835	2.88	5.72756	0	3.46163	18.8016	16.8322	10.0176	20.0209	18.4491	13.2989	
12.9491	20.7151	9.98596	8.49344	19.8404	9.34237	7.49588	13.0955	2.72083	1.45344	12.5667	14.109	16.0258	6.02316	9.23576	2.04083	5.82487	3.46163	0	16.3979	9.3822	17.4676	17.4548	21.9871	16.837	
9.7	19.7961	6.8	21.1323	8.96625	9.3779	21.037	9.77015	19.0224	20.3447	16.6707	8.23072	5.77235	20.518	11.7757	14.7451	25.8264	18.8016	16.3979	0	7.01573	18.6064	11.4933	9.91892	8.78786	
18.5338	23.1888	13.5622	17.9992	20.5639	16.3419	19.1777	12.7624	14.8269	10.8356	9.65493	15.2465	12.7881	15.4054	8.5865	11.423	14.8426	16.8322	9.3822	7.01573	0	14.8545	8.07257	17.5218	15.8036	
9.34944	19.5053	11.8064	26.1388	11.0582	12.1293	31.8173	10.2428	16.8538	12.0258	23.5293	20.5885	15.5876	17.2523	16.7821	12.8976	15.7451	10.0176	17.4676	18.6064	14.8545	0	22.927	14.8871	15.8992	
14.972	24.8739	16.6032	19.6843	15.1815	19.25	11.1051	20.835	12.8388	18.9662	11.34	9.45	17.2656	12.5778	11.6276	13.5188	16.5277	20.0209	17.4548	11.4933	8.07257	22.927	0	17.3282	12.178	
6.54616	4.61825	7.72948	25.2928	4.83735	7.75213	20.6764	4.75933	28.7796	16.4014	18.1522	7.87819	4.14658	25.5396	22.7711	30.7971	17.9543	18.4491	21.9871	9.91892	17.5218	14.8871	17.3282	0	10.6062	
6.99273	11.0083	4.09273	18.4251	8.45949	7.9579	12.2492	7.06288	23.0817	24.2438	24.15	2.728	7.87386	13.7219	9.06839	12.0378	19.3017	13.2989	16.837	8.78786	15.8036	15.8992	12.178	10.6062	0	

0	11.076	5.1	27.9193	7.51242	18.4402	21.4176	9.46414	11.9235	16.089	23.7864	7.51085	4.91935	20.2358	14.2213	12.0122	14.4535	14.8922	21.1712	11.4989	9.98262	10.1312	13.9147	8.90591	8.11569	
11.076	0	8.89473	18.2093	8.74973	19.6775	20.987	9.07721	20.5559	23.3055	27.1865	13.8218	6.15666	27.2465	20.0846	25.8733	31.3141	31.8727	29.4921	28.4266	18.5129	13.0738	14.1365	7.51597	21.1681	
5.1	8.89473	0	17.2138	5.20431	16.2589	20.6172	9.36465	6.82355	11.419	18.7908	4.98343	2.73807	15.1029	10.4281	7.46355	13.979	18.1326	17.8544	10.1105	4.88262	5.03115	11.7334	10.589	3.01569	
27.9193	18.2093	17.2138	0	18.8626	8.5673	13.1352	24.9622	10.3902	14.9857	12.0372	29.1003	21.4557	9.03722	12.9294	11.0302	14.6127	18.1914	15.8743	35.2643	30.8409	19.109	14.4003	25.7253	24.0673	
7.51242	8.74973	5.20431	18.8626	0	16.1139	20.1629	8.20942	12.0279	22.3419	22.5306	12.954	2.59307	18.8427	16.521	21.0688	18.3485	24.152	25.2265	23.1786	10.0869	8.77098	11.5884	9.9972	8.22	
18.4402	19.6775	16.2589	8.5673	16.1139	0	20.679	17.323	18.9575	16.7698	22.159	17.4677	13.5208	17.6045	17.546	19.755	22.567	18.4352	13.8852	21.0283	22.9737	12.9895	17.93	18.5474	15.5	
21.4176	20.987	20.6172	13.1352	20.1629	20.679	0	11.9535	13.27	9.95002	3.51461	16.698	15.8459	4.098	7.9902	9.16581	6.7245	7.28303	10.9351	21.5753	20.533	14.1697	6.85055	24.1763	21.9343	
9.46414	9.07721	9.36465	24.9622	8.20942	17.323	11.9535	0	17.5618	20.5562	15.4681	4.74455	9.72979	14.4052	14.3224	21.4763	13.911	19.2365	26.3857	8.73264	14.3176	4.3335	14.6374	9.89134	6.71229	
11.9235	20.5559	6.82355	10.3902	12.0279	18.9575	13.27	17.5618	0	4.59549	12.4143	16.0957	9.56161	15.868	2.84907	0.64	3.08131	3.52	7.48001	18.174	11.7062	11.8547	6.41942	18.18	9.83924	
16.089	23.3055	11.419	14.9857	22.3419	16.7698	9.95002	20.5562	4.59549	0	15.032	10.4331	18.1643	9.72163	6.28593	4.07686	3.22552	3.33754	2.88453	10.0276	15.4984	12.803	9.16899	22.7755	8.46537	
23.7864	27.1865	18.7908	12.0372	22.5306	22.159	3.51461	15.4681	12.4143	15.032	0	27.75	21.3938	3	6.8922	11.7743	10.2391	10.7976	9.8371	27.5576	23.1958	13.0717	10.3652	19.3174	20.8363	
7.51085	13.8218	4.98343	29.1003	12.954	17.4677	16.698	4.74455	16.0957	10.4331	27.75	0	12.0102	19.804	23.8545	19.523	24.3205	24.132	11.1312	3.98808	14.1548	9.07805	14.7	8.42151	1.96774	
4.91935	6.15666	2.73807	21.4557	2.59307	13.5208	15.8459	9.72979	9.56161	18.1643	21.3938	12.0102	0	17.8201	13.9279	16.137	19.0414	21.5405	23.3286	22.2669	7.62069	7.76922	8.99534	8.29315	5.75376	
20.2358	27.2465	15.1029	9.03722	18.8427	17.6045	4.098	14.4052	15.868	9.72163	3	19.804	17.8201	0	3.8922	6.10127	10.8225	9.15419	6.8371	13.9802	9.43765	10.0717	10.9485	15.6296	17.8363	
14.2213	20.0846	10.4281	12.9294	16.521	17.546	7.9902	14.3224	2.84907	6.28593	6.8922	23.8545	13.9279	3.8922	0	2.20907	4.65038	5.08907	9.40068	16.5438	5.54545	9.98887	18.5566	15.5467	21.7285	
12.0122	25.8733	7.46355	11.0302	21.0688	19.755	9.16581	21.4763	0.64	4.07686	11.7743	19.523	16.137	6.10127	2.20907	0	2.44131	2.88	6.96139	16.5892	7.75452	12.0188	7.05942	18.82	12.5422	
14.4535	31.3141	13.979	14.6127	18.3485	22.567	6.7245	13.911	3.08131	3.22552	10.2391	24.3205	19.0414	10.8225	4.65038	2.44131	0	3.9598	6.11005	23.9851	13.8628	9.57747	12.3945	15.1353	11.6909	
14.8922	31.8727	18.1326	18.1914	24.152	18.4352	7.28303	19.2365	3.52	3.33754	10.7976	24.132	21.5405	9.15419	5.08907	2.88	3.9598	0	4.55	11.6931	13.25	13.5373	12.5065	25.5271	11.8029	
21.1712	29.4921	17.8544	15.8743	25.2265	13.8852	10.9351	26.3857	7.48001	2.88453	9.8371	11.1312	23.3286	6.8371	9.40068	6.96139	6.11005	4.55	0	7.14309	14.9461	16.9088	12.0535	21.9762	11.3499	
11.4989	28.4266	10.1105	35.2643	23.1786	21.0283	21.5753	8.73264	18.174	10.0276	27.5576	3.98808	22.2669	13.9802	16.5438	16.5892	23.9851	11.6931	7.14309	0	22.6222	14.4076	18.6881	12.4096	5.95582	
9.98262	18.5129	4.88262	30.8409	10.0869	22.9737	20.533	14.3176	11.7062	15.4984	23.1958	14.1548	7.62069	9.43765	5.54545	7.75452	13.8628	13.25	14.9461	22.6222	0	9.91378	20.2881	15.542	7.89831	
10.1312	13.0738	5.03115	19.109	8.77098	12.9895	14.1697	4.3335	11.8547	12.803	13.0717	9.07805	7.76922	10.0717	9.98887	12.0188	9.57747	13.5373	16.9088	14.4076	9.91378	0	10.3039	5.55784	8.04685	
13.9147	14.1365	11.7334	14.4003	11.5884	17.93	6.85055	14.6374	6.41942	9.16899	10.3652	14.7	8.99534	10.9485	18.5566	7.05942	12.3945	12.5065	12.0535	18.6881	20.2881	10.3039	0	15.8617	16.6677	
8.90591	7.51597	10.589	25.7253	9.9972	18.5474	24.1763	9.89134	18.18	22.7755	19.3174	8.42151	8.29315	15.6296	15.5467	18.82	15.1353	25.5271	21.9762	12.4096	15.542	5.55784	15.8617	0	10.3892	
8.11569	21.1681	3.01569	24.0673	8.22	15.5	21.9343	6.71229	9.83924	8.46537	20.8363	1.96774	5.75376	17.8363	21.7285	12.5422	11.6909	11.8029	11.3499	5.95582	7.89831	8.04685	16.6677	10.3892	0	

0	20.906	1.05	19.0854	10.4274	16.808	12.9661	6.5521	14.4269	17.9855	19.82	12.4523	8.30572	11.52	16.1765	16.3802	18.4708	15.7228	18.3149	11.3895	21.0688	9.03276	23.3523	15.7156	11.7584	
20.906	0	21.956	13.8328	19.059	25.5489	20.6312	20.7963	17.2283	28.0695	10.4779	36.4433	14.0657	18.7779	26.9122	37.2862	34.9852	29.2303	19.1148	38.6355	34.8727	26.8275	12.6379	11.3192	31.3304	
1.05	21.956	0	20.1354	13.8027	15.758	12.3883	7.6021	21.9842	23.01	31.1829	11.4023	11.8826	12.57	19.0658	17.4302	17.2182	16.7728	21.8918	14.9663	20.0188	7.98276	22.522	21.5425	12.8084	
19.0854	13.8328	20.1354	0	14.8238	8.30768	7.6188	19.3324	10.1053	20.9465	3.35491	21.2766	19.5375	11.6549	18.1792	13.0765	14.9757	14.79	11.9918	37.6398	24.5885	17.3625	5.51491	14.6298	24.6126	
10.4274	19.059	13.8027	14.8238	0	14.9	10.2336	3.87525	14.0543	20.8525	10.8793	8.09186	4.45881	11.1474	10.3187	15.6914	17.5905	17.4048	15.6381	8.71261	14.2436	12.2436	8.71931	7.20525	5.90051	
16.808	25.5489	15.758	8.30768	14.9	0	15.5025	11.0247	9.12735	11.546	11.6626	12.9689	12.7783	12.0342	15.865	11.7473	20.3324	23.5098	14.8549	15.8621	16.2808	11.097	14.4121	16.6278	15.1602	
12.9661	20.6312	12.3883	7.6188	10.2336	15.5025	0	6.41405	8.47761	11.8764	3.67433	23.02	8.16767	5.57072	13.5891	8.4864	10.3855	10.1999	9.9087	11.2514	19.4826	4.4055	1.51433	10.0397	13.5664	
6.5521	20.7963	7.6021	19.3324	3.87525	11.0247	6.41405	0	14.6955	13.7306	16.5674	9.34369	1.75362	11.9848	11.5705	12.0755	21.251	19.2628	11.7628	4.83735	18.1188	9.53844	7.92838	4.50006	7.15234	
14.4269	17.2283	21.9842	10.1053	14.0543	9.12735	8.47761	14.6955	0	2.41868	6.75041	22.0962	21.7862	2.90689	6.73767	2.62	9.62867	4.68142	4.38642	12.1537	14.6981	12.9786	8.91041	18.0757	11.1558	
17.9855	28.0695	23.01	20.9465	20.8525	11.546	11.8764	13.7306	2.41868	0	9.16908	20.681	18.6589	5.32557	9.15635	5.03868	7.20999	2.26274	1.96774	9.73499	14.0014	16.4201	10.9483	25.4307	17.5554	
19.82	10.4779	31.1829	3.35491	10.8793	11.6626	3.67433	16.5674	6.75041	9.16908	0	30.2063	14.0717	8.3	13.4881	9.13207	11.0312	10.8455	8.63693	27.3266	20.6706	14.5588	2.16	10.6853	21.0402	
12.4523	36.4433	11.4023	21.2766	8.09186	12.9689	23.02	9.34369	22.0962	20.681	30.2063	0	18.3596	14.9315	6.60949	28.6814	34.8632	28.1405	28.3688	10.0117	21.7124	18.0454	29.05	28.2879	2.19135	
8.30572	14.0657	11.8826	19.5375	4.45881	12.7783	8.16767	1.75362	21.7862	18.6589	14.0717	18.3596	0	15.6062	21.9997	13.8291	17.0202	24.1912	13.5165	6.59098	18.7024	7.78481	11.2718	2.74643	8.90597	
11.52	18.7779	12.57	11.6549	11.1474	12.0342	5.57072	11.9848	2.90689	5.32557	8.3	14.9315	15.6062	0	9.64456	5.52689	10.1	17.2894	8.63445	17.1712	13.9119	9.97621	7.08505	18.8871	12.7402	
16.1765	26.9122	19.0658	18.1792	10.3187	15.865	13.5891	11.5705	6.73767	9.15635	13.4881	6.60949	21.9997	9.64456	0	9.35767	20.946	19.579	12.4652	12.2385	7.9604	14.2149	12.0748	20.6001	4.41814	
16.3802	37.2862	17.4302	13.0765	15.6914	11.7473	8.4864	12.0755	2.62	5.03868	9.13207	28.6814	13.8291	5.52689	9.35767	0	15.8433	7.65	8.34756	16.9129	16.7185	15.281	6.97207	15.4974	16.3471	
18.4708	34.9852	17.2182	14.9757	17.5905	20.3324	10.3855	21.251	9.62867	7.20999	11.0312	34.8632	17.0202	10.1	20.946	15.8433	0	9.47273	9.17773	16.3348	24.0119	9.23542	8.87119	17.3965	22.8402	
15.7228	29.2303	16.7728	14.79	17.4048	23.5098	10.1999	19.2628	4.68142	2.26274	10.8455	28.1405	24.1912	17.2894	19.579	7.65	9.47273	0	4.23048	11.9977	18.75	19.7006	8.68553	17.2109	25.0149	
18.3149	19.1148	21.8918	11.9918	15.6381	14.8549	9.9087	11.7628	4.38642	1.96774	8.63693	28.3688	13.5165	8.63445	12.4652	8.34756	9.17773	4.23048	0	11.7027	12.0337	14.3142	10.7969	19.4376	18.9152	
11.3895	38.6355	14.9663	37.6398	8.71261	15.8621	11.2514	4.83735	12.1537	9.73499	27.3266	10.0117	6.59098	17.1712	12.2385	16.9129	16.3348	11.9977	11.7027	0	19.7586	7.09941	25.88	16.5193	7.82039	
21.0688	34.8727	20.0188	24.5885	14.2436	16.2808	19.4826	18.1188	14.6981	14.0014	20.6706	21.7124	18.7024	13.9119	7.9604	16.7185	24.0119	18.75	12.0337	19.7586	0	22.1753	20.0352	21.9834	12.3785	
9.03276	26.8275	7.98276	17.3625	12.2436	11.097	4.4055	9.53844	12.9786	16.4201	14.5588	18.0454	7.78481	9.97621	14.2149	15.281	9.23542	19.7006	14.3142	7.09941	22.1753	0	5.91983	10.5312	14.9198	
23.3523	12.6379	22.522	5.51491	8.71931	14.4121	1.51433	7.92838	8.91041	10.9483	2.16	29.05	11.2718	7.08505	12.0748	6.97207	8.87119	8.68553	10.7969	25.88	20.0352	5.91983	0	8.52533	14.6198	
15.7156	11.3192	21.5425	14.6298	7.20525	16.6278	10.0397	4.50006	18.0757	25.4307	10.6853	28.2879	2.74643	18.8871	20.6001	15.4974	17.3965	17.2109	19.4376	16.5193	21.9834	10.5312	8.52533	0	13.6403	
11.7584	31.3304	12.8084	24.6126	5.90051	15.1602	13.5664	7.15234	11.1558	17.5554	21.0402	2.19135	8.90597	12.7402	4.41814	16.3471	22.8402	25.0149	18.9152	7.82039	12.3785	14.9198	14.6198	13.6403	0	

0	6.37377	3.15	12.3144	3.33216	6.22643	9.68967	5.01484	15.2463	19.1012	18.2809	18.8876	4.75519	11.8166	20.2939	17.1083	23.9293	22.1402	15.7211	7.4	21.8257	6.75136	19.8246	6.87955	11.5509	
6.37377	0	9.52377	21.3066	9.70594	12.6002	16.0634	9.69442	21.0996	18.9038	26.6312	17.6424	8.59069	18.3431	13.9201	23.482	23.0931	25.7349	22.814	26.2822	19.8563	15.7436	26.5059	6.88209	14.9144	
3.15	9.52377	0	13.5077	4.52548	7.87902	11.2399	6.20816	12.0963	14.3287	24.1843	11.1289	5.94851	13.4692	19.2758	13.3576	19.5871	26.8476	19.5902	4.25	13.3428	5.2324	16.6746	6.7923	8.40086	
12.3144	21.3066	13.5077	0	8.9822	26.4942	11.344	10.6649	18.3924	11.5625	2.75274	21.3738	10.4052	16.245	20.0745	14.2961	10.9016	9.92198	15.622	20.2179	13.4421	12.4014	11.1227	12.5296	21.8896	
3.33216	9.70594	4.52548	8.9822	0	9.55859	9.42669	1.68268	13.1125	12.5155	11.7349	15.6354	1.42302	11.1474	15.5703	11.5444	17.1161	17.7915	19.5448	7.00377	17.8493	3.4192	15.1835	3.54739	8.66759	
6.22643	12.6002	7.87902	26.4942	9.55859	0	15.8324	11.5974	10.1741	12.8634	21.4902	15.978	11.8983	5.59017	10.0131	21.1147	23.0902	12.2343	17.9621	12.129	18.1919	12.9895	9.62626	14.4098	13.25	
9.68967	16.0634	11.2399	11.344	9.42669	15.8324	0	16.8412	8.87229	8.69231	8.59127	20.8513	25.5927	11.4616	15.8845	8.28608	16.3631	11.7314	6.03138	16.0423	19.2807	6.0075	10.6003	16.9247	11.2559	
5.01484	9.69442	6.20816	10.6649	1.68268	11.5974	16.8412	0	17.6233	14.8341	17.6496	16.2671	3.1057	12.8301	24.8027	18.9589	22.2798	23.5621	17.8621	5.32109	18.7798	5.10187	25.2043	2.81233	14.475	
15.2463	21.0996	12.0963	18.3924	13.1125	10.1741	8.87229	17.6233	0	11.429	13.9634	18.9	19.7266	4.58394	7.17948	2.42	7.49083	11.2281	8.01771	16.3463	11.8951	9.6933	8.62003	18.8886	14.9417	
19.1012	18.9038	14.3287	11.5625	12.5155	12.8634	8.69231	14.8341	11.429	0	8.92328	13.0923	16.0606	7.27324	11.6962	8.25863	13.3785	1.64049	2.66092	16.9461	17.5501	9.09628	11.3093	12.0217	14.3447	
18.2809	26.6312	24.1843	2.75274	11.7349	21.4902	8.59127	17.6496	13.9634	8.92328	0	20.9973	26.6509	12.4061	20.323	11.5434	13.6543	10.5638	11.5842	24.1481	10.6894	14.5988	8.37	20.945	15.6313	
18.8876	17.6424	11.1289	21.3738	15.6354	15.978	20.8513	16.2671	18.9	13.0923	20.9973	0	17.153	18.096	17.7497	21.32	21.7297	11.4518	17.1518	10.946	7.66991	7.97639	23.7797	22.7054	2.728	
4.75519	8.59069	5.94851	10.4052	1.42302	11.8983	25.5927	3.1057	19.7266	16.0606	26.6509	17.153	0	12.5704	22.5108	17.3066	15.6931	27.431	22.9044	14.8246	19.3669	4.84222	18.2809	4.03887	14.3304	
11.8166	18.3431	13.4692	16.245	11.1474	5.59017	11.4616	12.8301	4.58394	7.27324	12.4061	18.096	12.5704	0	4.42295	7.00394	12.0748	6.64417	9.93416	15.2028	16.4791	14.2772	4.03609	14.6948	16.3802	
20.2939	13.9201	19.2758	20.0745	15.5703	10.0131	15.8845	24.8027	7.17948	11.6962	20.323	17.7497	22.5108	4.42295	0	9.59948	9.17294	11.0671	15.2522	19.6257	15.3841	16.8728	8.45904	20.8022	15.0217	
17.1083	23.482	13.3576	14.2961	11.5444	21.1147	8.28608	18.9589	2.42	8.25863	11.5434	21.32	17.3066	7.00394	9.59948	0	9.91083	11.2977	5.59771	23.4196	14.3151	8.12518	12.9825	17.2086	13.3736	
23.9293	23.0931	19.5871	10.9016	17.1161	23.0902	16.3631	22.2798	7.49083	13.3785	13.6543	21.7297	15.6931	12.0748	9.17294	9.91083	0	11.738	16.259	23.9077	19.386	17.1841	11.4392	19.7319	19.0017	
22.1402	25.7349	26.8476	9.92198	17.7915	12.2343	11.7314	23.5621	11.2281	1.64049	10.5638	11.4518	27.431	6.64417	11.0671	11.2977	11.738	0	4.30141	18.5866	20.5891	10.7368	10.6803	13.6622	14.1798	
15.7211	22.814	19.5902	15.622	19.5448	17.9621	6.03138	17.8621	8.01771	2.66092	11.5842	17.1518	22.9044	9.93416	15.2522	5.59771	16.259	4.30141	0	19.607	14.8891	11.7572	16.408	14.6827	19.831	
7.4	26.2822	4.25	20.2179	7.00377	12.129	16.0423	5.32109	16.3463	16.9461	24.1481	10.946	14.8246	15.2028	19.6257	23.4196	23.9077	18.5866	19.607	0	13.4588	9.4824	19.2389	8.13342	11.3678	
21.8257	19.8563	13.3428	13.4421	17.8493	18.1919	19.2807	18.7798	11.8951	17.5501	10.6894	7.66991	19.3669	16.4791	15.3841	14.3151	19.386	20.5891	14.8891	13.4588	0	10.1903	17.0766	38.9215	4.9419	
6.75136	15.7436	5.2324	12.4014	3.4192	12.9895	6.0075	5.10187	9.6933	9.09628	14.5988	7.97639	4.84222	14.2772	16.8728	8.12518	17.1841	10.7368	11.7572	9.4824	10.1903	0	16.6078	6.96659	5.24839	
19.8246	26.5059	16.6746	11.1227	15.1835	9.62626	10.6003	25.2043	8.62003	11.3093	8.37	23.7797	18.2809	4.03609	8.45904	12.9825	11.4392	10.6803	16.408	19.2389	17.0766	16.6078	0	22.3197	20.4163	
6.87955	6.88209	6.7923	12.5296	3.54739	14.4098	16.9247	2.81233	18.8886	12.0217	20.945	22.7054	4.03887	14.6948	20.8022	17.2086	19.7319	13.6622	14.6827	8.13342	38.9215	6.96659	22.3197	0	15.1932	
11.5509	14.9144	8.40086	21.8896	8.66759	13.25	11.2559	14.475	14.9417	14.3447	15.6313	2.728	14.3304	16.3802	15.0217	13.3736	19.0017	14.1798	19.831	11.3678	4.9419	5.24839	20.4163	15.1932	0	

0	11.2877	6.6	15.1888	5.63904	12.5219	11.2525	8.22652	14.354	26.9364	14.2204	4.19724	6.74584	18.424	17.7209	16.1166	18.4691	33.2004	17.7147	6.57312	13.7931	10.2616	16.1561	6.92682	8.13272	
11.2877	0	13.476	29.393	5.64869	24.5777	20.0272	8.24919	12.8349	14.7109	27.7622	18.449	6.75549	22.7488	22.3698	11.4349	15.2189	12.8564	17.6064	12.9984	24.0611	12.7326	26.094	7.96874	29.403	
6.6	13.476	0	19.5531	8.46465	10.1595	17.8525	5.86415	7.75403	13.1557	14.2935	5.88908	9.38459	24.8	12.1722	9.15403	22.1888	20.8458	14.613	5.61	9.52111	5.83614	19.8162	5.50727	9.44032	
15.1888	29.393	19.5531	0	16.2895	9.42916	3.93629	13.689	16.1626	21.113	6.90419	27.0126	19.3501	11.1078	20.5807	17.5626	11.1528	16.5366	10.3985	23.581	20.7083	15.2287	4.53922	16.3931	17.2651	
5.63904	5.64869	8.46465	16.2895	0	6.89585	14.3785	2.6005	23.4801	31.2114	17.3464	9.72555	1.1068	21.55	26.6722	10.1928	21.595	18.5051	20.8407	7.34967	9.61984	5.22817	19.282	4.98412	6.17667	
12.5219	24.5777	10.1595	9.42916	6.89585	0	5.49287	4.29535	13.7395	10.9602	7.2	17.6855	14.4777	10.2859	19.6494	13.1428	12.7094	15.6836	11.7651	14.2119	11.3147	12.3873	9.02	6.99951	7.87152	
11.2525	20.0272	17.8525	3.93629	14.3785	5.49287	0	9.78821	9.50735	7.26718	2.96789	15.4498	15.4853	7.1715	12.5644	11.0006	7.21654	11.2122	6.4622	21.7282	18.088	17.4217	4.90355	18.1793	15.8675	
8.22652	8.24919	5.86415	13.689	2.6005	4.29535	9.78821	0	13.6182	15.2555	11.4953	7.51165	3.7073	14.5813	11.7497	17.4381	24.8808	30.2256	18.6451	9.91658	7.01934	7.46803	13.3153	2.70416	3.57617	
14.354	12.8349	7.75403	16.1626	23.4801	13.7395	9.50735	13.6182	0	4.67605	6.53946	10.85	10.486	10.6195	4.41814	1.4	5.18403	10.1252	6.2067	13.2259	10.5002	8.34701	14.9095	13.1109	12.5917	
26.9364	14.7109	13.1557	21.113	31.2114	10.9602	7.26718	15.2555	4.67605	0	11.9412	15.1955	12.362	5.21776	6.90718	3.27605	7.06008	4.72347	0.804984	24.8783	12.4307	13.7487	13.691	26.5332	24.597	
14.2204	27.7622	14.2935	6.90419	17.3464	7.2	2.96789	11.4953	6.53946	11.9412	0	16.8351	25.1502	10.1394	10.9576	7.93946	10.1844	14.9058	9.43009	26.4442	20.7673	14.8865	7.87144	25.3661	12.8996	
4.19724	18.449	5.88908	27.0126	9.72555	17.6855	15.4498	7.51165	10.85	15.1955	16.8351	0	12.9179	23.2355	12.109	11.9194	15.7034	21.4594	17.7089	2.37588	10.3939	9.18387	25.7053	11.1241	3.93548	
6.74584	6.75549	9.38459	19.3501	1.1068	14.4777	15.4853	3.7073	10.486	12.362	25.1502	12.9179	0	22.6335	20.0209	9.08599	12.87	18.626	16.0248	8.45646	17.2017	4.12137	21.5521	3.87732	9.36976	
18.424	22.7488	24.8	11.1078	21.55	10.2859	7.1715	14.5813	10.6195	5.21776	10.1394	23.2355	22.6335	0	11.4997	8.49381	13.2816	9.89243	6.02274	20.8597	17.5818	22.6733	12.075	25.418	19.6732	
17.7209	22.3698	12.1722	20.5807	26.6722	19.6494	12.5644	11.7497	4.41814	6.90718	10.9576	12.109	20.0209	11.4997	0	5.81814	14.7189	10.8522	6.1022	14.1001	6.0821	12.7651	18.9882	26.7758	8.17357	
16.1166	11.4349	9.15403	17.5626	10.1928	13.1428	11.0006	17.4381	1.4	3.27605	7.93946	11.9194	9.08599	8.49381	5.81814	0	3.78403	7.99952	4.08103	14.2953	17.017	9.74701	15.6271	12.9633	15.8549	
18.4691	15.2189	22.1888	11.1528	21.595	12.7094	7.21654	24.8808	5.18403	7.06008	10.1844	15.7034	12.87	13.2816	14.7189	3.78403	0	5.58614	8.86879	18.6756	23.8123	24.1113	12.1201	22.1766	20.2352	
33.2004	12.8564	20.8458	16.5366	18.5051	15.6836	11.2122	30.2256	10.1252	4.72347	14.9058	21.4594	18.626	9.89243	10.8522	7.99952	5.58614	0	4.75	29.6018	16.3758	21.4388	17.636	20.8251	26.9971	
17.7147	17.6064	14.613	10.3985	20.8407	11.7651	6.4622	18.6451	6.2067	0.804984	9.43009	17.7089	16.0248	6.02274	6.1022	4.08103	8.86879	4.75	0	19.6437	11.6258	15.2059	11.3657	25.7282	14.2758	
6.57312	12.9984	5.61	23.581	7.34967	14.2119	21.7282	9.91658	13.2259	24.8783	26.4442	2.37588	8.45646	20.8597	14.1001	14.2953	18.6756	29.6018	19.6437	0	8.01798	8.35225	25.4262	11.1173	6.31136	
13.7931	24.0611	9.52111	20.7083	9.61984	11.3147	18.088	7.01934	10.5002	12.4307	20.7673	10.3939	17.2017	17.5818	6.0821	17.017	23.8123	16.3758	11.6258	8.01798	0	15.3573	17.6976	9.72351	10.5955	
10.2616	12.7326	5.83614	15.2287	5.22817	12.3873	17.4217	7.46803	8.34701	13.7487	14.8865	9.18387	4.12137	22.6733	12.7651	9.74701	24.1113	21.4388	15.2059	8.35225	15.3573	0	19.7679	4.76386	5.24839	
16.1561	26.094	19.8162	4.53922	19.282	9.02	4.90355	13.3153	14.9095	13.691	7.87144	25.7053	21.5521	12.075	18.9882	15.6271	12.1201	17.636	11.3657	25.4262	17.6976	19.7679	0	24.6287	21.2696	
6.92682	7.96874	5.50727	16.3931	4.98412	6.99951	18.1793	2.70416	13.1109	26.5332	25.3661	11.1241	3.87732	25.418	26.7758	12.9633	22.1766	20.8251	25.7282	11.1173	9.72351	4.76386	24.6287	0	6.28033	
8.13272	29.403	9.44032	17.2651	6.17667	7.87152	15.8675	3.57617	12.5917	24.597	12.8996	3.93548	9.36976	19.6732	8.17357	15.8549	20.2352	26.9971	14.2758	6.31136	10.5955	5.24839	21.2696	6.28033	0	

0	7.39358	5.03544	15.9505	4.26048	16.7138	12.1902	1.45602	17.8147	14.4414	23.9056	15.3433	7.26722	8.74578	16.4654	23.0248	21.3094	16.9661	18.0674	13.1128	22.7058	9.69149	14.2975	14.591	11.5099	
7.39358	0	11.091	23.4307	7.01807	24.2586	19.5838	8.8496	17.0134	15.2398	31.9833	20.6463	9.95899	20.4575	19.0242	17.0896	13.9159	18.8601	17.9454	20.5064	32.3511	17.0851	25.2683	11.3192	18.99	
5.03544	11.091	0	15.7241	4.07294	13.9937	9.47012	3.57941	16.7487	16.5648	16.8864	7.64328	7.01385	10.8692	18.5888	14.709	24.0699	19.0895	17.8409	12.1114	19.7057	11.1356	12.5664	14.3646	9.25325	
15.9505	23.4307	15.7241	0	11.6242	14.2788	11.0063	14.8968	12.2488	13.9462	9.48532	22.8279	8.68332	14.4483	9.21567	12.5234	13.453	12.8906	11.2406	13.8649	22.5426	19.5633	5.16532	16.0071	12.926	
4.26048	7.01807	4.07294	11.6242	0	19.385	13.5431	2.80446	13.4884	13.5481	28.8746	11.7162	2.94092	10.0942	16.5291	10.636	13.8097	14.056	11.9188	17.8003	19.078	10.7036	15.6459	10.2647	7.18356	
16.7138	24.2586	13.9937	14.2788	19.385	0	4.52354	18.8915	13.3958	19.8516	16.2	21.7103	16.5855	12.9116	9.69645	16.0895	20.1133	16.9054	14.2168	19.2408	9.64788	12.934	10.3645	18.5837	20.8282	
12.1902	19.5838	9.47012	11.0063	13.5431	4.52354	0	13.0495	8.87229	10.646	10.161	17.1134	13.831	8.38809	13.22	10.9761	14.7397	11.3433	9.6933	21.3565	14.1714	8.41049	5.84099	21.1549	18.0737	
1.45602	8.8496	3.57941	14.8968	2.80446	18.8915	13.0495	0	14.7591	12.5075	17.1615	11.2227	5.74538	7.28975	13.8357	13.4405	21.5898	13.3433	15.691	13.64	23.8713	11.1475	12.8415	13.7691	10.8988	
17.8147	17.0134	16.7487	12.2488	13.4884	13.3958	8.87229	14.7591	0	1.7737	11.4035	19.9368	10.5475	6.99145	9.51921	3.05058	6.6337	3.04245	1.76777	16.2878	11.902	17.2828	7.0835	14.8883	14.7902	
14.4414	15.2398	16.5648	13.9462	13.5481	19.8516	10.646	12.5075	1.7737	0	12.9129	15.7189	12.3212	5.21776	10.4571	2.91204	6.08575	3.62039	2.70564	16.8501	11.354	18.0417	8.8572	13.1146	14.109	
23.9056	31.9833	16.8864	9.48532	28.8746	16.2	10.161	17.1615	11.4035	12.9129	0	12.7632	18.748	13.603	11.699	11.4901	18.0674	9.85707	10.2073	21.7881	20.6071	18.9519	4.32	24.8439	14.3732	
15.3433	20.6463	7.64328	22.8279	11.7162	21.7103	17.1134	11.2227	19.9368	15.7189	12.7632	0	5.85261	23.1603	23.06	16.4768	19.6505	19.8968	17.7596	4.35114	12.0624	15.715	17.0832	18.5549	1.60997	
7.26722	9.95899	7.01385	8.68332	2.94092	16.5855	13.831	5.74538	10.5475	12.3212	18.748	5.85261	0	14.7002	13.5882	12.083	17.8841	12.4502	10.8002	6.98381	17.2151	13.6445	13.8486	7.32382	4.24264	
8.74578	20.4575	10.8692	14.4483	10.0942	12.9116	8.38809	7.28975	6.99145	5.21776	13.603	23.1603	14.7002	0	6.54597	8.1298	14.3	6.05358	7.70358	22.2739	16.8036	16.7986	9.283	18.3324	18.1886	
16.4654	19.0242	18.5888	9.21567	16.5291	9.69645	13.22	13.8357	9.51921	10.4571	11.699	23.06	13.5882	6.54597	0	9.03425	10.4834	7.20899	7.75144	22.9199	13.327	20.9382	7.37902	20.9121	17.8309	
23.0248	17.0896	14.709	12.5234	10.636	16.0895	10.9761	13.4405	3.05058	2.91204	11.4901	16.4768	12.083	8.1298	9.03425	0	3.1737	2.93281	1.28281	18.0349	8.442	15.1296	10.5435	13.734	17.021	
21.3094	13.9159	24.0699	13.453	13.8097	20.1133	14.7397	21.5898	6.6337	6.08575	18.0674	19.6505	17.8841	14.3	10.4834	3.1737	0	6.5937	4.45651	27.1495	11.6157	18.3033	17.8624	10.5603	26.0376	
16.9661	18.8601	19.0895	12.8906	14.056	16.9054	11.3433	13.3433	3.04245	3.62039	9.85707	19.8968	12.4502	6.05358	7.20899	2.93281	6.5937	0	1.65	19.3303	10.75	18.5496	10.126	16.735	17.7293	
18.0674	17.9454	17.8409	11.2406	11.9188	14.2168	9.6933	15.691	1.76777	2.70564	10.2073	17.7596	10.8002	7.70358	7.75144	1.28281	4.45651	1.65	0	18.0556	9.72481	16.4124	8.85127	15.8203	15.0428	
13.1128	20.5064	12.1114	13.8649	17.8003	19.2408	21.3565	13.64	16.2878	16.8501	21.7881	4.35114	6.98381	22.2739	22.9199	18.0349	27.1495	19.3303	18.0556	0	9.59294	12.946	19.0303	19.6861	2.74117	
22.7058	32.3511	19.7057	22.5426	19.078	9.64788	14.1714	23.8713	11.902	11.354	20.6071	12.0624	17.2151	16.8036	13.327	8.442	11.6157	10.75	9.72481	9.59294	0	22.5389	20.706	28.2316	12.3341	
9.69149	17.0851	11.1356	19.5633	10.7036	12.934	8.41049	11.1475	17.2828	18.0417	18.9519	15.715	13.6445	16.7986	20.9382	15.1296	18.3033	18.5496	16.4124	12.946	22.5389	0	14.2515	19.8494	14.105	
14.2975	25.2683	12.5664	5.16532	15.6459	10.3645	5.84099	12.8415	7.0835	8.8572	4.32	17.0832	13.8486	9.283	7.37902	10.5435	17.8624	10.126	8.85127	19.0303	20.706	14.2515	0	20.5239	16.7292	
14.591	11.3192	14.3646	16.0071	10.2647	18.5837	21.1549	13.7691	14.8883	13.1146	24.8439	18.5549	7.32382	18.3324	20.9121	13.734	10.5603	16.735	15.8203	19.6861	28.2316	19.8494	20.5239	0	11.5665	
11.5099	18.99	9.25325	12.926	7.18356	20.8282	18.0737	10.8988	14.7902	14.109	14.3732	1.60997	4.24264	18.1886	17.8309	17.021	26.0376	17.7293	15.0428	2.74117	12.3341	14.105	16.7292	11.5665	0	

0	11.2178	8.85	16.5558	9.83661	19.2054	13.5688	10.6707	18.2249	21.3762	23.4707	12.9356	6.4846	20.32	16.0842	19.5649	15.8484	20.1926	19.4751	11.3408	19.6619	6.95507	19.2414	12.0852	9.04489	
11.2178	0	10.4082	44.4451	8.24149	12.1853	12.6681	5.79396	19.9286	22.3615	16.4506	10.1736	5.58395	23.386	20.2393	23.9072	16.3458	27.325	27.1843	17.1682	30.9998	10.4685	26.7805	6.33877	11.3634	
8.85	10.4082	0	12.9548	4.97803	18.2361	8.41789	7.42556	14.3769	16.7577	14.27	13.1565	4.82421	11.47	11.4657	15.6789	12.2475	16.5916	15.8741	14.4276	15.0434	3.3541	10.3914	7.07422	10.141	
16.5558	44.4451	12.9548	0	18.223	18.3077	13.8703	19.8297	14.5865	21.8954	12.1293	21.0329	14.4853	14.9293	16.922	13.2465	9.27793	16.0662	16.3369	21.7361	19.02	9.60071	20.5047	22.2412	19.4414	
9.83661	8.24149	4.97803	18.223	0	7.94276	10.4362	2.44753	17.0102	16.1168	12.2081	6.82712	3.35201	16.448	10.8248	15.3534	12.9993	16.0313	21.1423	9.44957	14.4025	8.2366	15.3695	2.09619	5.16294	
19.2054	12.1853	18.2361	18.3077	7.94276	0	10.3395	8.59069	22.692	16.4482	12.6074	12.9703	11.4471	17.447	16.6738	18.7113	9.02973	15.818	15.6209	24.49	18.7718	14.882	9.9	5.84657	15.0619	
13.5688	12.6681	8.41789	13.8703	10.4362	10.3395	0	11.2703	10.0144	15.0132	8.17005	16.7576	7.08419	7.10747	12.2365	11.3164	4.59234	11.3806	16.2744	23.2468	14.3344	11.772	12.98	12.6848	14.7209	
10.6707	5.79396	7.42556	19.8297	2.44753	8.59069	11.2703	0	18.5307	16.5676	14.1295	4.37959	4.18607	14.0297	13.2723	18.1132	10.5518	14.9505	17.3949	9.13135	13.8102	9.07066	18.4907	4.54372	6.47117	
18.2249	19.9286	14.3769	14.5865	17.0102	22.692	10.0144	18.5307	0	7.89841	5.70689	12.557	14.3446	2.90689	5.8686	1.34	13.8295	6.2	4.4304	9.82962	9.76311	18.7111	15.9379	19.9452	18.8351	
