10
5
2
2
40

6	25
1	50
11	25
47	42
3	33

40	12
50	19
49	12
45	9
11	8
25	5
17	28
33	35
2	41
7	15

150

1.79769e+308
1.79769e+308
1.79769e+308
1.79769e+308
1.79769e+308

13
15
11
18
13
13
19
18
19
14

0
0
0
0
0

0

0	16.3169	4.1	21.674	6.58902	8.37213	17.516	17.1021	17.2935	9.877	13.8652	5.70088	8.93322	9.67076	6.23092	
16.3169	0	20.4169	17.2755	23.4874	23.3161	27.0879	17.7541	25.9041	15.8302	22.8378	18.9113	27.7626	14.9414	11.7185	
4.1	20.4169	0	15.3204	2.48902	12.4721	13.416	22.7498	12.2785	9.34144	9.76524	5.16532	4.83322	9.1352	10.3309	
21.674	17.2755	15.3204	0	30.7476	25.2322	12.2933	21.6271	17.9324	19.5549	18.5597	17.6475	10.4872	22.1781	15.4431	
6.58902	23.4874	2.48902	30.7476	0	16.7902	15.905	36.9138	29.9916	13.029	12.2543	7.65433	7.32223	8.54599	13.9056	
8.37213	23.3161	12.4721	25.2322	16.7902	0	12.9389	8.73	8.92136	15.7094	16.2639	14.073	16.3666	10.9944	11.5976	
17.516	27.0879	13.416	12.2933	15.905	12.9389	0	9.33381	17.4838	23.956	23.1812	18.5813	18.2492	23.9333	24.5366	
17.1021	17.7541	22.7498	21.6271	36.9138	8.73	9.33381	0	8.15	27.3317	15.4926	31.8365	15.5953	19.7244	20.3276	
17.2935	25.9041	12.2785	17.9324	29.9916	8.92136	17.4838	8.15	0	11.9243	7.34259	14.6056	7.44527	19.9157	18.4619	
9.877	15.8302	9.34144	19.5549	13.029	15.7094	23.956	27.3317	11.9243	0	4.5817	4.17612	11.3365	8.14601	4.11175	
13.8652	22.8378	9.76524	18.5597	12.2543	16.2639	23.1812	15.4926	7.34259	4.5817	0	8.75783	8.07257	26.4756	8.69345	
5.70088	18.9113	5.16532	17.6475	7.65433	14.073	18.5813	31.8365	14.6056	4.17612	8.75783	0	7.16034	3.96989	8.28787	
8.93322	27.7626	4.83322	10.4872	7.32223	16.3666	18.2492	15.5953	7.44527	11.3365	8.07257	7.16034	0	11.1302	16.2498	
9.67076	14.9414	9.1352	22.1781	8.54599	10.9944	23.9333	19.7244	19.9157	8.14601	26.4756	3.96989	11.1302	0	15.3563	
6.23092	11.7185	10.3309	15.4431	13.9056	11.5976	24.5366	20.3276	18.4619	4.11175	8.69345	8.28787	16.2498	15.3563	0	

0	11.7277	3.3	14.2031	12.5772	20.0043	12.3755	19.2321	14.573	7.72	16.4831	8.66533	18.9479	11.3798	7.7384	
11.7277	0	15.0277	25.9308	7.36041	16.6013	13.9159	16.32	16.7109	19.4985	16.2627	20.3931	22.995	3.62215	19.4661	
3.3	15.0277	0	17.5031	9.27724	11.761	9.07553	11.4797	11.273	4.42	13.1831	10.4754	15.2167	14.6798	8.72397	
14.2031	25.9308	17.5031	0	21.1082	11.7062	14.3917	13.5962	20.1028	19.8071	20.4793	17.2151	24.7309	25.5829	21.9415	
12.5772	7.36041	9.27724	21.1082	0	17.6753	16.6739	19.078	19.469	13.6972	8.90225	15.6094	15.6346	10.9826	18.0012	
20.0043	16.6013	11.761	11.7062	17.6753	0	2.68544	1.89	3.19	12.9709	8.77306	16.2008	13.4633	23.278	19.1684	
12.3755	13.9159	9.07553	14.3917	16.6739	2.68544	0	2.40416	2.79508	13.485	11.4585	16.715	13.1039	17.538	13.5669	
19.2321	16.32	11.4797	13.5962	19.078	1.89	2.40416	0	1.3	11.0809	10.6631	14.3108	11.6088	21.9884	12.0718	
14.573	16.7109	11.273	20.1028	19.469	3.19	2.79508	1.3	0	12.3809	15.9755	15.6108	10.3088	23.3877	10.7718	
7.72	19.4985	4.42	19.8071	13.6972	12.9709	13.485	11.0809	12.3809	0	17.6031	6.05538	10.7967	19.531	9.9972	
16.4831	16.2627	13.1831	20.4793	8.90225	8.77306	11.4585	10.6631	15.9755	17.6031	0	23.9162	22.2364	23.4143	19.7676	
8.66533	20.3931	10.4754	17.2151	15.6094	16.2008	16.715	14.3108	15.6108	6.05538	23.9162	0	16.8521	20.0451	16.0526	
18.9479	22.995	15.2167	24.7309	15.6346	13.4633	13.1039	11.6088	10.3088	10.7967	22.2364	16.8521	0	25.8918	20.7939	
11.3798	3.62215	14.6798	25.5829	10.9826	23.278	17.538	21.9884	23.3877	19.531	23.4143	20.0451	25.8918	0	19.1182	
7.7384	19.4661	8.72397	21.9415	18.0012	19.1684	13.5669	12.0718	10.7718	9.9972	19.7676	16.0526	20.7939	19.1182	0	

0	13.5237	7.6	14.2031	11.449	22.5207	19.5392	23.1454	24.7825	17.8868	20.7831	10.2833	20.9337	20.0756	11.3564	
13.5237	0	5.92368	34.6501	12.4956	42.1534	37.958	40.28	21.8876	13.384	19.1068	8.60696	27.9195	11.8626	19.6868	
7.6	5.92368	0	21.8031	18.4193	28.1795	18.7598	26.4331	19.8937	11.39	13.1831	2.68328	14.035	13.7682	15.0785	
14.2031	34.6501	21.8031	0	25.6521	8.31758	16.769	14.1294	10.1835	19.0831	14.4927	18.0823	6.73056	22.3715	20.8356	
11.449	12.4956	18.4193	25.6521	0	21.1084	30.9881	39.3007	20.4187	13.7217	32.1901	16.5013	21.2963	8.62662	7.19124	
22.5207	42.1534	28.1795	8.31758	21.1084	0	9.88731	5.4159	1.8659	10.3696	16.3874	25.4962	15.0481	13.658	13.9172	
19.5392	37.958	18.7598	16.769	30.9881	9.88731	0	3.60624	7.15624	19.9098	13.1804	16.0765	10.0385	26.4383	23.8045	
23.1454	40.28	26.4331	14.1294	39.3007	5.4159	3.60624	0	3.55	12.0537	13.25	19.6827	13.6447	15.3421	21.0272	
24.7825	21.8876	19.8937	10.1835	20.4187	1.8659	7.15624	3.55	0	8.50368	15.2331	27.3621	17.3099	11.7921	15.0341	
17.8868	13.384	11.39	19.0831	13.7217	10.3696	19.9098	12.0537	8.50368	0	6.72938	14.0733	14.4915	20.2958	6.53043	
20.7831	19.1068	13.1831	14.4927	32.1901	16.3874	13.1804	13.25	15.2331	6.72938	0	15.8664	7.76209	26.9512	13.2598	
10.2833	8.60696	2.68328	18.0823	16.5013	25.4962	16.0765	19.6827	27.3621	14.0733	15.8664	0	11.3518	16.2765	17.7617	
20.9337	27.9195	14.035	6.73056	21.2963	15.0481	10.0385	13.6447	17.3099	14.4915	7.76209	11.3518	0	27.6283	14.105	
20.0756	11.8626	13.7682	22.3715	8.62662	13.658	26.4383	15.3421	11.7921	20.2958	26.9512	16.2765	27.6283	0	15.8179	
11.3564	19.6868	15.0785	20.8356	7.19124	13.9172	23.8045	21.0272	15.0341	6.53043	13.2598	17.7617	14.105	15.8179	0	

0	15.025	8.75	21.2853	10.1674	20.3779	24.1389	15.3233	19.3574	20.5553	19.705	6.499	7.19809	5.60742	12.4618	
15.025	0	8.07775	26.5218	11.4686	21.6791	23.4667	22.5361	28.092	21.1553	23.5152	15.2336	18.7308	9.4176	24.0903	
8.75	8.07775	0	29.0484	10.6349	20.8455	15.3889	14.4584	16.5584	27.88	18.7981	7.91568	15.9481	14.3574	16.4786	
21.2853	26.5218	29.0484	0	18.4135	16.6352	19.4837	22.2124	23.5157	29.6293	24.5097	25.7476	14.0872	17.1042	16.8909	
10.1674	11.4686	10.6349	18.4135	0	10.2106	26.0238	24.5206	17.0911	30.7226	26.4325	16.6664	17.3655	14.1896	22.3113	
20.3779	21.6791	20.8455	16.6352	10.2106	0	11.6881	8.98052	6.88052	27.8108	16.2219	15.69	22.4352	24.4002	19.2189	
24.1389	23.4667	15.3889	19.4837	26.0238	11.6881	0	6.71751	4.80755	24.7752	8.88246	17.6659	14.8427	22.9801	14.6831	
15.3233	22.5361	14.4584	22.2124	24.5206	8.98052	6.71751	0	2.1	24.4544	15.6	14.9584	8.12518	31.2007	15.5796	
19.3574	28.092	16.5584	23.5157	17.0911	6.88052	4.80755	2.1	0	26.5544	13.69	12.8584	10.2252	33.4739	17.6796	
20.5553	21.1553	27.88	29.6293	30.7226	27.8108	24.7752	24.4544	26.5544	0	15.8928	21.2982	27.7533	26.1627	12.7384	
19.705	23.5152	18.7981	24.5097	26.4325	16.2219	8.88246	15.6	13.69	15.8928	0	16.4754	22.0443	14.0976	7.61877	
6.499	15.2336	7.91568	25.7476	16.6664	15.69	17.6659	14.9584	12.8584	21.2982	16.4754	0	13.6971	12.1064	8.85666	
7.19809	18.7308	15.9481	14.0872	17.3655	22.4352	14.8427	8.12518	10.2252	27.7533	22.0443	13.6971	0	12.8055	19.6599	
5.60742	9.4176	14.3574	17.1042	14.1896	24.4002	22.9801	31.2007	33.4739	26.1627	14.0976	12.1064	12.8055	0	15.6211	
12.4618	24.0903	16.4786	16.8909	22.3113	19.2189	14.6831	15.5796	17.6796	12.7384	7.61877	8.85666	19.6599	15.6211	0	

0	8.66833	4.95	15.0908	3.67392	16.7633	17.5945	11.2305	15.5972	7.87331	9.92041	11.6582	10.7499	8.99501	2.71347	
8.66833	0	10.6178	23.7591	7.49438	31.2445	24.3499	19.8989	24.2655	21.8498	21.3973	16.8658	23.6404	2.17329	11.3818	
4.95	10.6178	0	20.0408	2.48902	13.0124	14.5998	16.142	18.6247	15.6869	15.7353	6.7082	5.79986	7.81011	7.66347	
15.0908	23.7591	20.0408	0	18.7647	10.474	11.3655	17.7294	11.6402	23.3548	12.9139	16.884	17.6865	32.138	17.8043	
3.67392	7.49438	2.48902	18.7647	0	21.753	17.0888	13.653	18.753	26.5328	18.653	9.19722	8.28888	5.32109	6.38739	
16.7633	31.2445	13.0124	10.474	21.753	0	5.19111	6.26619	1.16619	12.8808	13.1	19.5487	7.21249	36.5775	18.0407	
17.5945	24.3499	14.5998	11.3655	17.0888	5.19111	0	6.36396	4.02492	33.517	11.364	17.8126	19.61	22.1766	23.5849	
11.2305	19.8989	16.142	17.7294	13.653	6.26619	6.36396	0	5.1	16.7406	5	11.4487	14.9355	18.9741	12.2069	
15.5972	24.2655	18.6247	11.6402	18.753	1.16619	4.02492	5.1	0	14.047	10.1	16.5487	8.37868	26.2016	18.3106	
7.87331	21.8498	15.6869	23.3548	26.5328	12.8808	33.517	16.7406	14.047	0	11.7406	8.97866	20.0933	25.0567	5.15984	
9.92041	21.3973	15.7353	12.9139	18.653	13.1	11.364	5	10.1	11.7406	0	16.4487	9.93547	19.224	7.20694	
11.6582	16.8658	6.7082	16.884	9.19722	19.5487	17.8126	11.4487	16.5487	8.97866	16.4487	0	12.5081	15.1527	14.1385	
10.7499	23.6404	5.79986	17.6865	8.28888	7.21249	19.61	14.9355	8.37868	20.0933	9.93547	12.5081	0	14.2443	17.1424	
8.99501	2.17329	7.81011	32.138	5.32109	36.5775	22.1766	18.9741	26.2016	25.0567	19.224	15.1527	14.2443	0	18.8633	
2.71347	11.3818	7.66347	17.8043	6.38739	18.0407	23.5849	12.2069	18.3106	5.15984	7.20694	14.1385	17.1424	18.8633	0	

0	18.3565	6.13836	20.3885	3.16128	19.2516	15.9292	24.6156	21.4988	9.98597	18.2859	11.2156	8.92563	6.14432	3.01496	
18.3565	0	14.5399	30.8629	11.8573	29.159	22.2003	30.8867	39.8553	22.2302	25.5258	26.0781	15.1967	8.87428	17.6633	
6.13836	14.5399	0	16.3229	8.28634	14.619	14.0117	22.6982	22.2576	10.9438	10.9859	11.324	7.00817	13.3916	3.1234	
20.3885	30.8629	16.3229	0	22.5364	9.24175	11.5974	15.9815	16.8803	13.4801	9.90069	25.5741	18.601	29.9791	17.3735	
3.16128	11.8573	8.28634	22.5364	0	21.3996	32.47	38.8805	24.6601	6.82469	10.4041	13.3636	12.0869	2.98304	5.16294	
19.2516	29.159	14.619	9.24175	21.3996	0	10.8638	14.76	7.63855	10.0351	6.45565	24.4373	17.8674	26.5341	16.2367	
15.9292	22.2003	14.0117	11.5974	32.47	10.8638	0	4.38406	6.4846	18.4969	17.3195	30.1711	7.00357	40.2815	27.1005	
24.6156	30.8867	22.6982	15.9815	38.8805	14.76	4.38406	0	7.75	21.3295	17.75	31.4365	11.3876	35.8974	30.063	
21.4988	39.8553	22.2576	16.8803	24.6601	7.63855	6.4846	7.75	0	16.8369	13.2575	23.6865	13.4882	33.3359	22.313	
9.98597	22.2302	10.9438	13.4801	6.82469	10.0351	18.4969	21.3295	16.8369	0	3.57946	16.021	11.4933	9.80773	7.82039	
18.2859	25.5258	10.9859	9.90069	10.4041	6.45565	17.3195	17.75	13.2575	3.57946	0	22.524	15.0727	20.0784	11.3998	
11.2156	26.0781	11.324	25.5741	13.3636	24.4373	30.1711	31.4365	23.6865	16.021	22.524	0	18.5463	24.0178	8.20061	
8.92563	15.1967	7.00817	18.601	12.0869	17.8674	7.00357	11.3876	13.4882	11.4933	15.0727	18.5463	0	24.071	10.1316	
6.14432	8.87428	13.3916	29.9791	2.98304	26.5341	40.2815	35.8974	33.3359	9.80773	20.0784	24.0178	24.071	0	8.14598	
3.01496	17.6633	3.1234	17.3735	5.16294	16.2367	27.1005	30.063	22.313	7.82039	11.3998	8.20061	10.1316	8.14598	0	

0	11.3048	2.15	19.1019	1.7088	13.1459	19.4852	14.3751	12.8833	8.95	7.17242	4.90036	13.0358	7.91636	2.21097	
11.3048	0	9.15478	36.0666	18.8846	20.278	36.45	30.4009	21.6509	15.9548	19.8965	11.9051	30.0005	13.2209	15.1862	
2.15	9.15478	0	22.9223	3.8588	11.1232	22.7194	11.3369	16.4527	6.8	9.32242	2.75036	16.8562	10.0664	4.36097	
19.1019	36.0666	22.9223	0	39.8796	16.2352	4.63897	12.9121	24.4282	24.0663	33.0055	23.7794	22.8526	33.8358	16.8909	
1.7088	18.8846	3.8588	39.8796	0	20.853	37.6874	16.0839	17.8982	10.746	8.88122	7.75173	24.7098	7.65914	3.91977	
13.1459	20.278	11.1232	16.2352	20.853	0	11.5962	9.72	8.16333	16.3938	13.8742	13.8735	21.7597	27.3926	10.9349	
19.4852	36.45	22.7194	4.63897	37.6874	11.5962	0	8.27315	17.0231	24.4497	25.5001	16.8597	27.4916	25.9457	17.2743	
14.3751	30.4009	11.3369	12.9121	16.0839	9.72	8.27315	0	8.75	23.4123	14.4609	8.5865	34.2589	17.6726	15.475	
12.8833	21.6509	16.4527	24.4282	17.8982	8.16333	17.0231	8.75	0	18.4538	5.7109	14.9645	31.481	25.5574	19.0982	
8.95	15.9548	6.8	24.0663	10.746	16.3938	24.4497	23.4123	18.4538	0	12.7429	9.55036	18.0002	16.9536	7.17541	
7.17242	19.8965	9.32242	33.0055	8.88122	13.8742	25.5001	14.4609	5.7109	12.7429	0	9.2536	25.7701	15.0888	9.38339	
4.90036	11.9051	2.75036	23.7794	7.75173	13.8735	16.8597	8.5865	14.9645	9.55036	9.2536	0	17.7133	13.9593	6.88851	
13.0358	30.0005	16.8562	22.8526	24.7098	21.7597	27.4916	34.2589	31.481	18.0002	25.7701	17.7133	0	17.0507	10.8248	
7.91636	13.2209	10.0664	33.8358	7.65914	27.3926	25.9457	17.6726	25.5574	16.9536	15.0888	13.9593	17.0507	0	10.1273	
2.21097	15.1862	4.36097	16.8909	3.91977	10.9349	17.2743	15.475	19.0982	7.17541	9.38339	6.88851	10.8248	10.1273	0	

0	6.37377	8.3	23.3081	11.3635	16.361	23.3007	14.0809	8.4309	6.73362	10.8858	10.5137	18.3734	9.90537	4.92444	
6.37377	0	14.6738	32.2164	6.7565	28.8595	24.6522	44.8795	14.8047	10.3727	33.0788	16.8658	27.2131	3.5316	11.2982	
8.3	14.6738	0	18.1045	7.41683	29.912	24.2077	20.8843	16.7309	15.0336	22.6822	2.21371	15.1373	15.7831	13.2244	
23.3081	32.2164	18.1045	0	21.094	17.994	15.3086	18.632	14.8772	34.2847	30.1325	15.8908	3.1305	26.812	16.5795	
11.3635	6.7565	7.41683	21.094	0	26.225	23.5396	26.863	19.7944	10.066	27.2511	5.20312	18.1267	3.2249	10.6947	
16.361	28.8595	29.912	17.994	26.225	0	2.68544	6.00884	7.93009	11.601	7.44883	26.2871	21.3616	23.806	28.246	
23.3007	24.6522	24.2077	15.3086	23.5396	2.68544	0	3.3234	8.9734	20.1979	10.1343	23.6016	18.4391	21.1206	32.1252	
14.0809	44.8795	20.8843	18.632	26.863	6.00884	3.3234	0	5.65	26.4022	19.3691	23.098	18.4918	24.444	31.9408	
8.4309	14.8047	16.7309	14.8772	19.7944	7.93009	8.9734	5.65	0	15.1645	15.3789	23.7092	18.0077	32.3449	13.3553	
6.73362	10.3727	15.0336	34.2847	10.066	11.601	20.1979	26.4022	15.1645	0	4.15217	20.7437	17.8832	6.84105	4.43424	
10.8858	33.0788	22.6822	30.1325	27.2511	7.44883	10.1343	19.3691	15.3789	4.15217	0	26.912	33.263	10.9932	8.58641	
10.5137	16.8658	2.21371	15.8908	5.20312	26.2871	23.6016	23.098	23.7092	20.7437	26.912	0	12.9235	8.42803	15.8978	
18.3734	27.2131	15.1373	3.1305	18.1267	21.3616	18.4391	18.4918	18.0077	17.8832	33.263	12.9235	0	23.6815	13.449	
9.90537	3.5316	15.7831	26.812	3.2249	23.806	21.1206	24.444	32.3449	6.84105	10.9932	8.42803	23.6815	0	11.2753	
4.92444	11.2982	13.2244	16.5795	10.6947	28.246	32.1252	31.9408	13.3553	4.43424	8.58641	15.8978	13.449	11.2753	0	

0	18.3801	7.1	28.7806	11.6255	26.2575	26.2789	25.8419	22.3419	19.8465	19.3104	15.3924	14.3498	14.9591	14.4238	
18.3801	0	10.6877	19.7517	6.16221	20.2018	14.3182	18.4209	31.0494	23.1298	16.83	6.25668	8.48189	4.07492	11.6939	
7.1	10.6877	0	18.5196	4.52548	18.565	13.0861	18.9064	15.4064	17.7241	20.0188	9.3244	7.24983	7.26665	7.32382	
28.7806	19.7517	18.5196	0	32.785	18.4088	8.81403	13.1981	17.1993	15.7701	9.47023	22.4469	11.2698	35.5262	29.3111	
11.6255	6.16221	4.52548	32.785	0	14.0396	29.7157	25.9196	19.9319	15.932	22.9781	12.4189	11.7753	2.74117	5.53173	
26.2575	20.2018	18.565	18.4088	14.0396	0	16.2641	11.88	9.91262	15.2384	8.93859	17.3711	11.7804	16.7807	19.5713	
26.2789	14.3182	13.0861	8.81403	29.7157	16.2641	0	4.38406	7.88406	14.6092	8.3094	16.5483	5.83631	30.921	23.8777	
25.8419	18.4209	18.9064	13.1981	25.9196	11.88	4.38406	0	3.5	13.7998	7.5	12.1642	10.2204	24.2724	25.4492	
22.3419	31.0494	15.4064	17.1993	19.9319	9.91262	7.88406	3.5	0	28.9411	11	15.6642	14.2216	45.926	22.7302	
19.8465	23.1298	17.7241	15.7701	15.932	15.2384	14.6092	13.7998	28.9411	0	6.29984	23.6853	28.4417	31.7063	10.4003	
19.3104	16.83	20.0188	9.47023	22.9781	8.93859	8.3094	7.5	11	6.29984	0	19.6642	14.1457	20.9049	16.7002	
15.3924	6.25668	9.3244	22.4469	12.4189	17.3711	16.5483	12.1642	15.6642	23.6853	19.6642	0	11.1771	10.3316	13.285	
14.3498	8.48189	7.24983	11.2698	11.7753	11.7804	5.83631	10.2204	14.2216	28.4417	14.1457	11.1771	0	12.5568	14.5737	
14.9591	4.07492	7.26665	35.5262	2.74117	16.7807	30.921	24.2724	45.926	31.7063	20.9049	10.3316	12.5568	0	8.27289	
14.4238	11.6939	7.32382	29.3111	5.53173	19.5713	23.8777	25.4492	22.7302	10.4003	16.7002	13.285	14.5737	8.27289	0	

0	13.77	6.5	15.0145	13.4995	25.7019	25.3383	22.0119	30.3119	16.3902	18.5191	7.06909	7.19809	11.273	13.1653	
13.77	0	7.26997	19.3068	14.8502	31.4322	12.7562	16.8574	28.2969	20.53	32.4155	18.6068	11.3092	7.15375	22.4561	
6.5	7.26997	0	16.926	7.58018	38.8965	16.9173	27.8183	24.1447	13.26	20.5399	11.3369	13.6981	4.77297	15.1862	
15.0145	19.3068	16.926	0	17.311	16.9193	17.3305	13.2293	20.1669	21.5178	25.235	7.94541	12.2089	12.153	25.8614	
13.4995	14.8502	7.58018	17.311	0	36.1625	25.6083	35.4873	41.8185	20.8402	26.6553	9.36562	20.6976	12.3532	22.7663	
25.7019	31.4322	38.8965	16.9193	36.1625	0	7.79122	3.69	5.65602	16.5407	16.7185	30.1256	21.8779	30.8204	16.3221	
25.3383	12.7562	16.9173	17.3305	25.6083	7.79122	0	4.10122	12.4012	21.7947	19.7706	26.2693	24.0654	12.1443	16.7333	
22.0119	16.8574	27.8183	13.2293	35.4873	3.69	4.10122	0	8.3	15.857	17.9858	21.1747	25.4382	16.2456	12.6321	
30.3119	28.2969	24.1447	20.1669	41.8185	5.65602	12.4012	8.3	0	10.8847	22.0278	24.4571	27.5339	27.685	14.1096	
16.3902	20.53	13.26	21.5178	20.8402	16.5407	21.7947	15.857	10.8847	0	8.57863	13.5724	22.6383	18.033	3.2249	
18.5191	32.4155	20.5399	25.235	26.6553	16.7185	19.7706	17.9858	22.0278	8.57863	0	17.2896	29.1854	29.9185	5.35373	
7.06909	18.6068	11.3369	7.94541	9.36562	30.1256	26.2693	21.1747	24.4571	13.5724	17.2896	0	14.2672	16.1098	16.7973	
7.19809	11.3092	13.6981	12.2089	20.6976	21.8779	24.0654	25.4382	27.5339	22.6383	29.1854	14.2672	0	17.9979	20.3634	
11.273	7.15375	4.77297	12.153	12.3532	30.8204	12.1443	16.2456	27.685	18.033	29.9185	16.1098	17.9979	0	19.9591	
13.1653	22.4561	15.1862	25.8614	22.7663	16.3221	16.7333	12.6321	14.1096	3.2249	5.35373	16.7973	20.3634	19.9591	0	

0	13.8991	6.5	13.6463	10.5946	12.9855	12.7113	9.88287	13.2829	10.2776	13.2414	5.70088	11.229	11.5447	14.8738	
13.8991	0	17.2325	36.8752	7.67549	11.9794	20.8902	15.3994	21.7171	21.8514	32.1753	14.0656	18.7111	2.3544	13.8491	
6.5	17.2325	0	13.5803	11.54	12.9195	17.4971	16.3829	24.5841	16.7776	19.7414	5.63489	6.52484	16.8611	14.2168	
13.6463	36.8752	13.5803	0	17.9644	15.2301	26.2804	23.4519	26.8519	28.0315	29.0032	7.94541	23.0091	19.6566	27.6269	
10.5946	7.67549	11.54	17.9644	0	20.107	19.5155	16.687	20.087	20.8722	11.0388	15.4607	18.0648	5.32109	25.4684	
12.9855	11.9794	12.9195	15.2301	20.107	0	6.24843	3.42	6.82	21.2997	20.9555	7.28464	6.73166	14.3338	9.60946	
12.7113	20.8902	17.4971	26.2804	19.5155	6.24843	0	2.82843	6.22843	14.5878	16.6188	16.1954	10.9723	27.3914	11.2283	
9.88287	15.3994	16.3829	23.4519	16.687	3.42	2.82843	0	3.4	17.4162	14.6178	10.7046	10.1517	21.4276	13.0295	
13.2829	21.7171	24.5841	26.8519	20.087	6.82	6.22843	3.4	0	25.3925	11.2178	17.0223	16.4693	30.6604	19.3472	
10.2776	21.8514	16.7776	28.0315	20.8722	21.2997	14.5878	17.4162	25.3925	0	14.1746	15.9785	21.5066	19.497	11.6903	
13.2414	32.1753	19.7414	29.0032	11.0388	20.9555	16.6188	14.6178	11.2178	14.1746	0	18.9423	24.4704	16.3599	18.3262	
5.70088	14.0656	5.63489	7.94541	15.4607	7.28464	16.1954	10.7046	17.0223	15.9785	18.9423	0	12.1597	11.7112	16.8941	
11.229	18.7111	6.52484	23.0091	18.0648	6.73166	10.9723	10.1517	16.4693	21.5066	24.4704	12.1597	0	16.4192	16.3411	
11.5447	2.3544	16.8611	19.6566	5.32109	14.3338	27.3914	21.4276	30.6604	19.497	16.3599	11.7112	16.4192	0	16.2035	
14.8738	13.8491	14.2168	27.6269	25.4684	9.60946	11.2283	13.0295	19.3472	11.6903	18.3262	16.8941	16.3411	16.2035	0	

0	17.191	6.8	12.8716	6.92064	7.64412	18.5079	17.7241	14.6413	11.1636	14.3135	9.80551	22.3095	20.6265	12.8212	
17.191	0	18.8688	31.2826	10.2703	29.1553	27.2519	28.9295	29.136	9.49829	12.6482	14.092	14.4899	9.59871	15.3837	
6.8	18.8688	0	19.6716	8.59842	14.4441	26.3387	16.3009	22.3972	8.01492	22.4154	3.42118	23.5051	17.6233	6.70143	
12.8716	31.2826	19.6716	0	19.7922	15.2623	16.2364	12.7651	8.26514	24.0352	24.378	22.6771	24.5744	34.8065	28.8509	
6.92064	10.2703	8.59842	19.7922	0	14.5648	28.7044	23.3657	18.8657	11.786	21.7866	9.18075	24.7602	13.7058	5.90051	
7.64412	29.1553	14.4441	15.2623	14.5648	0	10.8638	10.08	6.99714	11.2609	8.11094	17.4496	14.6654	24.3789	23.6234	
18.5079	27.2519	26.3387	16.2364	28.7044	10.8638	0	5.58614	9.8387	16.0438	12.8939	18.4659	18.4427	23.2327	26.1978	
17.7241	28.9295	16.3009	12.7651	23.3657	10.08	5.58614	0	4.5	17.4735	18.1909	12.8798	24.0289	28.8188	16.16	
14.6413	29.136	22.3972	8.26514	18.8657	6.99714	9.8387	4.5	0	19.2628	15.1081	17.3798	21.6625	31.376	24.7662	
11.1636	9.49829	8.01492	24.0352	11.786	11.2609	16.0438	17.4735	19.2628	0	3.14992	4.59373	23.9882	19.097	5.88545	
14.3135	12.6482	22.4154	24.378	21.7866	8.11094	12.8939	18.1909	15.1081	3.14992	0	7.74366	22.7763	22.6416	9.03537	
9.80551	14.092	3.42118	22.6771	9.18075	17.4496	18.4659	12.8798	17.3798	4.59373	7.74366	0	20.0839	21.0444	3.28024	
22.3095	14.4899	23.5051	24.5744	24.7602	14.6654	18.4427	24.0289	21.6625	23.9882	22.7763	20.0839	0	18.3137	20.3375	
20.6265	9.59871	17.6233	34.8065	13.7058	24.3789	23.2327	28.8188	31.376	19.097	22.6416	21.0444	18.3137	0	19.6063	
12.8212	15.3837	6.70143	28.8509	5.90051	23.6234	26.1978	16.16	24.7662	5.88545	9.03537	3.28024	20.3375	19.6063	0	

0	13.0845	4.7	20.6959	4.44288	12.3273	13.7662	24.3795	27.5181	7.97402	9.58262	11.2877	10.3652	6.92682	5.32643	
13.0845	0	10.7703	34.084	20.5891	18.3976	32.3777	30.4498	44.6634	25.4727	15.653	21.4364	26.0642	6.15766	16.3709	
4.7	10.7703	0	22.9741	9.14288	7.62732	12.7541	19.6795	12.1172	12.674	4.88262	10.666	12.4891	4.95654	5.60057	
20.6959	34.084	22.9741	0	25.3023	15.0692	10.2057	15.8794	10.5794	25.1939	21.8185	17.3888	10.3306	34.3279	17.2191	
4.44288	20.5891	9.14288	25.3023	0	17.4431	18.2091	30.4542	21.9329	12.4169	19.5212	13.6768	14.8081	11.3697	7.92881	
12.3273	18.3976	7.62732	15.0692	17.4431	0	5.12675	9.78983	4.48983	17.5647	11.9181	7.00446	7.93374	12.5839	13.2279	
13.7662	32.3777	12.7541	10.2057	18.2091	5.12675	0	12.3037	9.61659	21.7403	13.0275	7.18311	13.0605	20.6931	19.0927	
24.3795	30.4498	19.6795	15.8794	30.4542	9.78983	12.3037	0	5.3	21.7797	24.5621	19.4868	21.0737	24.636	25.28	
27.5181	44.6634	12.1172	10.5794	21.9329	4.48983	9.61659	5.3	0	22.0546	16.408	11.4943	12.4236	25.0446	27.9529	
7.97402	25.4727	12.674	25.1939	12.4169	17.5647	21.7403	21.7797	22.0546	0	8.87705	14.7214	14.7089	14.9008	7.82039	
9.58262	15.653	4.88262	21.8185	19.5212	11.9181	13.0275	24.5621	16.408	8.87705	0	5.84438	11.4879	9.83916	10.4832	
11.2877	21.4364	10.666	17.3888	13.6768	7.00446	7.18311	19.4868	11.4943	14.7214	5.84438	0	14.9382	15.6226	16.2666	
10.3652	26.0642	12.4891	10.3306	14.8081	7.93374	13.0605	21.0737	12.4236	14.7089	11.4879	14.9382	0	17.2921	6.88851	
6.92682	6.15766	4.95654	34.3279	11.3697	12.5839	20.6931	24.636	25.0446	14.9008	9.83916	15.6226	17.2921	0	10.5571	
5.32643	16.3709	5.60057	17.2191	7.92881	13.2279	19.0927	25.28	27.9529	7.82039	10.4832	16.2666	6.88851	10.5571	0	

0	13.1666	1.05	15.8939	3.16128	10.1922	14.2103	16.4023	12.5245	11.0406	20.9516	4.60535	9.7894	7.8423	8.94439	
13.1666	0	12.1166	44.1757	16.6737	20.1472	27.7227	36.1672	22.4796	22.8266	11.73	15.672	20.5249	12.3153	21.056	
1.05	12.1166	0	32.0026	4.21128	11.2422	14.501	31.1037	29.7136	10.71	23.8466	3.55535	10.8394	6.7923	8.63973	
15.8939	44.1757	32.0026	0	26.2491	14.2786	11.2404	13.1089	23.2859	21.2926	30.3222	28.1094	6.10447	14.314	23.3888	
3.16128	16.6737	4.21128	26.2491	0	13.3534	17.0408	27.1491	35.4263	17.0617	26.0579	6.09509	12.9507	12.3353	11.1795	
10.1922	20.1472	11.2422	14.2786	13.3534	0	10.8638	5.73238	2.33238	14.0252	10.7594	17.0134	8.17415	16.3837	11.929	
14.2103	27.7227	14.501	11.2404	17.0408	10.8638	0	2.19203	5.59203	22.0124	21.6232	10.9457	5.13595	13.3455	16.0301	
16.4023	36.1672	31.1037	13.1089	27.1491	5.73238	2.19203	0	3.4	31.15	26.7794	13.1377	7.00446	15.214	24.1742	
12.5245	22.4796	29.7136	23.2859	35.4263	2.33238	5.59203	3.4	0	22.8704	13.0918	19.89	10.4045	25.391	14.2614	
11.0406	22.8266	10.71	21.2926	17.0617	14.0252	22.0124	31.15	22.8704	0	22.1926	7.18057	27.3971	17.5023	2.09619	
20.9516	11.73	23.8466	30.3222	26.0579	10.7594	21.6232	26.7794	13.0918	22.1926	0	33.0952	18.9336	24.0453	22.6884	
4.60535	15.672	3.55535	28.1094	6.09509	17.0134	10.9457	13.1377	19.89	7.18057	33.0952	0	16.0816	10.3476	5.08438	
9.7894	20.5249	10.8394	6.10447	12.9507	8.17415	5.13595	7.00446	10.4045	27.3971	18.9336	16.0816	0	8.20958	18.7338	
7.8423	12.3153	6.7923	14.314	12.3353	16.3837	13.3455	15.214	25.391	17.5023	24.0453	10.3476	8.20958	0	15.7317	
8.94439	21.056	8.63973	23.3888	11.1795	11.929	16.0301	24.1742	14.2614	2.09619	22.6884	5.08438	18.7338	15.7317	0	

0	18.9285	3.85	19.5293	8.45856	15.2882	28.1051	14.6938	16.571	6.73789	23.0582	6.06371	11.8049	15.9976	5.12544	
18.9285	0	15.0785	36.4546	17.363	15.7168	28.1858	18.134	14.434	18.1331	21.3686	17.2922	22.0382	6.88209	19.5308	
3.85	15.0785	0	23.3793	6.52487	17.9538	18.4098	10.8438	14.5438	14.8364	16.0938	2.21371	15.6549	12.8503	8.97544	
19.5293	36.4546	23.3793	0	27.9878	12.0143	24.8312	17.4386	13.2971	18.3215	22.6886	28.5366	15.1829	24.9207	19.934	
8.45856	17.363	6.52487	27.9878	0	18.6973	21.578	19.1028	17.4145	19.445	14.5997	4.31116	20.2634	10.4809	13.4958	
15.2882	15.7168	17.9538	12.0143	18.6973	0	12.8169	4.98281	1.28281	11.8846	8.21748	19.4569	24.2757	12.9065	10.2722	
28.1051	28.1858	18.4098	24.8312	21.578	12.8169	0	7.56604	11.266	21.7037	12.816	25.8891	29.7001	25.7233	23.0891	
14.6938	18.134	10.8438	17.4386	19.1028	4.98281	7.56604	0	3.7	14.1377	5.25	13.0575	18.6008	20.0165	15.7501	
16.571	14.434	14.5438	13.2971	17.4145	1.28281	11.266	3.7	0	15.3066	6.93467	18.2724	20.2855	14.1893	11.555	
6.73789	18.1331	14.8364	18.3215	19.445	11.8846	21.7037	14.1377	15.3066	0	13.7451	10.7971	22.7913	25.0152	1.61245	
23.0582	21.3686	16.0938	22.6886	14.5997	8.21748	12.816	5.25	6.93467	13.7451	0	17.0461	13.3508	23.8314	15.3576	
6.06371	17.2922	2.21371	28.5366	4.31116	19.4569	25.8891	13.0575	18.2724	10.7971	17.0461	0	20.8123	14.7921	9.18468	
11.8049	22.0382	15.6549	15.1829	20.2634	24.2757	29.7001	18.6008	20.2855	22.7913	13.3508	20.8123	0	15.1561	16.9303	
15.9976	6.88209	12.8503	24.9207	10.4809	12.9065	25.7233	20.0165	14.1893	25.0152	23.8314	14.7921	15.1561	0	21.1231	
5.12544	19.5308	8.97544	19.934	13.4958	10.2722	23.0891	15.7501	11.555	1.61245	15.3576	9.18468	16.9303	21.1231	0	

0	18.2555	2.1	26.7228	3.16128	8.37213	15.9866	12.1521	16.6521	9.39162	14.6892	9.1214	21.2012	7.99864	14.5723	
18.2555	0	16.1555	19.1431	15.1605	27.6166	17.4601	21.9909	37.657	29.7901	35.0877	14.6896	7.42165	10.3231	15.6223	
2.1	16.1555	0	34.4849	5.26128	10.4721	18.0866	16.0649	17.4149	11.4916	24.7848	9.3244	22.0733	7.89375	15.7247	
26.7228	19.1431	34.4849	0	33.2229	26.4063	25.2214	19.8639	18.5139	17.3312	22.6288	25.1605	15.1829	29.4662	23.3835	
3.16128	15.1605	5.26128	33.2229	0	11.5334	18.5657	24.2012	28.7011	12.5529	28.6056	12.2827	18.04	4.83735	17.7336	
8.37213	27.6166	10.4721	26.4063	11.5334	0	10.9859	3.78	5.13	9.07511	14.3727	13.7287	18.3493	21.4011	13.5858	
15.9866	17.4601	18.0866	25.2214	18.5657	10.9859	0	10.8187	12.1687	19.0452	18.8251	22.7874	10.0385	13.7284	18.2391	
12.1521	21.9909	16.0649	19.8639	24.2012	3.78	10.8187	0	1.35	12.8551	7.87674	17.5087	14.5693	23.9586	12.6321	
16.6521	37.657	17.4149	18.5139	28.7011	5.13	12.1687	1.35	0	11.8243	6.52674	22.0087	15.9193	26.0268	13.9821	
9.39162	29.7901	11.4916	17.3312	12.5529	9.07511	19.0452	12.8551	11.8243	0	5.29759	18.513	20.3746	22.4206	12.174	
14.6892	35.0877	24.7848	22.6288	28.6056	14.3727	18.8251	7.87674	6.52674	5.29759	0	24.3133	17.2608	29.7118	9.06015	
9.1214	14.6896	9.3244	25.1605	12.2827	13.7287	22.7874	17.5087	22.0087	18.513	24.3133	0	12.7489	17.2182	15.2531	
21.2012	7.42165	22.0733	15.1829	18.04	18.3493	10.0385	14.5693	15.9193	20.3746	17.2608	12.7489	0	16.4192	8.20061	
7.99864	10.3231	7.89375	29.4662	4.83735	21.4011	13.7284	23.9586	26.0268	22.4206	29.7118	17.2182	16.4192	0	20.6516	
14.5723	15.6223	15.7247	23.3835	17.7336	13.5858	18.2391	12.6321	13.9821	12.174	9.06015	15.2531	8.20061	20.6516	0	

0	21.9258	8.85	16.7687	5.72448	17.4723	18.3201	21.3003	21.0772	3.54401	9.98703	10.1476	11.8049	14.7542	11.2562	
21.9258	0	14.7272	18.8625	12.7424	32.6328	25.8949	28.875	33.1929	22.2048	34.4905	12.2413	16.4327	3.71271	14.3033	
8.85	14.7272	0	12.3232	14.4815	16.2081	9.47012	12.4503	16.6255	5.78	12.223	5.70197	9.89339	11.0145	9.47789	
16.7687	18.8625	12.3232	0	13.9224	18.9759	17.7348	18.0294	10.5794	25.2094	29.9465	6.62118	8.60886	22.9521	19.4541	
5.72448	12.7424	14.4815	13.9224	0	23.1967	18.9193	26.9318	24.5018	9.26849	16.024	9.66294	13.8544	9.02973	5.53173	
17.4723	32.6328	16.2081	18.9759	23.1967	0	8.17839	12.15	8.39657	21.0163	16.3874	21.91	18.7054	27.2226	21.5659	
18.3201	25.8949	9.47012	17.7348	18.9193	8.17839	0	5.44472	7.15542	15.2501	24.5658	15.1721	17.4642	20.4847	13.3876	
21.3003	28.875	12.4503	18.0294	26.9318	12.15	5.44472	0	7.45	18.2303	27.75	18.1522	17.7588	23.4648	18.8323	
21.0772	33.1929	16.6255	10.5794	24.5018	8.39657	7.15542	7.45	0	24.6212	24.784	14.5003	10.3088	27.0437	20.543	
3.54401	22.2048	5.78	25.2094	9.26849	21.0163	15.2501	18.2303	24.6212	0	6.44302	11.482	15.3489	16.7945	11.6097	
9.98703	34.4905	12.223	29.9465	16.024	16.3874	24.5658	27.75	24.784	6.44302	0	23.7677	26.0806	25.0538	18.0527	
10.1476	12.2413	5.70197	6.62118	9.66294	21.91	15.1721	18.1522	14.5003	11.482	23.7677	0	4.19142	15.954	15.1799	
11.8049	16.4327	9.89339	8.60886	13.8544	18.7054	17.4642	17.7588	10.3088	15.3489	26.0806	4.19142	0	16.7349	23.7642	
14.7542	3.71271	11.0145	22.9521	9.02973	27.2226	20.4847	23.4648	27.0437	16.7945	25.0538	15.954	16.7349	0	10.5906	
11.2562	14.3033	9.47789	19.4541	5.53173	21.5659	13.3876	18.8323	20.543	11.6097	18.0527	15.1799	23.7642	10.5906	0	

0	26.0457	1.8	32.0015	2.81952	23.6171	12.4992	9.88287	12.0329	20.2009	15.1329	6.84105	8.08318	4.59322	7.98247	
26.0457	0	27.0818	41.1178	9.018	22.6549	24.1408	16.98	32.9419	25.031	11.73	23.6623	31.1003	7.24431	16.8778	
1.8	27.0818	0	16.3008	4.61952	30.6575	32.8002	11.6829	16.0193	16.0351	13.7641	8.64105	6.28318	12.6349	8.61626	
32.0015	41.1178	16.3008	0	35.4181	31.1652	17.86	20.3842	19.7537	19.7695	37.0928	25.1605	10.0176	34.7565	35.6035	
2.81952	9.018	4.61952	35.4181	0	39.6763	18.6702	12.7024	17.5736	19.2719	10.3108	9.66057	17.1443	1.7737	5.16294	
23.6171	22.6549	30.6575	31.1652	39.6763	0	13.3051	11.013	8.86305	28.7034	10.9249	22.8572	18.5992	30.2016	16.0728	
12.4992	24.1408	32.8002	17.86	18.6702	13.3051	0	2.6163	4.7663	15.3982	7.8663	19.4315	12.9829	16.8965	24.184	
9.88287	16.98	11.6829	20.3842	12.7024	11.013	2.6163	0	2.15	18.0145	5.25	16.7239	10.3666	19.5128	10.3978	
12.0329	32.9419	16.0193	19.7537	17.5736	8.86305	4.7663	2.15	0	19.488	7.4	18.9652	9.73612	30.0162	15.0036	
20.2009	25.031	16.0351	19.7695	19.2719	28.7034	15.3982	18.0145	19.488	0	19.2568	20.0454	9.75188	17.7867	14.109	
15.1329	11.73	13.7641	37.0928	10.3108	10.9249	7.8663	5.25	7.4	19.2568	0	11.9323	15.6166	18.9743	5.14782	
6.84105	23.6623	8.64105	25.1605	9.66057	22.8572	19.4315	16.7239	18.9652	20.0454	11.9323	0	15.8088	12.0313	15.4205	
8.08318	31.1003	6.28318	10.0176	17.1443	18.5992	12.9829	10.3666	9.73612	9.75188	15.6166	15.8088	0	27.5386	14.8994	
4.59322	7.24431	12.6349	34.7565	1.7737	30.2016	16.8965	19.5128	30.0162	17.7867	18.9743	12.0313	27.5386	0	6.93664	
7.98247	16.8778	8.61626	35.6035	5.16294	16.0728	24.184	10.3978	15.0036	14.109	5.14782	15.4205	14.8994	6.93664	0	

0	18.2362	2.35	23.2678	6.57888	12.8376	16.387	19.0833	17.2833	8.98	7.72414	11.0036	8.87484	14.2824	14.1974	
18.2362	0	15.8862	47.2308	22.6549	26.3738	32.9164	29.386	31.186	20.2918	26.1668	23.3945	22.4111	12.4964	24.5648	
2.35	15.8862	0	14.8207	8.92888	10.4876	23.9503	22.8176	12.7616	6.63	10.0741	8.65358	6.52484	11.9324	10.903	
23.2678	47.2308	14.8207	0	26.2765	24.3366	16.4683	23.7515	26.6107	29.474	26.3039	17.7265	8.29581	35.7663	15.5123	
6.57888	22.6549	8.92888	26.2765	0	23.6016	9.80816	17.0914	23.6155	12.4762	14.303	6.83839	16.2691	10.1584	10.4467	
12.8376	26.3738	10.4876	24.3366	23.6016	0	13.7934	4.07407	2.27407	17.1176	18.7949	19.1411	17.0124	22.42	11.5071	
16.387	32.9164	23.9503	16.4683	9.80816	13.7934	0	7.2832	9.0832	25.4938	13.1804	16.6466	24.7641	19.9666	23.5438	
19.0833	29.386	22.8176	23.7515	17.0914	4.07407	7.2832	0	1.8	31.5633	18.3208	26.799	18.4918	32.9204	11.033	
17.2833	31.186	12.7616	26.6107	23.6155	2.27407	9.0832	1.8	0	13.506	16.5208	12.8413	16.4495	30.1912	9.23298	
8.98	20.2918	6.63	29.474	12.4762	17.1176	25.4938	31.5633	13.506	0	12.3133	5.63777	11.4895	18.5624	4.273	
7.72414	26.1668	10.0741	26.3039	14.303	18.7949	13.1804	18.3208	16.5208	12.3133	0	7.54899	16.9797	13.6704	11.1573	
11.0036	23.3945	8.65358	17.7265	6.83839	19.1411	16.6466	26.799	12.8413	5.63777	7.54899	0	9.43069	16.9968	3.60827	
8.87484	22.4111	6.52484	8.29581	16.2691	17.0124	24.7641	18.4918	16.4495	11.4895	16.9797	9.43069	0	18.4573	7.21654	
14.2824	12.4964	11.9324	35.7663	10.1584	22.42	19.9666	32.9204	30.1912	18.5624	13.6704	16.9968	18.4573	0	23.7798	
14.1974	24.5648	10.903	15.5123	10.4467	11.5071	23.5438	11.033	9.23298	4.273	11.1573	3.60827	7.21654	23.7798	0	

0	23.171	7.55	44.1376	10.0819	20.3418	16.6255	31.8904	29.3858	16.1252	18.181	6.61302	23.9126	13.029	10.1504	
23.171	0	15.8862	27.0805	20.9455	30.3225	24.9618	36.8165	28.2665	12.0887	18.6749	16.5938	31.9408	10.142	20.7326	
7.55	15.8862	0	42.9667	15.7261	18.9611	9.07553	13.0353	28.5293	23.6752	17.3333	5.2324	25.3163	17.4397	13.3552	
44.1376	27.0805	42.9667	0	27.4483	27.5618	30.4262	20.3419	24.4648	33.4697	38.2822	33.7015	13.6177	37.2225	34.9392	
10.0819	20.9455	15.7261	27.4483	0	27.7748	24.8016	20.5549	24.6705	9.97455	13.5623	16.6949	13.8306	10.8034	5.53173	
20.3418	30.3225	18.9611	27.5618	27.7748	0	8.5498	4.59	8.86305	12.2142	5.628	13.7287	11.3143	28.681	13.6586	
16.6255	24.9618	9.07553	30.4262	24.8016	8.5498	0	3.9598	12.5098	34.0655	19.7098	14.3079	10.6841	26.5152	22.4307	
31.8904	36.8165	13.0353	20.3419	20.5549	4.59	3.9598	0	8.55	22.3362	10.218	18.3187	6.72428	33.271	23.7806	
29.3858	28.2665	28.5293	24.4648	24.6705	8.86305	12.5098	8.55	0	28.7697	14.491	22.5918	15.2743	29.8259	19.2354	
16.1252	12.0887	23.6752	33.4697	9.97455	12.2142	34.0655	22.3362	28.7697	0	6.5862	22.7383	19.852	20.778	14.109	
18.181	18.6749	17.3333	38.2822	13.5623	5.628	19.7098	10.218	14.491	6.5862	0	19.3567	19.5721	18.6212	8.03059	
6.61302	16.5938	5.2324	33.7015	16.6949	13.7287	14.3079	18.3187	22.5918	22.7383	19.3567	0	20.0839	19.642	16.7634	
23.9126	31.9408	25.3163	13.6177	13.8306	11.3143	10.6841	6.72428	15.2743	19.852	19.5721	20.0839	0	24.6341	19.3624	
13.029	10.142	17.4397	37.2225	10.8034	28.681	26.5152	33.271	29.8259	20.778	18.6212	19.642	24.6341	0	10.5906	
10.1504	20.7326	13.3552	34.9392	5.53173	13.6586	22.4307	23.7806	19.2354	14.109	8.03059	16.7634	19.3624	10.5906	0	

0	10.1802	3.15	15.6728	2.64864	16.0162	16.9606	13.1905	22.372	15.062	21.7914	10.1265	17.8913	14.1777	12.5623	
10.1802	0	11.3782	20.5558	7.53159	19.0308	20.8738	23.2072	29.7872	28.2312	23.4585	10.0651	15.498	6.97265	21.2179	
3.15	11.3782	0	16.8709	3.84666	15.9422	12.374	10.0405	12.8905	18.212	15.5405	6.97653	14.7413	15.3757	15.7123	
15.6728	20.5558	16.8709	0	13.0242	11.5225	32.0854	18.3885	15.5385	19.394	11.8317	16.12	4.06964	12.595	15.9257	
2.64864	7.53159	3.84666	13.0242	0	18.6649	17.6573	13.8872	28.5627	17.7107	26.3067	10.8232	17.0938	11.529	15.211	
16.0162	19.0308	15.9422	11.5225	18.6649	0	14.0335	9.20574	6.35574	14.0127	7.2833	8.96571	7.45291	15.9782	11.929	
16.9606	20.8738	12.374	32.0854	17.6573	14.0335	0	2.33345	5.18345	14.5878	7.83345	20.7871	27.1055	27.8464	14.1234	
13.1905	23.2072	10.0405	18.3885	13.8872	9.20574	2.33345	0	2.85	12.2294	5.5	17.0171	13.2621	28.4701	11.79	
22.372	29.7872	12.8905	15.5385	28.5627	6.35574	5.18345	2.85	0	19.5789	8.35	15.3215	13.8086	26.4324	14.64	
15.062	28.2312	18.212	19.394	17.7107	14.0127	14.5878	12.2294	19.5789	0	6.72938	15.5064	14.4915	21.0338	4.35362	
21.7914	23.4585	15.5405	11.8317	26.3067	7.2833	7.83345	5.5	8.35	6.72938	0	13.3934	7.76209	16.2874	11.083	
10.1265	10.0651	6.97653	16.12	10.8232	8.96571	20.7871	17.0171	15.3215	15.5064	13.3934	0	12.0503	17.0377	11.1528	
17.8913	15.498	14.7413	4.06964	17.0938	7.45291	27.1055	13.2621	13.8086	14.4915	7.76209	12.0503	0	8.52533	12.1369	
14.1777	6.97265	15.3757	12.595	11.529	15.9782	27.8464	28.4701	26.4324	21.0338	16.2874	17.0377	8.52533	0	16.6801	
12.5623	21.2179	15.7123	15.9257	15.211	11.929	14.1234	11.79	14.64	4.35362	11.083	11.1528	12.1369	16.6801	0	

0	16.0046	6.3	33.2885	9.12843	29.3081	16.1647	18.4181	23.9681	10.7945	7.54012	9.61244	11.3749	10.3902	3.21596	
16.0046	0	9.96255	35.3217	10.4415	27.0337	19.8273	26.1172	37.84	16.4787	27.8899	14.4571	15.0374	5.61434	19.1173	
6.3	9.96255	0	26.3622	2.82843	19.4206	9.86471	18.5041	21.6041	8.86565	16.4549	4.4945	5.07488	9.03637	9.51596	
33.2885	35.3217	26.3622	0	23.8636	32.6542	22.9629	33.6515	24.9695	17.8264	29.5531	35.7837	21.2874	29.7073	25.4049	
9.12843	10.4415	2.82843	23.8636	0	16.5922	11.2794	15.6757	13.1803	6.03723	17.2315	7.32292	7.90331	6.20794	12.9074	
29.3081	27.0337	19.4206	32.6542	16.5922	0	10.3756	10.89	7.347	14.4901	16.9658	32.2016	19.7141	22.8001	29.4996	
16.1647	19.8273	9.86471	22.9629	11.2794	10.3756	0	11.6673	11.7394	17.3166	6.59021	14.3592	10.7388	17.4873	10.9144	
18.4181	26.1172	18.5041	33.6515	15.6757	10.89	11.6673	0	5.55	12.6931	18.2575	31.2851	22.4061	21.8836	21.634	
23.9681	37.84	21.6041	24.9695	13.1803	7.347	11.7394	5.55	0	7.14309	18.3296	25.1004	22.4782	19.799	14.7216	
10.7945	16.4787	8.86565	17.8264	6.03723	14.4901	17.3166	12.6931	7.14309	0	11.9027	13.975	21.7349	12.2452	7.57852	
7.54012	27.8899	16.4549	29.5531	17.2315	16.9658	6.59021	18.2575	18.3296	11.9027	0	10.7206	17.329	17.8271	4.32416	
9.61244	14.4571	4.4945	35.7837	7.32292	32.2016	14.3592	31.2851	25.1004	13.975	10.7206	0	9.56938	14.0404	6.39648	
11.3749	15.0374	5.07488	21.2874	7.90331	19.7141	10.7388	22.4061	22.4782	21.7349	17.329	9.56938	0	14.6208	21.8766	
10.3902	5.61434	9.03637	29.7073	6.20794	22.8001	17.4873	21.8836	19.799	12.2452	17.8271	14.0404	14.6208	0	13.503	
3.21596	19.1173	9.51596	25.4049	12.9074	29.4996	10.9144	21.634	14.7216	7.57852	4.32416	6.39648	21.8766	13.503	0	

0	8.15843	8.5	16.6823	8.28768	29.9392	32.8056	25.8817	31.9994	15.8082	18.4828	15.5064	11.5169	17.576	12.2608	
8.15843	0	16.6584	34.7192	16.4461	21.7807	35.8184	26.5507	28.6029	15.9744	22.95	19.7393	19.6754	9.4176	19.5218	
8.5	16.6584	0	17.7317	7.9196	32.1697	34.7238	19.2302	31.2859	13.031	25.9843	8.85483	12.5664	19.1261	12.4936	
16.6823	34.7192	17.7317	0	24.4531	12.9385	15.7725	16.3548	13.5548	15.1011	30.6875	10.9249	5.16532	21.2466	35.2387	
8.28768	16.4461	7.9196	24.4531	0	24.2501	27.8783	23.9035	27.0721	10.1855	26.7705	13.5281	19.8046	11.2065	6.63807	
29.9392	21.7807	32.1697	12.9385	24.2501	0	8.37624	4.77	6.82221	20.4281	17.8772	15.1454	18.1038	28.2608	23.2971	
32.8056	35.8184	34.7238	15.7725	27.8783	8.37624	0	3.60624	6.40624	26.4633	22.3494	13.9816	20.9378	26.4008	22.1333	
25.8817	26.5507	19.2302	16.3548	23.9035	4.77	3.60624	0	2.8	14.5515	19.9327	10.3754	20.1729	20.6971	18.5271	
31.9994	28.6029	31.2859	13.5548	27.0721	6.82221	6.40624	2.8	0	13.6059	17.1327	13.1754	18.7201	20.789	17.1533	
15.8082	15.9744	13.031	15.1011	10.1855	20.4281	26.4633	14.5515	13.6059	0	8.30434	4.17612	24.9586	7.18311	3.54739	
18.4828	22.95	25.9843	30.6875	26.7705	17.8772	22.3494	19.9327	17.1327	8.30434	0	12.4805	29.9997	15.4874	11.8517	
15.5064	19.7393	8.85483	10.9249	13.5281	15.1454	13.9816	10.3754	13.1754	4.17612	12.4805	0	16.0903	10.3217	7.72352	
11.5169	19.6754	12.5664	5.16532	19.8046	18.1038	20.9378	20.1729	18.7201	24.9586	29.9997	16.0903	0	31.1042	23.7778	
17.576	9.4176	19.1261	21.2466	11.2065	28.2608	26.4008	20.6971	20.789	7.18311	15.4874	10.3217	31.1042	0	10.7305	
12.2608	19.5218	12.4936	35.2387	6.63807	23.2971	22.1333	18.5271	17.1533	3.54739	11.8517	7.72352	23.7778	10.7305	0	

0	10.6923	1.75	16.4223	3.50304	13.6404	9.32551	17.0401	13.2386	7.02	15.3894	4.67472	17.7569	5.4425	2.51247	
10.6923	0	22.656	35.9517	7.18924	21.2288	27.9697	24.6374	24.0566	25.9044	33.15	23.3945	25.3541	13.0398	13.6429	
1.75	22.656	0	18.1723	5.25304	15.6739	11.0755	16.733	29.1211	5.27	17.4229	6.42472	27.791	7.1925	4.26247	
16.4223	35.9517	18.1723	0	19.9254	15.4959	20.9872	27.5842	16.1342	25.7963	11.1921	21.0971	9.54801	21.8624	18.9348	
3.50304	7.18924	5.25304	19.9254	0	14.0396	12.8286	17.9096	20.2787	20.4014	18.3433	8.17776	23.279	8.94554	6.01551	
13.6404	21.2288	15.6739	15.4959	14.0396	0	10.1522	3.87	6.23912	15.333	4.30377	8.96571	12.8253	15.4676	20.4932	
9.32551	27.9697	11.0755	20.9872	12.8286	10.1522	0	7.36312	3.91312	23.9081	11.7478	12.6559	10.4993	14.768	11.838	
17.0401	24.6374	16.733	27.5842	17.9096	3.87	7.36312	0	3.45	11.463	8.17377	12.8357	10.0362	11.5976	24.0415	
13.2386	24.0566	29.1211	16.1342	20.2787	6.23912	3.91312	3.45	0	14.913	10.5429	15.2048	6.5862	15.0476	30.3985	
7.02	25.9044	5.27	25.7963	20.4014	15.333	23.9081	11.463	14.913	0	14.6042	11.9782	31.6358	23.0606	11.4091	
15.3894	33.15	17.4229	11.1921	18.3433	4.30377	11.7478	8.17377	10.5429	14.6042	0	10.7147	19.5605	29.5976	17.2967	
