50
5
3
12
40

42	6
2	39
5	45
14	8
43	3

28	23
33	5
45	13
14	3
50	32
17	45
1	22
39	36
8	8
17	9
21	18
22	16
17	39
42	6
21	5
38	2
39	17
21	38
31	6
40	33
26	26
40	48
33	42
14	50
11	10
24	5
7	44
49	42
8	31
40	24
35	44
7	30
16	48
40	10
10	3
7	31
33	29
25	34
49	9
5	48
23	3
3	49
15	18
38	50
42	31
12	23
47	22
24	24
14	17
44	20

70

1.79769e+308
1.79769e+308
1.79769e+308
1.79769e+308
1.79769e+308

19
17
19
18
14
19
20
13
11
16
17
16
11
14
13
12
16
12
13
20
16
16
16
13
20
16
11
16
12
14
13
17
19
11
11
19
11
15
14
14
18
12
16
17
11
18
14
16
15
15

0
0
0
0
0

0

0	5.721	6.51616	5.47077	1.84481	2.68048	1.91407	5.40971	4.5715	4.47757	7.30123	10.6453	2.59003	6.14057	5.04433	4.53392	4.83413	5.19183	0	3.78464	0.725693	1.32358	3.03632	2.36709	5.33624	4.0175	3.35365	4.29899	8.56976	5.28406	3.1792	6.75196	2.92573	6.83131	3.93302	4.8107	4.26184	1.83463	1.30164	4.09273	6.72675	5.19175	4.09163	1.28007	8.30797	5.23717	6.92153	4.28114	2.96204	3.33921	6.79049	3.30563	3.68733	4.34483	3.38752	
5.721	0	1.78507	5.44988	8.1748	5.27968	4.75406	7.65221	7.10953	7.74577	6.2428	5.03451	7.21989	7.27759	6.47953	5.97956	8.00987	7.95786	5.721	7.08768	7.05568	7.04458	4.29012	7.72721	6.49333	4.63039	7.35693	3.39639	5.99701	7.89657	6.33503	3.78671	4.84094	6.53161	5.1855	6.058	5.5252	3.37415	7.63163	4.45135	9.49809	6.73274	2.5765	7.00107	2.20618	7.69017	4.42243	6.95642	8.68304	9.73028	3.0899	7.01759	7.40238	3.9564	9.45881	
6.51616	1.78507	0	3.28403	10.7303	7.95473	8.49683	7.29193	6.71025	5.57992	5.70446	3.24944	7.57381	5.11174	4.20487	4.41195	3.27019	5.18978	3.4237	9.8135	7.24983	5.16852	5.0899	9.96326	5.7758	8.09139	6.74564	7.13916	3.27332	5.98834	4.16918	3.77182	6.62602	4.06004	3.40042	7.84492	3.48114	1.58907	4.10083	7.16012	4.0826	3.455	2.68799	6.72189	0.421112	3.06367	2.25658	2.97195	9.20572	6.1412	1.17315	4.37869	7.49507	2.17133	4.42373	
5.47077	5.44988	3.28403	0	6.04189	5.13269	8.61151	7.4434	2.95964	6.95849	6.13001	6.32309	5.1406	3.35433	2.32964	3.57931	6.05475	11.7447	6.57017	2.93779	4.03968	5.77941	3.95796	6.15756	2.47693	4.91051	6.84415	7.20802	5.2927	1.81893	5.3505	10.5873	5.94692	3.06966	4.20595	4.54605	3.38956	9.50651	7.9515	1.37804	3.64688	5.59685	3.25288	5.82845	2.86292	3.54027	4.20683	8.0997	3.35505	8.04228	3.05516	8.30378	2.62976	5.55121	3.18264	
1.84481	8.1748	10.7303	6.04189	0	2.59222	1.04115	2.56669	3.69857	3.95063	5.71649	8.19464	2.57523	8.9156	3.89726	6.33129	6.3765	4.66488	1.84481	5.35307	1.43059	0.796634	4.88114	1.49417	4.9545	5.86231	4.70214	3.75046	6.6877	4.75711	2.65225	8.4713	2.0528	3.34397	3.40607	3.93777	6.46047	3.67944	2.10575	4.09223	7.89689	5.83677	3.2187	3.88519	8.42926	5.85913	8.56624	6.07851	4.33264	2.81226	8.58786	3.46262	6.83949	7.26205	2.85925	
2.68048	5.27968	7.95473	5.13269	2.59222	0	3.18374	4.29204	4.15624	4.22162	3.70537	8.49188	2.79374	6.86625	2.72109	1.85343	2.11202	4.59769	2.68048	4.00108	2.75144	1.79558	0.959755	4.45079	2.65576	3.30952	3.9753	1.61851	5.47153	5.75606	3.6512	8.52589	5.00942	4.6235	4.40502	2.07297	2.30953	4.3772	5.06237	3.53968	3.75148	2.36452	2.4384	3.96055	4.86205	6.98065	7.64721	1.60066	3.65324	3.81121	4.11001	1.76548	2.92795	2.40128	5.2132	
1.91407	4.75406	8.49683	8.61151	1.04115	3.18374	0	3.39879	2.65743	4.54215	2.90346	8.42799	3.61637	2.96982	6.3295	4.73424	4.18059	5.25641	1.91407	2.39819	2.47173	1.38816	3.89116	0.453021	4.96574	3.08841	3.56869	2.99744	8.95034	5.34864	3.24378	7.60211	1.01166	5.73923	1.76501	2.22871	5.41932	4.96761	1.06461	4.0524	6.25282	6.33379	2.17755	2.92544	4.44443	6.65154	7.84962	5.21302	4.87611	3.30957	8.10778	4.05415	4.32881	5.66533	3.9004	
5.40971	7.65221	7.29193	7.4434	2.56669	4.29204	3.39879	0	7.92409	9.44803	4.17304	9.36611	5.14192	6.64492	7.29409	8.54376	8.94319	6.97021	3.63583	6.79194	3.99728	3.36333	3.33228	4.84677	4.96647	7.48217	7.23673	6.50079	7.78224	9.35428	7.7098	8.54022	7.15487	6.67734	3.03459	6.95524	4.68205	10.5457	2.33419	5.91221	7.19093	8.03571	5.04589	4.19502	14.1122	8.50473	8.78773	5.96877	8.37175	7.88172	10.1705	6.40326	6.85147	7.35498	4.91482	
4.5715	7.10953	6.71025	2.95964	3.69857	4.15624	2.65743	7.92409	0	9.98711	7.07124	7.47778	6.77636	2.23676	2.5332	3.40884	3.15026	7.75547	7.98439	2.53621	4.24325	4.04559	4.16152	3.11045	8.792	5.11408	7.95793	4.91879	8.76385	2.97362	3.5845	12.3616	3.66908	7.77591	8.43639	5.55405	3.84951	6.28787	3.72203	1.5816	4.67065	7.13606	3.45644	7.59437	6.92739	3.74384	4.41039	2.55559	6.74403	5.96699	7.03497	6.74628	6.57524	3.35621	10.0179	
4.47757	7.74577	5.57992	6.95849	3.95063	4.22162	4.54215	9.44803	9.98711	0	7.04793	11.331	7.14522	8.54889	8.99427	2.36819	2.62677	7.02224	6.1926	7.17565	11.163	3.15399	8.09942	10.8998	4.48156	8.98796	9.89019	9.67259	5.90591	7.01349	5.00961	13.0989	7.01845	5.21309	5.76343	4.2058	11.1295	5.19106	9.23329	4.56946	4.26623	2.87927	5.77124	7.3728	5.15881	8.93506	6.99428	5.30088	6.68999	5.16962	5.91085	5.81998	6.36655	4.67936	8.72433	
7.30123	6.2428	5.70446	6.13001	5.71649	3.70537	2.90346	4.17304	7.07124	7.04793	0	9.83218	3.14126	5.89732	6.73118	4.97055	6.27532	6.2462	3.1405	4.53502	6.39914	3.92789	2.74561	3.38052	3.95779	5.69049	4.51951	2.16271	1.14202	7.94895	5.58331	4.82803	6.70916	5.33216	2.53926	2.61717	4.09538	2.82627	1.83886	5.32553	4.75493	3.69763	2.9826	3.69969	4.55207	7.21865	5.75558	5.3821	7.07053	1.91226	7.06624	5.7486	4.64951	5.36695	6.57945	
10.6453	5.03451	3.24944	6.32309	8.19464	8.49188	8.42799	9.36611	7.47778	11.331	9.83218	0	6.70959	6.03956	7.97887	9.78359	8.20986	3.60464	7.48974	13.3473	6.76405	7.47289	4.35845	10.058	9.02525	8.00943	9.35923	10.4664	10.1291	4.50416	8.03573	5.19146	12.8208	3.32858	6.01401	10.7875	3.00867	4.83851	6.71442	9.42569	3.84217	10.4572	9.56871	5.99044	3.67055	11.1926	5.43897	4.3026	11.765	7.62395	8.93854	6.7264	6.76361	4.31848	7.03732	
2.59003	7.21989	7.57381	5.1406	2.57523	2.79374	3.61637	5.14192	6.77636	7.14522	3.14126	6.70959	0	11.8442	5.23225	3.69488	7.71016	3.10495	4.42004	3.5578	4.00582	3.37186	3.13819	6.04438	2.66367	7.17008	2.12691	1.17523	4.28328	9.63615	7.71833	7.14712	3.07432	5.28425	4.17338	1.62968	4.29172	6.93269	3.1708	5.71811	5.79783	2.71015	1.99511	1.30996	7.82648	8.86927	5.99101	5.77468	2.51852	2.71433	6.07876	4.19124	4.54866	6.27415	3.95577	
6.14057	7.27759	5.11174	3.35433	8.9156	6.86625	2.96982	6.64492	2.23676	8.54889	5.89732	6.03956	11.8442	0	2.99944	4.24911	5.38702	10.8516	5.61237	3.60759	4.70948	5.49588	4.62776	2.51679	6.11769	5.04067	9.47502	7.83789	8.10068	1.5354	5.06697	10.1249	9.18104	5.70053	5.01114	14.4875	6.02044	8.90542	4.31073	2.04784	6.27775	8.22772	3.92268	6.17157	4.69063	4.21007	4.87663	4.79234	8.90683	5.84684	5.44267	8.79053	6.27053	5.90945	6.82341	
5.04433	6.47953	4.20487	2.32964	3.89726	2.72109	6.3295	7.29409	2.5332	8.99427	6.73118	7.97887	5.23225	2.99944	0	3.15287	6.82234	6.41984	3.19236	2.51135	2.46667	4.71508	3.53153	4.80562	8.52166	3.85056	3.46357	5.24303	4.30005	6.39103	2.85946	5.9251	9.89288	4.38005	5.64932	7.99113	2.41435	2.6158	5.78313	0.951603	5.05136	4.48173	2.82645	3.92229	6.60753	3.11384	3.7804	1.12043	3.07195	6.55521	6.16497	5.05182	3.79724	1.92105	4.92843	
4.53392	5.97956	4.41195	3.57931	6.33129	1.85343	4.73424	8.54376	3.40884	2.36819	4.97055	9.78359	3.69488	4.24911	3.15287	0	0.258584	4.8638	4.6575	3.76102	4.60487	3.64902	2.81319	6.38834	3.90673	5.16296	2.50967	2.04601	4.50713	6.68522	5.85575	6.13218	3.05467	2.47527	7.04851	1.83761	2.73154	2.37701	7.33197	2.20127	1.77898	0.511083	3.40306	7.2058	5.5997	3.20351	5.03006	2.93269	6.71418	3.05829	4.80723	3.61891	3.68357	1.35744	3.4886	
4.83413	8.00987	3.27019	6.05475	6.3765	2.11202	4.18059	8.94319	3.15026	2.62677	6.27532	8.20986	7.71016	5.38702	6.82234	0.258584	0	4.60521	4.83413	4.27407	5.55982	7.17313	7.27665	6.21924	4.73146	5.33412	10.3435	6.38292	5.32379	5.47291	5.32236	9.57274	3.16893	2.09762	7.66357	2.0962	2.35389	3.08146	6.11965	2.45985	1.52039	0.769668	3.66164	7.46438	6.41159	1.9912	9.17169	1.89948	4.15027	3.31688	3.59492	3.30622	3.42498	1.09886	8.22165	
5.19183	7.95786	5.18978	11.7447	4.66488	4.59769	5.25641	6.97021	7.75547	7.02224	6.2462	3.60464	3.10495	10.8516	6.41984	4.8638	4.60521	0	6.55474	5.81308	5.82904	3.86825	2.79942	9.12301	5.76861	7.43497	5.23185	4.28017	6.90084	7.68086	4.76479	3.63244	7.77414	1.76956	6.47768	4.96221	1.44965	5.21659	9.94755	6.21785	2.28315	7.08252	5.35154	4.4149	7.53194	9.2298	3.87995	2.74357	7.40425	5.81928	10.2648	6.53424	5.20459	2.75946	8.2908	
0	5.721	3.4237	6.57017	1.84481	2.68048	1.91407	3.63583	7.98439	6.1926	3.1405	7.48974	4.42004	5.61237	3.19236	4.6575	4.83413	6.55474	0	3.78464	0.725693	1.32358	3.03632	3.9207	6.79931	4.0175	7.45341	7.59209	3.51888	6.99909	3.90472	5.14394	6.17195	2.63908	2.00205	8.12547	4.38609	1.83463	1.30164	3.38734	4.32815	3.70056	4.74993	1.28007	7.65279	5.15423	6.33153	5.67281	2.96204	5.05423	9.41988	3.30563	7.93477	4.34483	3.18745	
3.78464	7.08768	9.8135	2.93779	5.35307	4.00108	2.39819	6.79194	2.53621	7.17565	4.53502	13.3473	3.5578	3.60759	2.51135	3.76102	4.27407	5.81308	3.78464	0	4.2214	2.90391	4.13967	1.94517	7.39976	4.58056	4.73936	2.38257	5.67705	4.57986	1.04829	9.36306	6.5668	5.86691	5.24502	2.83703	7.83065	5.47625	4.54461	1.55975	5.79447	3.91749	3.20246	5.06471	4.79636	2.68362	4.38854	3.98089	5.93241	5.27521	7.2861	6.50948	7.35842	3.57596	5.40539	
0.725693	7.05568	7.24983	4.03968	1.43059	2.75144	2.47173	3.99728	4.24325	11.163	6.39914	6.76405	4.00582	4.70948	2.46667	4.60487	5.55982	5.82904	0.725693	4.2214	0	2.22722	3.7112	3.29396	5.4072	4.74319	5.68787	4.36995	5.25711	6.96349	4.63041	9.90189	9.8787	1.91338	3.48507	9.32789	2.23329	2.56032	2.02733	2.66165	2.49061	4.44058	4.53649	5.10757	5.85803	4.42854	5.49044	3.5871	5.53862	6.62401	6.86145	4.03132	5.67939	5.15037	2.46176	
1.32358	7.04458	5.16852	5.77941	0.796634	1.79558	1.38816	3.36333	4.04559	3.15399	3.92789	7.47289	3.37186	5.49588	4.71508	3.64902	7.17313	3.86825	1.32358	2.90391	2.22722	0	2.75534	1.84118	4.45134	5.10511	3.92761	3.41409	5.2637	3.96048	1.85562	6.88875	2.39982	7.40528	2.60944	4.28479	5.3179	3.57945	2.45277	5.41631	5.84185	4.30686	3.56572	2.60365	5.60369	7.16634	7.69326	3.39624	3.536	2.01563	5.90559	2.66599	4.26129	4.87335	3.63275	
3.03632	4.29012	5.0899	3.95796	4.88114	0.959755	3.89116	3.33228	4.16152	8.09942	2.74561	4.35845	3.13819	4.62776	3.53153	2.81319	7.27665	2.79942	3.03632	4.13967	3.7112	2.75534	0	6.12614	3.61551	3.7675	5.2651	2.5335	3.88763	6.78156	6.80105	3.53256	9.16087	1.66968	6.16219	4.99546	1.34977	4.87095	4.33796	2.57992	2.18327	3.47103	1.71361	4.33154	3.98049	4.74216	3.78007	2.56041	6.30427	4.65787	5.06976	2.72523	3.8877	2.65958	5.13888	
2.36709	7.72721	9.96326	6.15756	1.49417	4.45079	0.453021	4.84677	3.11045	10.8998	3.38052	10.058	6.04438	2.51679	4.80562	6.38834	6.21924	9.12301	3.9207	1.94517	3.29396	1.84118	6.12614	0	6.5876	2.63539	9.93113	4.32774	4.52255	4.05219	2.99346	8.20856	1.46468	5.20735	7.32026	3.34965	5.87234	7.49591	1.51763	3.50492	8.13545	9.20439	2.63058	5.20078	7.20742	4.62879	9.00768	5.36552	6.88274	3.33005	9.09093	7.16638	6.55267	7.09086	5.75572	
5.33624	6.49333	5.7758	2.47693	4.9545	2.65576	4.96574	4.96647	8.792	4.48156	3.95779	9.02525	2.66367	6.11769	8.52166	3.90673	4.73146	5.76861	6.79931	7.39976	5.4072	4.45134	3.61551	6.5876	0	4.50641	2.74118	2.52358	2.81577	4.29587	9.24468	9.54763	3.28617	3.78829	6.35051	2.06912	4.04456	4.50002	6.46021	3.85497	3.21106	5.16703	3.91683	3.97363	5.33985	6.2056	7.6317	4.25642	2.61029	5.378	5.53209	4.42124	1.885	6.76086	5.65958	
4.0175	4.63039	8.09139	4.91051	5.86231	3.30952	3.08841	7.48217	5.11408	8.98796	5.69049	8.00943	7.17008	5.04067	3.85056	5.16296	5.33412	7.43497	4.0175	4.58056	4.74319	5.10511	3.7675	2.63539	4.50641	0	6.83431	2.87377	4.54846	3.50527	4.73828	8.16811	7.23443	6.30523	4.69097	6.57553	4.02405	5.85213	5.31914	3.53248	6.66106	5.8208	2.05389	7.95062	4.32076	5.69472	6.36127	2.73013	4.64256	5.96544	7.41953	5.075	3.91727	3.53075	5.30481	
3.35365	7.35693	6.74564	6.84415	4.70214	3.9753	3.56869	7.23673	7.95793	9.89019	4.51951	9.35923	2.12691	9.47502	3.46357	2.50967	10.3435	5.23185	7.45341	4.73936	5.68787	3.92761	5.2651	9.93113	2.74118	6.83431	0	1.12652	9.02978	8.52786	8.52619	12.1124	1.88911	3.77449	3.34522	0.672061	4.0944	8.11425	4.04562	6.65527	4.35172	3.89172	3.17668	3.43687	7.0473	6.95778	5.54168	8.54915	0.391611	4.84124	7.26032	5.852	1.1169	7.01148	4.36853	
4.29899	3.39639	7.13916	7.20802	3.75046	1.61851	2.99744	6.50079	4.91879	9.67259	2.16271	10.4664	1.17523	7.83789	5.24303	2.04601	6.38292	4.28017	7.59209	2.38257	4.36995	3.41409	2.5335	4.32774	2.52358	2.87377	1.12652	0	3.30473	7.44032	3.43086	6.99075	1.67151	4.06212	5.34861	0.454457	4.45827	3.40086	4.00157	2.69473	4.71559	1.53492	0.819885	2.48518	3.08676	5.06619	7.16624	3.21917	2.74841	3.88956	4.90353	3.38399	4.54646	4.30766	4.41674	
8.56976	5.99701	3.27332	5.2927	6.6877	5.47153	8.95034	7.78224	8.76385	5.90591	1.14202	10.1291	4.28328	8.10068	4.30005	4.50713	5.32379	6.90084	3.51888	5.67705	5.25711	5.2637	3.88763	4.52255	2.81577	4.54846	9.02978	3.30473	0	8.05374	6.79225	4.99356	6.82465	5.26937	9.16628	4.88488	5.52564	1.68425	2.98088	7.91876	4.17778	3.55018	4.80832	7.41513	3.41005	5.11727	5.24552	5.02555	4.23278	3.05429	4.16209	6.43229	3.50749	4.22493	7.71887	
5.28406	7.89657	5.98834	1.81893	4.75711	5.75606	5.34864	9.35428	2.97362	7.01349	7.94895	4.50416	9.63615	1.5354	6.39103	6.68522	5.47291	7.68086	6.99909	4.57986	6.96349	3.96048	6.78156	4.05219	4.29587	3.50527	8.52786	7.44032	8.05374	0	3.53157	8.414	9.55009	4.88859	5.46277	8.88712	5.37001	7.53993	5.84613	3.19697	5.62733	7.56059	5.55916	8.17928	4.68185	5.26639	7.4027	5.17467	7.49648	5.97611	4.80667	6.58141	4.4487	4.37405	5.00158	
3.1792	6.33503	4.16918	5.3505	2.65225	3.6512	3.24378	7.7098	3.5845	5.00961	5.58331	8.03573	7.71833	5.06697	2.85946	5.85575	5.32236	4.76479	3.90472	1.04829	4.63041	1.85562	6.80105	2.99346	9.24468	4.73828	8.52619	3.43086	6.79225	3.53157	0	9.73231	8.97107	7.69272	4.46505	11.9477	6.21443	5.43506	5.20636	2.60804	7.8708	7.33463	6.01495	6.07442	3.74807	3.73191	5.58354	3.97989	5.39162	3.87124	4.50011	4.52161	7.53331	6.76399	4.3571	
6.75196	3.78671	3.77182	10.5873	8.4713	8.52589	7.60211	8.54022	12.3616	13.0989	4.82803	5.19146	7.14712	10.1249	5.9251	6.13218	9.57274	3.63244	5.14394	9.36306	9.90189	6.88875	3.53256	8.20856	9.54763	8.16811	12.1124	6.99075	4.99356	8.414	9.73231	0	8.62766	2.5027	7.17224	10.2101	2.18279	3.30931	6.66689	9.31464	3.01628	5.17524	6.36322	5.16455	4.19293	12.6876	4.61308	3.47671	9.714	6.7403	6.87661	10.3164	5.93773	3.4926	11.3306	
2.92573	4.84094	6.62602	5.94692	2.0528	5.00942	1.01166	7.15487	3.66908	7.01845	6.70916	12.8208	3.07432	9.18104	9.89288	3.05467	3.16893	7.77414	6.17195	6.5668	9.8787	2.39982	9.16087	1.46468	3.28617	7.23443	1.88911	1.67151	6.82465	9.55009	8.97107	8.62766	0	8.41303	5.57071	1.21705	6.43098	8.1382	2.07626	9.48253	4.68933	6.27227	3.18921	6.73114	7.42791	6.06838	9.06387	5.97667	4.04245	4.32122	7.62964	7.3834	3.31716	4.26779	7.41694	
6.83131	6.53161	4.06004	3.06966	3.34397	4.6235	5.73923	6.67734	7.77591	5.21309	5.33216	3.32858	5.28425	5.70053	4.38005	2.47527	2.09762	1.76956	2.63908	5.86691	1.91338	7.40528	1.66968	5.20735	3.78829	6.30523	3.77449	4.06212	5.26937	4.88859	7.69272	2.5027	8.41303	0	4.54126	4.44655	0.31991	3.07075	8.25778	4.44769	0.577228	2.52719	4.95825	3.30167	3.94465	3.18329	2.75021	1.61383	3.86927	4.93519	4.69669	5.44435	4.07485	1.62972	3.51795	
3.93302	5.1855	3.40042	4.20595	3.40607	4.40502	1.76501	3.03459	8.43639	5.76343	2.53926	6.01401	4.17338	5.01114	5.64932	7.04851	7.66357	6.47768	2.00205	5.24502	3.48507	2.60944	6.16219	7.32026	6.35051	4.69097	3.34522	5.34861	9.16628	5.46277	4.46505	7.17224	5.57071	4.54126	0	4.01728	7.14055	4.9895	0.700407	6.60092	9.30303	4.00083	6.74485	2.56124	3.82154	5.67014	7.73175	5.4188	3.73683	3.99021	6.27897	2.73029	8.23551	4.93765	1.02331	
4.8107	6.058	7.84492	4.54605	3.93777	2.07297	2.22871	6.95524	5.55405	4.2058	2.61717	10.7875	1.62968	14.4875	7.99113	1.83761	2.0962	4.96221	8.12547	2.83703	9.32789	4.28479	4.99546	3.34965	2.06912	6.57553	0.672061	0.454457	4.88488	8.88712	11.9477	10.2101	1.21705	4.44655	4.01728	0	6.8216	4.66049	3.96123	4.03888	3.73565	1.98938	1.27434	3.16722	9.90587	8.27472	6.21374	4.7703	1.06367	4.5716	5.35799	7.89596	3.95411	4.14879	4.87119	
4.26184	5.5252	3.48114	3.38956	6.46047	2.30953	5.41932	4.68205	3.84951	11.1295	4.09538	3.00867	4.29172	6.02044	2.41435	2.73154	2.35389	1.44965	4.38609	7.83065	2.23329	5.3179	1.34977	5.87234	4.04456	4.02405	4.0944	4.45827	5.52564	5.37001	6.21443	2.18279	6.43098	0.31991	7.14055	6.8216	0	3.32702	4.8426	3.9297	0.833497	2.8471	3.06338	2.98176	4.16124	2.20215	2.4303	1.29392	4.18918	4.61528	3.80587	3.51717	3.75494	1.30981	3.83786	
1.83463	3.37415	1.58907	9.50651	3.67944	4.3772	4.96761	10.5457	6.28787	5.19106	2.82627	4.83851	6.93269	8.90542	2.6158	2.37701	3.08146	5.21659	1.83463	5.47625	2.56032	3.57945	4.87095	7.49591	4.50002	5.85213	8.11425	3.40086	1.68425	7.53993	5.43506	3.30931	8.1382	3.07075	4.9895	4.66049	3.32702	0	3.13627	3.5674	2.49352	1.86593	6.02216	6.53809	2.01018	5.81008	4.4969	3.73623	5.68775	4.55213	7.67054	5.14026	5.19174	3.7604	4.84345	
1.30164	7.63163	4.10083	7.9515	2.10575	5.06237	1.06461	2.33419	3.72203	9.23329	1.83886	6.71442	3.1708	4.31073	5.78313	7.33197	6.11965	9.94755	1.30164	4.54461	2.02733	2.45277	4.33796	1.51763	6.46021	5.31914	4.04562	4.00157	2.98088	5.84613	5.20636	6.66689	2.07626	8.25778	0.700407	3.96123	4.8426	3.13627	0	6.10436	6.59378	7.54399	3.24216	1.86084	9.00136	5.91313	7.59444	4.7184	8.93669	3.75112	6.97937	3.4307	8.18409	5.02079	1.72372	
4.09273	4.45135	7.16012	1.37804	4.09223	3.53968	4.0524	5.91221	1.5816	4.56946	5.32553	9.42569	5.71811	2.04784	0.951603	2.20127	2.45985	6.21785	3.38734	1.55975	2.66165	5.41631	2.57992	3.50492	3.85497	3.53248	6.65527	2.69473	7.91876	3.19697	2.60804	9.31464	9.48253	4.44769	6.60092	4.03888	3.9297	3.5674	6.10436	0	4.09931	2.71235	1.87484	4.87389	4.14172	2.16224	2.82879	2.07203	4.02356	5.25956	4.4332	6.00342	4.0078	3.05458	4.56068	
6.72675	9.49809	4.0826	3.64688	7.89689	3.75148	6.25282	7.19093	4.67065	4.26623	4.75493	3.84217	5.79783	6.27775	5.05136	1.77898	1.52039	2.28315	4.32815	5.79447	2.49061	5.84185	2.18327	8.13545	3.21106	6.66106	4.35172	4.71559	4.17778	5.62733	7.8708	3.01628	4.68933	0.577228	9.30303	3.73565	0.833497	2.49352	6.59378	4.09931	0	2.40912	5.3011	3.81526	4.52188	3.76052	3.26379	2.12742	4.4465	4.95633	6.60977	5.81175	4.58844	2.14331	4.09518	
5.19175	6.73274	3.455	5.59685	5.83677	2.36452	6.33379	8.03571	7.13606	2.87927	3.69763	10.4572	2.71015	8.22772	4.48173	0.511083	0.769668	7.08252	3.70056	3.91749	4.44058	4.30686	3.47103	9.20439	5.16703	5.8208	3.89172	1.53492	3.55018	7.56059	7.33463	5.17524	6.27227	2.52719	4.00083	1.98938	2.8471	1.86593	7.54399	2.71235	2.40912	0	2.35481	5.62333	6.42311	5.71049	6.36283	3.44377	6.39647	3.56938	5.35874	4.27675	5.43922	2.82226	2.97752	
4.09163	2.5765	2.68799	3.25288	3.2187	2.4384	2.17755	5.04589	3.45644	5.77124	2.9826	9.56871	1.99511	3.92268	2.82645	3.40306	3.66164	5.35154	4.74993	3.20246	4.53649	3.56572	1.71361	2.63058	3.91683	2.05389	3.17668	0.819885	4.80832	5.55916	6.01495	6.36322	3.18921	4.95825	6.74485	1.27434	3.06338	6.02216	3.24216	1.87484	5.3011	2.35481	0	8.51619	2.26688	4.03708	4.10235	4.2884	5.17204	5.48712	3.01892	5.69514	5.80182	3.48778	5.23662	
1.28007	7.00107	6.72189	5.82845	3.88519	3.96055	2.92544	4.19502	7.59437	7.3728	3.69969	5.99044	1.30996	6.17157	3.92229	7.2058	7.46438	4.4149	1.28007	5.06471	5.10757	2.60365	4.33154	5.20078	3.97363	7.95062	3.43687	2.48518	7.41513	8.17928	6.07442	5.16455	6.73114	3.30167	2.56124	3.16722	2.98176	6.53809	1.86084	4.87389	3.81526	5.62333	8.51619	0	11.0668	7.11658	5.41206	4.27569	4.24211	4.02429	10.3731	2.88128	6.48436	4.29157	2.64581	
8.30797	2.20618	0.421112	2.86292	8.42926	4.86205	4.44443	14.1122	6.92739	5.15881	4.55207	3.67055	7.82648	4.69063	6.60753	5.5997	6.41159	7.53194	7.65279	4.79636	5.85803	5.60369	3.98049	7.20742	5.33985	4.32076	7.0473	3.08676	3.41005	4.68185	3.74807	4.19293	7.42791	3.94465	3.82154	9.90587	4.16124	2.01018	9.00136	4.14172	4.52188	6.42311	2.26688	11.0668	0	5.90749	1.83547	5.79658	7.81393	7.51311	0.752042	9.60456	5.06452	2.59244	6.04556	
5.23717	7.69017	3.06367	3.54027	5.85913	6.98065	6.65154	8.50473	3.74384	8.93506	7.21865	11.1926	8.86927	4.21007	3.11384	3.20351	1.9912	9.2298	5.15423	2.68362	4.42854	7.16634	4.74216	4.62879	6.2056	5.69472	6.95778	5.06619	5.11727	5.26639	3.73191	12.6876	6.06838	3.18329	5.67014	8.27472	2.20215	5.81008	5.91313	2.16224	3.76052	5.71049	4.03708	7.11658	5.90749	0	4.99103	1.69296	6.26624	6.93026	3.38839	3.0997	8.04957	0.892339	6.69345	
6.92153	4.42243	2.25658	4.20683	8.56624	7.64721	7.84962	8.78773	4.41039	6.99428	5.75558	5.43897	5.99101	4.87663	3.7804	5.03006	9.17169	3.87995	6.33153	4.38854	5.49044	7.69326	3.78007	9.00768	7.6317	6.36127	5.54168	7.16624	5.24552	7.4027	5.58354	4.61308	9.06387	2.75021	7.73175	6.21374	2.4303	4.4969	7.59444	2.82879	3.26379	6.36283	4.10235	5.41206	1.83547	4.99103	0	3.72422	5.93329	5.67763	2.58751	9.51397	5.74671	3.74011	10.3775	
4.28114	6.95642	2.97195	8.0997	6.07851	1.60066	5.21302	5.96877	2.55559	5.30088	5.3821	4.3026	5.77468	4.79234	1.12043	2.93269	1.89948	2.74357	5.67281	3.98089	3.5871	3.39624	2.56041	5.36552	4.25642	2.73013	8.54915	3.21917	5.02555	5.17467	3.97989	3.47671	5.97667	1.61383	5.4188	4.7703	1.29392	3.73623	4.7184	2.07203	2.12742	3.44377	4.2884	4.27569	5.79658	1.69296	3.72422	0	4.19238	5.9092	3.29668	3.00799	4.5286	0.800624	7.16817	
2.96204	8.68304	9.20572	3.35505	4.33264	3.65324	4.87611	8.37175	6.74403	6.68999	7.07053	11.765	2.51852	8.90683	3.07195	6.71418	4.15027	7.40425	2.96204	5.93241	5.53862	3.536	6.30427	6.88274	2.61029	4.64256	0.391611	2.74841	4.23278	7.49648	5.39162	9.714	4.04245	3.86927	3.73683	1.06367	4.18918	5.68775	8.93669	4.02356	4.4465	6.39647	5.17204	4.24211	7.81393	6.26624	5.93329	4.19238	0	5.55163	5.03777	5.46039	0.72529	7.10626	7.38723	
3.33921	9.73028	6.1412	8.04228	2.81226	3.81121	3.30957	7.88172	5.96699	5.16962	1.91226	7.62395	2.71433	5.84684	6.55521	3.05829	3.31688	5.81928	5.05423	5.27521	6.62401	2.01563	4.65787	3.33005	5.378	5.96544	4.84124	3.88956	3.05429	5.97611	3.87124	6.7403	4.32122	4.93519	3.99021	4.5716	4.61528	4.55213	3.75112	5.25956	4.95633	3.56938	5.48712	4.02429	7.51311	6.93026	5.67763	5.9092	5.55163	0	7.90595	3.83633	6.77762	5.36947	5.01353	
6.79049	3.0899	1.17315	3.05516	8.58786	4.11001	8.10778	10.1705	7.03497	5.91085	7.06624	8.93854	6.07876	5.44267	6.16497	4.80723	3.59492	10.2648	9.41988	7.2861	6.86145	5.90559	5.06976	9.09093	5.53209	7.41953	7.26032	4.90353	4.16209	4.80667	4.50011	6.87661	7.62964	4.69669	6.27897	5.35799	3.80587	7.67054	6.97937	4.4332	6.60977	5.35874	3.01892	10.3731	0.752042	3.38839	2.58751	3.29668	5.03777	7.90595	0	4.70342	4.31248	2.49605	6.2378	
3.30563	7.01759	4.37869	8.30378	3.46262	1.76548	4.05415	6.40326	6.74628	5.81998	5.7486	6.7264	4.19124	8.79053	5.05182	3.61891	3.30622	6.53424	3.30563	6.50948	4.03132	2.66599	2.72523	7.16638	4.42124	5.075	5.852	3.38399	6.43229	6.58141	4.52161	10.3164	7.3834	5.44435	2.73029	7.89596	3.51717	5.14026	3.4307	6.00342	5.81175	4.27675	5.69514	2.88128	9.60456	3.0997	9.51397	3.00799	5.46039	3.83633	4.70342	0	4.69343	2.20736	3.7536	
3.68733	7.40238	7.49507	2.62976	6.83949	2.92795	4.32881	6.85147	6.57524	6.36655	4.64951	6.76361	4.54866	6.27053	3.79724	3.68357	3.42498	5.20459	7.93477	7.35842	5.67939	4.26129	3.8877	6.55267	1.885	3.91727	1.1169	4.54646	3.50749	4.4487	7.53331	5.93773	3.31716	4.07485	8.23551	3.95411	3.75494	5.19174	8.18409	4.0078	4.58844	5.43922	5.80182	6.48436	5.06452	8.04957	5.74671	4.5286	0.72529	6.77762	4.31248	4.69343	0	4.52384	5.81241	
4.34483	3.9564	2.17133	5.55121	7.26205	2.40128	5.66533	7.35498	3.35621	4.67936	5.36695	4.31848	6.27415	5.90945	1.92105	1.35744	1.09886	2.75946	4.34483	3.57596	5.15037	4.87335	2.65958	7.09086	6.76086	3.53075	7.01148	4.30766	4.22493	4.37405	6.76399	3.4926	4.26779	1.62972	4.93765	4.14879	1.30981	3.7604	5.02079	3.05458	2.14331	2.82226	3.48778	4.29157	2.59244	0.892339	3.74011	0.800624	7.10626	5.36947	2.49605	2.20736	4.52384	0	6.75494	
3.38752	9.45881	4.42373	3.18264	2.85925	5.2132	3.9004	4.91482	10.0179	8.72433	6.57945	7.03732	3.95577	6.82341	4.92843	3.4886	8.22165	8.2908	3.18745	5.40539	2.46176	3.63275	5.13888	5.75572	5.65958	5.30481	4.36853	4.41674	7.71887	5.00158	4.3571	11.3306	7.41694	3.51795	1.02331	4.87119	3.83786	4.84345	1.72372	4.56068	4.09518	2.97752	5.23662	2.64581	6.04556	6.69345	10.3775	7.16817	7.38723	5.01353	6.2378	3.7536	5.81241	6.75494	0	

0	8.49275	11.3886	3.3297	0.362143	4.03992	2.47429	1.77271	2.31498	8.24553	4.96723	7.85043	7.90047	4.0338	3.45939	4.99227	5.12837	5.07237	0	1.30138	4.22758	0.837215	4.86924	3.90703	5.7475	4.35277	11.2069	7.33751	6.13564	4.36962	5.2529	8.06404	4.80899	5.60153	1.90709	8.75272	4.2504	7.11196	2.03102	6.9987	5.58737	6.6606	7.36476	0.401558	6.12865	3.69109	13.6649	3.03277	7.46343	5.3248	6.68917	2.6021	3.21535	2.10201	4.0097	
8.49275	0	1.58496	11.0776	6.23374	10.062	7.79659	7.49261	7.79469	12.1598	6.36786	8.34065	7.7547	11.2087	5.73708	5.87192	12.1662	5.84269	4.60376	6.30437	4.00231	6.76854	5.59973	5.523	3.59377	3.40392	5.39802	2.43522	7.50172	5.03544	7.01702	2.05098	10.8429	4.29641	3.55888	7.37917	3.86242	2.53959	2.57274	9.86392	4.50309	8.01787	8.60486	8.15367	3.57064	4.17898	7.59498	10.1934	4.34412	12.0667	4.8442	5.48526	8.17709	7.56378	8.62071	
11.3886	1.58496	0	4.8516	6.60539	5.90849	5.59231	4.48756	6.19052	4.8028	1.16231	5.97407	5.92963	7.39423	7.66416	2.35758	5.90122	2.32835	8.63226	5.9914	9.0321	5.66518	2.77521	5.6777	2.00881	5.31735	4.21813	0.850253	2.1793	4.62913	6.70405	0.466017	2.72878	4.72896	3.88609	3.1323	2.85883	0.954632	4.1577	5.71043	2.91813	5.42067	2.57658	5.45432	1.34445	6.20365	3.15363	6.0399	5.92908	10.3156	3.25924	3.9003	4.54096	7.27485	8.97777	
3.3297	11.0776	4.8516	0	4.07295	6.76927	5.60827	5.7279	1.01472	8.78633	7.56301	2.63433	12.488	2.34498	4.30201	4.28297	6.15792	7.95824	4.5972	0.981599	3.67997	5.23734	7.07457	0.64526	11.0775	2.68096	7.04975	8.99953	7.08071	2.26391	0.268948	3.74436	9.54856	4.60523	5.31341	7.56917	4.27279	7.85019	3.51214	4.1137	4.28711	3.0851	8.12279	4.20159	2.86592	1.83076	4.03387	3.99998	4.26812	6.13901	4.12002	9.74233	3.81839	2.48728	7.87735	
0.362143	6.23374	6.60539	4.07295	0	6.21445	4.59436	3.01521	3.94462	3.74294	4.2328	5.3979	4.86976	7.08602	5.29913	5.87294	3.92281	6.41426	0.362143	2.54388	5.09057	1.47254	7.56742	4.18031	5.95231	4.49218	9.07691	5.75514	8.25571	3.18693	3.804	9.96683	6.05148	3.427	3.14958	4.37445	3.86098	7.20133	2.39316	4.17937	5.50885	4.74908	5.83068	0.763701	7.37115	4.65198	14.7979	5.41719	7.80317	4.26298	4.55683	2.84043	5.12976	4.27654	4.08827	
4.03992	10.062	5.90849	6.76927	6.21445	0	6.5142	5.64423	6.35489	2.54109	1.57553	4.16984	3.86055	5.58902	6.35299	3.85885	5.80352	1.03245	4.03992	6.83876	8.15335	4.87713	0.829326	9.76041	4.85964	4.70736	7.01855	2.75429	5.74573	4.01915	5.43684	2.89479	6.16049	4.01972	6.09473	5.81545	2.56664	2.98258	9.30061	5.10044	3.43756	2.62068	1.99461	5.83226	8.49952	7.73101	5.40344	2.66983	3.5816	3.51368	2.64925	5.88988	4.23927	3.60059	3.22353	
2.47429	7.79659	5.59231	5.60827	4.59436	6.5142	0	4.67458	4.2724	8.73153	4.84536	5.37614	5.80139	3.42956	0.985105	1.91363	2.65409	6.30564	2.47429	2.65787	2.16546	3.3115	6.79093	1.43274	8.01729	6.05503	6.04305	7.69087	3.66135	3.84272	1.80905	6.98729	8.07847	3.96534	3.56722	3.93111	8.42192	4.63768	3.59503	5.26713	7.94267	10.9483	7.88403	4.0701	5.12476	3.20246	9.93053	6.46573	4.98914	7.96044	5.40053	7.27942	5.68964	4.57629	6.03803	
1.77271	7.49261	4.48756	5.7279	3.01521	5.64423	4.67458	0	5.17436	8.48499	8.38755	9.16972	9.35597	3.4907	4.15491	5.09055	3.69986	6.67669	2.04589	1.39966	2.50911	0.935494	5.56227	5.48753	5.72936	5.75104	10.6231	3.63731	6.08428	7.45391	4.4894	10.1941	4.90726	8.87791	2.00536	5.91936	4.34868	7.58541	3.93868	5.25942	6.22074	6.9062	5.36363	2.28384	6.22693	3.989	15.2693	5.44628	9.45812	3.70709	8.28197	2.70037	5.10564	5.42249	3.86532	
2.31498	7.79469	6.19052	1.01472	3.94462	6.35489	4.2724	5.17436	0	9.63011	4.84555	3.64905	9.5121	3.30463	3.28729	4.21582	5.35099	5.6775	2.31498	2.44955	2.66525	2.91372	8.08929	4.11108	5.00592	3.69568	8.05711	5.85582	4.75708	2.44483	1.28367	6.06455	7.7711	4.03974	5.68153	3.63234	3.61784	7.81407	4.09482	3.43726	3.27239	4.83476	6.58394	3.98404	3.88064	2.6618	10.0206	2.40332	7.0032	5.12429	3.81472	7.36346	5.53033	1.47256	5.4376	
8.24553	12.1598	4.8028	8.78633	3.74294	2.54109	8.73153	8.48499	9.63011	0	2.90374	8.24391	2.93184	8.50589	4.74864	3.93502	8.84882	3.52595	7.83437	8.44269	6.62818	2.66739	1.71177	11.0399	3.73828	6.1676	10.1896	2.5937	7.06379	2.99015	9.79225	5.24482	0.715175	8.41411	4.61471	1.80263	3.44908	3.86502	6.60907	15.1351	6.75844	7.32042	3.34658	7.43281	12.0535	8.23044	8.57689	5.54497	4.46404	3.36198	8.625	0.902506	3.19183	8.44396	4.59134	
4.96723	6.36786	1.16231	7.56301	4.2328	1.57553	4.84536	8.38755	4.84555	2.90374	0	2.77671	6.04716	6.59692	5.73974	8.79425	2.11706	0.543071	4.96723	4.87109	10.2955	6.07762	1.19197	6.79968	5.22228	7.19224	3.47118	3.11693	1.43235	5.49115	7.17599	2.4054	9.06921	0.805808	3.53598	6.84243	1.23979	0.207678	6.13768	3.57857	2.88766	5.95838	1.50522	5.36878	6.76858	11.9146	6.09835	6.00753	3.94424	6.85139	3.93785	6.40254	4.18974	5.13443	7.62235	
7.85043	8.34065	5.97407	2.63433	5.3979	4.16984	5.37614	9.16972	3.64905	8.24391	2.77671	0	7.57342	4.4192	6.36125	2.68903	3.28216	4.95816	6.55505	4.42342	7.5416	7.81407	6.53215	4.08708	6.5477	5.31529	4.41542	7.3976	4.63076	5.70573	2.90327	4.86683	6.32981	1.9709	4.70108	7.14423	2.40489	5.74524	9.50207	4.74367	4.05276	6.52692	7.66166	4.66244	3.98839	5.27258	4.23362	1.50001	5.46933	11.3314	4.28067	10.656	5.35483	2.43077	9.98458	
7.90047	7.7547	5.92963	12.488	4.86976	3.86055	5.80139	9.35597	9.5121	2.93184	6.04716	7.57342	0	5.2026	4.90089	5.06184	9.26898	4.03516	10.9215	8.57791	6.84685	3.30404	4.68988	12.8468	3.89053	9.04889	3.15799	4.23694	7.29568	3.14241	7.40976	5.65425	3.02205	4.96435	2.23417	1.95489	10.1661	6.25483	3.22031	10.8192	6.03159	6.48123	3.07301	7.74357	14.4438	8.79016	8.72914	6.53038	3.41059	5.66886	6.50981	2.02933	4.31866	6.44315	4.70499	
4.0338	11.2087	7.39423	2.34498	7.08602	5.58902	3.42956	3.4907	3.30463	8.50589	6.59692	4.4192	5.2026	0	2.82061	4.10822	7.43417	6.05385	6.88711	2.64629	5.96988	4.0383	7.86803	1.99682	6.00787	4.61314	7.17272	7.09208	7.21188	2.76115	2.37314	6.28699	7.74899	4.54148	2.96843	8.58251	5.63315	10.2064	3.95457	1.76872	6.57702	7.99212	7.016	5.77455	5.2109	2.43404	5.65281	2.86256	8.22663	7.19779	4.21991	5.76504	3.47572	1.93179	5.43924	
3.45939	5.73708	7.66416	4.30201	5.29913	6.35299	0.985105	4.15491	3.28729	4.74864	5.73974	6.36125	4.90089	2.82061	0	0.928525	2.75063	5.32054	4.32981	1.67276	3.15057	2.13693	7.13472	0.823789	4.88164	2.53054	8.77269	5.22805	3.98029	2.85761	1.2001	2.82009	4.28874	4.93394	4.15048	2.946	4.03062	5.62278	3.16434	3.85004	3.96464	7.82503	4.48995	6.02762	4.51581	1.88501	8.21424	2.11755	5.97424	7.58408	4.22751	3.96104	7.32763	4.75985	5.73471	
4.99227	5.87192	2.35758	4.28297	5.87294	3.85885	1.91363	5.09055	4.21582	3.93502	8.79425	2.68903	5.06184	4.10822	0.928525	0	1.8221	3.7539	5.26545	2.60129	5.11038	4.14794	5.42462	1.75231	4.76965	1.60201	7.22521	5.61955	5.72493	3.78614	4.96306	1.89157	6.01882	3.13336	5.22493	3.87453	4.28438	6.7687	2.43319	4.89775	3.03611	5.11464	4.46065	3.23812	2.77	3.40125	3.92263	1.18902	9.51636	8.26723	3.66012	3.03251	2.73944	2.11979	7.32754	
5.12837	12.1662	5.90122	6.15792	3.92281	5.80352	2.65409	3.69986	5.35099	8.84882	2.11706	3.28216	9.26898	7.43417	2.75063	1.8221	0	4.29852	1.81757	7.88078	4.81955	4.22421	6.58524	4.08683	4.86153	3.42412	8.21009	8.68591	6.17126	4.37053	5.34866	3.71367	10.5368	1.31126	4.04143	5.55804	1.74524	4.94659	4.30814	4.08402	3.39311	6.98958	5.73321	1.41601	11.5759	5.22335	7.49293	3.01113	7.64323	10.1422	5.53507	4.85462	4.2378	6.63781	2.99748	
5.07237	5.84269	2.32835	7.95824	6.41426	1.03245	6.30564	6.67669	5.6775	3.52595	0.543071	4.95816	4.03516	6.05385	5.32054	3.7539	4.29852	0	5.5103	6.9933	9.50239	5.53395	1.73504	6.14433	4.13865	7.73531	4.20839	2.68847	3.10662	3.29378	6.12461	1.86233	5.77023	1.34888	5.2824	2.5061	2.12077	0.750748	8.48487	5.76002	2.40511	3.65313	0.962151	6.18707	2.74077	8.48789	7.51178	3.70228	4.56645	4.54614	3.68171	5.85947	5.27172	4.88903	7.54859	
0	4.60376	8.63226	4.5972	0.362143	4.03992	2.47429	2.04589	2.31498	7.83437	4.96723	6.55505	10.9215	6.88711	4.32981	5.26545	1.81757	5.5103	0	1.57456	3.46059	0.837215	6.1592	4.98127	3.84707	2.86219	11.0912	6.11728	6.9235	3.54908	4.16614	10.0525	5.08216	3.78914	2.18026	6.83745	4.52357	5.1749	2.03102	8.2662	6.85487	8.35442	6.19282	0.401558	6.40183	3.63725	7.78866	3.56399	10.1027	4.62512	7.83571	2.87527	3.21535	2.10201	1.98303	
1.30138	6.30437	5.9914	0.981599	2.54388	6.83876	2.65787	1.39966	2.44955	8.44269	4.87109	4.42342	8.57791	2.64629	1.67276	2.60129	7.88078	6.9933	1.57456	0	3.85453	0.464167	7.65955	1.08896	8.0002	7.45414	10.2924	6.84165	2.30753	2.70762	0.712651	6.14089	4.43594	6.48929	1.53404	4.61876	3.87735	3.5322	1.81848	6.67307	5.72194	3.52881	6.53021	3.27237	5.7556	0.21225	10.9787	6.27817	4.71183	5.91131	5.68891	2.22905	8.38007	3.92211	3.63665	
4.22758	4.00231	9.0321	3.67997	5.09057	8.15335	2.16546	2.50911	2.66525	6.62818	10.2955	7.5416	6.84685	5.96988	3.15057	5.11038	4.81955	9.50239	3.46059	3.85453	0	3.39036	9.56383	3.5982	11.1449	2.26075	10.0048	6.14642	5.82681	5.11007	4.59069	10.1976	5.91301	6.70499	2.41571	6.236	6.80354	6.80314	1.42957	6.87876	5.93764	7.5	9.33686	4.79296	8.6818	3.03581	14.1035	8.55352	7.1546	6.2162	5.77286	5.15524	7.64036	4.13781	6.56284	
0.837215	6.76854	5.66518	5.23734	1.47254	4.87713	3.3115	0.935494	2.91372	2.66739	6.07762	7.81407	3.30404	4.0383	2.13693	4.14794	4.22421	5.53395	0.837215	0.464167	3.39036	0	5.15049	4.0432	4.89609	5.75707	9.77379	4.5728	2.7717	4.5862	1.17682	4.48994	3.97177	3.80004	1.06987	5.31451	3.41318	10.6379	2.05601	10.2691	7.19117	3.77533	6.52755	1.51195	5.29143	0.676418	6.45938	5.34408	7.88138	4.64259	5.93092	1.76488	4.05257	2.93922	3.17248	
4.86924	5.59973	2.77521	7.07457	7.56742	0.829326	6.79093	5.56227	8.08929	1.71177	1.19197	6.53215	4.68988	7.86803	7.13472	5.42462	6.58524	1.73504	6.1592	7.65955	9.56383	5.15049	0	7.99166	4.03031	7.44791	3.80618	1.92496	3.37793	2.91033	5.74115	3.53305	2.42694	1.99778	6.04861	3.28069	1.73731	1.39965	9.64403	8.30218	4.21929	3.45001	1.73674	7.47582	4.41149	9.61302	7.12832	3.49915	2.75227	4.34301	3.47858	2.61427	5.06859	5.43867	7.46117	
3.90703	5.523	5.6777	0.64526	4.18031	9.76041	1.43274	5.48753	4.11108	11.0399	6.79968	4.08708	12.8468	1.99682	0.823789	1.75231	4.08683	6.14433	4.98127	1.08896	3.5982	4.0432	7.99166	0	7.9347	3.78144	9.16955	12.2033	5.09409	2.37128	0.376311	4.57046	10.3247	5.75772	3.9364	3.76979	4.38015	6.07042	2.95026	3.76554	7.48157	3.19247	9.96819	4.30896	3.69202	1.93812	4.85997	4.91602	4.37549	9.33347	5.23922	9.24391	5.47254	3.92862	8.08495	
5.7475	3.59377	2.00881	11.0775	5.95231	4.85964	8.01729	5.72936	5.00592	3.73828	5.22228	6.5477	3.89053	6.00787	4.88164	4.76965	4.86153	4.13865	3.84707	8.0002	11.1449	4.89609	4.03031	7.9347	0	3.66958	7.45605	2.85906	7.92557	3.12316	6.22802	2.47482	3.27838	3.81539	6.53223	1.93564	5.76762	2.96344	6.74207	11.0287	1.73354	3.41186	3.47959	3.44551	3.99448	11.5609	6.65092	6.60795	6.78258	9.37047	5.26804	3.13121	2.53215	7.865	4.01471	
4.35277	3.40392	5.31735	2.68096	4.49218	4.70736	6.05503	5.75104	3.69568	6.1676	7.19224	5.31529	9.04889	4.61314	2.53054	1.60201	3.42412	7.73531	2.86219	7.45414	2.26075	5.75707	7.44791	3.78144	3.66958	0	10.8164	8.50906	9.75579	3.428	2.94991	3.49358	7.28362	4.52135	1.81732	5.63761	4.57585	5.78828	0.831177	4.5093	4.63813	3.51262	6.06088	3.95922	5.18392	2.43741	4.01597	2.79103	5.4255	6.66522	2.05811	3.42675	1.13742	3.35661	4.11547	
11.2069	5.39802	4.21813	7.04975	9.07691	7.01855	6.04305	10.6231	8.05711	10.1896	3.47118	4.41542	3.15799	7.17272	8.77269	7.22521	8.21009	4.20839	11.0912	10.2924	10.0048	9.77379	3.80618	9.16955	7.45605	10.8164	0	4.97256	4.48817	5.91508	5.05308	6.2384	6.18005	6.38633	5.39217	4.79018	7.08809	3.2635	11.1535	6.90751	8.30848	7.48152	3.24624	8.46015	7.75806	9.60677	8.7698	5.91543	1.05391	6.91596	4.4213	5.18733	10.6484	6.96695	5.7628	
7.33751	2.43522	0.850253	8.99953	5.75514	2.75429	7.69087	3.63731	5.85582	2.5937	3.11693	7.3976	4.23694	7.09208	5.22805	5.61955	8.68591	2.68847	6.11728	6.84165	6.14642	4.5728	1.92496	12.2033	2.85906	8.50906	4.97256	0	5.949	3.46957	8.37994	1.31627	1.87853	4.66529	4.12365	2.28205	3.66227	1.80488	5.10979	13.6146	2.58343	5.56378	1.72632	5.92115	2.83593	10.4071	7.68341	6.70832	4.67723	4.52533	4.10949	4.426	6.71532	6.42459	5.07076	
6.13564	7.50172	2.1793	7.08071	8.25571	5.74573	3.66135	6.08428	4.75708	7.06379	1.43235	4.63076	7.29568	7.21188	3.98029	5.72493	6.17126	3.10662	6.9235	2.30753	5.82681	2.7717	3.37793	5.09409	7.92557	9.75579	4.48817	5.949	0	5.93358	3.02018	3.83336	9.03076	3.36936	7.22857	5.76662	4.76057	1.22467	8.8852	8.92848	6.62552	8.36641	4.22268	8.64458	4.7118	2.51978	7.11535	6.13077	8.10429	8.21885	4.95484	9.81706	8.68205	7.69798	11.2764	
4.36962	5.03544	4.62913	2.26391	3.18693	4.01915	3.84272	7.45391	2.44483	2.99015	5.49115	5.70573	3.14241	2.76115	2.85761	3.78614	4.37053	3.29378	3.54908	2.70762	5.11007	4.5862	2.91033	2.37128	3.12316	3.428	5.91508	3.46957	5.93358	0	1.99497	3.56582	2.53026	1.607	6.47659	1.18752	1.17301	5.10007	5.99395	0.992432	2.3934	4.63072	2.73146	5.60934	6.88089	3.55678	6.56402	3.19838	4.73728	7.44991	1.36989	4.91863	4.96472	2.26761	3.97622	
5.2529	7.01702	6.70405	0.268948	3.804	5.43684	1.80905	4.4894	1.28367	9.79225	7.17599	2.90327	7.40976	2.37314	1.2001	4.96306	5.34866	6.12461	4.16614	0.712651	4.59069	1.17682	5.74115	0.376311	6.22802	2.94991	5.05308	8.37994	3.02018	1.99497	0	6.39665	9.24237	4.43782	6.34047	3.18248	3.16798	7.72018	3.16805	2.9874	4.38836	2.81616	6.13408	3.93264	3.13487	0.924901	8.29913	4.98771	3.99917	6.62397	3.36486	6.64443	6.75444	3.33817	3.419	
8.06404	2.05098	0.466017	3.74436	9.96683	2.89479	6.98729	10.1941	6.06455	5.24482	2.4054	4.86683	5.65425	6.28699	2.82009	1.89157	3.71367	1.86233	10.0525	6.14089	10.1976	4.48994	3.53305	4.57046	2.47482	3.49358	6.2384	1.31627	3.83336	3.56582	6.39665	0	10.4731	2.82679	3.42007	9.18351	2.39281	1.42065	4.40621	9.31259	2.79216	10.2418	2.82448	7.67048	0.878437	5.29282	2.04639	3.08059	6.28532	10.5971	3.72526	4.36632	4.84869	6.09416	5.89088	
4.80899	10.8429	2.72878	9.54856	6.05148	6.16049	8.07847	4.90726	7.7711	0.715175	9.06921	6.32981	3.02205	7.74899	4.28874	6.01882	10.5368	5.77023	5.08216	4.43594	5.91301	3.97177	2.42694	10.3247	3.27838	7.28362	6.18005	1.87853	9.03076	2.53026	9.24237	10.4731	0	9.53013	5.04164	1.34274	7.38495	10.8802	6.14917	12.0537	4.46196	7.44231	2.88669	6.77997	9.2632	8.94562	7.56341	4.8298	6.43264	2.64681	7.61046	1.61768	5.74535	5.76056	4.13145	
5.60153	4.29641	4.72896	4.60523	3.427	4.01972	3.96534	8.87791	4.03974	8.41411	0.805808	1.9709	4.96435	4.54148	4.93394	3.13336	1.31126	1.34888	3.78914	6.48929	6.70499	3.80004	1.99778	5.75772	3.81539	4.52135	6.38633	4.66529	3.36936	1.607	4.43782	2.82679	9.53013	0	2.73017	7.87994	0.433986	1.01349	3.71631	2.77276	2.08185	8.87449	3.94941	2.72727	5.95929	8.07898	5.82499	3.47091	11.0429	7.68997	2.95173	5.67326	3.38393	4.13534	5.20099	
1.90709	3.55888	3.88609	5.31341	3.14958	6.09473	3.56722	2.00536	5.68153	4.61471	3.53598	4.70108	2.23417	2.96843	4.15048	5.22493	4.04143	5.2824	2.18026	1.53404	2.41571	1.06987	6.04861	3.9364	6.53223	1.81732	5.39217	4.12365	7.22857	6.47659	6.34047	3.42007	5.04164	2.73017	0	4.18907	3.16416	5.35921	0.986139	4.73714	4.81203	3.07366	5.30718	3.87807	4.29851	2.59237	9.35157	5.13974	5.64476	10.1275	9.56022	2.83475	6.00153	4.20898	2.47081	
8.75272	7.37917	3.1323	7.56917	4.37445	5.81545	3.93111	5.91936	3.63234	1.80263	6.84243	7.14423	1.95489	8.58251	2.946	3.87453	5.55804	2.5061	6.83745	4.61876	6.236	5.31451	3.28069	3.76979	1.93564	5.63761	4.79018	2.28205	5.76662	1.18752	3.18248	9.18351	1.34274	7.87994	4.18907	0	2.36053	6.91273	4.80643	2.17995	3.58092	3.39155	1.54395	4.37018	7.9422	6.39274	6.77425	6.17254	5.36548	3.98955	2.55741	2.70514	4.46779	3.45513	2.78871	
