10
5
3
3
20

6	7
19	44
37	23
35	6
5	8

26	20
20	33
15	46
20	26
17	19
15	12
5	30
13	40
38	5
9	40

70

1.79769e+308
1.79769e+308
1.79769e+308
1.79769e+308
1.79769e+308

16
18
15
11
18
16
15
15
15
16

0
0
0
0
0

0

0	7.78073	3.35259	10.535	2.17903	12.4752	2.26048	12.492	3.90151	5.35605	9.54247	12.6104	10.4937	14.29	7.35177	
7.78073	0	4.24556	7.12269	13.4855	9.27251	5.52025	1.18548	5.83852	14.2249	12.8022	11.293	3.17274	7.74876	5.22597	
3.35259	4.24556	0	8.99729	11.6151	9.8729	1.09211	3.06008	2.73314	10.2066	8.3741	12.5246	7.82658	13.1216	6.1834	
10.535	7.12269	8.99729	0	8.356	5.70953	11.5965	5.93721	8.9036	8.41391	4.31448	6.01816	8.49756	3.59178	9.97771	
2.17903	13.4855	11.6151	8.356	0	5.8814	4.43952	14.2932	4.44749	3.17702	10.228	9.31363	13.9749	9.65319	11.021	
12.4752	9.27251	9.8729	5.70953	5.8814	0	4.8351	10.8663	3.19407	2.70438	4.70759	6.41126	5.85984	9.18055	9.95092	
2.26048	5.52025	1.09211	11.5965	4.43952	4.8351	0	4.15219	1.64103	2.9115	7.28199	5.68091	4.30681	8.39358	5.09129	
12.492	1.18548	3.06008	5.93721	14.2932	10.8663	4.15219	0	7.43227	12.6643	10.2517	4.63011	4.35822	8.93423	4.0405	
3.90151	5.83852	2.73314	8.9036	4.44749	3.19407	1.64103	7.43227	0	1.27047	7.90165	7.40708	2.66578	6.75255	6.51693	
5.35605	14.2249	10.2066	8.41391	3.17702	2.70438	2.9115	12.6643	1.27047	0	7.41196	6.13661	3.93625	6.47617	6.72623	
9.54247	12.8022	8.3741	4.31448	10.228	4.70759	7.28199	10.2517	7.90165	7.41196	0	1.70368	10.8074	7.90626	2.29329	
12.6104	11.293	12.5246	6.01816	9.31363	6.41126	5.68091	4.63011	7.40708	6.13661	1.70368	0	4.44077	12.6128	0.589618	
10.4937	3.17274	7.82658	8.49756	13.9749	5.85984	4.30681	4.35822	2.66578	3.93625	10.8074	4.44077	0	9.41833	3.85116	
14.29	7.74876	13.1216	3.59178	9.65319	9.18055	8.39358	8.93423	6.75255	6.47617	7.90626	12.6128	9.41833	0	15.1	
7.35177	5.22597	6.1834	9.97771	11.021	9.95092	5.09129	4.0405	6.51693	6.72623	2.29329	0.589618	3.85116	15.1	0	

0	15.5958	5.49492	10.6657	1.22186	6.04138	6.23319	13.3894	3.39406	0.848046	3.19044	3.99959	9.61692	9.3738	16.8218	
15.5958	0	13.4823	9.68874	14.374	16.0497	12.6078	4.05337	8.18337	13.531	11.5786	7.7711	6.15597	11.4505	6.88631	
5.49492	13.4823	0	12.1487	10.0635	9.45321	11.8129	9.21797	7.19289	4.64687	6.98927	7.79841	5.77522	13.9105	5.04488	
10.6657	9.68874	12.1487	0	7.62994	6.36097	8.06074	9.92101	8.06611	7.24696	4.90456	6.10367	8.90511	1.76176	8.17478	
1.22186	14.374	10.0635	7.62994	0	4.81952	5.01133	9.60551	6.52467	2.0699	2.72538	3.92449	9.86949	10.5957	15.1084	
6.04138	16.0497	9.45321	6.36097	4.81952	0	5.76997	7.50504	1.70514	4.25116	4.46189	5.661	3.73254	8.12272	12.6706	
6.23319	12.6078	11.8129	8.06074	5.01133	5.76997	0	8.55445	4.06483	5.49857	3.15617	4.35528	6.09222	11.5018	7.74244	
13.3894	4.05337	9.21797	9.92101	9.60551	7.50504	8.55445	0	5.25135	6.86928	4.91684	3.71773	3.22396	11.6828	3.95429	
3.39406	8.18337	7.19289	8.06611	6.52467	1.70514	4.06483	5.25135	0	2.54602	4.88841	4.62513	2.02739	15.0325	2.75773	
0.848046	13.531	4.64687	7.24696	2.0699	4.25116	5.49857	6.86928	2.54602	0	2.3424	3.15154	4.57341	10.2218	9.69175	
3.19044	11.5786	6.98927	4.90456	2.72538	4.46189	3.15617	4.91684	4.88841	2.3424	0	1.19911	5.18083	6.66632	10.8451	
3.99959	7.7711	7.79841	6.10367	3.92449	5.661	4.35528	3.71773	4.62513	3.15154	1.19911	0	3.98172	12.1082	4.71205	
9.61692	6.15597	5.77522	8.90511	9.86949	3.73254	6.09222	3.22396	2.02739	4.57341	5.18083	3.98172	0	11.416	0.730333	
9.3738	11.4505	13.9105	1.76176	10.5957	8.12272	11.5018	11.6828	15.0325	10.2218	6.66632	12.1082	11.416	0	9.93654	
16.8218	6.88631	5.04488	8.17478	15.1084	12.6706	7.74244	3.95429	2.75773	9.69175	10.8451	4.71205	0.730333	9.93654	0	

0	7.89959	6.18911	11.6088	1.84519	8.11819	3.76383	11.0069	9.37475	8.18343	3.18443	9.48784	10.4507	10.0903	8.9994	
7.89959	0	11.6545	4.53968	4.94801	3.87487	3.02937	3.10732	4.96371	6.90346	8.85965	1.58825	2.55115	6.33233	2.83155	
6.18911	11.6545	0	9.35517	8.0343	6.77602	15.4371	16.6114	8.54123	8.80103	8.03045	9.06264	17.6155	8.61533	12.9678	
11.6088	4.53968	9.35517	0	9.06894	3.29976	7.56904	7.25622	5.06497	5.32477	7.28096	5.58637	7.09083	1.79265	9.49803	
1.84519	4.94801	8.0343	9.06894	0	5.32044	1.91864	9.39602	3.85298	6.72539	1.33923	8.3975	8.65975	11.9355	7.1542	
8.11819	3.87487	6.77602	3.29976	5.32044	0	3.69955	7.82969	1.76521	2.02501	3.98121	2.28662	7.4296	5.09241	3.52991	
3.76383	3.02937	15.4371	7.56904	1.91864	3.69955	0	6.13668	1.93434	6.29609	3.25788	4.61762	5.58052	7.34722	9.07285	
11.0069	3.10732	16.6114	7.25622	9.39602	7.82969	6.13668	0	6.06447	5.25174	11.3022	3.48512	2.50326	9.04887	2.24182	
9.37475	4.96371	8.54123	5.06497	3.85298	1.76521	1.93434	6.06447	0	3.79022	5.23777	4.05183	8.56773	5.41288	7.37166	
8.18343	6.90346	8.80103	5.32477	6.72539	2.02501	6.29609	5.25174	3.79022	0	6.00622	4.25321	4.51546	9.77462	3.00992	
3.18443	8.85965	8.03045	7.28096	1.33923	3.98121	3.25788	11.3022	5.23777	6.00622	0	6.26782	15.7704	9.52236	8.49344	
9.48784	1.58825	9.06264	5.58637	8.3975	2.28662	4.61762	3.48512	4.05183	4.25321	6.26782	0	2.74884	14.3959	1.2433	
10.4507	2.55115	17.6155	7.09083	8.65975	7.4296	5.58052	2.50326	8.56773	4.51546	15.7704	2.74884	0	14.6581	1.50554	
10.0903	6.33233	8.61533	1.79265	11.9355	5.09241	7.34722	9.04887	5.41288	9.77462	9.52236	14.3959	14.6581	0	13.1526	
8.9994	2.83155	12.9678	9.49803	7.1542	3.52991	9.07285	2.24182	7.37166	3.00992	8.49344	1.2433	1.50554	13.1526	0	

0	13.3815	8.02726	10.1655	1.0008	6.46987	4.67712	8.79082	5.36625	4.19112	1.03631	3.65369	7.16079	11.9076	7.30152	
13.3815	0	14.9968	11.3491	6.93091	5.95095	3.2546	1.54064	4.96521	12.6111	8.3445	9.11875	4.71059	20.3279	2.07929	
8.02726	14.9968	0	11.6326	9.65123	9.61361	7.96371	10.5623	7.13771	7.42127	6.99095	8.82911	6.50771	10.4258	11.2589	
10.1655	11.3491	11.6326	0	8.18248	2.71341	8.09446	7.12372	10.2794	6.51267	10.6099	11.8176	9.55046	1.20677	9.44315	
1.0008	6.93091	9.65123	8.18248	0	5.46907	3.67632	8.17484	3.47388	3.19032	2.03711	2.65289	5.13231	8.15783	5.02501	
6.46987	5.95095	9.61361	2.71341	5.46907	0	8.90884	4.41031	4.08283	3.79926	8.12935	8.12196	9.5457	2.68876	15.0511	
4.67712	3.2546	7.96371	8.09446	3.67632	8.90884	0	4.49852	3.25053	3.95453	6.33659	5.36237	1.456	9.30123	1.34869	
8.79082	1.54064	10.5623	7.12372	8.17484	4.41031	4.49852	0	3.42458	3.70814	13.0399	5.11598	5.13539	7.09908	3.61993	
5.36625	4.96521	7.13771	10.2794	3.47388	4.08283	3.25053	3.42458	0	0.283564	6.40256	1.6914	1.79454	11.4202	5.01966	
4.19112	12.6111	7.42127	6.51267	3.19032	3.79926	3.95453	3.70814	0.283564	0	5.85059	1.97497	2.0781	6.48803	13.2986	
1.03631	8.3445	6.99095	10.6099	2.03711	8.12935	6.33659	13.0399	6.40256	5.85059	0	5.31316	10.0291	10.8712	6.2652	
3.65369	9.11875	8.82911	11.8176	2.65289	8.12196	5.36237	5.11598	1.6914	1.97497	5.31316	0	3.48594	13.1116	7.21285	
7.16079	4.71059	6.50771	9.55046	5.13231	9.5457	1.456	5.13539	1.79454	2.0781	10.0291	3.48594	0	13.2147	2.80469	
11.9076	20.3279	10.4258	1.20677	8.15783	2.68876	9.30123	7.09908	11.4202	6.48803	10.8712	13.1116	13.2147	0	17.1365	
7.30152	2.07929	11.2589	9.44315	5.02501	15.0511	1.34869	3.61993	5.01966	13.2986	6.2652	7.21285	2.80469	17.1365	0	

0	2.41078	6.01007	7.27979	1.52928	4.23285	6.30706	0.897133	4.50037	4.88439	7.32425	10.2605	6.60394	5.41296	2.56814	
2.41078	0	6.03655	6.58895	5.1486	3.47909	3.10403	1.51365	1.29734	3.41903	3.71913	9.10085	6.14907	12.0217	3.18465	
6.01007	6.03655	0	1.26977	5.26104	2.55746	13.3305	5.11294	6.09072	5.04381	5.1242	8.17922	9.79131	3.13661	6.78394	
7.27979	6.58895	1.26977	0	8.19361	3.82723	7.09829	6.38271	5.2916	7.41329	8.11548	7.8831	10.1433	1.86683	18.9758	
1.52928	5.1486	5.26104	8.19361	0	2.70358	5.65795	2.42641	3.85125	5.18993	5.27032	8.32534	5.07466	6.94223	9.10259	
4.23285	3.47909	2.55746	3.82723	2.70358	0	5.33996	4.99274	3.53326	2.48635	2.56674	5.62176	7.23385	8.54265	6.39901	
6.30706	3.10403	13.3305	7.09829	5.65795	5.33996	0	7.77399	1.80669	3.92838	4.63057	3.22557	1.566	11.9166	6.03695	
0.897133	1.51365	5.11294	6.38271	2.42641	4.99274	7.77399	0	2.81099	3.98726	5.23278	7.78271	6.14196	6.31009	1.67101	
4.50037	1.29734	6.09072	5.2916	3.85125	3.53326	1.80669	2.81099	0	2.12169	2.82388	5.03226	3.3727	7.15844	9.32268	
4.88439	3.41903	5.04381	7.41329	5.18993	2.48635	3.92838	3.98726	2.12169	0	4.64553	3.79545	6.97341	11.029	5.65827	
7.32425	3.71913	5.1242	8.11548	5.27032	2.56674	4.63057	5.23278	2.82388	4.64553	0	8.1885	7.6756	10.8191	8.96575	
10.2605	9.10085	8.17922	7.8831	8.32534	5.62176	3.22557	7.78271	5.03226	3.79545	8.1885	0	4.79158	8.69098	12.0208	
6.60394	6.14907	9.79131	10.1433	5.07466	7.23385	1.566	6.14196	3.3727	6.97341	7.6756	4.79158	0	15.7765	4.47095	
5.41296	12.0217	3.13661	1.86683	6.94223	8.54265	11.9166	6.31009	7.15844	11.029	10.8191	8.69098	15.7765	0	14.9417	
2.56814	3.18465	6.78394	18.9758	9.10259	6.39901	6.03695	1.67101	9.32268	5.65827	8.96575	12.0208	4.47095	14.9417	0	

0	4.2222	3.43598	9.1509	2.41591	5.38488	1.13924	2.431	6.40167	5.46022	3.27883	6.62185	3.79267	5.86787	5.23749	
4.2222	0	3.34045	2.10161	5.74523	5.86764	4.9278	1.7912	1.40495	6.17415	9.51736	4.13457	3.87925	3.08424	4.59769	
3.43598	3.34045	0	6.7858	12.5446	3.67992	2.29674	5.43334	1.9355	2.75671	4.93811	4.66513	4.95017	4.20115	11.0587	
9.1509	2.10161	6.7858	0	6.86872	3.76603	9.08254	3.89281	3.24827	6.89177	3.57167	11.5868	5.98086	0.982625	9.7934	
2.41591	5.74523	12.5446	6.86872	0	7.80079	3.55515	4.84691	7.15018	5.95352	3.77212	8.42124	8.61505	6.36116	7.21974	
5.38488	5.86764	3.67992	3.76603	7.80079	0	5.97666	7.81588	4.85247	6.43663	5.62784	7.5821	14.5409	4.59021	10.5816	
1.13924	4.9278	2.29674	9.08254	3.55515	5.97666	0	3.1366	4.23225	5.05345	4.41807	7.76109	2.65343	11.3381	4.04873	
2.431	1.7912	5.43334	3.89281	4.84691	7.81588	3.1366	0	3.19614	10.0854	5.70983	4.00799	4.20179	11.6173	2.80649	
6.40167	1.40495	1.9355	3.24827	7.15018	4.85247	4.23225	3.19614	0	4.69222	4.85469	2.72962	5.28419	2.26565	3.93112	
5.46022	6.17415	2.75671	6.89177	5.95352	6.43663	5.05345	10.0854	4.69222	0	2.18139	7.49883	12.1734	4.77043	13.8924	
3.27883	9.51736	4.93811	3.57167	3.77212	5.62784	4.41807	5.70983	4.85469	2.18139	0	9.90067	14.8235	2.58904	10.9919	
6.62185	4.13457	4.66513	11.5868	8.42124	7.5821	7.76109	4.00799	2.72962	7.49883	9.90067	0	2.5968	4.99527	1.2015	
3.79267	3.87925	4.95017	5.98086	8.61505	14.5409	2.65343	4.20179	5.28419	12.1734	14.8235	2.5968	0	10.2061	1.3953	
5.86787	3.08424	4.20115	0.982625	6.36116	4.59021	11.3381	11.6173	2.26565	4.77043	2.58904	4.99527	10.2061	0	8.81077	
5.23749	4.59769	11.0587	9.7934	7.21974	10.5816	4.04873	2.80649	3.93112	13.8924	10.9919	1.2015	1.3953	8.81077	0	

0	5.47736	7.78756	3.50688	0.774252	3.67275	4.61939	6.49283	3.44358	1.62014	3.63644	2.18531	6.46257	2.83263	5.37713	
5.47736	0	8.89429	7.00204	8.28433	6.4592	3.91814	0.77208	5.96624	8.49921	4.74317	3.29205	1.54023	6.32779	6.48386	
7.78756	8.89429	0	5.67532	17.0094	4.28125	7.95188	8.7286	8.99992	6.33386	6.65874	5.60224	7.96045	6.34956	8.79406	
3.50688	7.00204	5.67532	0	9.46106	6.63871	12.7566	7.80423	4.27294	11.2996	4.26122	5.71234	8.57238	0.67425	7.42663	
0.774252	8.28433	17.0094	9.46106	0	7.57732	6.08234	9.05641	2.66933	2.39439	5.19983	2.95957	3.70879	3.60689	8.36524	
3.67275	6.4592	4.28125	6.63871	7.57732	0	3.67063	6.04824	5.49606	2.05261	2.37748	3.82861	4.82511	8.24059	5.54289	
4.61939	3.91814	7.95188	12.7566	6.08234	3.67063	0	1.92263	2.19395	5.72324	3.88519	2.43407	1.15448	7.25952	5.62588	
6.49283	0.77208	8.7286	7.80423	9.05641	6.04824	1.92263	0	1.80762	9.51467	5.75864	4.06413	0.768151	7.09987	5.64757	
3.44358	5.96624	8.99992	4.27294	2.66933	5.49606	2.19395	1.80762	0	11.8566	3.11858	4.5697	1.03946	3.59869	5.91888	
1.62014	8.49921	6.33386	11.2996	2.39439	2.05261	5.72324	9.51467	11.8566	0	4.43009	3.80545	7.3327	4.45277	8.39897	
3.63644	4.74317	6.65874	4.26122	5.19983	2.37748	3.88519	5.75864	3.11858	4.43009	0	1.45112	4.15804	4.93547	3.16541	
2.18531	3.29205	5.60224	5.71234	2.95957	3.82861	2.43407	4.06413	4.5697	3.80545	1.45112	0	3.58855	5.01795	3.19181	
6.46257	1.54023	7.96045	8.57238	3.70879	4.82511	1.15448	0.768151	1.03946	7.3327	4.15804	3.58855	0	4.63816	4.87942	
2.83263	6.32779	6.34956	0.67425	3.60689	8.24059	7.25952	7.09987	3.59869	4.45277	4.93547	5.01795	4.63816	0	9.02851	
5.37713	6.48386	8.79406	7.42663	8.36524	5.54289	5.62588	5.64757	5.91888	8.39897	3.16541	3.19181	4.87942	9.02851	0	

0	9.49225	14.4596	4.11272	3.81985	4.71199	5.2779	7.55027	2.11486	3.71331	5.29075	5.77635	4.90187	2.26979	10.7481	
9.49225	0	11.5971	17.1302	7.9982	9.97452	9.961	6.31406	7.37739	10.1252	10.0426	8.97392	6.91618	9.89922	8.82702	
14.4596	11.5971	0	5.90015	4.2595	1.76764	4.80682	6.22447	4.36477	4.3089	8.23164	8.03988	7.29682	15.1835	8.73743	
4.11272	17.1302	5.90015	0	5.95309	4.13251	3.82902	6.573	4.36476	2.26443	3.84187	5.39659	11.8753	1.84293	10.7625	
3.81985	7.9982	4.2595	5.95309	0	2.49186	5.25326	2.21812	2.48157	3.68867	5.26611	6.14305	1.08202	5.00341	3.50781	
4.71199	9.97452	1.76764	4.13251	2.49186	0	3.03917	6.22228	2.59713	2.54126	4.1187	5.67343	3.57388	5.11896	11.7431	
5.2779	9.961	4.80682	3.82902	5.25326	3.03917	0	3.64694	4.31243	1.56459	3.14203	4.69676	4.78304	10.2762	6.1599	
7.55027	6.31406	6.22447	6.573	2.21812	6.22228	3.64694	0	6.212	4.30858	5.88602	7.44075	1.1361	10.5049	2.51296	
2.11486	7.37739	4.36477	4.36476	2.48157	2.59713	4.31243	6.212	0	2.74784	4.32528	3.66148	3.56359	2.52184	9.01753	
3.71331	10.1252	4.3089	2.26443	3.68867	2.54126	1.56459	4.30858	2.74784	0	1.57744	3.13217	4.77068	4.10735	6.82154	
5.29075	10.0426	8.23164	3.84187	5.26611	4.1187	3.14203	5.88602	4.32528	1.57744	0	4.70961	7.84695	7.31463	14.5578	
5.77635	8.97392	8.03988	5.39659	6.14305	5.67343	4.69676	7.44075	3.66148	3.13217	4.70961	0	7.78184	6.18332	5.35605	
4.90187	6.91618	7.29682	11.8753	1.08202	3.57388	4.78304	1.1361	3.56359	4.77068	7.84695	7.78184	0	9.3264	2.42579	
2.26979	9.89922	15.1835	1.84293	5.00341	5.11896	10.2762	10.5049	2.52184	4.10735	7.31463	6.18332	9.3264	0	8.91958	
10.7481	8.82702	8.73743	10.7625	3.50781	11.7431	6.1599	2.51296	9.01753	6.82154	14.5578	5.35605	2.42579	8.91958	0	

0	14.1637	8.73991	11.1202	1.11469	8.31174	4.09251	10.1048	7.09653	2.7557	1.97577	8.24918	6.23544	11.9599	7.14298	
14.1637	0	5.38172	11.0908	13.1807	9.86034	8.75336	1.83662	7.06717	8.06878	13.0381	6.04616	3.99901	10.9948	4.79841	
8.73991	5.38172	0	7.08911	4.32807	4.47863	6.92162	7.21833	3.06546	2.68707	4.07687	3.31919	9.06784	5.6131	6.11115	
11.1202	11.0908	7.08911	0	7.31726	9.13881	8.01758	6.67122	4.02365	5.67626	7.06606	6.64581	4.50882	7.9147	6.18474	
1.11469	13.1807	4.32807	7.31726	0	4.37391	5.2072	7.28314	8.21122	1.64101	0.86108	7.13449	5.12074	8.50356	6.79667	
8.31174	9.86034	4.47863	9.13881	4.37391	0	6.48522	13.402	7.54409	3.46256	3.51283	7.79781	9.99398	10.0917	14.544	
4.09251	8.75336	6.92162	8.01758	5.2072	6.48522	0	5.67116	11.189	4.23455	5.11496	12.1069	3.50876	6.9635	5.18469	
10.1048	1.83662	7.21833	6.67122	7.28314	13.402	5.67116	0	6.00748	11.1513	12.0317	7.88277	2.1624	5.61714	2.9618	
7.09653	7.06717	3.06546	4.02365	8.21122	7.54409	11.189	6.00748	0	5.75253	9.61409	2.62216	4.72161	8.67856	3.04569	
2.7557	8.06878	2.68707	5.67626	1.64101	3.46256	4.23455	11.1513	5.75253	0	1.38981	6.00625	6.76175	6.86255	11.6007	
1.97577	13.0381	4.07687	7.06606	0.86108	3.51283	5.11496	12.0317	9.61409	1.38981	0	6.99193	5.98182	8.25236	10.8208	
8.24918	6.04616	3.31919	6.64581	7.13449	7.79781	12.1069	7.88277	2.62216	6.00625	6.99193	0	11.8766	8.93229	5.66785	
6.23544	3.99901	9.06784	4.50882	5.12074	9.99398	3.50876	2.1624	4.72161	6.76175	5.98182	11.8766	0	3.45474	1.67592	
11.9599	10.9948	5.6131	7.9147	8.50356	10.0917	6.9635	5.61714	8.67856	6.86255	8.25236	8.93229	3.45474	0	5.13066	
7.14298	4.79841	6.11115	6.18474	6.79667	14.544	5.18469	2.9618	3.04569	11.6007	10.8208	5.66785	1.67592	5.13066	0	

0	9.9016	4.6363	3.78964	0.273062	8.32779	6.80824	16.6457	8.26305	6.66291	5.34776	3.99322	13.8919	5.4825	11.908	
9.9016	0	10.307	12.148	9.52098	4.68846	3.23387	3.18075	10.426	3.13113	5.1496	14.7648	2.63287	9.10213	5.04323	
4.6363	10.307	0	3.7853	4.90936	7.03516	2.17194	5.20428	4.47628	7.38042	5.36196	8.80168	2.77294	6.71601	8.04793	
3.78964	12.148	3.7853	0	4.0627	5.28761	5.95724	8.8521	8.26158	6.84494	6.96081	8.3385	7.08229	2.93072	9.93155	
0.273062	9.52098	4.90936	4.0627	0	6.74791	10.3499	11.1308	8.53611	6.38985	5.0747	3.72016	13.5113	5.20944	4.75908	
8.32779	4.68846	7.03516	5.28761	6.74791	0	7.47031	9.5408	9.94839	1.55733	1.6732	3.05089	6.86931	6.52776	4.08981	
6.80824	3.23387	2.17194	5.95724	10.3499	7.47031	0	3.03235	6.64822	7.72247	7.53389	6.62974	0.601	8.95373	3.61442	
16.6457	3.18075	5.20428	8.8521	11.1308	9.5408	3.03235	0	5.50743	6.31188	10.7759	2.9014	2.67148	5.92138	1.86248	
8.26305	10.426	4.47628	8.26158	8.53611	9.94839	6.64822	5.50743	0	8.39106	8.7514	4.68387	6.65837	5.51216	3.64495	
6.66291	3.13113	7.38042	6.84494	6.38985	1.55733	7.72247	6.31188	8.39106	0	2.01847	4.60822	5.764	6.87302	10.1349	
5.34776	5.1496	5.36196	6.96081	5.0747	1.6732	7.53389	10.7759	8.7514	2.01847	0	4.72409	8.54252	4.85455	10.4522	
3.99322	14.7648	8.80168	8.3385	3.72016	3.05089	6.62974	2.9014	4.68387	4.60822	4.72409	0	4.05235	8.9296	1.03892	
13.8919	2.63287	2.77294	7.08229	13.5113	6.86931	0.601	2.67148	6.65837	5.764	8.54252	4.05235	0	8.59287	3.01342	
5.4825	9.10213	6.71601	2.93072	5.20944	6.52776	8.95373	5.92138	5.51216	6.87302	4.85455	8.9296	8.59287	0	7.78386	
11.908	5.04323	8.04793	9.93155	4.75908	4.08981	3.61442	1.86248	3.64495	10.1349	10.4522	1.03892	3.01342	7.78386	0	

0	10.7627	8.12858	16.8854	0.790745	12.4873	7.49101	5.20114	10.7274	8.35998	2.85583	8.53571	7.76558	8.55357	8.44972	
10.7627	0	3.29731	9.79108	15.5611	7.15379	2.0002	5.56155	4.7487	3.03416	5.26937	6.90791	7.05665	7.80663	6.01803	
8.12858	3.29731	0	10.4312	8.91933	10.7233	5.29751	6.86269	8.26656	6.01986	8.84105	11.7867	4.29826	4.50932	5.33687	
16.8854	9.79108	10.4312	0	14.7286	10.8903	7.60003	11.5659	4.85154	7.21895	10.2536	7.65704	9.00151	5.92191	10.0401	
0.790745	15.5611	8.91933	14.7286	0	15.4595	5.33425	5.99189	10.0853	9.15072	2.06508	6.37894	9.49007	6.3968	6.29295	
12.4873	7.15379	10.7233	10.8903	15.4595	0	5.15359	11.5618	6.03875	4.12736	7.98467	3.67081	8.99734	5.6379	9.90171	
7.49101	2.0002	5.29751	7.60003	5.33425	5.15359	0	7.56175	2.7485	1.03396	3.26917	4.90771	7.81169	2.5445	7.49704	
5.20114	5.56155	6.86269	11.5659	5.99189	11.5618	7.56175	0	7.62763	11.6297	9.42299	11.0039	2.56443	11.1219	3.60305	
10.7274	4.7487	8.26656	4.85154	10.0853	6.03875	2.7485	7.62763	0	2.36741	6.01767	7.65621	5.0632	3.87795	6.10181	
8.35998	3.03416	6.01986	7.21895	9.15072	4.12736	1.03396	11.6297	2.36741	0	4.30313	5.94167	7.43061	1.51054	9.95687	
2.85583	5.26937	8.84105	10.2536	2.06508	7.98467	3.26917	9.42299	6.01767	4.30313	0	4.31386	5.26649	4.33172	4.22787	
8.53571	6.90791	11.7867	7.65704	6.37894	3.67081	4.90771	11.0039	7.65621	5.94167	4.31386	0	7.26952	8.64558	6.2309	
7.76558	7.05665	4.29826	9.00151	9.49007	8.99734	7.81169	2.56443	5.0632	7.43061	5.26649	7.26952	0	8.80758	1.03861	
8.55357	7.80663	4.50932	5.92191	6.3968	5.6379	2.5445	11.1219	3.87795	1.51054	4.33172	8.64558	8.80758	0	8.55959	
8.44972	6.01803	5.33687	10.0401	6.29295	9.90171	7.49704	3.60305	6.10181	9.95687	4.22787	6.2309	1.03861	8.55959	0	

0	8.97819	10.8561	4.05896	1.35165	6.32891	9.05397	6.19378	8.89153	2.85036	0.127312	5.99976	5.81539	1.4627	7.8487	
8.97819	0	7.90222	3.22487	8.89594	6.38023	2.32864	1.68645	7.94529	6.43384	7.15652	10.5274	2.06484	10.3045	5.36498	
10.8561	7.90222	0	15.0223	16.1919	10.6077	5.57358	11.0448	1.96461	6.04839	9.67493	3.80248	8.81216	12.9788	9.81624	
4.05896	3.22487	15.0223	0	10.9558	9.6051	5.55351	4.91132	13.1045	4.66649	3.93165	6.91239	6.38767	5.26704	11.653	
1.35165	8.89594	16.1919	10.9558	0	13.2258	11.2246	8.7738	10.2432	9.74724	1.47896	12.3625	7.16704	8.35959	10.5976	
6.32891	6.38023	10.6077	9.6051	13.2258	0	8.70887	8.06667	10.7025	5.56495	6.2016	7.81086	9.54302	7.53699	13.1215	
9.05397	2.32864	5.57358	5.55351	11.2246	8.70887	0	3.61697	5.61665	4.1052	6.82824	6.3511	3.23858	12.7165	5.44076	
6.19378	1.68645	11.0448	4.91132	8.7738	8.06667	3.61697	0	9.63014	5.36029	7.0156	7.60619	0.378391	9.85634	2.58057	
8.89153	7.94529	1.96461	13.1045	10.2432	10.7025	5.61665	9.63014	0	7.77057	9.01884	5.52466	8.85524	14.701	8.96586	
2.85036	6.43384	6.04839	4.66649	9.74724	5.56495	4.1052	5.36029	7.77057	0	2.72305	2.24591	5.73868	4.05844	8.25967	
0.127312	7.15652	9.67493	3.93165	1.47896	6.2016	6.82824	7.0156	9.01884	2.72305	0	4.96895	5.9427	1.33539	7.72138	
5.99976	10.5274	3.80248	6.91239	12.3625	7.81086	6.3511	7.60619	5.52466	2.24591	4.96895	0	8.21594	7.20784	6.01376	
5.81539	2.06484	8.81216	6.38767	7.16704	9.54302	3.23858	0.378391	8.85524	5.73868	5.9427	8.21594	0	7.9726	2.20218	
1.4627	10.3045	12.9788	5.26704	8.35959	7.53699	12.7165	9.85634	14.701	4.05844	1.33539	7.20784	7.9726	0	9.05677	
7.8487	5.36498	9.81624	11.653	10.5976	13.1215	5.44076	2.58057	8.96586	8.25967	7.72138	6.01376	2.20218	9.05677	0	

0	12.3454	10.7517	11.4377	1.33539	8.63782	9.10859	5.45151	7.99097	11.4725	4.06817	10.6946	7.52216	14.7572	10.6741	
12.3454	0	8.35763	12.3025	8.57586	6.90674	4.65077	4.45974	4.87576	11.5607	5.01148	2.17208	3.13062	8.42208	3.31756	
10.7517	8.35763	0	1.50904	19.6712	6.724	3.87837	8.55188	2.76075	8.80562	7.30549	5.46443	5.86668	4.46128	5.04007	
11.4377	12.3025	1.50904	0	8.52923	5.74023	6.72638	18.9602	4.26979	8.94338	5.79645	15.3061	7.6773	2.95223	6.54911	
1.33539	8.57586	19.6712	8.52923	0	5.7293	11.131	4.11612	9.32635	10.0699	2.73279	8.69063	4.61364	14.682	7.62793	
8.63782	6.90674	6.724	5.74023	5.7293	0	5.08087	7.10099	3.96325	5.58957	2.99652	6.66693	4.41579	8.69246	3.58918	
9.10859	4.65077	3.87837	6.72638	11.131	5.08087	0	6.99604	1.11762	7.16249	3.40101	3.8213	1.52015	3.77414	2.34676	
5.45151	4.45974	8.55188	18.9602	4.11612	7.10099	6.99604	0	7.27819	13.9631	6.84891	4.57451	4.33842	8.61632	3.51181	
7.99097	4.87576	2.76075	4.26979	9.32635	3.96325	1.11762	7.27819	0	6.04487	6.95977	2.70368	2.63777	4.89176	5.21216	
11.4725	11.5607	8.80562	8.94338	10.0699	5.58957	7.16249	13.9631	6.04487	0	7.33708	8.74855	9.21794	5.99115	9.17875	
4.06817	5.01148	7.30549	5.79645	2.73279	2.99652	3.40101	6.84891	6.95977	7.33708	0	5.00871	1.88086	8.67431	2.70747	
10.6946	2.17208	5.46443	15.3061	8.69063	6.66693	3.8213	4.57451	2.70368	8.74855	5.00871	0	3.12785	9.9213	3.95446	
7.52216	3.13062	5.86668	7.6773	4.61364	4.41579	1.52015	4.33842	2.63777	9.21794	1.88086	3.12785	0	5.29429	0.826611	
14.7572	8.42208	4.46128	2.95223	14.682	8.69246	3.77414	8.61632	4.89176	5.99115	8.67431	9.9213	5.29429	0	5.10451	
10.6741	3.31756	5.04007	6.54911	7.62793	3.58918	2.34676	3.51181	5.21216	9.17875	2.70747	3.95446	0.826611	5.10451	0	

0	6.77326	2.65573	7.41431	0.649886	4.98575	6.43031	12.316	7.03856	5.0253	3.55522	4.96612	4.88494	7.73577	6.31689	
6.77326	0	5.62251	12.9778	18.6194	4.14483	4.3689	2.44471	5.50052	2.7338	4.20388	1.80714	2.63872	10.7756	1.96135	
2.65573	5.62251	0	4.75858	3.30561	2.94879	4.39335	5.87451	5.00161	11.0527	6.21094	7.62184	2.22922	5.08004	2.90659	
7.41431	12.9778	4.75858	0	10.6519	5.01301	3.56844	7.45659	7.29619	8.13232	12.4503	6.1302	6.9878	4.28603	7.42685	
0.649886	18.6194	3.30561	10.6519	0	5.63563	7.08341	10.9716	12.6461	11.6473	4.2051	5.616	11.7607	9.72292	14.0993	
4.98575	4.14483	2.94879	5.01301	5.63563	0	1.44456	5.33271	2.05281	6.00844	7.2069	4.00632	2.86085	4.08407	2.18348	
6.43031	4.3689	4.39335	3.56844	7.08341	1.44456	0	3.88815	3.49738	4.56388	6.03397	2.56176	4.67729	2.63951	3.62804	
12.316	2.44471	5.87451	7.45659	10.9716	5.33271	3.88815	0	7.94522	5.1785	10.2008	4.25185	3.6453	6.52765	4.32267	
7.03856	5.50052	5.00161	7.29619	12.6461	2.05281	3.49738	7.94522	0	8.23432	8.00007	6.78914	9.57678	8.20219	4.23629	
5.0253	2.7338	11.0527	8.13232	11.6473	6.00844	4.56388	5.1785	8.23432	0	1.47009	4.54094	6.81006	7.20339	4.69514	
3.55522	4.20388	6.21094	12.4503	4.2051	7.2069	6.03397	10.2008	8.00007	1.47009	0	8.52133	6.55546	9.76222	7.15308	
4.96612	1.80714	7.62184	6.1302	5.616	4.00632	2.56176	4.25185	6.78914	4.54094	8.52133	0	5.8834	5.20126	3.76849	
4.88494	2.63872	2.22922	6.9878	11.7607	2.86085	4.67729	3.6453	9.57678	6.81006	6.55546	5.8834	0	7.30926	0.677372	
7.73577	10.7756	5.08004	4.28603	9.72292	4.08407	2.63951	6.52765	8.20219	7.20339	9.76222	5.20126	7.30926	0	8.7412	
6.31689	1.96135	2.90659	7.42685	14.0993	2.18348	3.62804	4.32267	4.23629	4.69514	7.15308	3.76849	0.677372	8.7412	0	

0	7.07033	2.27806	5.62331	0.858018	3.74135	6.3937	4.26618	3.91379	6.69612	5.70774	11.3747	3.52985	9.1723	1.64979	
7.07033	0	5.22481	13.7396	13.6678	9.39985	9.28237	7.6667	7.68454	9.64288	11.2391	5.90943	4.64052	12.457	5.42054	
2.27806	5.22481	0	8.8227	3.13607	6.01941	14.5814	6.54423	5.40231	4.41806	5.4282	11.1342	9.86533	7.23219	3.92785	
5.62331	13.7396	8.8227	0	7.65067	1.88196	1.61173	11.4352	2.56005	7.72008	4.02848	4.98467	10.1992	1.59051	6.35563	
0.858018	13.6678	3.13607	7.65067	0	4.59937	6.03894	5.1242	7.69733	5.85986	4.84973	9.41188	10.441	9.44031	2.50781	
3.74135	9.39985	6.01941	1.88196	4.59937	0	2.33648	8.00753	0.678091	1.66234	5.8518	6.82248	11.1466	3.47247	2.94209	
6.3937	9.28237	14.5814	1.61173	6.03894	2.33648	0	6.0109	1.65839	2.64264	2.41675	3.37294	5.16471	3.20224	3.92239	
4.26618	7.6667	6.54423	11.4352	5.1242	8.00753	6.0109	0	6.62959	4.60428	3.59414	4.81795	3.02618	8.18472	4.90623	
3.91379	7.68454	5.40231	2.56005	7.69733	0.678091	1.65839	6.62959	0	0.984249	1.99439	5.03133	4.14405	6.10903	2.264	
6.69612	9.64288	4.41806	7.72008	5.85986	1.66234	2.64264	4.60428	0.984249	0	1.01014	12.4584	8.67152	5.60072	3.24825	
5.70774	11.2391	5.4282	4.02848	4.84973	5.8518	2.41675	3.59414	1.99439	1.01014	0	5.78969	6.62032	4.59058	7.16066	
11.3747	5.90943	11.1342	4.98467	9.41188	6.82248	3.37294	4.81795	5.03133	12.4584	5.78969	0	1.79177	16.0388	3.67183	
3.52985	4.64052	9.86533	10.1992	10.441	11.1466	5.16471	3.02618	4.14405	8.67152	6.62032	1.79177	0	22.9186	1.88005	
9.1723	12.457	7.23219	1.59051	9.44031	3.47247	3.20224	8.18472	6.10903	5.60072	4.59058	16.0388	22.9186	0	9.90961	
1.64979	5.42054	3.92785	6.35563	2.50781	2.94209	3.92239	4.90623	2.264	3.24825	7.16066	3.67183	1.88005	9.90961	0	

0	8.03725	8.57806	3.19789	0.566909	4.11989	6.92505	11.3171	2.86577	3.48892	1.38331	3.04053	7.96501	4.91163	7.15227	
8.03725	0	7.81863	10.5184	11.0926	5.21449	3.3803	0.791398	7.09422	4.69783	6.80345	4.99672	1.02703	3.53209	2.97269	
8.57806	7.81863	0	4.26739	6.55779	9.33203	3.50563	4.8646	2.75516	6.81636	4.23762	5.3516	6.79159	8.49911	2.68332	
3.19789	10.5184	4.26739	0	5.52375	4.55117	9.2433	16.4739	3.29704	3.9202	1.81458	5.68489	9.49134	5.34291	6.9507	
0.566909	11.0926	6.55779	5.52375	0	15.2179	4.5531	19.2582	3.80263	8.47732	1.95021	3.60744	8.53192	8.74712	8.55297	
4.11989	5.21449	9.33203	4.55117	15.2179	0	3.11235	8.1795	4.21904	0.516654	2.62227	1.79548	9.89855	6.26491	12.0153	
6.92505	3.3803	3.50563	9.2433	4.5531	3.11235	0	10.2585	0.750471	2.5957	2.23293	3.3469	2.35326	10.957	5.50081	
11.3171	0.791398	4.8646	16.4739	19.2582	8.1795	10.2585	0	6.93163	5.48923	9.76846	5.78811	1.81843	4.32349	2.18129	
2.86577	7.09422	2.75516	3.29704	3.80263	4.21904	0.750471	6.93163	0	3.34617	1.48246	2.59643	3.10374	5.01079	4.75034	
3.48892	4.69783	6.81636	3.9202	8.47732	0.516654	2.5957	5.48923	3.34617	0	2.10562	1.27883	4.94896	5.63395	5.39056	
1.38331	6.80345	4.23762	1.81458	1.95021	2.62227	2.23293	9.76846	1.48246	2.10562	0	3.38444	7.54965	3.52833	6.2328	
3.04053	4.99672	5.3516	5.68489	3.60744	1.79548	3.3469	5.78811	2.59643	1.27883	3.38444	0	5.2166	8.52881	4.11174	
7.96501	1.02703	6.79159	9.49134	8.53192	9.89855	2.35326	1.81843	3.10374	4.94896	7.54965	5.2166	0	4.55913	7.42926	
4.91163	3.53209	8.49911	5.34291	8.74712	6.26491	10.957	4.32349	5.01079	5.63395	3.52833	8.52881	4.55913	0	10.487	
7.15227	2.97269	2.68332	6.9507	8.55297	12.0153	5.50081	2.18129	4.75034	5.39056	6.2328	4.11174	7.42926	10.487	0	

0	10.3983	16.3066	7.03974	1.5316	11.1621	5.96172	9.37752	4.56666	5.81118	3.83393	4.89225	9.55611	10.6736	6.28372	
10.3983	0	9.43634	10.8311	5.51729	3.53572	6.91779	6.21153	2.48223	2.88786	3.83441	6.65456	9.769	9.41085	9.34026	
16.3066	9.43634	0	7.84434	10.4977	2.24267	5.34285	3.22481	3.29616	5.89431	8.37995	11.5142	7.16033	4.83764	5.95949	
7.03974	10.8311	7.84434	0	5.50813	5.72661	7.04532	4.61952	8.54319	9.65463	7.81046	18.2555	9.46383	3.13164	12.7	
1.5316	5.51729	10.4977	5.50813	0	4.08854	4.43012	7.45746	3.03506	3.89112	2.30232	6.42385	10.3218	8.63978	4.36366	
11.1621	3.53572	2.24267	5.72661	4.08854	0	3.10017	5.46748	1.05348	3.02155	2.40566	7.41835	4.91766	2.59497	3.71682	
5.96172	6.91779	5.34285	7.04532	4.43012	3.10017	0	9.2924	4.15366	6.40361	5.78773	11.5058	7.32684	5.69514	5.65469	
9.37752	6.21153	3.22481	4.61952	7.45746	5.46748	9.2924	0	6.50732	6.74393	5.15514	9.50816	4.8443	7.75117	6.51645	
4.56666	2.48223	3.29616	8.54319	3.03506	1.05348	4.15366	6.50732	0	1.96806	1.35218	5.73477	5.97114	3.64845	3.41351	
5.81118	2.88786	5.89431	9.65463	3.89112	3.02155	6.40361	6.74393	1.96806	0	1.58879	3.76671	8.43057	6.24661	3.65012	
3.83393	3.83441	8.37995	7.81046	2.30232	2.40566	5.78773	5.15514	1.35218	1.58879	0	5.3555	3.73348	6.45119	2.06133	
4.89225	6.65456	11.5142	18.2555	6.42385	7.41835	11.5058	9.50816	5.73477	3.76671	5.3555	0	4.66386	10.2897	6.33601	
9.55611	9.769	7.16033	9.46383	10.3218	4.91766	7.32684	4.8443	5.97114	8.43057	3.73348	4.66386	0	7.51262	1.67215	
10.6736	9.41085	4.83764	3.13164	8.63978	2.59497	5.69514	7.75117	3.64845	6.24661	6.45119	10.2897	7.51262	0	6.31178	
6.28372	9.34026	5.95949	12.7	4.36366	3.71682	5.65469	6.51645	3.41351	3.65012	2.06133	6.33601	1.67215	6.31178	0	

0	3.06152	4.63747	10.2033	0.066071	1.07735	5.3061	8.93262	1.6205	4.15676	0.891759	9.40912	8.56581	4.82074	13.4808	
3.06152	0	9.49457	7.2324	8.27509	6.37457	2.08893	0.329896	2.8985	11.8439	2.16976	5.40966	1.90645	8.80032	1.90661	
4.63747	9.49457	0	16.086	4.5714	7.07717	16.1395	9.95622	8.05355	7.08038	7.32481	9.76258	11.5328	3.70892	15.413	
10.2033	7.2324	16.086	0	12.2399	9.42912	5.14347	7.54467	3.93112	14.0509	4.65986	7.06802	10.8131	11.7686	11.1397	
0.066071	8.27509	4.5714	12.2399	0	1.14342	5.37217	11.5044	6.33829	4.22283	0.95783	12.9501	10.19	6.24917	16.9612	
1.07735	6.37457	7.07717	9.42912	1.14342	0	4.28564	9.05473	5.28576	5.23411	1.96911	8.92354	7.68424	3.74339	11.6741	
5.3061	2.08893	16.1395	5.14347	5.37217	4.28564	0	2.41882	3.98455	9.46286	4.25869	7.12145	5.90023	8.02903	3.99554	
8.93262	0.329896	9.95622	7.54467	11.5044	9.05473	2.41882	0	3.61355	12.9616	2.49965	4.57984	1.57656	11.451	2.2365	
1.6205	2.8985	8.05355	3.93112	6.33829	5.28576	3.98455	3.61355	0	10.1198	0.728737	3.1369	5.19011	7.3593	7.20857	
4.15676	11.8439	7.08038	14.0509	4.22283	5.23411	9.46286	12.9616	10.1198	0	5.04852	13.2567	13.5053	9.72576	17.3284	
0.891759	2.16976	7.32481	4.65986	0.95783	1.96911	4.25869	2.49965	0.728737	5.04852	0	3.86564	6.30453	6.63056	4.07637	
9.40912	5.40966	9.76258	7.06802	12.9501	8.92354	7.12145	4.57984	3.1369	13.2567	3.86564	0	3.00329	10.9744	7.31627	
8.56581	1.90645	11.5328	10.8131	10.19	7.68424	5.90023	1.57656	5.19011	13.5053	6.30453	3.00329	0	10.5304	6.04138	
4.82074	8.80032	3.70892	11.7686	6.24917	3.74339	8.02903	11.451	7.3593	9.72576	6.63056	10.9744	10.5304	0	15.0461	
13.4808	1.90661	15.413	11.1397	16.9612	11.6741	3.99554	2.2365	7.20857	17.3284	4.07637	7.31627	6.04138	15.0461	0	

0	10.7419	6.04257	4.50221	0.107434	4.55898	10.1603	7.01787	1.71335	3.07667	1.71876	2.41134	6.20918	8.14977	6.10599	
10.7419	0	12.4346	8.91721	7.53918	4.43065	3.87324	0.628743	7.29998	6.69605	8.05395	10.16	4.39734	9.91802	2.90735	
6.04257	12.4346	0	5.64224	8.55882	7.16402	12.6414	15.8859	4.71695	5.6817	4.3238	8.85628	10.3595	4.64143	9.10959	
4.50221	8.91721	5.64224	0	4.39477	4.99656	14.8552	9.54596	5.84412	5.63142	4.27352	7.85465	11.4867	1.00081	10.2368	
0.107434	7.53918	8.55882	4.39477	0	10.3733	10.1549	6.91043	1.82079	8.45123	1.8262	2.51877	6.93251	5.39558	10.7125	
4.55898	4.43065	7.16402	4.99656	10.3733	0	7.0464	3.8019	6.721	2.03761	2.84021	5.93984	2.142	3.99575	3.63199	
10.1603	3.87324	12.6414	14.8552	10.1549	7.0464	0	3.2445	6.27297	7.1213	8.47921	9.133	3.37033	17.2449	1.88034	
7.01787	0.628743	15.8859	9.54596	6.91043	3.8019	3.2445	0	10.5229	5.83951	6.64212	8.83273	5.03489	7.79765	3.53609	
1.71335	7.29998	4.71695	5.84412	1.82079	6.721	6.27297	10.5229	0	6.80638	3.43212	4.12469	5.64256	6.84493	4.39263	
3.07667	6.69605	5.6817	5.63142	8.45123	2.03761	7.1213	5.83951	6.80638	0	1.3579	8.63599	4.17961	6.03336	9.00164	
1.71876	8.05395	4.3238	4.27352	1.8262	2.84021	8.47921	6.64212	3.43212	1.3579	0	4.1301	4.98221	5.27433	11.0944	
2.41134	10.16	8.85628	7.85465	2.51877	5.93984	9.133	8.83273	4.12469	8.63599	4.1301	0	3.79784	11.9	5.28784	
6.20918	4.39734	10.3595	11.4867	6.93251	2.142	3.37033	5.03489	5.64256	4.17961	4.98221	3.79784	0	6.13774	1.48999	
8.14977	9.91802	4.64143	1.00081	5.39558	3.99575	17.2449	7.79765	6.84493	6.03336	5.27433	11.9	6.13774	0	12.2789	
6.10599	2.90735	9.10959	10.2368	10.7125	3.63199	1.88034	3.53609	4.39263	9.00164	11.0944	5.28784	1.48999	12.2789	0	

0	7.80891	5.36992	11.1984	0.975704	3.72859	5.79586	7.7944	7.14735	1.81903	5.04441	4.93661	10.2897	8.99399	10.706	
7.80891	0	6.16474	7.56299	7.52619	9.11926	2.01305	0.402286	3.36455	9.45292	4.70207	2.46362	2.89756	11.2536	6.50618	
5.36992	6.16474	0	7.96015	6.34563	6.05831	6.33311	6.56702	4.98162	7.18896	9.70889	8.47923	9.38417	8.44016	7.40783	
11.1984	7.56299	7.96015	0	12.4384	4.31975	12.5983	7.1607	11.2468	9.36042	7.80925	9.22203	9.65598	2.18546	13.2646	
0.975704	7.52619	6.34563	12.4384	0	2.75289	6.77156	6.02224	3.82958	2.79474	6.2845	3.9609	9.61919	4.88718	10.8608	
3.72859	9.11926	6.05831	4.31975	2.75289	0	2.42819	9.52154	1.07669	3.2052	5.33263	4.5743	12.3387	2.13429	3.5029	
5.79586	2.01305	6.33311	12.5983	6.77156	2.42819	0	2.41534	1.35149	7.43986	6.07876	4.8491	5.23249	14.6148	3.7777	
7.7944	0.402286	6.56702	7.1607	6.02224	9.52154	2.41534	0	5.55894	7.52517	4.29979	2.06133	2.49528	9.34616	6.10389	
7.14735	3.36455	4.98162	11.2468	3.82958	1.07669	1.35149	5.55894	0	4.28189	4.72727	3.49761	7.06608	3.21099	2.42621	
1.81903	9.45292	7.18896	9.36042	2.79474	3.2052	7.43986	7.52517	4.28189	0	3.22538	7.02002	11.8073	5.33949	11.3132	
5.04441	4.70207	9.70889	7.80925	6.2845	5.33263	6.07876	4.29979	4.72727	3.22538	0	6.36112	6.79506	7.46692	7.15348	
4.93661	2.46362	8.47923	9.22203	3.9609	4.5743	4.8491	2.06133	3.49761	7.02002	6.36112	0	4.55661	15.0312	5.92382	
10.2897	2.89756	9.38417	9.65598	9.61919	12.3387	5.23249	2.49528	7.06608	11.8073	6.79506	4.55661	0	15.6017	4.63987	
8.99399	11.2536	8.44016	2.18546	4.88718	2.13429	14.6148	9.34616	3.21099	5.33949	7.46692	15.0312	15.6017	0	10.2423	
10.706	6.50618	7.40783	13.2646	10.8608	3.5029	3.7777	6.10389	2.42621	11.3132	7.15348	5.92382	4.63987	10.2423	0	

-111