50
5
3
12
50

42	6
2	39
5	45
14	8
43	3

28	23
33	5
45	13
14	3
50	32
17	45
1	22
39	36
8	8
17	9
21	18
22	16
17	39
42	6
21	5
38	2
39	17
21	38
31	6
40	33
26	26
40	48
33	42
14	50
11	10
24	5
7	44
49	42
8	31
40	24
35	44
7	30
16	48
40	10
10	3
7	31
33	29
25	34
49	9
5	48
23	3
3	49
15	18
38	50
42	31
12	23
47	22
24	24
14	17
44	20

70

1.79769e+308
1.79769e+308
1.79769e+308
1.79769e+308
1.79769e+308

19
17
19
18
14
19
20
13
11
16
17
16
11
14
13
12
16
12
13
20
16
16
16
13
20
16
11
16
12
14
13
17
19
11
11
19
11
15
14
14
18
12
16
17
11
18
14
16
15
15

0
0
0
0
0

0

0	7.76728	8.87736	5.83041	3.25823	4.54204	1.78557	2.00826	8.75314	5.94647	7.15935	5.64727	4.27954	4.99248	2.94075	5.92487	5.6068	9.58164	0	5.01224	2.02028	4.46719	6.35433	5.3023	10.4568	6.00376	8.30525	7.02704	2.53258	6.45664	5.70206	5.83352	6.86558	8.26869	4.84701	5.95277	7.02831	4.10336	1.62469	8.35903	5.82762	4.79156	4.46205	2.9065	4.4992	5.19619	7.3783	6.82236	7.11305	8.47809	10.3931	4.02229	7.17736	6.6631	4.1704	
7.76728	0	1.6866	9.78496	9.1923	4.88206	12.0125	6.72947	4.03648	5.07541	7.085	3.09046	3.81856	4.81671	4.94586	6.46404	4.68801	4.04964	7.6388	7.98847	6.7336	3.38282	5.85081	5.38509	5.78476	4.17018	10.5606	7.01519	5.23469	5.23256	2.10222	6.25775	8.74906	1.80104	2.79179	7.67935	0.775973	6.68131	10.9384	9.30773	0.987189	4.41179	7.16416	8.4342	4.02688	8.6574	2.84563	5.27352	8.57259	6.66614	6.96196	8.09261	3.9082	4.60699	12.0836	
8.87736	1.6866	0	11.1618	7.68505	5.5628	13.0525	6.8691	4.17113	5.21006	10.3581	6.01395	6.7863	7.74019	3.81192	6.98988	4.82267	4.25397	8.81303	9.07135	4.82478	3.51748	8.77429	7.21625	9.05821	4.7948	6.62495	6.83735	6.89341	10.2207	2.23688	1.50565	7.74971	1.9357	5.64146	8.43469	0.910629	9.61948	12.6312	10.0173	1.12184	4.02147	6.36544	11.3147	4.24709	10.0228	2.66779	5.50402	8.91106	8.1473	7.09662	10.553	6.59909	4.42915	9.03124	
5.83041	9.78496	11.1618	0	4.48524	3.41758	3.34395	4.65	1.12099	6.4201	6.70573	5.77269	6.58157	2.49344	0.695142	2.1482	2.71353	2.30298	3.63589	2.83621	6.26596	5.56602	5.84394	3.47805	7.42736	3.11316	10.7679	6.63885	10.7316	1.12006	3.92524	3.00141	8.60237	4.49092	3.89951	4.12726	4.3815	6.54249	8.24945	2.45296	4.54596	3.88649	4.24128	2.92391	7.33123	3.02016	3.20353	2.00209	9.04613	6.83373	3.09259	4.66809	1.73281	1.44217	7.24555	
3.25823	9.1923	7.68505	4.48524	0	4.56833	0.845906	1.54561	7.55987	4.55433	7.17832	5.18461	3.81688	4.09435	3.13862	3.30598	2.42262	4.74638	2.63148	3.6418	2.54069	6.005	4.1803	3.47594	6.10658	2.05493	10.3723	8.44498	7.36568	5.99398	4.89341	5.52543	7.21899	2.82728	9.23656	3.51541	6.42507	8.14339	2.27406	6.50034	5.63211	2.82826	3.18305	3.71106	8.11838	5.43416	4.80444	1.83168	9.51872	5.7755	4.54245	4.67122	2.31691	3.04308	3.70775	
4.54204	4.88206	5.5628	3.41758	4.56833	0	5.37124	5.81691	8.85239	1.75932	4.22901	3.29597	3.46808	7.90016	2.01153	3.5297	2.21837	3.03362	4.04792	4.45284	2.02764	2.13276	5.86758	1.00134	4.11352	1.23584	4.14481	5.7296	6.81173	3.89104	1.9441	5.0287	4.69937	2.44746	3.16132	3.78186	4.98754	3.74697	5.67132	4.48025	6.45773	1.54133	4.00867	5.97781	8.2065	4.68874	6.87855	2.80931	3.30549	1.39904	3.72306	6.89513	0.973863	3.56898	4.84362	
1.78557	12.0125	13.0525	3.34395	0.845906	5.37124	0	2.39152	8.55661	3.70843	8.94492	6.04478	10.517	4.31854	2.6488	3.51255	6.85256	8.97568	1.78557	5.20943	3.38659	5.19361	7.475	4.79656	8.51562	2.90084	8.03596	9.75923	4.7617	4.09345	5.41101	4.95507	5.78571	8.39881	5.85318	5.75623	6.73726	8.82545	1.42815	4.40662	7.35864	6.30007	6.46227	4.55696	8.21133	5.39338	12.5626	2.67758	6.20072	4.0687	6.46117	3.82531	3.68647	3.88898	5.40026	
2.00826	6.72947	6.8691	4.65	1.54561	5.81691	2.39152	0	10.3565	7.3051	5.62342	3.639	2.27127	5.36525	3.95486	7.03233	3.59853	4.55506	2.00826	3.40532	4.0863	3.84167	6.39935	5.49626	3.42077	3.60054	8.82672	5.67007	4.54085	4.44838	4.49435	6.26113	8.7646	6.74857	3.29804	7.45558	7.51057	11.4266	3.63295	5.71267	5.56311	5.03611	6.95321	4.8858	7.80726	3.58927	8.08766	3.37729	4.20112	5.60673	6.74637	6.62998	4.7655	4.58868	2.16214	
8.75314	4.03648	4.17113	1.12099	7.55987	8.85239	8.55661	10.3565	0	7.55994	5.41715	7.81549	6.44669	5.56807	1.81613	5.22282	3.83452	5.73143	11.1799	3.9572	9.1934	5.08101	7.37057	4.59905	5.63266	4.23415	8.63328	7.75984	8.31021	2.24105	4.58676	10.2357	11.0393	4.28557	8.93106	11.4565	3.26051	6.99673	7.12846	4.58568	3.47172	7.31106	12.7933	4.0449	6.71193	7.31686	6.27815	4.61631	12.2704	4.29562	1.9716	9.4915	8.94896	2.56316	11.0381	
5.94647	5.07541	5.21006	6.4201	4.55433	1.75932	3.70843	7.3051	7.55994	0	4.21379	12.3409	4.17314	6.8614	6.35723	5.56006	3.70657	7.64277	5.45235	5.94103	3.43207	5.11364	7.272	6.21997	6.31864	3.36498	3.93445	8.78537	6.37571	6.81164	5.62568	6.75119	2.07729	5.3245	4.21164	2.96867	4.29943	3.92379	5.13658	10.1521	4.51065	2.59165	7.19117	9.16031	8.34232	7.14193	5.83978	4.29751	2.4923	0.360278	2.68429	5.85637	6.32503	5.05717	3.80486	
7.15935	7.085	10.3581	6.70573	7.17832	4.22901	8.94492	5.62342	5.41715	4.21379	0	5.5223	5.31915	5.81165	7.25791	8.24211	6.67922	3.03536	7.15935	3.42781	6.01558	4.67544	4.82278	3.22767	5.01351	4.64868	7.83858	6.93399	2.61438	4.21828	4.17043	9.47433	2.89011	4.57861	8.2973	4.26497	4.43169	1.0436	10.427	8.17485	4.22048	6.29705	4.10691	7.8581	3.45078	3.24386	5.03007	6.15632	3.49558	3.85351	3.44555	9.3496	3.81671	6.14392	3.46128	
5.64727	3.09046	6.01395	5.77269	5.18461	3.29597	6.04478	3.639	7.81549	12.3409	5.5223	0	3.76549	1.72624	7.38964	8.61519	7.13247	5.50725	9.81091	4.89801	5.08254	6.31476	2.76034	2.29463	4.91498	3.71564	12.4657	4.87535	8.32516	3.12615	3.23739	5.31716	15.1075	3.10956	4.79226	9.26601	3.86644	9.99301	5.09404	3.78633	3.4677	6.53032	5.59415	8.5248	7.11734	4.29404	5.93609	4.10516	5.69533	7.57835	5.92951	6.58404	6.25971	2.77752	5.80115	
4.27954	3.81856	6.7863	6.58157	3.81688	3.46808	10.517	2.27127	6.44669	4.17314	5.31915	3.76549	0	5.49173	3.53189	5.05006	5.86981	2.28379	5.87377	5.6766	9.80147	3.65312	5.5138	6.06012	1.14949	2.7562	3.372	3.3988	5.66438	3.4667	8.11238	7.90798	6.49308	3.64997	1.02677	2.40621	3.50305	4.38182	8.03334	5.81876	3.29184	2.64676	6.52199	7.15707	7.631	6.89237	6.90076	7.18425	1.92984	3.81286	4.47509	6.32758	2.49422	5.1394	2.70173	
4.99248	4.81671	7.74019	2.49344	4.09435	7.90016	4.31854	5.36525	5.56807	6.8614	5.81165	1.72624	5.49173	0	2.60031	1.7573	2.40188	2.58283	6.10411	2.75174	7.9536	2.55542	4.48659	4.02087	5.94298	4.97789	6.6582	7.13827	6.33514	1.39991	4.06633	6.88737	8.60869	3.39824	6.74731	4.40711	3.25132	6.15159	3.36779	2.06008	3.0401	8.56917	5.9928	6.60198	8.28525	2.56779	2.81263	4.40504	9.76932	6.50112	4.20326	4.8578	4.31708	1.05127	7.49521	
2.94075	4.94586	3.81192	0.695142	3.13862	2.01153	2.6488	3.95486	1.81613	6.35723	7.25791	7.38964	3.53189	2.60031	0	2.25506	1.89788	2.62756	2.94075	3.11706	4.75008	2.19656	3.65557	3.72378	4.17733	1.29965	10.4022	5.7934	5.74293	1.44464	5.24383	2.30627	8.01625	2.30254	3.20437	2.99068	5.90034	3.81077	4.07696	1.75782	4.65283	4.26377	3.81346	3.61905	8.32983	4.03345	3.3104	1.30694	6.02792	4.12148	3.81236	5.95009	1.03766	1.54904	6.117	
5.92487	6.46404	6.98988	2.1482	3.30598	3.5297	3.51255	7.03233	5.22282	5.56006	8.24211	8.61519	5.05006	1.7573	2.25506	0	2.05663	3.95979	5.29812	3.28442	6.16375	3.71474	3.82293	5.13745	5.6955	2.81782	5.57189	7.31157	10.6042	2.77687	7.79739	6.54213	6.69665	2.4699	4.5884	3.15804	6.0677	5.32895	4.9407	4.38379	3.80982	2.96841	4.05388	3.51558	7.9229	6.71158	2.46739	1.47431	7.44159	5.53514	4.18508	5.25976	2.55584	0.706029	5.56798	
5.6068	4.68801	4.82267	2.71353	2.42262	2.21837	6.85256	3.59853	3.83452	3.70657	6.67922	7.13247	5.86981	2.40188	1.89788	2.05663	0	7.25538	8.0137	2.23446	4.24602	6.51889	2.93956	3.21971	8.34854	4.4049	8.03411	7.20424	9.71715	3.83359	3.32349	4.32939	5.78386	1.58654	5.45923	2.27467	3.91204	6.45092	7.88969	5.73837	4.12326	3.7597	3.17051	5.63744	9.2689	2.41841	3.11196	0.590938	5.52386	3.61741	3.30171	10.6779	3.19223	1.3506	5.76068	
9.58164	4.04964	4.25397	2.30298	4.74638	3.03362	8.97568	4.55506	5.73143	7.64277	3.03536	5.50725	2.28379	2.58283	2.62756	3.95979	7.25538	0	9.55277	7.67503	7.94425	3.21866	6.01363	3.8438	2.67347	2.32174	5.77641	3.89863	7.4688	1.18292	4.66959	4.60528	6.35018	2.39768	3.31055	3.62972	3.34334	4.07897	7.9578	7.39438	2.75581	3.46478	3.81956	5.78871	6.48614	6.27922	5.74876	3.39328	4.10609	6.08385	3.75983	9.08908	2.05976	6.16916	4.22571	
0	7.6388	8.81303	3.63589	2.63148	4.04792	1.78557	2.00826	11.1799	5.45235	7.15935	9.81091	5.87377	6.10411	2.94075	5.29812	8.0137	9.55277	0	5.01224	2.02028	4.46719	5.86021	4.80818	7.78919	5.5649	7.39504	7.47058	2.53258	4.38539	5.39536	5.24702	7.50354	7.67238	4.84701	7.64924	7.07403	4.54691	1.62469	4.69856	6.27116	4.79156	4.9056	2.9065	4.94274	6.9742	8.42446	4.24769	7.5566	9.2908	6.75311	5.61088	3.97841	4.48978	6.14671	
5.01224	7.98847	9.07135	2.83621	3.6418	4.45284	5.20943	3.40532	3.9572	5.94103	3.42781	4.89801	5.6766	2.75174	3.11706	3.28442	2.23446	7.67503	5.01224	0	4.46411	4.04148	4.15874	2.03179	6.0985	4.676	6.55269	5.80261	5.47735	3.95627	1.08903	6.46107	8.1651	2.80571	6.04956	3.49385	2.41528	6.61119	6.63693	3.54615	5.63548	6.18533	3.54788	5.76012	7.4347	0.18395	6.14268	1.81012	5.92101	7.99085	4.52089	8.97427	5.19247	3.58507	4.54627	
2.02028	6.7336	4.82478	6.26596	2.54069	2.02764	3.38659	4.0863	9.1934	3.43207	6.01558	5.08254	9.80147	7.9536	4.75008	6.16375	4.24602	7.94425	2.02028	4.46411	0	6.48747	3.83994	2.78791	10.4886	4.20892	7.7596	5.95494	4.99641	9.67324	3.37508	3.31912	5.50935	4.23402	6.86729	10.1636	4.70133	9.67172	4.13908	6.72007	6.16884	3.56897	6.60841	5.4209	8.3134	4.87362	6.73125	4.37237	5.33313	3.42668	8.18069	7.46038	3.00151	5.58376	7.09504	
4.46719	3.38282	3.51748	5.56602	6.005	2.13276	5.19361	3.84167	5.08101	5.11364	4.67544	6.31476	3.65312	2.55542	2.19656	3.71474	6.51889	3.21866	4.46719	4.04148	6.48747	0	3.8474	4.65131	3.23176	1.42088	6.39808	5.91463	5.20262	4.07607	3.9331	5.41279	3.03635	3.20519	4.70954	5.75681	2.60685	3.63184	6.62177	0.495332	2.81806	3.7946	6.68857	7.40404	6.34395	8.24281	6.55627	4.20079	6.08382	5.12411	6.98307	6.52044	1.1589	4.59449	1.67952	
6.35433	5.85081	8.77429	5.84394	4.1803	5.86758	7.475	6.39935	7.37057	7.272	4.82278	2.76034	5.5138	4.48659	3.65557	3.82293	2.93956	6.01363	5.86021	4.15874	3.83994	3.8474	0	5.05497	9.53444	3.96193	7.15024	2.11501	4.76328	7.16826	6.82859	7.15906	9.15655	3.34422	8.32903	2.85135	5.77534	5.86638	10.2257	3.35207	5.56412	8.60574	2.83381	9.17349	8.27355	6.25881	6.28456	2.34862	5.70809	8.46345	5.0594	8.26019	6.87074	5.70239	7.84286	
5.3023	5.38509	7.21625	3.47805	3.47594	1.00134	4.79656	5.49626	4.59905	6.21997	3.22767	2.29463	6.06012	4.02087	3.72378	5.13745	3.21971	3.8438	4.80818	2.03179	2.78791	4.65131	5.05497	0	7.82982	1.42101	7.01023	5.65634	7.18222	4.59812	0.94276	3.65371	11.1696	1.44612	7.06414	6.04444	2.26901	4.27128	6.67267	8.61044	1.80425	2.19435	2.54913	4.51827	6.67845	2.4413	4.79719	2.44171	4.30683	2.40038	5.39278	7.20647	1.68299	4.92022	6.68895	
10.4568	5.78476	9.05821	7.42736	6.10658	4.11352	8.51562	3.42077	5.63266	6.31864	5.01351	4.91498	1.14949	5.94298	4.17733	5.6955	8.34854	2.67347	7.78919	6.0985	10.4886	3.23176	9.53444	7.82982	0	3.40164	5.2685	4.54829	6.81388	3.85639	10.3183	7.81177	6.35835	5.07116	2.17626	4.30272	5.92885	5.91277	9.31077	3.81734	4.44133	3.91433	6.56128	9.6384	8.40139	8.11551	10.8557	6.37183	3.07934	4.96235	3.66106	8.29378	3.13966	6.2889	1.55223	
6.00376	4.17018	4.7948	3.11316	2.05493	1.23584	2.90084	3.60054	4.23415	3.36498	4.64868	3.71564	2.7562	4.97789	1.29965	2.81782	4.4049	2.32174	5.5649	4.676	4.20892	1.42088	3.96193	1.42101	3.40164	0	3.37681	5.01772	3.05759	3.17916	2.36377	3.4705	4.50158	2.86713	2.39333	5.49769	3.7884	3.03509	7.65561	8.31438	3.57718	0.773335	1.12812	3.09726	7.50458	4.55312	5.68798	3.70769	5.73263	3.72057	6.04459	4.84144	0.261982	3.92662	6.13717	
8.30525	10.5606	6.62495	10.7679	10.3723	4.14481	8.03596	8.82672	8.63328	3.93445	7.83858	12.4657	3.372	6.6582	10.4022	5.57189	8.03411	5.77641	7.39504	6.55269	7.7596	6.39808	7.15024	7.01023	5.2685	3.37681	0	2.88304	5.77266	5.1539	7.86728	11.1604	4.86716	3.97623	4.22347	1.91853	3.82932	3.89413	6.47477	15.1775	3.6181	2.60348	7.70213	13.7125	7.73928	6.36874	9.7949	3.83043	1.44215	4.68781	12.4062	8.20503	6.47382	6.7219	8.09923	
7.02704	7.01519	6.83735	6.63885	8.44498	5.7296	9.75923	5.67007	7.75984	8.78537	6.93399	4.87535	3.3988	7.13827	5.7934	7.31157	7.20424	3.89863	7.47058	5.80261	5.95494	5.91463	2.11501	5.65634	4.54829	5.01772	2.88304	0	4.49445	3.74355	4.71358	7.58168	3.45681	4.4563	4.42556	0.736345	4.30938	3.95771	5.06443	5.46708	4.09817	6.16363	4.94882	9.56276	5.74885	6.21212	4.16956	2.42008	1.21272	7.21165	7.65846	7.80315	4.75573	5.93092	11.9326	
2.53258	5.23469	6.89341	10.7316	7.36568	6.81173	4.7617	4.54085	8.31021	6.37571	2.61438	8.32516	5.66438	6.33514	5.74293	10.6042	9.71715	7.4688	2.53258	5.47735	4.99641	5.20262	4.76328	7.18222	6.81388	3.05759	5.77266	4.49445	0	8.85195	8.23464	5.38776	3.41728	3.65317	6.69115	4.79214	3.50625	1.57078	4.15727	12.7241	3.29503	7.76769	1.92947	5.43909	1.96661	5.35447	3.54591	4.50904	4.02275	6.73599	6.5959	7.35585	4.34389	6.39883	6.93852	
6.45664	5.23256	10.2207	1.12006	5.99398	3.89104	4.09345	4.44838	2.24105	6.81164	4.21828	3.12615	3.4667	1.39991	1.44464	2.77687	3.83359	1.18292	4.38539	3.95627	9.67324	4.07607	7.16826	4.59812	3.85639	3.17916	5.1539	3.74355	8.85195	0	7.30421	3.75091	5.72766	3.5806	4.64902	3.0072	4.52626	5.69028	4.7677	3.20246	4.44001	5.74528	5.25811	4.04397	6.88534	3.9677	7.80165	2.75159	3.48357	7.17192	4.94275	6.25771	2.48231	2.45118	6.61052	
5.70206	2.10222	2.23688	3.92524	4.89341	1.9441	5.41101	4.49435	4.58676	5.62568	4.17043	3.23739	8.11238	4.06633	5.24383	7.79739	3.32349	4.66959	5.39536	1.08903	3.37508	3.9331	6.82859	0.94276	10.3183	2.36377	7.86728	4.71358	8.23464	7.30421	0	6.6942	9.62989	2.35132	7.36414	5.44993	1.32625	10.6281	6.83916	4.63518	1.53747	5.20261	4.63691	8.60856	8.74928	1.27298	8.88314	2.89914	6.51083	5.06032	6.33554	8.14923	4.63515	4.69666	5.63529	
5.83352	6.25775	1.50565	3.00141	5.52543	5.0287	4.95507	6.26113	10.2357	6.75119	9.47433	5.31716	7.90798	6.88737	2.30627	6.54213	4.32939	4.60528	5.24702	6.46107	3.31912	5.41279	7.15906	3.65371	7.81177	3.4705	11.1604	7.58168	5.38776	3.75091	6.6942	0	13.3984	2.20759	5.51064	9.94034	2.41628	6.95854	12.7621	4.06408	2.56573	4.24384	4.59862	6.56776	4.99142	6.33972	3.41212	3.20319	9.96823	7.19107	6.11863	8.25636	3.34393	3.8553	9.36401	
6.86558	8.74906	7.74971	8.60237	7.21899	4.69937	5.78571	8.7646	11.0393	2.07729	2.89011	15.1075	6.49308	8.60869	8.01625	6.69665	5.78386	6.35018	7.50354	8.1651	5.50935	3.03635	9.15655	11.1696	6.35835	4.50158	4.86716	3.45681	3.41728	5.72766	9.62989	13.3984	0	6.24154	5.34824	2.72046	5.6432	1.84651	5.2409	3.53168	8.96144	3.72824	4.90981	6.4509	4.55861	9.72962	8.77983	4.4042	3.19683	2.43756	5.62434	4.70671	4.19525	6.94682	4.71587	
8.26869	1.80104	1.9357	4.49092	2.82728	2.44746	8.39881	6.74857	4.28557	5.3245	4.57861	3.10956	3.64997	3.39824	2.30254	2.4699	1.58654	2.39768	7.67238	2.80571	4.23402	3.20519	3.34422	1.44612	5.07116	2.86713	3.97623	4.4563	3.65317	3.5806	2.35132	2.20759	6.24154	0	6.84047	2.67933	0.569348	6.83703	9.9534	3.70052	0.358133	5.22048	3.57517	12.1315	4.93037	5.13351	3.35107	0.995597	7.01419	6.76238	3.70637	8.65259	4.36409	3.46193	4.88472	
4.84701	2.79179	5.64146	3.89951	9.23656	3.16132	5.85318	3.29804	8.93106	4.21164	8.2973	4.79226	1.02677	6.74731	3.20437	4.5884	5.45923	3.31055	4.84701	6.04956	6.86729	4.70954	8.32903	7.06414	2.17626	2.39333	4.22347	4.42556	6.69115	4.64902	7.36414	5.51064	5.34824	6.84047	0	6.52729	3.56777	8.34138	7.69842	4.96219	4.31861	1.61999	5.49522	7.045	6.81867	5.86561	5.63742	4.51132	2.95661	4.44379	5.50186	5.30081	3.52099	4.75341	4.5452	
5.95277	7.67935	8.43469	4.12726	3.51541	3.78186	5.75623	7.45558	11.4565	2.96867	4.26497	9.26601	2.40621	4.40711	2.99068	3.15804	2.27467	3.62972	7.64924	3.49385	10.1636	5.75681	2.85135	6.04444	4.30272	5.49769	1.91853	0.736345	4.79214	3.0072	5.44993	9.94034	2.72046	2.67933	6.52729	0	6.27713	2.92835	4.32808	8.99079	4.83451	4.75017	4.2633	8.81099	5.93347	5.62859	4.9059	1.68373	0.476372	6.02079	4.39451	6.72569	5.49208	5.0375	6.82854	
7.02831	0.775973	0.910629	4.3815	6.42507	4.98754	6.73726	7.51057	3.26051	4.29943	4.43169	3.86644	3.50305	3.25132	5.90034	6.0677	3.91204	3.34334	7.07403	2.41528	4.70133	2.60685	5.77534	2.26901	5.92885	3.7884	3.82932	4.30938	3.50625	4.52626	1.32625	2.41628	5.6432	0.569348	3.56777	6.27713	0	6.23869	8.24686	3.10218	0.211216	4.9321	5.77681	11.0078	4.80285	2.82479	3.57842	2.02067	6.79173	4.65971	5.23211	9.12729	3.76575	3.31501	4.28637	
4.10336	6.68131	9.61948	6.54249	8.14339	3.74697	8.82545	11.4266	6.99673	3.92379	1.0436	9.99301	4.38182	6.15159	3.81077	5.32895	6.45092	4.07897	4.54691	6.61119	9.67172	3.63184	5.86638	4.27128	5.91277	3.03509	3.89413	3.95771	1.57078	5.69028	10.6281	6.95854	1.84651	6.83703	8.34138	2.92835	6.23869	0	7.0874	4.12717	4.86581	5.57475	3.06331	7.11943	2.71211	4.28746	4.2914	4.90509	2.45198	4.89712	4.48915	6.55322	2.77311	5.10032	4.50489	
1.62469	10.9384	12.6312	8.24945	2.27406	5.67132	1.42815	3.63295	7.12846	5.13658	10.427	5.09404	8.03334	3.36779	4.07696	4.9407	7.88969	7.9578	1.62469	6.63693	4.13908	6.62177	10.2257	6.67267	9.31077	7.65561	6.47477	5.06443	4.15727	4.7677	6.83916	12.7621	5.2409	9.9534	7.69842	4.32808	8.24686	7.0874	0	5.42787	6.40789	7.21265	7.82399	4.14179	7.42369	5.93559	11.1349	6.01181	4.80445	6.85341	7.57106	2.39761	6.64519	4.41906	7.92421	
8.35903	9.30773	10.0173	2.45296	6.50034	4.48025	4.40662	5.71267	4.58568	10.1521	8.17485	3.78633	5.81876	2.06008	1.75782	4.38379	5.73837	7.39438	4.69856	3.54615	6.72007	0.495332	3.35207	8.61044	3.81734	8.31438	15.1775	5.46708	12.7241	3.20246	4.63518	4.06408	3.53168	3.70052	4.96219	8.99079	3.10218	4.12717	5.42787	0	5.10019	4.28994	5.57128	8.13288	12.3061	3.7301	6.14912	3.06476	9.06016	8.27919	5.57018	6.91788	1.65423	3.11135	2.17486	
5.82762	0.987189	1.12184	4.54596	5.63211	6.45773	7.35864	5.56311	3.47172	4.51065	4.22048	3.4677	3.29184	3.0401	4.65283	3.80982	4.12326	2.75581	6.27116	5.63548	6.16884	2.81806	5.56412	1.80425	4.44133	3.57718	3.6181	4.09817	3.29503	4.44001	1.53747	2.56573	8.96144	0.358133	4.31861	4.83451	0.211216	4.86581	6.40789	5.10019	0	4.35052	4.7053	6.67444	5.26165	5.6079	3.70921	1.35373	5.06026	7.1047	4.7965	7.8979	3.83917	3.10379	7.68176	
4.79156	4.41179	4.02147	3.88649	2.82826	1.54133	6.30007	5.03611	7.31106	2.59165	6.29705	6.53032	2.64676	8.56917	4.26377	2.96841	3.7597	3.46478	4.79156	6.18533	3.56897	3.7946	8.60574	2.19435	3.91433	0.773335	2.60348	6.16363	7.76769	5.74528	5.20261	4.24384	3.72824	5.22048	1.61999	4.75017	4.9321	5.57475	7.21265	4.28994	4.35052	0	1.90145	3.87059	10.4151	6.00138	6.68926	4.44272	4.04563	2.94037	7.03287	6.53155	1.03532	3.67444	5.47413	
4.46205	7.16416	6.36544	4.24128	3.18305	4.00867	6.46227	6.95321	12.7933	7.19117	4.10691	5.59415	6.52199	5.9928	3.81346	4.05388	3.17051	3.81956	4.9056	3.54788	6.60841	6.68857	2.83381	2.54913	6.56128	1.12812	7.70213	4.94882	1.92947	5.25811	4.63691	4.59862	4.90981	3.57517	5.49522	4.2633	5.77681	3.06331	7.82399	5.57128	4.7053	1.90145	0	4.22538	3.89608	3.425	6.07762	2.57957	5.51528	4.84869	5.29034	5.42638	1.3901	5.05474	5.00905	
2.9065	8.4342	11.3147	2.92391	3.71106	5.97781	4.55696	4.8858	4.0449	9.16031	7.8581	8.5248	7.15707	6.60198	3.61905	3.51558	5.63744	5.78871	2.9065	5.76012	5.4209	7.40404	9.17349	4.51827	9.6384	3.09726	13.7125	9.56276	5.43909	4.04397	8.60856	6.56776	6.4509	12.1315	7.045	8.81099	11.0078	7.11943	4.14179	8.13288	6.67444	3.87059	4.22538	0	4.40733	9.95791	5.98662	4.98988	8.50706	6.81783	8.31214	1.74418	3.35924	4.22161	7.04794	
4.4992	4.02688	4.24709	7.33123	8.11838	8.2065	8.21133	7.80726	6.71193	8.34232	3.45078	7.11734	7.631	8.28525	8.32983	7.9229	9.2689	6.48614	4.94274	7.4347	8.3134	6.34395	8.27355	6.67845	8.40139	7.50458	7.73928	5.74885	1.96661	6.88534	8.74928	4.99142	4.55861	4.93037	6.81867	5.93347	4.80285	2.71211	7.42369	12.3061	5.26165	10.4151	3.89608	4.40733	0	6.69464	1.57929	5.91186	5.16409	7.0588	4.74033	6.15151	5.48522	3.34065	6.91206	
5.19619	8.6574	10.0228	3.02016	5.43416	4.68874	5.39338	3.58927	7.31686	7.14193	3.24386	4.29404	6.89237	2.56779	4.03345	6.71158	2.41841	6.27922	6.9742	0.18395	4.87362	8.24281	6.25881	2.4413	8.11551	4.55312	6.36874	6.21212	5.35447	3.9677	1.27298	6.33972	9.72962	5.13351	5.86561	5.62859	2.82479	4.28746	5.93559	3.7301	5.6079	6.00138	3.425	9.95791	6.69464	0	8.83004	1.99407	7.8109	7.09737	6.68941	7.42559	5.07111	3.61907	4.73022	
7.3783	2.84563	2.66779	3.20353	4.80444	6.87855	12.5626	8.08766	6.27815	5.83978	5.03007	5.93609	6.90076	2.81263	3.3104	2.46739	3.11196	5.74876	8.42446	6.14268	6.73125	6.55627	6.28456	4.79719	10.8557	5.68798	9.7949	4.16956	3.54591	7.80165	8.88314	3.41212	8.77983	3.35107	5.63742	4.9059	3.57842	4.2914	11.1349	6.14912	3.70921	6.68926	6.07762	5.98662	1.57929	8.83004	0	4.33256	10.4626	5.47951	5.97157	8.73728	6.75383	1.76136	8.92409	
6.82236	5.27352	5.50402	2.00209	1.83168	2.80931	2.67758	3.37729	4.61631	4.29751	6.15632	4.10516	7.18425	4.40504	1.30694	1.47431	0.590938	3.39328	4.24769	1.81012	4.37237	4.20079	2.34862	2.44171	6.37183	3.70769	3.83043	2.42008	4.50904	2.75159	2.89914	3.20319	4.4042	0.995597	4.51132	1.68373	2.02067	4.90509	6.01181	3.06476	1.35373	4.44272	2.57957	4.98988	5.91186	1.99407	4.33256	0	2.16011	5.03479	2.71077	7.25703	2.34461	1.94154	6.35638	
7.11305	8.57259	8.91106	9.04613	9.51872	3.30549	6.20072	4.20112	12.2704	2.4923	3.49558	5.69533	1.92984	9.76932	6.02792	7.44159	5.52386	4.10609	7.5566	5.92101	5.33313	6.08382	5.70809	4.30683	3.07934	5.73263	1.44215	1.21272	4.02275	3.48357	6.51083	9.96823	3.19683	7.01419	2.95661	0.476372	6.79173	2.45198	4.80445	9.06016	5.06026	4.04563	5.51528	8.50706	5.16409	7.8109	10.4626	2.16011	0	2.85258	6.40493	6.76288	4.27935	7.06925	5.37858	
8.47809	6.66614	8.1473	6.83373	5.7755	1.39904	4.0687	5.60673	4.29562	0.360278	3.85351	7.57835	3.81286	6.50112	4.12148	5.53514	3.61741	6.08385	9.2908	7.99085	3.42668	5.12411	8.46345	2.40038	4.96235	3.72057	4.68781	7.21165	6.73599	7.17192	5.06032	7.19107	2.43756	6.76238	4.44379	6.02079	4.65971	4.89712	6.85341	8.27919	7.1047	2.94037	4.84869	6.81783	7.0588	7.09737	5.47951	5.03479	2.85258	0	2.32402	5.49609	2.3729	6.53423	3.44458	
10.3931	6.96196	7.09662	3.09259	4.54245	3.72306	6.46117	6.74637	1.9716	2.68429	3.44555	5.92951	4.47509	4.20326	3.81236	4.18508	3.30171	3.75983	6.75311	4.52089	8.18069	6.98307	5.0594	5.39278	3.66106	6.04459	12.4062	7.65846	6.5959	4.94275	6.33554	6.11863	5.62434	3.70637	5.50186	4.39451	5.23211	4.48915	7.57106	5.57018	4.7965	7.03287	5.29034	8.31214	4.74033	6.68941	5.97157	2.71077	6.40493	2.32402	0	7.82011	4.85003	4.21021	5.21329	
4.02229	8.09261	10.553	4.66809	4.67122	6.89513	3.82531	6.62998	9.4915	5.85637	9.3496	6.58404	6.32758	4.8578	5.95009	5.25976	10.6779	9.08908	5.61088	8.97427	7.46038	6.52044	8.26019	7.20647	8.29378	4.84144	8.20503	7.80315	7.35585	6.25771	8.14923	8.25636	4.70671	8.65259	5.30081	6.72569	9.12729	6.55322	2.39761	6.91788	7.8979	6.53155	5.42638	1.74418	6.15151	7.42559	8.73728	7.25703	6.76288	5.49609	7.82011	0	6.98776	5.90907	8.19997	
7.17736	3.9082	6.59909	1.73281	2.31691	0.973863	3.68647	4.7655	8.94896	6.32503	3.81671	6.25971	2.49422	4.31708	1.03766	2.55584	3.19223	2.05976	3.97841	5.19247	3.00151	1.1589	6.87074	1.68299	3.13966	0.261982	6.47382	4.75573	4.34389	2.48231	4.63515	3.34393	4.19525	4.36409	3.52099	5.49208	3.76575	2.77311	6.64519	1.65423	3.83917	1.03532	1.3901	3.35924	5.48522	5.07111	6.75383	2.34461	4.27935	2.3729	4.85003	6.98776	0	2.5867	2.83842	
6.6631	4.60699	4.42915	1.44217	3.04308	3.56898	3.88898	4.58868	2.56316	5.05717	6.14392	2.77752	5.1394	1.05127	1.54904	0.706029	1.3506	6.16916	4.48978	3.58507	5.58376	4.59449	5.70239	4.92022	6.2889	3.92662	6.7219	5.93092	6.39883	2.45118	4.69666	3.8553	6.94682	3.46193	4.75341	5.0375	3.31501	5.10032	4.41906	3.11135	3.10379	3.67444	5.05474	4.22161	3.34065	3.61907	1.76136	1.94154	7.06925	6.53423	4.21021	5.90907	2.5867	0	7.59742	
4.1704	12.0836	9.03124	7.24555	3.70775	4.84362	5.40026	2.16214	11.0381	3.80486	3.46128	5.80115	2.70173	7.49521	6.117	5.56798	5.76068	4.22571	6.14671	4.54627	7.09504	1.67952	7.84286	6.68895	1.55223	6.13717	8.09923	11.9326	6.93852	6.61052	5.63529	9.36401	4.71587	4.88472	4.5452	6.82854	4.28637	4.50489	7.92421	2.17486	7.68176	5.47413	5.00905	7.04794	6.91206	4.73022	8.92409	6.35638	5.37858	3.44458	5.21329	8.19997	2.83842	7.59742	0	

0	5.80334	10.7424	4.4803	0.761416	2.49083	1.93468	1.73785	6.84306	4.36851	8.47131	7.12625	6.41655	5.72212	6.85426	6.10273	6.87306	5.58392	0	7.89565	0.662223	6.82161	5.52731	5.86253	3.67652	5.96249	4.34631	5.00277	4.35975	4.6553	6.35552	6.22408	8.28522	4.78401	5.40441	3.4268	10.1079	2.76408	4.36787	5.44002	6.5165	5.1628	4.66688	3.71632	7.36431	3.54043	3.99709	4.65435	6.16611	5.06524	10.4218	1.71705	3.83565	4.35087	3.17293	
5.80334	0	1.64425	7.15533	9.2505	5.50314	4.38606	6.24006	8.39964	3.45557	10.8333	2.67762	6.25834	3.03846	7.86398	3.71227	6.9831	3.06787	6.32074	6.63971	6.09132	2.01611	5.81919	3.3739	9.27476	6.97221	8.72128	7.88673	3.07426	6.76125	5.09825	1.26439	9.09906	1.5444	4.98514	4.8396	2.38207	3.03926	6.73223	3.26474	1.30757	4.5657	3.59952	5.46907	6.02146	6.31227	2.05459	5.79876	4.64959	6.08908	0.784157	8.96164	3.71381	4.09855	9.03971	
10.7424	1.64425	0	6.06847	8.03071	6.82457	7.92562	11.78	9.02185	8.06458	6.26368	8.69802	5.37381	5.32637	3.47614	4.15214	5.13169	2.18334	11.8484	4.74048	13.2423	4.75483	5.2097	7.38299	5.99277	6.6382	2.00194	7.41556	2.18973	6.83409	11.0027	0.379859	10.0893	6.75105	8.98558	2.92145	4.64245	3.83986	13.3582	8.21837	7.46865	3.15374	4.00359	3.54656	1.53131	3.70656	1.17006	4.98736	4.57627	5.7396	7.5482	8.48489	4.21784	6.72237	3.55496	
4.4803	7.15533	6.06847	0	5.24172	5.56588	4.57778	6.21815	2.89431	9.14449	5.11148	8.87981	5.8901	4.32596	2.59233	3.26833	4.21141	7.55483	4.4803	1.9313	6.28303	6.99019	8.49467	3.28282	6.7576	5.60053	9.32719	3.81034	6.13155	5.08206	2.05708	9.27246	4.88017	4.8896	6.98832	4.98581	6.78991	10.8615	5.73537	3.84024	6.66048	4.74903	7.54235	7.47731	8.19966	2.82275	7.36693	4.10355	7.41667	9.54555	6.62617	6.19735	5.61094	5.83856	5.22323	
0.761416	9.2505	8.03071	5.24172	0	3.25225	2.13502	2.49926	4.16265	7.12411	8.46616	4.59505	6.29555	6.90988	7.36324	5.0968	2.29552	6.03388	0.761416	6.3276	0.429762	7.37793	5.08296	3.45639	3.44405	6.1402	5.52622	6.36723	5.42906	6.3504	4.44985	7.23893	9.27647	7.47353	4.83076	4.79126	8.03667	6.21124	3.60187	5.10858	5.9651	5.92422	5.85115	3.98159	5.89589	3.30797	7.44425	6.45095	5.06898	5.48131	6.04613	1.84738	6.77878	6.75443	3.93435	
2.49083	5.50314	6.82457	5.56588	3.25225	0	2.31614	4.22868	2.91303	7.20447	5.68821	3.94837	3.77012	4.33303	2.82901	2.15301	2.20354	2.40604	2.49083	3.63459	6.92588	4.09369	2.30501	5.37423	3.79047	0.206811	6.14246	4.75381	4.22292	4.60544	4.35787	4.49576	6.58346	1.89677	3.99986	7.38299	3.96948	3.91468	7.47666	6.92767	4.00621	1.88914	4.37391	5.8667	3.51157	6.99106	5.80739	3.80841	4.93129	2.82086	5.08112	4.20788	0.657772	3.0172	5.66376	
1.93468	4.38606	7.92562	4.57778	2.13502	2.31614	0	3.67253	5.52598	7.36237	5.13245	4.94897	5.16091	4.49461	4.43136	3.92545	6.69428	3.40664	1.93468	5.34927	1.70526	3.82775	7.462	3.78491	4.56347	3.78521	5.92368	6.35296	10.2697	5.56142	4.53995	5.49635	8.29814	2.89737	2.41054	6.38723	7.5803	4.91528	5.4109	6.05171	5.69363	6.02643	6.34658	6.09369	7.3405	4.20093	8.41586	6.096	9.15997	6.26855	5.0597	3.12287	1.65837	5.79252	5.10761	
1.73785	6.24006	11.78	6.21815	2.49926	4.22868	3.67253	0	6.48073	2.87891	8.05784	9.27046	5.93036	7.78264	5.3861	5.64819	4.58545	7.02411	1.73785	9.6335	4.1392	4.93057	7.26516	3.32999	4.40812	6.77522	2.7284	6.77951	6.57645	8.15531	6.36969	7.50445	4.85248	8.34629	7.29651	5.46743	6.33334	6.26409	4.85558	7.17786	5.02691	4.07412	3.05333	1.18378	5.69655	4.01609	12.0725	7.51918	5.84803	3.4385	7.02422	2.72158	6.39271	7.85088	2.79965	
6.84306	8.39964	9.02185	2.89431	4.16265	2.91303	5.52598	6.48073	0	6.96167	2.90063	8.7577	6.88983	3.25457	1.55547	4.64019	6.45816	3.81979	4.92406	2.93102	4.20326	4.96445	7.10021	5.43646	4.67564	2.70622	5.59214	2.40466	8.06676	2.18776	2.53907	10.493	5.8799	5.40549	6.82856	3.98064	5.2054	7.54049	3.43944	0.94593	2.90311	5.40731	4.34954	7.11124	4.46462	1.32505	8.61269	2.01629	7.0935	5.64526	7.88642	7.88491	4.83306	5.51661	2.54149	
4.36851	3.45557	8.06458	9.14449	7.12411	7.20447	7.36237	2.87891	6.96167	0	6.3526	3.51805	3.22956	9.17721	6.55151	5.09594	7.46436	10.7255	4.36851	6.86559	5.03073	6.96625	9.82276	5.51925	5.42326	10.5932	5.47363	7.91457	8.81438	7.60168	7.20052	8.22352	3.91672	2.38483	5.82557	6.33859	3.22251	7.13258	3.52223	4.10518	2.148	5.11054	6.61045	4.06269	10.2761	5.13705	7.3876	8.50812	5.99274	5.72142	9.4703	5.60049	8.1499	8.71937	3.92061	
8.47131	10.8333	6.26368	5.11148	8.46616	5.68821	5.13245	8.05784	2.90063	6.3526	0	12.3027	3.12304	7.96341	6.14042	8.16338	5.07866	4.33412	7.39471	6.77447	9.47946	3.99441	3.3832	4.09627	4.87483	6.68481	7.22064	6.99404	8.76742	5.14988	6.31542	6.64354	3.82559	4.47998	2.72191	6.69859	6.81436	9.81191	6.32114	1.9547	3.91187	3.98372	5.60287	7.43346	5.60615	7.80087	8.32571	3.02506	2.3052	5.61489	5.22636	6.2034	7.05441	8.70038	5.35358	
7.12625	2.67762	8.69802	8.87981	4.59505	3.94837	4.94897	9.27046	8.7577	3.51805	12.3027	0	8.36028	6.2392	6.30921	4.31799	6.89057	5.03887	5.35647	8.34779	5.02481	3.4856	9.04482	4.84339	9.48749	5.41744	9.41748	7.98519	6.09637	6.82373	8.32749	7.12858	13.8069	1.60688	5.04762	8.49797	2.44456	6.37439	8.19692	3.32723	1.37005	6.03519	6.17873	8.49953	7.33415	9.54151	6.60965	7.26825	8.10587	9.12999	2.25365	10.3765	3.2906	9.22317	12.5802	
6.41655	6.25834	5.37381	5.8901	6.29555	3.77012	5.16091	5.93036	6.88983	3.22956	3.12304	8.36028	0	6.81364	4.03768	6.06064	5.67765	4.83096	6.41655	3.9588	6.72531	4.08552	5.60056	4.12473	3.46147	4.18172	9.2922	6.20861	5.6298	7.88046	5.50026	4.99396	6.90768	3.89142	2.75036	4.62097	3.69133	7.84907	6.3496	5.07773	4.76583	1.88097	3.38089	5.25044	3.5034	6.40538	5.78416	9.83221	5.42823	2.49185	5.66252	7.82671	4.63268	8.51582	7.15018	
5.72212	3.03846	5.32637	4.32596	6.90988	4.33303	4.49461	7.78264	3.25457	9.17721	7.96341	6.2392	6.81364	0	4.35005	3.51925	8.66052	5.39666	6.42929	4.79384	6.19986	4.89798	9.77635	8.07183	8.98034	6.2556	8.38672	7.21749	6.75638	1.06682	5.33365	4.94651	7.56766	0.563648	6.90515	8.79347	0.763739	2.58358	10.5118	4.262	0.800476	7.10252	7.14412	8.96642	7.25919	4.11963	5.73671	3.74869	2.73843	8.9721	6.12993	7.10696	1.80264	2.18738	5.33607	
6.85426	7.86398	3.47614	2.59233	7.36324	2.82901	4.43136	5.3861	1.55547	6.55151	6.14042	6.30921	4.03768	4.35005	0	0.676	3.47728	2.72516	5.80383	1.26434	3.10863	4.36125	6.00558	3.90685	6.88668	3.16206	4.18392	3.93942	3.53922	3.12843	1.44444	3.856	4.21322	4.25761	5.28122	5.5154	9.38224	5.13489	5.10642	2.58158	3.62394	2.1567	3.25491	5.55834	3.36999	0.23042	4.33038	1.51122	5.67928	6.67716	3.60411	3.6026	2.94308	1.8147	1.44686	
6.10273	3.71227	4.15214	3.26833	5.0968	2.15301	3.92545	5.64819	4.64019	5.09594	8.16338	4.31799	6.06064	3.51925	0.676	0	2.80128	4.01536	4.64366	1.94034	4.34422	4.16007	4.45802	4.58285	6.06459	2.35982	7.09595	4.61542	4.21522	2.45243	4.95561	4.44459	7.34244	3.18476	6.15287	5.06989	4.02244	4.8874	7.21448	2.72577	2.94794	2.8327	3.82981	5.55133	5.41363	0.90642	3.65438	1.65541	5.57475	4.97387	2.92811	2.92661	2.26708	1.95889	3.3069	
6.87306	6.9831	5.13169	4.21141	2.29552	2.20354	6.69428	4.58545	6.45816	7.46436	5.07866	6.89057	5.67765	8.66052	3.47728	2.80128	0	7.27544	3.05693	3.69579	2.72528	5.39132	4.50855	3.38007	4.15541	2.41035	6.47974	4.94281	4.83816	5.25372	2.15433	8.35745	6.97955	4.94824	6.2034	5.08306	5.74116	8.50675	5.83262	6.51506	5.74922	4.09268	6.27081	5.76923	3.60038	3.36835	5.35963	4.45669	2.77346	3.18579	5.7294	5.72789	2.86131	5.21531	4.92672	
5.58392	3.06787	2.18334	7.55483	6.03388	2.40604	3.40664	7.02411	3.81979	10.7255	4.33412	5.03887	4.83096	5.39666	2.72516	4.01536	7.27544	0	6.47823	8.22116	5.37295	5.15453	0.950918	5.94862	6.72718	3.87511	4.78836	6.44287	3.46128	11.2709	3.70875	1.80348	9.13173	2.98727	4.57425	8.55094	5.0331	4.25258	8.17349	7.26083	5.06984	2.94998	3.17059	6.9572	4.57241	2.49474	2.59369	5.66618	5.06397	6.59923	6.73153	10.2311	1.74827	5.3627	3.71117	
0	6.32074	11.8484	4.4803	0.761416	2.49083	1.93468	1.73785	4.92406	4.36851	7.39471	5.35647	6.41655	6.42929	5.80383	4.64366	3.05693	6.47823	0	6.12542	0.662223	3.92604	4.79585	4.21781	6.03486	2.69764	4.72595	7.70664	6.19048	4.6553	6.47463	9.85535	5.22576	6.26022	4.34523	3.4268	7.96008	2.76408	4.36329	5.44002	7.39719	4.37998	6.98839	2.92162	6.78523	4.38937	8.57251	6.51038	6.16611	5.06524	7.61698	1.71705	3.14861	4.35087	3.17293	
7.89565	6.63971	4.74048	1.9313	6.3276	3.63459	5.34927	9.6335	2.93102	6.86559	6.77447	8.34779	3.9588	4.79384	1.26434	1.94034	3.69579	8.22116	6.12542	0	6.75736	5.0589	5.9396	2.76719	6.63807	3.8414	7.11947	4.32994	4.80356	4.422	1.54146	8.95276	2.94888	4.23019	6.70917	4.47019	4.43028	6.25012	3.84207	3.87695	4.46702	3.42105	7.33969	6.82269	9.12055	1.49476	10.6688	2.77557	5.75339	6.45066	6.09414	6.2731	4.28296	4.51058	3.89524	
0.662223	6.09132	13.2423	6.28303	0.429762	6.92588	1.70526	4.1392	4.20326	5.03073	9.47946	5.02481	6.72531	6.19986	3.10863	4.34422	2.72528	5.37295	0.662223	6.75736	0	3.6266	5.51272	3.88615	3.01429	8.18423	5.93306	5.96155	5.85882	5.31753	4.09223	9.84528	6.70349	11.3697	4.1158	4.08902	11.5304	3.4263	3.70564	7.52477	9.48194	8.61775	5.9027	4.2133	6.01778	2.87821	9.23473	6.21521	6.37728	3.98391	9.65372	1.41761	3.36363	5.01309	4.09465	
6.82161	2.01611	4.75483	6.99019	7.37793	4.09369	3.82775	4.93057	4.96445	6.96625	3.99441	3.4856	4.08552	4.89798	4.36125	4.16007	5.39132	5.15453	3.92604	5.0589	3.6266	0	6.84417	3.8217	4.08236	4.90564	4.59865	5.63613	5.29944	5.96479	5.14728	4.37497	5.09847	5.46162	5.29591	4.29456	6.1037	7.83497	5.91857	4.01852	5.97569	2.20455	4.68932	5.00468	3.82698	4.26207	5.16518	5.08888	6.09401	4.07412	1.23196	2.20899	5.48612	8.34319	3.04563	
5.52731	5.81919	5.2097	8.49467	5.08296	2.30501	7.462	7.26516	7.10021	9.82276	3.3832	9.04482	5.60056	9.77635	6.00558	4.45802	4.50855	0.950918	4.79585	5.9396	5.51272	6.84417	0	8.53935	6.2166	2.51182	3.83744	6.42489	4.4122	7.2711	6.98917	2.7544	7.20879	5.78393	5.52517	3.45976	8.74927	5.45669	8.68483	5.33789	7.02836	3.9009	2.21967	4.08923	6.26205	3.44565	3.97049	8.16232	4.11305	5.12587	7.28212	7.24436	2.69919	6.31362	5.39046	
5.86253	3.3739	7.38299	3.28282	3.45639	5.37423	3.78491	3.32999	5.43646	5.51925	4.09627	4.84339	4.12473	8.07183	3.90685	4.58285	3.38007	5.94862	4.21781	2.76719	3.88615	3.8217	8.53935	0	3.52729	6.1476	3.69084	4.01422	7.44607	7.66989	1.22574	7.5118	9.694	6.44407	1.37437	4.15446	10.0252	8.83025	1.99702	5.58646	5.05194	4.81463	4.01576	2.14621	6.43706	2.43975	8.302	5.12381	9.38165	5.23238	2.58974	2.8406	5.57334	4.82033	6.53775	
3.67652	9.27476	5.99277	6.7576	3.44405	3.79047	4.56347	4.40812	4.67564	5.42326	4.87483	9.48749	3.46147	8.98034	6.88668	6.06459	4.15541	6.72718	6.03486	6.63807	3.01429	4.08236	6.2166	3.52729	0	4.1184	4.39092	2.94726	3.39112	6.8634	5.73574	5.20099	3.6892	5.53777	2.15292	3.4714	3.86445	4.98679	5.75216	5.62157	5.83049	5.76881	4.71148	6.97063	4.6289	5.8925	6.08801	6.92262	3.36299	0.969616	5.31432	4.43191	4.56936	6.61914	5.74203	
5.96249	6.97221	6.6382	5.60053	6.1402	0.206811	3.78521	6.77522	2.70622	10.5932	6.68481	5.41744	4.18172	6.2556	3.16206	2.35982	2.41035	3.87511	2.69764	3.8414	8.18423	4.90564	2.51182	6.1476	4.1184	0	9.33495	4.54699	4.42973	4.89398	5.99902	5.96483	8.85913	3.36584	4.20667	6.12297	7.91162	4.83427	6.14566	3.65215	8.12874	2.09595	5.18587	7.33577	4.32352	3.39248	6.06728	3.11387	4.72448	3.02767	5.33296	8.17081	0.864583	2.81039	5.79296	
4.34631	8.72128	2.00194	9.32719	5.52622	6.14246	5.92368	2.7284	5.59214	5.47363	7.22064	9.41748	9.2922	8.38672	4.18392	7.09595	6.47974	4.78836	4.72595	7.11947	5.93306	4.59865	3.83744	3.69084	4.39092	9.33495	0	2.4955	4.60359	8.83603	3.84824	2.3818	3.60585	7.70195	4.8962	0.919517	15.0498	5.68202	5.21643	11.2434	8.21064	8.47707	2.1596	1.54463	3.53325	2.76946	6.91503	12.2518	4.6014	7.0352	10.7508	4.34031	6.75356	11.7162	1.55302	
5.00277	7.88673	7.41556	3.81034	6.36723	4.75381	6.35296	6.77951	2.40466	7.91457	6.99404	7.98519	6.20861	7.21749	3.93942	4.61542	4.94281	6.44287	7.70664	4.32994	5.96155	5.63613	6.42489	4.01422	2.94726	4.54699	2.4955	0	6.33837	4.59241	2.78848	8.53258	6.63645	5.93359	5.10018	1.57598	7.61006	7.05118	5.8441	3.35059	10.6965	6.09613	2.81606	5.59573	5.51349	3.72971	8.28419	5.45064	4.68884	3.91687	6.86809	5.98959	4.6946	6.62795	6.57032	
4.35975	3.07426	2.18973	6.13155	5.42906	4.22292	10.2697	6.57645	8.06676	8.81438	8.76742	6.09637	5.6298	6.75638	3.53922	4.21522	4.83816	3.46128	6.19048	4.80356	5.85882	5.29944	4.4122	7.44607	3.39112	4.42973	4.60359	6.33837	0	9.189	9.58406	1.80987	7.08032	3.6156	5.54404	5.17529	4.34893	1.59567	9.03093	11.8959	6.60002	2.86021	5.4336	9.09756	1.23778	3.76964	2.60008	5.05044	6.75411	3.13794	6.6678	8.4728	4.85258	6.78545	6.17012	
4.6553	6.76125	6.83409	5.08206	6.3504	4.60544	5.56142	8.15531	2.18776	7.60168	5.14988	6.82373	7.88046	1.06682	3.12843	2.45243	5.25372	11.2709	4.6553	4.422	5.31753	5.96479	7.2711	7.66989	6.8634	4.89398	8.83603	4.59241	9.189	0	5.96345	6.01332	7.37087	1.63046	8.96595	8.0821	6.52819	7.41938	5.6272	3.13369	5.15236	6.6321	6.28224	8.00376	8.3654	3.51281	6.10682	4.10784	9.20178	7.78694	5.38055	5.37904	4.71952	4.51203	8.92095	
6.35552	5.09825	11.0027	2.05708	4.44985	4.35787	4.53995	6.36969	2.53907	7.20052	6.31542	8.32749	5.50026	5.33365	1.44444	4.95561	2.15433	3.70875	6.47463	1.54146	4.09223	5.14728	6.98917	1.22574	5.73574	5.99902	3.84824	2.78848	9.58406	5.96345	0	6.36264	4.49033	5.77165	2.6001	2.92873	7.89549	8.13751	3.22276	4.36073	6.3179	4.74873	4.16881	3.37195	4.35358	1.21402	11.4131	5.43109	4.92779	5.34012	3.81548	4.06634	6.19832	6.04606	2.43045	
6.22408	1.26439	0.379859	9.27246	7.23893	4.49576	5.49635	7.50445	10.493	8.22352	6.64354	7.12858	4.99396	4.94651	3.856	4.44459	8.35745	1.80348	9.85535	8.95276	9.84528	4.37497	2.7544	7.5118	5.20099	5.96483	2.3818	8.53258	1.80987	6.01332	6.36264	0	10.3634	3.7392	6.37773	4.86381	4.45863	2.02322	9.50882	8.39349	2.57195	4.75346	3.62373	5.49328	1.91117	4.29822	0.790205	6.87587	4.95613	4.94782	2.04854	6.58396	3.55175	6.57239	7.4206	
8.28522	9.09906	10.0893	4.88017	9.27647	6.58346	8.29814	4.85248	5.8799	3.91672	3.82559	13.8069	6.90768	7.56766	4.21322	7.34244	6.97955	9.13173	5.22576	2.94888	6.70349	5.09847	7.20879	9.694	3.6892	8.85913	3.60585	6.63645	7.08032	7.37087	4.49033	10.3634	0	7.17907	5.84212	7.1606	12.2933	12.1383	6.79095	5.78029	6.06472	7.80931	7.31766	9.18721	10.4979	3.26927	15.2163	5.68703	5.10122	4.65881	9.04301	9.73745	11.3424	5.99051	2.05283	
4.78401	1.5444	6.75105	4.8896	7.47353	1.89677	2.89737	8.34629	5.40549	2.38483	4.47998	1.60688	3.89142	0.563648	4.25761	3.18476	4.94824	2.98727	6.26022	4.23019	11.3697	5.46162	5.78393	6.44407	5.53777	3.36584	7.70195	5.93359	3.6156	1.63046	5.77165	3.7392	7.17907	0	3.9144	10.4301	0.200091	2.01993	8.07227	2.19401	0.236828	5.65853	5.04551	6.44793	3.31123	4.68328	3.25294	1.92722	2.17478	3.09493	3.25897	9.24327	1.239	1.62374	5.22316	
5.40441	4.98514	8.98558	6.98832	4.83076	3.99986	2.41054	7.29651	6.82856	5.82557	2.72191	5.04762	2.75036	6.90515	5.28122	6.15287	6.2034	4.57425	4.34523	6.70917	4.1158	5.29591	5.52517	1.37437	2.15292	4.20667	4.8962	5.10018	5.54404	8.96595	2.6001	6.37773	5.84212	3.9144	0	3.97668	4.75208	8.68191	3.37139	4.6766	3.67757	3.61589	3.93604	3.52058	5.23832	6.19626	7.59382	6.28195	5.0271	3.12254	3.96411	4.21497	4.06891	5.97847	7.4127	
3.4268	4.8396	2.92145	4.98581	4.79126	7.38299	6.38723	5.46743	3.98064	6.33859	6.69859	8.49797	4.62097	8.79347	5.5154	5.06989	5.08306	8.55094	3.4268	4.47019	4.08902	4.29456	3.45976	4.15446	3.4714	6.12297	0.919517	1.57598	5.17529	8.0821	2.92873	4.86381	7.1606	10.4301	3.97668	0	7.04865	6.19087	6.60701	7.28945	6.04877	3.72486	1.24008	2.46414	3.93751	4.14274	5.69676	11.2422	4.73744	4.44102	5.52652	6.50355	6.27057	7.77766	2.47254	
