20
5
2
3
30

6	25
1	50
11	25
47	42
3	33

22	35
37	29
8	32
40	14
47	10
42	35
5	14
4	36
42	25
29	13
40	12
50	19
49	12
45	9
11	8
25	5
17	28
33	35
2	41
7	15

150

1.79769e+308
1.79769e+308
1.79769e+308
1.79769e+308
1.79769e+308

14
17
16
17
17
12
20
15
15
12
13
15
11
18
13
13
19
18
19
14

0
0
0
0
0

0

0	15.807	8.7	17.1999	3.93024	18.1132	13.5159	5.40896	11.7926	15.985	17.187	6.51676	7.15576	14.2929	9.33921	14.9326	17.271	18.8495	17.6616	9.39162	12.1203	16.3045	14.1083	11.5447	8.50686	
15.807	0	10.9937	30.1511	9.52536	18.1982	23.793	8.95856	23.5529	33.5048	30.2481	22.3237	6.29984	32.9086	25.1462	27.643	23.9545	27.2098	37.155	23.6169	22.3974	12.5134	26.6594	8.50776	19.4019	
8.7	10.9937	0	18.5189	5.76999	16.5921	15.3556	7.24871	6.51339	10.7058	17.2637	5.76378	4.69383	23.3957	15.4864	9.65339	11.9918	14.9032	12.3824	5.78	13.9601	9.92814	20.7828	6.90174	7.75388	
17.1999	30.1511	18.5189	0	11.5441	15.0228	5.08438	10.0654	17.4098	13.0081	12.9895	15.6867	12.7241	12.7041	12.6289	15.442	19.0609	9.01998	13.97	25.8928	15.0663	22.1288	7.98276	26.9394	20.3606	
3.93024	9.52536	5.76999	11.5441	0	14.5079	9.58566	1.47872	12.2834	16.703	20.6762	10.447	3.22552	17.2054	10.541	19.9433	20.8802	14.2517	20.0198	11.55	8.19007	14.3807	14.2008	5.43344	13.5246	
18.1132	18.1982	16.5921	15.0228	14.5079	0	11.6551	13.0292	14.8944	10.7248	23.15	23.8499	11.8983	20.8672	12.6302	16.489	16.7398	13.9754	9.02541	27.5049	20.8551	14.1938	7.04	14.1062	21.0823	
13.5159	23.793	15.3556	5.08438	9.58566	11.6551	0	11.0644	13.4976	12.205	11.0906	10.6024	12.8112	7.61972	10.2053	10.3576	12.7197	14.1044	17.8212	23.4151	17.7757	18.7611	4.61511	18.1316	12.5925	
5.40896	8.95856	7.24871	10.0654	1.47872	13.0292	11.0644	0	14.9669	15.2243	23.0549	11.8614	2.65872	14.016	9.06227	20.6599	17.9754	12.773	16.9237	14.2335	9.66878	12.902	14.6524	4.86664	13.8515	
11.7926	23.5529	6.51339	17.4098	12.2834	14.8944	13.4976	14.9669	0	4.19237	17.2229	12.2772	11.2072	8.77768	14.7376	3.14	5.47837	8.18046	5.86899	12.2934	17.6987	11.0396	17.151	23.3373	14.268	
15.985	33.5048	10.7058	13.0081	16.703	10.7248	12.205	15.2243	4.19237	0	11.7853	16.3208	17.883	4.5853	9.53901	7.33237	2.75118	3.98808	1.69941	11.2607	13.5291	15.232	14.4238	27.3222	19.7099	
17.187	30.2481	17.2637	12.9895	20.6762	23.15	11.0906	23.0549	17.2229	11.7853	0	21.6929	21.9575	7.2	12.1537	14.0829	12.3	20.7836	17.2739	23.0437	28.0558	22.0673	15.7057	26.1562	25.0183	
6.51676	22.3237	5.76378	15.6867	10.447	23.8499	10.6024	11.8614	12.2772	16.3208	21.6929	0	10.4576	18.2221	9.72185	14.9132	20.471	12.3327	17.2827	11.5438	23.9807	8.87861	15.2175	18.0615	1.9901	
7.15576	6.29984	4.69383	12.7241	3.22552	11.8983	12.8112	2.65872	11.2072	17.883	21.9575	10.4576	0	22.7547	11.721	24.4976	17.6547	15.4318	20.9237	10.4738	11.4156	14.622	18.9383	2.20792	12.4485	
14.2929	32.9086	23.3957	12.7041	17.2054	20.8672	7.61972	14.016	8.77768	4.5853	7.2	18.2221	22.7547	0	4.95371	13.5225	5.1	8.57338	6.28471	13.6095	10.678	20.3953	10.5439	27.572	12.6855	
9.33921	25.1462	15.4864	12.6289	10.541	12.6302	10.2053	9.06227	14.7376	9.53901	12.1537	9.72185	11.721	4.95371	0	11.5976	10.0537	13.617	16.8223	13.2639	5.72433	14.6203	5.59017	20.8839	7.73175	
14.9326	27.643	9.65339	15.442	19.9433	16.489	10.3576	20.6599	3.14	7.33237	14.0829	14.9132	24.4976	13.5225	11.5976	0	8.42252	11.5298	7.46362	16.9321	17.322	14.1796	14.9727	23.9008	12.9231	
17.271	23.9545	11.9918	19.0609	20.8802	16.7398	12.7197	17.9754	5.47837	2.75118	12.3	20.471	17.6547	5.1	10.0537	8.42252	0	6.73926	4.45059	8.50954	16.4261	16.518	11.6726	19.8626	18.4335	
18.8495	27.2098	14.9032	9.01998	14.2517	13.9754	14.1044	12.773	8.18046	3.98808	20.7836	12.3327	15.4318	8.57338	13.617	11.5298	6.73926	0	4.95	18.5505	12.75	19.4294	17.0027	23.1179	14.3228	
17.6616	37.155	12.3824	13.97	20.0198	9.02541	17.8212	16.9237	5.86899	1.69941	17.2739	17.2827	20.9237	6.28471	16.8223	7.46362	4.45059	4.95	0	16.224	11.8297	16.9086	15.4632	29.0216	20.3867	
9.39162	23.6169	5.78	25.8928	11.55	27.5049	23.4151	14.2335	12.2934	11.2607	23.0437	11.5438	10.4738	13.6095	13.2639	16.9321	8.50954	18.5505	16.224	0	11.1679	15.7081	18.8541	19.525	10.4809	
12.1203	22.3974	13.9601	15.0663	8.19007	20.8551	17.7757	9.66878	17.6987	13.5291	28.0558	23.9807	11.4156	10.678	5.72433	17.322	16.4261	12.75	11.8297	11.1679	0	23.0561	11.3145	16.7361	13.4561	
16.3045	12.5134	9.92814	22.1288	14.3807	14.1938	18.7611	12.902	11.0396	15.232	22.0673	8.87861	14.622	20.3953	14.6203	14.1796	16.518	19.4294	16.9086	15.7081	23.0561	0	14.146	20.4449	6.88851	
14.1083	26.6594	20.7828	7.98276	14.2008	7.04	4.61511	14.6524	17.151	14.4238	15.7057	15.2175	18.9383	10.5439	5.59017	14.9727	11.6726	17.0027	15.4632	18.8541	11.3145	14.146	0	22.1027	13.3219	
11.5447	8.50776	6.90174	26.9394	5.43344	14.1062	18.1316	4.86664	23.3373	27.3222	26.1562	18.0615	2.20792	27.572	20.8839	23.9008	19.8626	23.1179	29.0216	19.525	16.7361	20.4449	22.1027	0	20.027	
8.50686	19.4019	7.75388	20.3606	13.5246	21.0823	12.5925	13.8515	14.268	19.7099	25.0183	1.9901	12.4485	12.6855	7.73175	12.9231	18.4335	14.3228	20.3867	10.4809	13.4561	6.88851	13.3219	20.027	0	

0	22.8405	7.65	13.4474	2.47776	7.73586	15.5418	6.40401	16.3345	13.6632	15.3071	7.53058	4.62811	14.4441	15.5071	19.7104	11.1018	16.6521	22.4859	9.92323	16.4016	5.45097	11.5169	11.7494	4.01995	
22.8405	0	15.1131	20.9902	17.0592	28.7917	21.8794	13.133	18.1446	18.2168	23.1386	22.3312	19.3819	24.656	23.2002	17.4246	15.6553	24.1358	21.9841	20.2355	23.97	27.2029	19.9314	13.6736	18.7527	
7.65	15.1131	0	18.3477	5.90635	12.5065	7.89177	1.9801	8.68451	15.21	9.84433	10.9422	9.50372	14.0388	13.6076	9.40451	13.3524	14.7788	15.8585	4.08	15.6733	11.471	8.21647	10.0926	7.43153	
13.4474	20.9902	18.3477	0	16.5466	5.71153	9.78068	22.6074	16.7388	7.89626	7.82812	23.159	22.2741	12.4197	23.8588	17.6861	5.33481	16.8373	15.5385	19.3119	18.6872	11.9912	10.0015	24.0071	16.7115	
2.47776	17.0592	5.90635	16.5466	0	9.25291	7.37871	3.92625	20.7443	20.8525	25.4506	8.53694	2.15035	10.2752	18.9959	21.7452	13.5796	23.6526	15.4932	12.401	8.08705	2.97321	10.7247	7.85862	6.49771	
7.73586	28.7917	12.5065	5.71153	9.25291	0	9.33777	11.0884	12.6945	10.0286	13.5396	11.64	14.9804	6.7082	12.3398	11.9745	9.42595	10.99	18.7997	16.7162	11.3935	6.2797	4.29	30.179	11	
15.5418	21.8794	7.89177	9.78068	7.37871	9.33777	0	8.74643	12.922	9.46739	1.95256	12.3978	13.1062	6.147	13.0976	16.9349	10.1837	10.4288	16.9255	11.9718	7.78152	4.4055	5.04777	13.69	13.2397	
6.40401	13.133	1.9801	22.6074	3.92625	11.0884	8.74643	0	10.6646	17.1901	10.699	9.13032	6.07659	14.2324	14.8483	20.0213	11.9344	18.2518	16.5551	6.0601	16.5279	6.89946	6.79843	8.11249	5.6197	
16.3345	18.1446	8.68451	16.7388	20.7443	12.6945	12.922	10.6646	0	8.94911	10.9694	13.5767	20.8102	12.2695	11.5976	0.72	11.4039	8.021	7.89207	12.7645	6.99714	12.111	13.9429	21.322	16.116	
13.6632	18.2168	15.21	7.89626	20.8525	10.0286	9.46739	17.1901	8.94911	0	12.9204	15.2866	14.0016	3.32039	18.2954	7.82053	2.56144	2.80014	0.64846	13.4989	10.8465	10.6224	7.6974	14.5846	15.4322	
15.3071	23.1386	9.84433	7.82812	25.4506	13.5396	1.95256	10.699	10.9694	12.9204	0	14.7978	20.2812	8.09956	20.4698	11.6894	13.1629	13.8818	19.384	20.8812	9.73408	6.35806	7.00033	15.6426	11.2872	
7.53058	22.3312	10.9422	23.159	8.53694	11.64	12.3978	9.13032	13.5767	15.2866	14.7978	0	6.38659	11.9662	14.9978	20.32	12.486	16.1427	16.7776	11.1157	6.57951	11.6933	7.35	12.0949	3.51063	
4.62811	19.3819	9.50372	22.2741	2.15035	14.9804	13.1062	6.07659	20.8102	14.0016	20.2812	6.38659	0	10.6812	15.4326	23.1765	26.8661	14.963	19.6444	16.2057	12.9661	5.12356	13.7366	5.70827	9.89721	
14.4441	24.656	14.0388	12.4197	10.2752	6.7082	6.147	14.2324	12.2695	3.32039	8.09956	11.9662	10.6812	0	18.3044	12.4953	5.88184	4.2818	3.96885	14.9806	9.44957	7.30201	10.9982	16.3895	15.4768	
15.5071	23.2002	13.6076	23.8588	18.9959	12.3398	13.0976	14.8483	11.5976	18.2954	20.4698	14.9978	15.4326	18.3044	0	12.3176	13.1858	19.6186	17.6469	9.52759	8.85483	13.9687	8.04984	9.72433	11.4872	
19.7104	17.4246	9.40451	17.6861	21.7452	11.9745	16.9349	20.0213	0.72	7.82053	11.6894	20.32	23.1765	12.4953	12.3176	0	12.1239	8.741	7.17207	24.4688	7.71714	18.2542	13.2229	21.1082	22.9745	
11.1018	15.6553	13.3524	5.33481	13.5796	9.42595	10.1837	11.9344	11.4039	2.56144	13.1629	12.486	26.8661	5.88184	13.1858	12.1239	0	5.36159	3.2099	21.025	17.9029	18.9082	5.13595	27.6978	15.1218	
16.6521	24.1358	14.7788	16.8373	23.6526	10.99	10.4288	18.2518	8.021	2.80014	13.8818	16.1427	14.963	4.2818	19.6186	8.741	5.36159	0	3.15	10.6988	13.348	11.5838	17.8639	17.0861	12.6321	
22.4859	21.9841	15.8585	15.5385	15.4932	18.7997	16.9255	16.5551	7.89207	0.64846	19.384	16.7776	19.6444	3.96885	17.6469	7.17207	3.2099	3.15	0	13.8488	10.198	12.52	20.395	13.9361	15.7821	
9.92323	20.2355	4.08	19.3119	12.401	16.7162	11.9718	6.0601	12.7645	13.4989	20.8812	11.1157	16.2057	14.9806	9.52759	24.4688	21.025	10.6988	13.8488	0	13.1724	15.551	12.2965	18.5128	9.59409	
16.4016	23.97	15.6733	18.6872	8.08705	11.3935	7.78152	16.5279	6.99714	10.8465	9.73408	6.57951	12.9661	9.44957	8.85483	7.71714	17.9029	13.348	10.198	13.1724	0	5.11383	12.8293	18.5792	10.0901	
5.45097	27.2029	11.471	11.9912	2.97321	6.2797	4.4055	6.89946	12.111	10.6224	6.35806	11.6933	5.12356	7.30201	13.9687	18.2542	18.9082	11.5838	12.52	15.551	5.11383	0	9.45327	12.2448	15.3077	
11.5169	19.9314	8.21647	10.0015	10.7247	4.29	5.04777	6.79843	13.9429	7.6974	7.00033	7.35	13.7366	10.9982	8.04984	13.2229	5.13595	17.8639	20.395	12.2965	12.8293	9.45327	0	14.9109	10.8606	
11.7494	13.6736	10.0926	24.0071	7.85862	30.179	13.69	8.11249	21.322	14.5846	15.6426	12.0949	5.70827	16.3895	9.72433	21.1082	27.6978	17.0861	13.9361	18.5128	18.5792	12.2448	14.9109	0	13.7322	
4.01995	18.7527	7.43153	16.7115	6.49771	11	13.2397	5.6197	16.116	15.4322	11.2872	3.51063	9.89721	15.4768	11.4872	22.9745	15.1218	12.6321	15.7821	9.59409	10.0901	15.3077	10.8606	13.7322	0	

0	13.6961	4.80361	12.4277	8.88576	12.124	18.147	1.52882	20.0203	19.8875	17.9332	14.9112	6.28058	15.4141	16.3436	18.2003	21.7595	19.7657	17.2126	10.4548	8.86723	12.8996	17.28	11.5447	15.8926	
13.6961	0	15.0713	19.9207	8.80422	15.146	24.7747	9.47664	16.96	14.7748	19.7551	16.46	4.72488	26.0526	25.6931	29.8515	16.0043	38.5692	27.8511	9.06655	19.5057	8.84625	33.1618	12.3975	14.5593	
4.80361	15.0713	0	19.1861	5.65685	6.68973	11.7145	3.27478	19.1361	16.1443	13.6807	10.5252	8.02654	13.95	10.5501	16.6198	22.6228	22.5064	15.4064	14.434	10.6132	6.7082	13.3446	6.7923	12.4258	
12.4277	19.9207	19.1861	0	19.2751	17.9423	9.18468	13.9565	15.6989	9.99486	5.50549	16.2529	15.1958	7.81206	17.3742	11.5081	21.0425	12.4171	9.25695	16.194	16.8035	11.4887	4.85227	23.9724	14.374	
8.88576	8.80422	5.65685	19.2751	0	5.73149	9.02008	7.59754	16.3145	12.9087	15.8753	8.90751	4.07934	19.6069	7.85571	15.6616	15.3587	17.6604	13.6466	11.7397	14.9359	4.01384	10.6503	2.98304	7.00685	
12.124	15.146	6.68973	17.9423	5.73149	0	9.53174	9.96451	11.7501	15.1142	15.9327	7.83537	9.81083	15.1025	16.4469	9.9301	15.0568	20.6548	12.6706	21.283	17.9336	9.74533	13.09	8.71453	9.73603	
18.147	24.7747	11.7145	9.18468	9.02008	9.53174	0	16.6182	7.86194	5.58244	9.13799	7.06824	9.12762	5.57072	8.84812	6.04194	11.1687	10.3342	6.32034	12.7321	10.1965	5.00625	8.53052	13.0448	8.9689	
1.52882	9.47664	3.27478	13.9565	7.59754	9.96451	16.6182	0	16.9869	14.8016	16.9554	13.8	4.75176	13.8852	13.2416	18.4243	13.069	21.2946	14.885	11.9836	7.33841	8.87313	16.845	10.0671	14.6044	
20.0203	16.96	19.1361	15.6989	16.3145	11.7501	7.86194	16.9869	0	7.64409	7.82257	13.1258	12.2351	11.5158	8.33676	1.82	6.94675	11.5244	4.56055	20.1376	17.2464	16.3565	10.8466	19.4328	11.2252	
19.8875	14.7748	16.1443	9.99486	12.9087	15.1142	5.58244	14.8016	7.64409	0	11.8267	12.6507	10.0499	11.1532	12.2826	3.47845	8.44328	4.75176	0.737902	18.2215	8.28445	10.4957	12.3166	15.8917	19.9155	
17.9332	19.7551	13.6807	5.50549	15.8753	15.9327	9.13799	16.9554	7.82257	11.8267	0	10.7691	20.7013	5.8398	12.5193	6.00257	11.1293	10.4448	8.74311	10.6885	18.8007	9.51641	2.88	17.0762	8.86848	
14.9112	16.46	10.5252	16.2529	8.90751	7.83537	7.06824	13.8	13.1258	12.6507	10.7691	0	15.4544	12.639	17.5352	13.1102	23.9339	27.7486	18.9156	14.9341	17.2647	12.0745	15.8658	5.97655	1.90066	
6.28058	4.72488	8.02654	15.1958	4.07934	9.81083	9.12762	4.75176	12.2351	10.0499	20.7013	15.4544	0	18.637	7.96325	14.0551	11.2794	14.8016	10.7878	11.8472	12.0902	4.12137	10.7578	7.06237	11.0862	
15.4141	26.0526	13.95	7.81206	19.6069	15.1025	5.57072	13.8852	11.5158	11.1532	5.8398	12.639	18.637	0	15.4818	11.6127	15.4	10.5246	16.025	20.1525	15.7672	9.59621	2.9598	20.7423	21.5685	
16.3436	25.6931	10.5501	17.3742	7.85571	16.4469	8.84812	13.2416	8.33676	12.2826	12.5193	17.5352	7.96325	15.4818	0	6.51676	11.6338	17.1606	9.25731	11.5677	5.90322	3.84187	10.4783	23.5118	16.6348	
18.2003	29.8515	16.6198	11.5081	15.6616	9.9301	6.04194	18.4243	1.82	3.47845	6.00257	13.1102	14.0551	11.6127	6.51676	0	5.12675	9.84055	2.74055	16.6911	10.2871	10.3586	8.88257	28.0852	13.0452	
21.7595	16.0043	22.6228	21.0425	15.3587	15.0568	11.1687	13.069	6.94675	8.44328	11.1293	23.9339	11.2794	15.4	11.6338	5.12675	0	8.41457	7.8673	21.4764	5.73062	15.4008	15.9794	20.7573	22.7409	
19.7657	38.5692	22.5064	12.4171	17.6604	20.6548	10.3342	21.2946	11.5244	4.75176	10.4448	27.7486	14.8016	10.5246	17.1606	9.84055	8.41457	0	5.48966	26.1482	14.1452	14.2012	7.56482	26.8258	22.7496	
17.2126	27.8511	15.4064	9.25695	13.6466	12.6706	6.32034	14.885	4.56055	0.737902	8.74311	18.9156	10.7878	16.025	9.25731	2.74055	7.8673	5.48966	0	19.0482	7.54655	11.2336	14.1092	22.1987	20.1227	
10.4548	9.06655	14.434	16.194	11.7397	21.283	12.7321	11.9836	20.1376	18.2215	10.6885	14.9341	11.8472	20.1525	11.5677	16.6911	21.4764	26.1482	19.0482	0	22.5298	7.72583	13.5685	19.1549	13.3833	
8.86723	19.5057	10.6132	16.8035	14.9359	17.9336	10.1965	7.33841	17.2464	8.28445	18.8007	17.2647	12.0902	15.7672	5.90322	10.2871	5.73062	14.1452	7.54655	22.5298	0	9.74509	18.4252	24.1799	20.104	
12.8996	8.84625	6.7082	11.4887	4.01384	9.74533	5.00625	8.87313	16.3565	10.4957	9.51641	12.0745	4.12137	9.59621	3.84187	10.3586	15.4008	14.2012	11.2336	7.72583	9.74509	0	6.63641	6.99687	11.0207	
17.28	33.1618	13.3446	4.85227	10.6503	13.09	8.53052	16.845	10.8466	12.3166	2.88	15.8658	10.7578	2.9598	10.4783	8.88257	15.9794	7.56482	14.1092	13.5685	18.4252	6.63641	0	19.2609	11.7485	
11.5447	12.3975	6.7923	23.9724	2.98304	8.71453	13.0448	10.0671	19.4328	15.8917	17.0762	5.97655	7.06237	20.7423	23.5118	28.0852	20.7573	26.8258	22.1987	19.1549	24.1799	6.99687	19.2609	0	7.87721	
15.8926	14.5593	12.4258	14.374	7.00685	9.73603	8.9689	14.6044	11.2252	19.9155	8.86848	1.90066	11.0862	21.5685	16.6348	13.0452	22.7409	22.7496	20.1227	13.3833	20.104	11.0207	11.7485	7.87721	0	

0	10.0085	2.2	23.4748	8.03136	5.76786	12.4593	11.9482	12.5073	14.6035	21.8372	5.74359	8.69544	14.5404	10.1175	11.2842	15.5565	11.0357	14.4165	7.44242	14.6507	8.57279	13.0747	6.59697	7.77841	
10.0085	0	7.80849	25.5449	4.81625	11.3763	13.5379	6.81089	16.4534	20.0886	11.351	11.2287	4.15217	19.2711	14.8481	18.0513	21.0108	16.6442	18.3626	15.3485	20.2592	8.42618	18.6832	10.5605	13.2635	
2.2	7.80849	0	15.751	10.2314	3.56786	10.2593	9.74819	12.9718	10.2216	9.96786	7.94359	10.6468	15.1257	12.3175	13.4842	14.3511	8.83568	11.2047	9.35	12.4507	6.37279	10.8747	8.79697	11.6212	
23.4748	25.5449	15.751	0	27.5856	16.5632	15.0977	19.3822	10.8355	8.30125	14.1938	18.9257	32.5509	18.7832	18.327	12.3153	11.8294	6.91532	8.92635	30.2742	20.0637	22.1393	15.5125	26.0858	16.8909	
8.03136	4.81625	10.2314	27.5856	0	14.1849	20.6434	3.3228	20.5387	28.3012	17.8931	12.7295	0.664078	31.5693	16.9662	16.9934	17.6547	19.81	17.0336	13.039	23.425	4.93809	18.8555	6.85292	10.6947	
5.76786	11.3763	3.56786	16.5632	14.1849	0	8.58687	13.316	9.40394	9.19239	6.4	14.8602	13.4785	13.7777	15.6002	11.9439	16.0598	10.3369	7.63688	11.6619	16.0185	9.20449	10.01	17.7032	14.4529	
12.4593	13.5379	10.2593	15.0977	20.6434	8.58687	0	18.8163	4.13021	8.88694	2.18687	22.2366	16.8898	4.86637	5.36656	6.67021	11.8467	9.01656	6.03939	17.6271	10.1161	12.0522	4.97566	15.4799	15.6855	
11.9482	6.81089	9.74819	19.3822	3.3228	13.316	18.8163	0	12.365	12.7814	25.0132	18.7022	2.65872	23.4106	19.8565	17.226	19.2008	13.1559	10.4559	16.5124	22.1989	6.93274	17.042	9.06707	17.2724	
12.5073	16.4534	12.9718	10.8355	20.5387	9.40394	4.13021	12.365	0	4.2347	6.31708	13.5901	17.3448	8.99658	5.74315	2.54	6.81229	4.60919	1.90919	19.9497	9.09628	11.5057	8.49539	19.1043	11.5553	
14.6035	20.0886	10.2216	8.30125	28.3012	9.19239	8.88694	12.7814	4.2347	0	12.9853	8.85991	22.7132	4.5853	8.51763	5.31448	6.90136	1.38593	2.32551	20.8543	9.83506	14.2802	8.91171	15.6514	10.8947	
21.8372	11.351	9.96786	14.1938	17.8931	6.4	2.18687	25.0132	6.31708	12.9853	0	19.8225	14.1394	7.05324	7.55343	12.3718	9.65981	15.1752	14.0369	14.8767	13.6498	9.86537	7.16253	23.9162	15.1138	
5.74359	11.2287	7.94359	18.9257	12.7295	14.8602	22.2366	18.7022	13.5901	8.85991	19.8225	0	13.1999	13.4452	13.3011	13.6723	17.9446	10.2458	11.1854	13.186	18.9197	7.28321	20.7849	6.79154	2.03482	
8.69544	4.15217	10.6468	32.5509	0.664078	13.4785	16.8898	2.65872	17.3448	22.7132	14.1394	13.1999	0	29.289	16.5216	13.2397	18.3188	16.3441	13.1146	9.28536	26.3101	4.27401	15.1018	6.40835	9.5224	
14.5404	19.2711	15.1257	18.7832	31.5693	13.7777	4.86637	23.4106	8.99658	4.5853	7.05324	13.4452	29.289	0	4.42295	7.62611	13.8457	5.97123	6.91081	17.7063	5.24976	16.6129	5.78506	14.5362	15.6892	
10.1175	14.8481	12.3175	18.327	16.9662	15.6002	5.36656	19.8565	5.74315	8.51763	7.55343	13.3011	16.5216	4.42295	0	3.20315	7.47545	8.60315	9.40068	17.5599	9.67271	12.1689	5.59017	10.1133	11.2663	
11.2842	18.0513	13.4842	12.3153	16.9934	11.9439	6.67021	17.226	2.54	5.31448	12.3718	13.6723	13.2397	7.62611	3.20315	0	4.27229	5.4	4.44919	13.9771	11.6363	8.96571	8.79332	13.3165	14.0953	
15.5565	21.0108	14.3511	11.8294	17.6547	16.0598	11.8467	19.2008	6.81229	6.90136	9.65981	17.9446	18.3188	13.8457	7.47545	4.27229	0	5.51543	8.21543	21.0524	8.59593	13.238	20.6451	14.2564	24.9717	
11.0357	16.6442	8.83568	6.91532	19.81	10.3369	9.01656	13.1559	4.60919	1.38593	15.1752	10.2458	16.3441	5.97123	8.60315	5.4	5.51543	0	2.7	18.1857	13.9826	14.3657	9.2862	19.7718	16.4417	
14.4165	18.3626	11.2047	8.92635	17.0336	7.63688	6.03939	10.4559	1.90919	2.32551	14.0369	11.1854	13.1146	6.91081	9.40068	4.44919	8.21543	2.7	0	19.2988	11.0055	16.8414	6.5862	19.514	13.4645	
7.44242	15.3485	9.35	30.2742	13.039	11.6619	17.6271	16.5124	19.9497	20.8543	14.8767	13.186	9.28536	17.7063	17.5599	13.9771	21.0524	18.1857	19.2988	0	12.4565	5.01135	15.8392	14.0394	10.2597	
14.6507	20.2592	12.4507	20.0637	23.425	16.0185	10.1161	22.1989	9.09628	9.83506	13.6498	18.9197	26.3101	5.24976	9.67271	11.6363	8.59593	13.9826	11.0055	12.4565	0	17.4679	11.0348	22.8523	16.8848	
8.57279	8.42618	6.37279	22.1393	4.93809	9.20449	12.0522	6.93274	11.5057	14.2802	9.86537	7.28321	4.27401	16.6129	12.1689	8.96571	13.238	14.3657	16.8414	5.01135	17.4679	0	10.8278	10.6824	5.24839	
13.0747	18.6832	10.8747	15.5125	18.8555	10.01	4.97566	17.042	8.49539	8.91171	7.16253	20.7849	15.1018	5.78506	5.59017	8.79332	20.6451	9.2862	6.5862	15.8392	11.0348	10.8278	0	15.7035	16.0762	
6.59697	10.5605	8.79697	26.0858	6.85292	17.7032	15.4799	9.06707	19.1043	15.6514	23.9162	6.79154	6.40835	14.5362	10.1133	13.3165	14.2564	19.7718	19.514	14.0394	22.8523	10.6824	15.7035	0	8.82636	
7.77841	13.2635	11.6212	16.8909	10.6947	14.4529	15.6855	17.2724	11.5553	10.8947	15.1138	2.03482	9.5224	15.6892	11.2663	14.0953	24.9717	16.4417	13.4645	10.2597	16.8848	5.24839	16.0762	8.82636	0	

0	13.8588	5.55	16.0805	3.58848	9.70207	12.5606	9.31854	8.57643	15.3015	21.1615	9.65236	5.81378	20.6512	16.799	11.5564	18.5269	14.6613	19.3245	9.39162	13.1143	9.69149	13.5336	5.4425	6.02993	
13.8588	0	20.7329	25.0189	10.2703	16.3839	24.8306	15.4506	17.5149	26.1971	27.8434	16.3089	13.0848	29.5897	18.0962	20.4949	27.4654	23.3027	28.2629	10.7935	14.5162	17.1087	20.4864	12.1342	16.4371	
5.55	20.7329	0	35.4316	5.42211	6.09509	9.35453	6.54956	14.1264	17.2961	21.4951	8.26978	2.60768	17.98	12.5411	23.9254	26.6179	21.0806	26.0067	13.7852	31.4326	5.43365	9.27578	5.08486	11.5799	
16.0805	25.0189	35.4316	0	16.71	21.6797	12.6034	9.41856	7.50405	16.4777	6.2797	34.2672	14.8289	19.1797	20.4793	10.4841	16.4683	13.589	16.5303	29.1201	25.3974	8.22483	4.38269	45.6234	34.8365	
3.58848	10.2703	5.42211	16.71	0	6.11359	9.56128	8.97427	12.1649	19.7208	15.4773	12.3701	2.81443	24.2121	13.9459	23.3607	30.3312	22.3164	31.1287	12.9801	32.6519	6.83839	10.6805	5.2916	9.61841	
9.70207	16.3839	6.09509	21.6797	6.11359	0	8.2393	12.6447	14.9357	14.7716	15.4	7.83537	8.11249	12.0812	15.2797	17.9157	15.1278	21.0206	19.225	11.1436	27.6132	8.17221	12.0143	10.5897	5.5	
12.5606	24.8306	9.35453	12.6034	9.56128	8.2393	0	13.2565	13.6144	12.6963	11.3707	16.0747	6.74685	3.84187	10.5542	16.5944	6.88851	6.94249	10.9857	14.0371	17.6202	12.0628	8.22066	9.22403	13.7393	
9.31854	15.4506	6.54956	9.41856	8.97427	12.6447	13.2565	0	17.895	10.7465	8.18587	6.56938	9.15725	19.6009	21.6838	21.1438	18.336	12.1042	12.9602	11.3678	15.0904	8.87801	5.03587	12.1504	10.1918	
8.57643	17.5149	14.1264	7.50405	12.1649	14.9357	13.6144	17.895	0	7.44254	12.6765	20.9472	14.3902	9.18551	11.2914	2.98	9.9505	6.0849	9.5849	17.9681	18.7053	18.2679	11.8867	14.0189	14.6064	
15.3015	26.1971	17.2961	16.4777	19.7208	14.7716	12.6963	10.7465	7.44254	0	10.198	12.894	20.4198	4.45826	6.56414	11.4298	7.24486	1.35765	2.21371	13.4239	9.70124	20.3195	13.348	16.8212	9.2716	
21.1615	27.8434	21.4951	6.2797	15.4773	15.4	11.3707	8.18587	12.6765	10.198	0	23.2354	13.5962	12.9	18.2014	9.69645	16.0997	11.5557	12.4117	27.7831	19.8993	6.99213	3.15	23.7645	19.4696	
9.65236	16.3089	8.26978	34.2672	12.3701	7.83537	16.0747	6.56938	20.9472	12.894	23.2354	0	10.8775	22.9055	12.6392	24.0235	19.0163	21.237	17.737	5.51543	9.23807	5.53173	9.37386	8.96483	3.62243	
5.81378	13.0848	2.60768	14.8289	2.81443	8.11249	6.74685	9.15725	14.3902	20.4198	13.5962	10.8775	0	10.5887	17.3011	26.5541	13.6354	17.9407	17.7326	15.2054	31.7185	8.04133	10.4462	2.47718	11.8437	
20.6512	29.5897	17.98	19.1797	24.2121	12.0812	3.84187	19.6009	9.18551	4.45826	12.9	22.9055	10.5887	0	8.30711	13.1529	9.3	3.10061	6.60061	17.8789	18.5556	17.3738	12.0625	18.5641	18.126	
16.799	18.0962	12.5411	20.4793	13.9459	15.2797	10.5542	21.6838	11.2914	6.56414	18.2014	12.6392	17.3011	8.30711	0	8.50493	15.3181	5.2065	8.7065	10.7886	7.06597	7.10747	10.9496	20.67	19.9004	
11.5564	20.4949	23.9254	10.4841	23.3607	17.9157	16.5944	21.1438	2.98	11.4298	9.69645	24.0235	26.5541	13.1529	8.50493	0	10.0094	9.0649	9.56276	19.4479	15.5709	15.6124	12.8465	24.8569	20.7014	
18.5269	27.4654	26.6179	16.4683	30.3312	15.1278	6.88851	18.336	9.9505	7.24486	16.0997	19.0163	13.6354	9.3	15.3181	10.0094	0	8.53115	5.03115	20.9256	17.2907	24.548	15.1092	25.5751	16.8611	
14.6613	23.3027	21.0806	13.589	22.3164	21.0206	6.94249	12.1042	6.0849	1.35765	11.5557	21.237	17.9407	3.10061	5.2065	9.0649	8.53115	0	3.5	29.1189	11.0589	12.314	20.1867	15.4635	10.6292	
19.3245	28.2629	26.0067	16.5303	31.1287	19.225	10.9857	12.9602	9.5849	2.21371	12.4117	17.737	17.7326	6.60061	8.7065	9.56276	5.03115	3.5	0	23.2524	11.9149	22.4619	19.2064	18.9635	11.4853	
9.39162	10.7935	13.7852	29.1201	12.9801	11.1436	14.0371	11.3678	17.9681	13.4239	27.7831	5.51543	15.2054	17.8789	10.7886	19.4479	20.9256	29.1189	23.2524	0	3.72263	11.0472	16.4037	14.4803	5.64358	
13.1143	14.5162	31.4326	25.3974	32.6519	27.6132	17.6202	15.0904	18.7053	9.70124	19.8993	9.23807	31.7185	18.5556	7.06597	15.5709	17.2907	11.0589	11.9149	3.72263	0	14.1734	26.967	24.9299	9.36621	
9.69149	17.1087	5.43365	8.22483	6.83839	8.17221	12.0628	8.87801	18.2679	20.3195	6.99213	5.53173	8.04133	17.3738	7.10747	15.6124	24.548	12.314	22.4619	11.0472	14.1734	0	3.84213	12.7043	9.15416	
13.5336	20.4864	9.27578	4.38269	10.6805	12.0143	8.22066	5.03587	11.8867	13.348	3.15	9.37386	10.4462	12.0625	10.9496	12.8465	15.1092	20.1867	19.2064	16.4037	26.967	3.84213	0	12.9234	16.6351	
5.4425	12.1342	5.08486	45.6234	5.2916	10.5897	9.22403	12.1504	14.0189	16.8212	23.7645	8.96483	2.47718	18.5641	20.67	24.8569	25.5751	15.4635	18.9635	14.4803	24.9299	12.7043	12.9234	0	11.4724	
6.02993	16.4371	11.5799	34.8365	9.61841	5.5	13.7393	10.1918	14.6064	9.2716	19.4696	3.62243	11.8437	18.126	19.9004	20.7014	16.8611	10.6292	11.4853	5.64358	9.36621	9.15416	16.6351	11.4724	0	

0	15.2971	3.8	20.2203	2.73408	7.54718	16.7804	7.06171	14.5322	14.9048	12.3472	8.80247	5.16903	17.4756	6.22614	13.8322	11.9899	17.5463	12.6463	5.49321	9.64538	7.78854	10.2507	9.07083	12.588	
15.2971	0	19.0971	34.8616	18.0311	22.8442	25.2593	16.3854	38.8069	35.9997	23.8885	14.2873	13.0792	19.6885	20.2472	28.501	27.287	31.6673	26.6925	19.1684	29.07	24.0465	31.1329	11.4098	12.0736	
3.8	19.0971	0	19.5867	6.53408	9.81161	14.9944	7.46346	15.538	20.8931	13.6063	7.04926	15.2039	13.8751	6.92266	17.6322	15.7899	17.2401	16.4463	3.74	7.89217	7.58027	14.0163	12.4391	10.8348	
20.2203	34.8616	19.5867	0	18.1603	9.10116	4.59234	21.7936	21.5721	17.5204	4.30116	29.5319	32.3205	8.50116	13.9942	14.2285	13.6849	12.7077	10.8391	14.1675	11.1921	17.2801	10.6437	36.7246	16.7977	
2.73408	18.0311	6.53408	18.1603	0	10.2813	14.1509	5.65991	24.2892	14.3934	20.0266	15.514	2.43495	11.3493	8.96022	16.5663	14.724	14.7143	15.3804	8.2273	23.3182	5.05446	7.51665	4.10435	11.5566	
7.54718	22.8442	9.81161	9.10116	10.2813	0	10.2672	14.6089	7.19124	15.0167	4.8	15.2412	11.718	9	13.7733	7.89124	15.1293	10.2337	10.1611	13.0404	18.3913	13.1616	8.14	13.3874	17.2965	
16.7804	25.2593	14.9944	4.59234	14.1509	10.2672	0	15.9847	9.21664	8.50522	5.46717	16.3246	21.8854	5.57072	10.5542	8.28762	14.4084	8.11537	6.24679	15.3335	13.3654	11.8656	6.63421	22.177	17.9637	
7.06171	16.3854	7.46346	21.7936	5.65991	14.6089	15.9847	0	17.9041	22.5287	14.6139	9.85408	6.64506	10.4139	11.0446	19.2264	16.2674	20.0996	19.708	11.2035	21.3248	10.4398	13.1766	4.97566	12.0678	
14.5322	38.8069	15.538	21.5721	24.2892	7.19124	9.21664	17.9041	0	5.22828	10.6273	8.05	16.8124	9.51247	8.61538	0.7	7.93804	3.04245	2.74083	11.3593	8.29245	12.7023	15.3312	20.122	10.2637	
14.9048	35.9997	20.8931	17.5204	14.3934	15.0167	8.50522	22.5287	5.22828	0	12.6431	12.3363	16.7964	15.8742	17.4444	4.29926	6.26131	3.02642	2.25843	12.951	8.27642	12.6862	6.87674	19.4105	16.8773	
12.3472	23.8885	13.6063	4.30116	20.0266	4.8	5.46717	14.6139	10.6273	12.6431	0	13.1756	16.518	4.2	16.0214	9.92732	15.5	9.61665	11.714	9.86631	14.0185	10.4948	12.1014	21.4325	12.4965	
8.80247	14.2873	7.04926	29.5319	15.514	15.2412	16.3246	9.85408	8.05	12.3363	13.1756	0	11.3354	20.268	10.3873	8.75	15.8469	11.0924	10.0778	3.30926	7.46143	12.2879	20.0268	14.8297	2.21371	
5.16903	13.0792	15.2039	32.3205	2.43495	11.718	21.8854	6.64506	16.8124	16.7964	16.518	11.3354	0	18.3901	17.2952	19.98	18.6355	13.77	18.1639	16.2165	19.02	7.48942	9.9516	1.6694	9.12168	
17.4756	19.6885	13.8751	8.50116	11.3493	9	5.57072	10.4139	9.51247	15.8742	4.2	20.268	18.3901	0	16.125	8.81247	11.3	13.6861	10.8533	14.0663	13.3869	6.29484	12.2049	15.3896	16.6965	
6.22614	20.2472	6.92266	13.9942	8.96022	13.7733	10.5542	11.0446	8.61538	17.4444	16.0214	10.3873	17.2952	16.125	0	9.31538	16.5534	11.6578	11.5852	10.6627	15.563	14.5029	16.3233	15.297	8.17357	
13.8322	28.501	17.6322	14.2285	16.5663	7.89124	8.28762	19.2264	0.7	4.29926	9.92732	8.75	19.98	8.81247	9.31538	0	8.63804	3.74245	2.04083	19.3254	11.46	15.1073	13.9385	19.193	16.6597	
11.9899	27.287	15.7899	13.6849	14.724	15.1293	14.4084	16.2674	7.93804	6.26131	15.5	15.8469	18.6355	11.3	16.5534	8.63804	0	9.28773	8.16165	17.4832	15.0601	17.1026	13.1381	20.3049	18.0606	
17.5463	31.6673	17.2401	12.7077	14.7143	10.2337	8.11537	20.0996	3.04245	3.02642	9.61665	11.0924	13.77	13.6861	11.6578	3.74245	9.28773	0	4.9	9.40217	5.25	9.65981	9.90316	15.4394	19.5189	
12.6463	26.6925	16.4463	10.8391	15.3804	10.1611	6.24679	19.708	2.74083	2.25843	11.714	10.0778	18.1639	10.8533	11.5852	2.04083	8.16165	4.9	0	13.3871	10.15	14.5598	9.13517	17.1521	12.2915	
5.49321	19.1684	3.74	14.1675	8.2273	13.0404	15.3335	11.2035	11.3593	12.951	9.86631	3.30926	16.2165	14.0663	10.6627	19.3254	17.4832	9.40217	13.3871	0	4.15217	8.97866	15.6151	14.564	5.52297	
9.64538	29.07	7.89217	11.1921	23.3182	18.3913	13.3654	21.3248	8.29245	8.27642	14.0185	7.46143	19.02	13.3869	15.563	11.46	15.0601	5.25	10.15	4.15217	0	13.1308	15.6755	30.6194	11.247	
7.78854	24.0465	7.58027	17.2801	5.05446	13.1616	11.8656	10.4398	12.7023	12.6862	10.4948	12.2879	7.48942	6.29484	14.5029	15.1073	17.1026	9.65981	14.5598	8.97866	13.1308	0	6.63641	13.0361	11.9729	
10.2507	31.1329	14.0163	10.6437	7.51665	8.14	6.63421	13.1766	15.3312	6.87674	12.1014	20.0268	9.9516	12.2049	16.3233	13.9385	13.1381	9.90316	9.13517	15.6151	15.6755	6.63641	0	15.4983	18.6093	
9.07083	11.4098	12.4391	36.7246	4.10435	13.3874	22.177	4.97566	20.122	19.4105	21.4325	14.8297	1.6694	15.3896	15.297	19.193	20.3049	15.4394	17.1521	14.564	30.6194	13.0361	15.4983	0	10.7911	
12.588	12.0736	10.8348	16.7977	11.5566	17.2965	17.9637	12.0678	10.2637	16.8773	12.4965	2.21371	9.12168	16.6965	8.17357	16.6597	18.0606	19.5189	12.2915	5.52297	11.247	11.9729	18.6093	10.7911	0	

0	11.5435	4.2	27.0237	6.23712	7.6192	18.9039	5.24168	14.0202	15.4338	21.138	7.84221	8.9883	16.423	9.07979	12.7402	19.2097	16.3402	17.6382	9.25147	19.6853	8.49325	20.3263	16.7181	7.23591	
11.5435	0	7.80849	34.8807	5.30635	11.2277	17.9731	11.4762	32.2546	15.7326	24.7464	14.4494	8.05753	30.495	17.3271	22.5785	22.3019	18.9785	20.0785	23.1085	30.5127	12.1017	34.8827	15.7873	24.5025	
4.2	7.80849	0	22.6307	6.67509	3.4192	18.7343	9.44168	23.1044	15.0865	16.938	6.64088	9.38765	15.0467	9.51866	16.3668	19.7836	20.9784	17.8308	11.3927	18.484	4.29325	9.18324	14.0683	7.71419	
27.0237	34.8807	22.6307	0	33.7473	13.191	11.1645	29.2181	21.5339	15.2655	12.4734	19.1815	30.2084	11.6952	21.1665	15.3781	10.9016	14.225	14.8147	29.1363	11.6226	11.151	6.26099	25.2062	20.2548	
6.23712	5.30635	6.67509	33.7473	0	10.0943	12.6668	6.16981	17.7629	10.4262	14.4631	13.316	2.75118	23.6161	15.3169	13.1199	14.7902	14.2446	11.0971	21.5113	25.0099	8.24634	17.5703	9.42879	13.473	
7.6192	11.2277	3.4192	13.191	10.0943	0	11.8335	10.4972	19.0039	11.6673	14.0276	9.88265	7.81779	11.6276	12.9379	14.3609	16.0312	15.4856	12.3381	9.42204	21.5604	2.32263	6.93	10.6491	6.25892	
18.9039	17.9731	18.7343	11.1645	12.6668	11.8335	0	18.8366	10.0961	9.7179	1.79636	20.1445	15.4179	4.19636	23.6819	11.3761	12.4792	9.15581	9.04708	19.2515	12.3431	9.79354	4.90355	17.02	21.2178	
5.24168	11.4762	9.44168	29.2181	6.16981	10.4972	18.8366	0	34.8776	16.5961	26.5779	10.0366	4.58205	27.5627	14.3215	17.9819	32.675	33.9374	21.7642	15.274	21.8797	8.17455	13.0645	11.2597	11.1099	
14.0202	32.2546	23.1044	21.5339	17.7629	19.0039	10.0961	34.8776	0	3.97364	11.8924	20.792	19.452	4.96283	8.12812	1.28	7.74947	4.88	5.72756	12.1418	16.6742	19.2412	14.9996	25.348	14.1574	
15.4338	15.7326	15.0865	15.2655	10.4262	11.6673	9.7179	16.5961	3.97364	0	18.1381	22.3523	13.1774	6.37647	9.54176	2.69364	4.36394	1.77082	0.67082	10.8752	18.0879	13.9899	18.5973	20.9072	24.9173	
21.138	24.7464	16.938	12.4734	14.4631	14.0276	1.79636	26.5779	11.8924	18.1381	0	21.9408	26.3256	2.4	17.9688	6.08283	12.2	10.9522	10.3766	25.8991	14.1395	21.09	6.69991	17.9093	27.9146	
7.84221	14.4494	6.64088	19.1815	13.316	9.88265	20.1445	10.0366	20.792	22.3523	21.9408	0	13.0552	22.775	7.20625	14.0544	17.4712	24.8837	23.7837	3.08888	11.8431	5.00961	12.45	17.1147	1.07331	
8.9883	8.05753	9.38765	30.2084	2.75118	7.81779	15.4179	4.58205	19.452	13.1774	26.3256	13.0552	0	21.8548	18.3654	18.172	21.0952	18.2821	17.1821	12.5946	24.7329	5.49516	10.3852	6.6776	9.43145	
16.423	30.495	15.0467	11.6952	23.6161	11.6276	4.19636	27.5627	4.96283	6.37647	2.4	22.775	21.8548	0	10.5309	3.68283	9.8	7.28283	7.97662	18.181	17.9168	13.9502	11.8392	15.5093	23.3244	
9.07979	17.3271	9.51866	21.1665	15.3169	12.9379	23.6819	14.3215	8.12812	9.54176	17.9688	7.20625	18.3654	10.5309	0	6.84812	10.265	10.4481	11.7461	17.9343	12.1642	12.8703	17.7603	24.3209	8.27956	
12.7402	22.5785	16.3668	15.3781	13.1199	14.3609	11.3761	17.9819	1.28	2.69364	6.08283	14.0544	18.172	3.68283	6.84812	0	6.46947	3.6	3.36446	13.4218	15.3942	19.7184	15.522	19.1921	17.2383	
19.2097	22.3019	19.7836	10.9016	14.7902	16.0312	12.4792	32.675	7.74947	4.36394	12.2	17.4712	21.0952	9.8	10.265	6.46947	0	3.3234	3.91312	14.1175	21.8637	23.1352	17.1626	25.3093	20.2503	
16.3402	18.9785	20.9784	14.225	14.2446	15.4856	9.15581	33.9374	4.88	1.77082	10.9522	24.8837	18.2821	7.28283	10.4481	3.6	3.3234	0	1.1	11.3044	18.9942	27.9061	14.0594	26.1758	25.6853	
17.6382	20.0785	17.8308	14.8147	11.0971	12.3381	9.04708	21.7642	5.72756	0.67082	10.3766	23.7837	17.1821	7.97662	11.7461	3.36446	3.91312	1.1	0	10.2044	19.8477	17.3038	13.9506	23.4859	12.22	
9.25147	23.1085	11.3927	29.1363	21.5113	9.42204	19.2515	15.274	12.1418	10.8752	25.8991	3.08888	12.5946	18.181	17.9343	13.4218	14.1175	11.3044	10.2044	0	20.7608	5.95186	11.9894	25.4377	2.01556	
19.6853	30.5127	18.484	11.6226	25.0099	21.5604	12.3431	21.8797	16.6742	18.0879	14.1395	11.8431	24.7329	17.9168	12.1642	15.3942	21.8637	18.9942	19.8477	20.7608	0	19.2378	17.2466	20.5056	12.9164	
8.49325	12.1017	4.29325	11.151	8.24634	2.32263	9.79354	8.17455	19.2412	13.9899	21.09	5.00961	5.49516	13.9502	12.8703	19.7184	23.1352	27.9061	17.3038	5.95186	19.2378	0	4.88999	12.1728	3.93629	
20.3263	34.8827	9.18324	6.26099	17.5703	6.93	4.90355	13.0645	14.9996	18.5973	6.69991	12.45	10.3852	11.8392	17.7603	15.522	17.1626	14.0594	13.9506	11.9894	17.2466	4.88999	0	17.5791	8.82628	
16.7181	15.7873	14.0683	25.2062	9.42879	10.6491	17.02	11.2597	25.348	20.9072	17.9093	17.1147	6.6776	15.5093	24.3209	19.1921	25.3093	26.1758	23.4859	25.4377	20.5056	12.1728	17.5791	0	18.188	
7.23591	24.5025	7.71419	20.2548	13.473	6.25892	21.2178	11.1099	14.1574	24.9173	27.9146	1.07331	9.43145	23.3244	8.27956	17.2383	20.2503	25.6853	12.22	2.01556	12.9164	3.93629	8.82628	18.188	0	

0	16.4361	1.6	19.5388	7.25685	9.05662	16.6497	3.96089	21.9618	18.8165	25.0526	13.3048	11.0633	14.4	11.5513	19.6944	27.719	22.0827	23.2683	16.1252	13.5173	3.81371	9.57481	14.9662	12.3703	
16.4361	0	10.2793	11.2057	11.5897	13.9358	16.1261	7.91842	23.7557	18.2172	21.4673	14.8528	10.464	16.3445	21.5118	21.5033	15.8447	27.5494	33.4494	22.6723	13.26	11.7595	28.3333	10.142	18.8206	
1.6	10.2793	0	10.1591	5.65685	10.6566	13.2274	2.36089	13.5963	12.6597	20.5748	9.29524	4.90647	11.0691	9.95132	13.8172	27.0791	11.8735	18.7351	14.7208	9.6993	2.21371	5.8812	11.1392	10.7703	
19.5388	11.2057	10.1591	0	16.7164	12.5134	4.92037	11.7865	13.0769	9.21455	12.4963	20.2207	15.8319	5.13881	17.1124	11.4522	4.63897	9.0821	14.5876	22.9071	18.0684	7.94541	8.23315	20.2521	20.4103	
7.25685	11.5897	5.65685	16.7164	0	13.5645	16.1836	3.67129	10.821	13.1028	16.8076	3.82099	4.68017	12.3417	12.4649	10.2106	19.7317	13.9006	11.5517	16.0398	10.4005	7.51235	12.4385	5.48234	5.69929	
9.05662	13.9358	10.6566	12.5134	13.5645	0	7.59308	12.027	23.4847	11.8873	15.169	15.1283	14.5726	11.435	21.4236	23.2104	14.1536	11.7548	21.6912	17.2005	19.3654	10.7529	14.4204	19.0469	13.25	
16.6497	16.1261	13.2274	4.92037	16.1836	7.59308	0	14.5929	11.7799	4.29418	7.57594	13.576	21.7974	3.84187	15.9208	7.85173	6.56049	4.16173	5.4793	23.2986	13.1481	11.0137	6.93621	18.9012	17.9497	
3.96089	7.91842	2.36089	11.7865	3.67129	12.027	14.5929	0	13.9343	10.2988	21.6349	6.93435	2.54558	16.013	12.3122	13.5849	17.9253	12.3918	11.4839	14.7539	7.33841	3.84105	7.50855	8.90008	8.81265	
21.9618	23.7557	13.5963	13.0769	10.821	23.4847	11.7799	13.9343	0	6.11526	8.64896	7	17.1582	7.93804	3.64497	1.82	11.3411	5.51	3.16112	11.4806	10.4957	17.3918	11.0324	17.9603	8.8783	
18.8165	18.2172	12.6597	9.21455	13.1028	11.8873	4.29418	10.2988	6.11526	0	11.8701	9.28181	12.8443	7.43135	8.16114	2.52623	8.95197	2.09304	1.18512	8.3282	15.8613	11.7528	10.5257	22.9406	11.1601	
25.0526	21.4673	20.5748	12.4963	16.8076	15.169	7.57594	21.6349	8.64896	11.8701	0	15.649	17.6798	11.4178	11.9463	8.08038	14.1364	11.7377	9.4215	17.741	14.8272	16.2675	12.6	11.3253	18.0451	
13.3048	14.8528	9.29524	20.2207	3.82099	15.1283	13.576	6.93435	7	9.28181	15.649	0	8.50117	14.938	10.0519	8.82	21.8699	11.3748	10.4669	5.8288	6.57951	10.7754	11.391	9.30333	1.8783	
11.0633	10.464	4.90647	15.8319	4.68017	14.5726	21.7974	2.54558	17.1582	12.8443	17.6798	8.50117	0	17.0219	16.139	14.8908	18.1451	23.5299	28.8341	17.2995	9.88399	6.38664	15.089	6.35449	17.3948	
14.4	16.3445	11.0691	5.13881	12.3417	11.435	3.84187	16.013	7.93804	7.43135	11.4178	14.938	17.0219	0	10.1793	6.31341	9.77778	8.0036	7.65453	15.974	16.99	6.76183	3.09433	15.5093	12.607	
11.5513	21.5118	9.95132	17.1124	12.4649	21.4236	15.9208	12.3122	3.64497	8.16114	11.9463	10.0519	16.139	10.1793	0	3.86588	13.387	7.55588	5.207	12.1241	13.9531	12.165	15.1654	17.9473	8.17357	
19.6944	21.5033	13.8172	11.4522	10.2106	23.2104	7.85173	13.5849	1.82	2.52623	8.08038	8.82	14.8908	6.31341	3.86588	0	9.52111	3.69	1.34112	8.48421	12.3157	13.3498	9.40775	15.6929	12.0394	
27.719	15.8447	27.0791	4.63897	19.7317	14.1536	6.56049	17.9253	11.3411	8.95197	14.1364	21.8699	18.1451	9.77778	13.387	9.52111	0	6.85894	10.8622	19.1817	19.7086	12.5844	14.9975	24.4996	25.1045	
22.0827	27.5494	11.8735	9.0821	13.9006	11.7548	4.16173	12.3918	5.51	2.09304	11.7377	11.3748	23.5299	8.0036	7.55588	3.69	6.85894	0	3.27815	13.0431	17.3098	9.65981	12.5987	21.9665	19.5464	
23.2683	33.4494	18.7351	14.5876	11.5517	21.6912	5.4793	11.4839	3.16112	1.18512	9.4215	10.4669	28.8341	7.65453	5.207	1.34112	10.8622	3.27815	0	7.14309	19.076	15.5598	12.6407	31.2997	11.0936	
16.1252	22.6723	14.7208	22.9071	16.0398	17.2005	23.2986	14.7539	11.4806	8.3282	17.741	5.8288	17.2995	15.974	12.1241	8.48421	19.1817	13.0431	7.14309	0	13.3156	15.4517	13.4632	24.644	3.95051	
13.5173	13.26	9.6993	18.0684	10.4005	19.3654	13.1481	7.33841	10.4957	15.8613	14.8272	6.57951	9.88399	16.99	13.9531	12.3157	19.7086	17.3098	19.076	13.3156	0	11.1795	21.5851	17.213	8.45781	
3.81371	11.7595	2.21371	7.94541	7.51235	10.7529	11.0137	3.84105	17.3918	11.7528	16.2675	10.7754	6.38664	6.76183	12.165	13.3498	12.5844	9.65981	15.5598	15.4517	11.1795	0	3.66749	12.3066	12.4649	
9.57481	28.3333	5.8812	8.23315	12.4385	14.4204	6.93621	7.50855	11.0324	10.5257	12.6	11.391	15.089	3.09433	15.1654	9.40775	14.9975	12.5987	12.6407	13.4632	21.5851	3.66749	0	15.9741	9.51271	
14.9662	10.142	11.1392	20.2521	5.48234	19.0469	18.9012	8.90008	17.9603	22.9406	11.3253	9.30333	6.35449	15.5093	17.9473	15.6929	24.4996	21.9665	31.2997	24.644	17.213	12.3066	15.9741	0	22.0775	
12.3703	18.8206	10.7703	20.4103	5.69929	13.25	17.9497	8.81265	8.8783	11.1601	18.0451	1.8783	17.3948	12.607	8.17357	12.0394	25.1045	19.5464	11.0936	3.95051	8.45781	12.4649	9.51271	22.0775	0	

0	11.4728	3.6	17.6848	8.88576	14.2352	19.8113	4.51367	20.0117	26.2728	13.3719	3.53452	6.66327	14.1741	10.687	15.6766	17.8692	22.4088	16.3133	11.1713	28.2572	5.94787	10.6532	6.43204	3.61796	
11.4728	0	8.06049	17.7727	9.24331	14.5927	10.0026	11.5994	19.7285	23.9052	15.4697	15.0073	9.44976	20.5037	16.0857	13.973	28.864	14.6569	16.2494	26.0425	16.1741	5.71262	7.77506	6.51988	13.9045	
3.6	8.06049	0	12.9548	9.72979	15.0792	15.2391	2.66552	13.8366	15.4254	9.7719	7.13452	4.81513	11.78	10.3118	12.0766	13.78	11.2921	17.6743	14.0333	18.6047	2.34787	14.2532	10.032	7.21796	
17.6848	17.7727	12.9548	0	8.9822	14.3316	8.65004	16.1718	25.7545	29.1879	3.18286	30.3798	12.6821	11.6829	27.5931	17.9584	9.80162	8.2316	17.8395	25.7814	33.0504	27.5867	13.0829	11.2528	14.5139	
8.88576	9.24331	9.72979	8.9822	0	5.34939	19.2459	5.84947	18.717	26.0498	12.1651	7.00753	3.69986	16.0879	12.6008	16.6798	18.7211	13.1524	18.2271	16.7992	23.5458	9.8056	17.0184	8.06226	5.53173	
14.2352	14.5927	15.0792	14.3316	5.34939	0	14.3784	8.09876	10.2001	10.7163	12.4	20.2639	5.94916	18.3358	17.3151	18.3488	15.9348	7.80303	11.203	20.6999	20.5499	12.0549	19.69	11.4959	10.4039	
19.8113	10.0026	15.2391	8.65004	19.2459	14.3784	0	17.9327	5.73042	7.00705	5.46717	34.1195	16.9504	6.86406	10.8647	3.97042	9.48909	9.64679	6.24679	22.0643	6.17155	15.7152	9.1581	16.5224	18.9421	
4.51367	11.5994	2.66552	16.1718	5.84947	8.09876	17.9327	0	15.7223	16.9529	12.4374	8.04818	2.1496	14.4455	7.64629	13.9623	21.4393	23.7176	12.2642	11.3678	15.6067	5.01339	15.1668	7.69632	6.60438	
