10
10
3
3
20

6	21
10	1
47	15
18	25
31	42
9	22
22	5
8	17
2	22
20	29

29	47
34	25
27	39
46	33
33	29
28	46
44	28
33	32
35	23
40	39

70

1.79769e+308
1.79769e+308
1.79769e+308
1.79769e+308
1.79769e+308
1.79769e+308
1.79769e+308
1.79769e+308
1.79769e+308
1.79769e+308

12
15
15
20
13
14
17
19
14
16

0
0
0
0
0
0
0
0
0
0

0

0	7.0272	10.0529	7.93583	6.83963	1.70546	4.63706	1.5521	0.689455	3.15015	5.80281	7.88627	10.4311	9.12964	8.96096	4.82461	9.2348	7.33156	9.19183	6.58053	
7.0272	0	9.4046	7.62595	11.7627	4.90426	5.04076	2.84528	3.70792	7.72676	14.3227	9.58206	7.71135	13.5691	13.9105	15.0597	13.2021	8.79305	7.85518	11.6098	
10.0529	9.4046	0	2.11704	8.60039	10.9649	14.4454	6.89771	10.2305	13.3292	11.9261	8.59878	4.61233	14.2578	4.86955	11.6123	8.99006	9.50022	5.94449	7.24998	
7.93583	7.62595	2.11704	0	7.05013	6.83966	7.01254	4.78067	5.64332	9.66215	9.23207	6.06371	2.49529	11.3849	6.62176	8.91829	6.29607	3.57699	3.82745	9.70047	
6.83963	11.7627	8.60039	7.05013	0	5.13418	11.2527	7.0408	7.66191	4.72881	3.96261	2.5203	1.98153	3.66607	5.918	4.19299	1.94044	0.89983	4.14344	2.35853	
1.70546	4.90426	10.9649	6.83966	5.13418	0	4.29086	2.05899	2.39491	4.85561	9.09679	8.79577	9.68902	7.42418	15.3951	10.689	7.07462	6.03401	7.06889	8.28599	
4.63706	5.04076	14.4454	7.01254	11.2527	4.29086	0	2.23187	3.09452	7.11335	13.7093	8.96865	12.2423	12.5765	16.1787	12.1089	9.31222	8.37284	7.24178	11.2656	
1.5521	2.84528	6.89771	4.78067	7.0408	2.05899	2.23187	0	0.862647	4.88148	7.53414	6.73678	7.22267	8.90721	7.80422	6.55594	7.47852	6.14097	5.00991	7.59968	
0.689455	3.70792	10.2305	5.64332	7.66191	2.39491	3.09452	0.862647	0	3.83961	8.3917	7.59943	10.6088	9.95191	13.1694	8.16132	13.2598	7.00362	5.87255	7.26999	
3.15015	7.72676	13.3292	9.66215	4.72881	4.85561	7.11335	4.88148	3.83961	0	1.90484	5.27397	5.26311	6.94765	9.0032	1.67446	6.62249	4.18141	6.7653	5.1244	
5.80281	14.3227	11.9261	9.23207	3.96261	9.09679	13.7093	7.53414	8.3917	1.90484	0	7.64088	8.51745	5.94121	6.52367	0.230382	5.90305	4.86244	5.32122	3.68032	
7.88627	9.58206	8.59878	6.06371	2.5203	8.79577	8.96865	6.73678	7.59943	5.27397	7.64088	0	2.70217	4.38671	3.72923	6.94844	1.34852	1.62047	2.23626	3.07918	
10.4311	7.71135	4.61233	2.49529	1.98153	9.68902	12.2423	7.22267	10.6088	5.26311	8.51745	2.70217	0	3.84794	6.09987	9.86152	5.49074	1.0817	4.32531	2.5404	
9.12964	13.5691	14.2578	11.3849	3.66607	7.42418	12.5765	8.90721	9.95191	6.94765	5.94121	4.38671	3.84794	0	7.78441	6.1716	3.26427	2.76624	5.73289	4.22494	
8.96096	13.9105	4.86955	6.62176	5.918	15.3951	16.1787	7.80422	13.1694	9.0032	6.52367	3.72923	6.09987	7.78441	0	5.83037	5.07775	3.83914	2.79431	2.38043	
4.82461	15.0597	11.6123	8.91829	4.19299	10.689	12.1089	6.55594	8.16132	1.67446	0.230382	6.94844	9.86152	6.1716	5.83037	0	7.31606	4.90864	5.09084	3.44994	
9.2348	13.2021	8.99006	6.29607	1.94044	7.07462	9.31222	7.47852	13.2598	6.62249	5.90305	1.34852	5.49074	3.26427	5.07775	7.31606	0	2.84027	2.46862	6.21753	
7.33156	8.79305	9.50022	3.57699	0.89983	6.03401	8.37284	6.14097	7.00362	4.18141	4.86244	1.62047	1.0817	2.76624	3.83914	4.90864	2.84027	0	3.24361	1.4587	
9.19183	7.85518	5.94449	3.82745	4.14344	7.06889	7.24178	5.00991	5.87255	6.7653	5.32122	2.23626	4.32531	5.73289	2.79431	5.09084	2.46862	3.24361	0	4.70232	
6.58053	11.6098	7.24998	9.70047	2.35853	8.28599	11.2656	7.59968	7.26999	5.1244	3.68032	3.07918	2.5404	4.22494	2.38043	3.44994	6.21753	1.4587	4.70232	0	

0	7.5195	16.5476	1.24164	12.2074	0.656259	10.2051	3.71246	2.25559	6.31027	18.8217	4.94731	12.095	15.2414	8.55282	11.4508	13.7682	13.3538	9.16395	14.2944	
7.5195	0	10.2314	6.34459	9.07266	5.9442	8.46163	2.88801	5.72386	4.56678	15.9068	6.90125	12.0611	8.06323	11.0701	11.2372	17.275	5.18042	7.42046	5.67996	
16.5476	10.2314	0	6.21511	8.94318	20.3031	8.49367	10.4294	16.3951	11.0627	13.8451	6.62111	12.2905	7.93376	10.153	11.1077	11.2362	5.05095	5.89695	5.55049	
1.24164	6.34459	6.21511	0	1.48678	0.585381	3.9742	2.67424	6.48468	0.995464	5.27946	4.41662	4.1391	3.69991	7.12822	5.75141	10.0242	1.16416	6.65984	1.6637	
12.2074	9.07266	8.94318	1.48678	0	3.12836	3.47006	2.17009	9.02765	0.491319	4.64341	4.84103	1.59612	3.19577	8.37289	2.30973	7.22093	3.70714	4.11687	4.39178	
0.656259	5.9442	20.3031	0.585381	3.12836	0	8.62982	3.0562	2.91185	1.58084	5.86484	4.29105	7.87716	11.5566	11.2383	7.90005	13.1119	1.74955	5.01522	13.628	
10.2051	8.46163	8.49367	3.9742	3.47006	8.62982	0	4.65751	8.02178	2.97874	8.57075	3.32089	8.99023	4.30687	4.12555	6.01233	3.30284	7.8048	2.59673	8.30434	
3.71246	2.88801	10.4294	2.67424	2.17009	3.0562	4.65751	0	2.83586	1.67877	12.1589	4.01325	10.926	4.38322	8.18212	9.91437	8.87646	7.2657	4.53245	11.9198	
2.25559	5.72386	16.3951	6.48468	9.02765	2.91185	8.02178	2.83586	0	4.51463	9.66719	6.8491	9.83937	11.0709	6.29724	9.19524	7.11994	7.64884	7.36831	10.0349	
6.31027	4.56678	11.0627	0.995464	0.491319	1.58084	2.97874	1.67877	4.51463	0	4.70979	5.371	2.08744	2.70445	7.47816	5.00276	3.70847	2.15963	4.60819	6.5113	
18.8217	15.9068	13.8451	5.27946	4.64341	5.86484	8.57075	12.1589	9.66719	4.70979	0	8.89521	1.18556	2.00534	6.09061	0.471955	3.00937	4.88815	8.17104	7.26476	
4.94731	6.90125	6.62111	4.41662	4.84103	4.29105	3.32089	4.01325	6.8491	5.371	8.89521	0	6.4758	6.13526	4.98019	9.30922	7.92455	3.25245	0.724167	3.75199	
12.095	12.0611	12.2905	4.1391	1.59612	7.87716	8.99023	10.926	9.83937	2.08744	1.18556	6.4758	0	5.24728	10.021	0.713605	3.4231	5.48836	5.71299	10.2725	
15.2414	8.06323	7.93376	3.69991	3.19577	11.5566	4.30687	4.38322	11.0709	2.70445	2.00534	6.13526	5.24728	0	1.82673	2.4773	1.00402	2.88281	7.98974	3.38235	
8.55282	11.0701	10.153	7.12822	8.37289	11.2383	4.12555	8.18212	6.29724	7.47816	6.09061	4.98019	10.021	1.82673	0	3.5322	0.822708	4.23719	4.25602	3.73765	
11.4508	11.2372	11.1077	5.75141	2.30973	7.90005	6.01233	9.91437	9.19524	5.00276	0.471955	9.30922	0.713605	2.4773	3.5322	0	2.70949	6.05677	7.10711	6.55631	
13.7682	17.275	11.2362	10.0242	7.22093	13.1119	3.30284	8.87646	7.11994	3.70847	3.00937	7.92455	3.4231	1.00402	0.822708	2.70949	0	3.88683	5.07873	4.56036	
13.3538	5.18042	5.05095	1.16416	3.70714	1.74955	7.8048	7.2657	7.64884	2.15963	4.88815	3.25245	5.48836	2.88281	4.23719	6.05677	3.88683	0	3.97662	0.499539	
9.16395	7.42046	5.89695	6.65984	4.11687	5.01522	2.59673	4.53245	7.36831	4.60819	8.17104	0.724167	5.71299	7.98974	4.25602	7.10711	5.07873	3.97662	0	7.99368	
14.2944	5.67996	5.55049	1.6637	4.39178	13.628	8.30434	11.9198	10.0349	6.5113	7.26476	3.75199	10.2725	3.38235	3.73765	6.55631	4.56036	0.499539	7.99368	0	

0	7.12709	6.507	5.21237	6.72147	1.5274	2.75152	3.77139	8.30311	1.65263	2.54181	3.25879	6.88894	5.09479	5.46171	7.48814	12.4603	4.14291	3.88518	9.51433	
7.12709	0	10.0959	6.17348	3.70145	8.65449	5.31756	8.95945	6.127	6.08382	8.2482	5.75468	3.81565	5.60332	2.27473	6.64728	11.2725	8.98713	5.54722	4.12696	
6.507	10.0959	0	6.87414	7.5048	6.06491	4.8408	8.77122	8.59156	4.6804	5.74355	4.11788	6.28022	1.23824	4.56683	8.61464	3.11942	9.20885	4.67601	2.62737	
5.21237	6.17348	6.87414	0	4.40907	6.5443	6.84272	5.52269	6.00463	3.55974	4.44892	2.35756	5.63365	5.16894	3.89874	5.20283	2.4442	8.40215	1.73117	5.75097	
6.72147	3.70145	7.5048	4.40907	0	7.41793	4.46953	7.52488	3.53593	2.36503	1.47585	4.8772	1.22458	4.7553	1.42671	3.28421	9.34638	3.99308	4.6992	3.27894	
1.5274	8.65449	6.06491	6.5443	7.41793	0	1.22412	2.24398	9.04586	2.98456	3.87374	4.78619	8.22087	6.42672	4.26694	8.82008	6.73924	5.59217	6.0262	9.28484	
2.75152	5.31756	4.8408	6.84272	4.46953	1.22412	0	3.4681	10.27	4.20868	8.74919	3.98841	5.93197	6.07904	3.04282	8.58322	5.82459	4.36806	4.6148	4.89505	
3.77139	8.95945	8.77122	5.52269	7.52488	2.24398	3.4681	0	8.59242	5.22854	7.91294	4.41592	9.55719	7.53298	6.68471	13.298	9.41416	3.5318	7.25386	7.67655	
8.30311	6.127	8.59156	6.00463	3.53593	9.04586	10.27	8.59242	0	7.54766	9.06635	7.69177	2.31135	8.20888	5.20049	5.14298	16.7745	8.33674	7.73579	15.8713	
1.65263	6.08382	4.6804	3.55974	2.36503	2.98456	4.20868	5.22854	7.54766	0	0.889183	4.91142	5.23631	3.44216	3.80908	2.69754	5.32334	5.27032	5.07998	4.83129	
2.54181	8.2482	5.74355	4.44892	1.47585	3.87374	8.74919	7.91294	9.06635	0.889183	0	5.26526	2.70043	4.33135	2.90256	1.80836	7.87053	4.38114	5.28003	5.06752	
3.25879	5.75468	4.11788	2.35756	4.8772	4.78619	3.98841	4.41592	7.69177	4.91142	5.26526	0	5.38042	2.87964	3.47994	4.09806	1.33943	0.884124	0.626391	4.26877	
6.88894	3.81565	6.28022	5.63365	1.22458	8.22087	5.93197	9.55719	2.31135	5.23631	2.70043	5.38042	0	5.89753	2.6513	2.83163	7.77871	5.21766	6.00681	4.74137	
5.09479	5.60332	1.23824	5.16894	4.7553	6.42672	6.07904	7.53298	8.20888	3.44216	4.33135	2.87964	5.89753	0	3.24136	6.90943	1.88118	3.76376	2.59421	1.38913	
5.46171	2.27473	4.56683	3.89874	1.42671	4.26694	3.04282	6.68471	5.20049	3.80908	2.90256	3.47994	2.6513	3.24136	0	5.72078	3.98553	4.36406	3.27249	1.85223	
7.48814	6.64728	8.61464	5.20283	3.28421	8.82008	8.58322	13.298	5.14298	2.69754	1.80836	4.09806	2.83163	6.90943	5.72078	0	4.1847	6.1895	3.47167	5.62146	
12.4603	11.2725	3.11942	2.4442	9.34638	6.73924	5.82459	9.41416	16.7745	5.32334	7.87053	1.33943	7.77871	1.88118	3.98553	4.1847	0	10.1524	0.713037	3.27031	
4.14291	8.98713	9.20885	8.40215	3.99308	5.59217	4.36806	3.5318	8.33674	5.27032	4.38114	0.884124	5.21766	3.76376	4.36406	6.1895	10.1524	0	1.51051	7.13967	
3.88518	5.54722	4.67601	1.73117	4.6992	6.0262	4.6148	7.25386	7.73579	5.07998	5.28003	0.626391	6.00681	2.59421	3.27249	3.47167	0.713037	1.51051	0	4.8269	
9.51433	4.12696	2.62737	5.75097	3.27894	9.28484	4.89505	7.67655	15.8713	4.83129	5.06752	4.26877	4.74137	1.38913	1.85223	5.62146	3.27031	7.13967	4.8269	0	

0	3.35949	13.8948	6.26398	4.9967	1.40871	5.74073	5.90827	5.96782	5.42972	4.0588	6.59353	3.2306	8.57915	2.62218	3.76586	4.79175	6.48749	8.56429	7.69885	
3.35949	0	12.2614	3.39506	4.00238	4.7682	3.37795	4.35828	4.09301	2.07023	5.56775	10.7026	2.23628	10.4698	6.14945	6.3158	4.03701	2.72112	6.98165	3.83986	
13.8948	12.2614	0	5.8762	4.92172	13.2155	6.34128	4.94563	17.8946	11.1675	18.1359	3.00635	11.3547	3.12119	4.72715	7.93449	5.22257	5.29794	2.28961	4.28541	
6.26398	3.39506	5.8762	0	3.86052	4.78973	0.830961	2.9854	0.697949	3.11498	2.7542	5.29705	4.95137	5.25202	3.57626	3.04714	3.15064	4.65761	3.58659	6.00213	
4.9967	4.00238	4.92172	3.86052	0	7.36158	3.02956	5.26317	8.24955	4.94079	1.81775	4.92486	1.7661	6.3381	4.5013	1.52481	3.56683	4.28989	2.63211	7.46643	
1.40871	4.7682	13.2155	4.78973	7.36158	0	4.33202	5.14847	5.55322	6.61604	2.68737	2.93426	4.63931	5.48441	1.21347	5.17457	3.38304	2.82823	7.75421	6.23452	
5.74073	3.37795	6.34128	0.830961	3.02956	4.33202	0	3.63222	1.52891	2.28402	3.58516	6.34441	4.79566	9.03267	4.40722	4.55437	3.98161	2.93492	4.05166	4.05366	
5.90827	4.35828	4.94563	2.9854	5.26317	5.14847	3.63222	0	3.68335	5.91624	5.7396	4.94877	3.49707	11.7305	6.36194	7.17623	5.2978	7.88486	2.65602	10.4843	
5.96782	4.09301	17.8946	0.697949	8.24955	5.55322	1.52891	3.68335	0	2.98801	3.45214	6.26234	7.37462	6.13641	4.27421	4.88878	3.84859	3.63891	4.28454	4.75764	
5.42972	2.07023	11.1675	3.11498	4.94079	6.61604	2.28402	5.91624	2.98801	0	3.72133	2.95357	4.30651	2.82764	2.26565	4.01427	4.62112	0.650897	6.33569	1.76963	
4.0588	5.56775	18.1359	2.7542	1.81775	2.68737	3.58516	5.7396	3.45214	3.72133	0	3.19469	3.33146	5.10623	1.4739	0.292941	3.70819	3.08866	5.65951	4.76941	
6.59353	10.7026	3.00635	5.29705	4.92486	2.93426	6.34441	4.94877	6.26234	2.95357	3.19469	0	6.91324	4.47942	1.72079	7.76317	3.95508	2.30268	2.29274	5.85497	
3.2306	2.23628	11.3547	4.95137	1.7661	4.63931	4.79566	3.49707	7.37462	4.30651	3.33146	6.91324	0	3.9021	4.03501	3.29091	1.80073	4.61056	4.39821	4.65221	
8.57915	10.4698	3.12119	5.25202	6.3381	5.48441	9.03267	11.7305	6.13641	2.82764	5.10623	4.47942	3.9021	0	3.7915	4.81329	2.10137	2.17674	5.41081	1.16421	
2.62218	6.14945	4.72715	3.57626	4.5013	1.21347	4.40722	6.36194	4.27421	2.26565	1.4739	1.72079	4.03501	3.7915	0	1.76684	2.23429	1.61476	4.01353	5.08577	
3.76586	6.3158	7.93449	3.04714	1.52481	5.17457	4.55437	7.17623	4.88878	4.01427	0.292941	7.76317	3.29091	4.81329	1.76684	0	6.91466	3.60869	4.15692	5.06235	
4.79175	4.03701	5.22257	3.15064	3.56683	3.38304	3.98161	5.2978	3.84859	4.62112	3.70819	3.95508	1.80073	2.10137	2.23429	6.91466	0	3.84904	4.37117	2.85149	
6.48749	2.72112	5.29794	4.65761	4.28989	2.82823	2.93492	7.88486	3.63891	0.650897	3.08866	2.30268	4.61056	2.17674	1.61476	3.60869	3.84904	0	4.59542	2.42053	
8.56429	6.98165	2.28961	3.58659	2.63211	7.75421	4.05166	2.65602	4.28454	6.33569	5.65951	2.29274	4.39821	5.41081	4.01353	4.15692	4.37117	4.59542	0	7.22266	
7.69885	3.83986	4.28541	6.00213	7.46643	6.23452	4.05366	10.4843	4.75764	1.76963	4.76941	5.85497	4.65221	1.16421	5.08577	5.06235	2.85149	2.42053	7.22266	0	

0	11.7756	11.9959	3.59431	5.42085	4.785	16.5892	6.13176	9.83649	9.18172	7.93281	6.8737	8.87789	11.1469	6.26327	4.60162	4.25709	6.14612	16.3606	4.95666	
11.7756	0	5.18773	9.20137	11.7871	6.9906	15.629	5.80675	12.0421	3.61397	8.68871	8.116	8.10231	7.69708	8.46887	12.4478	6.59729	4.70826	18.1707	6.29818	
11.9959	5.18773	0	11.6361	9.07637	7.40021	16.2359	10.1237	11.7709	6.04866	8.18796	9.39673	7.60156	10.1318	11.068	11.2513	6.09654	4.20751	16.1939	5.79743	
3.59431	9.20137	11.6361	0	7.56246	7.34274	11.5143	5.99599	12.284	5.58741	4.3385	6.1959	6.46736	7.86306	9.09139	4.34475	7.8514	8.31896	8.47974	11.6707	
5.42085	11.7871	9.07637	7.56246	0	3.46985	8.85086	7.9985	8.73327	11.819	4.82824	3.78037	1.0951	8.05354	1.99158	4.72436	1.16376	2.32391	5.3273	0.733988	
4.785	6.9906	7.40021	7.34274	3.46985	0	8.33755	1.34675	5.05149	5.42175	7.17316	4.37376	4.09289	7.87232	1.47827	8.61872	5.08174	3.1927	8.10892	4.78262	
16.5892	15.629	16.2359	11.5143	8.85086	8.33755	0	14.8789	6.0966	9.82041	9.66744	5.31838	8.47193	13.2533	6.85928	12.4078	7.93498	10.5076	7.60222	14.0959	
6.13176	5.80675	10.1237	5.99599	7.9985	1.34675	14.8789	0	6.39824	4.075	10.3345	8.57703	5.43964	8.15811	2.82502	10.3407	9.16226	4.53946	15.8711	8.73249	
9.83649	12.0421	11.7709	12.284	8.73327	5.05149	6.0966	6.39824	0	10.5901	10.4371	6.08809	9.14437	16.3165	6.52976	16.905	8.69885	8.24419	8.37192	7.99928	
9.18172	3.61397	6.04866	5.58741	11.819	5.42175	9.82041	4.075	10.5901	0	7.60767	4.50204	7.65559	4.08311	7.39753	8.83383	7.11864	8.32222	6.34971	11.085	
7.93281	8.68871	8.18796	4.3385	4.82824	7.17316	9.66744	10.3345	10.4371	7.60767	0	4.34906	5.92333	3.52456	6.81982	3.35279	5.86948	3.98045	5.79116	5.56223	
6.8737	8.116	9.39673	6.1959	3.78037	4.37376	5.31838	8.57703	6.08809	4.50204	4.34906	0	3.15356	4.55044	2.89549	7.67939	2.61661	4.50564	2.28384	3.31617	
8.87789	8.10231	7.60156	6.46736	1.0951	4.09289	8.47193	5.43964	9.14437	7.65559	5.92333	3.15356	0	6.49881	3.08668	4.52583	2.25886	3.39405	4.2322	1.82908	
11.1469	7.69708	10.1318	7.86306	8.05354	7.87232	13.2533	8.15811	16.3165	4.08311	3.52456	4.55044	6.49881	0	6.39405	6.87735	6.88978	7.50501	2.2666	7.58935	
6.26327	8.46887	11.068	9.09139	1.99158	1.47827	6.85928	2.82502	6.52976	7.39753	6.81982	2.89549	3.08668	6.39405	0	6.71594	3.15535	4.67097	5.17933	2.72557	
4.60162	12.4478	11.2513	4.34475	4.72436	8.61872	12.4078	10.3407	16.905	8.83383	3.35279	7.67939	4.52583	6.87735	6.71594	0	5.88812	7.33325	8.75803	5.45835	
4.25709	6.59729	6.09654	7.8514	1.16376	5.08174	7.93498	9.16226	8.69885	7.11864	5.86948	2.61661	2.25886	6.88978	3.15535	5.88812	0	1.88903	4.90044	0.699569	
6.14612	4.70826	4.20751	8.31896	2.32391	3.1927	10.5076	4.53946	8.24419	8.32222	3.98045	4.50564	3.39405	7.50501	4.67097	7.33325	1.88903	0	7.47306	1.58992	
16.3606	18.1707	16.1939	8.47974	5.3273	8.10892	7.60222	15.8711	8.37192	6.34971	5.79116	2.28384	4.2322	2.2666	5.17933	8.75803	4.90044	7.47306	0	9.80022	
4.95666	6.29818	5.79743	11.6707	0.733988	4.78262	14.0959	8.73249	7.99928	11.085	5.56223	3.31617	1.82908	7.58935	2.72557	5.45835	0.699569	1.58992	9.80022	0	

0	3.28426	6.80546	2.93887	7.06981	4.00003	11.6397	0.772719	1.00142	5.81569	6.04189	10.3291	5.72989	7.1241	5.11509	5.28438	10.6792	6.32959	10.4998	9.97118	
3.28426	0	13.1317	1.15355	8.80863	7.8769	12.6581	2.51154	3.09099	7.39839	12.6793	10.7824	6.52118	8.86292	16.1799	13.4368	9.25801	10.4283	12.6723	8.17542	
6.80546	13.1317	0	9.75476	4.5851	8.05367	6.00987	7.57818	7.80688	6.23801	10.9872	7.43681	2.6794	5.18991	3.48419	8.27197	3.87373	2.42478	6.26937	9.83461	
2.93887	1.15355	9.75476	0	9.80391	5.43282	11.5045	3.62925	1.93745	6.24484	9.02971	9.62882	5.36763	11.9542	6.05112	5.81314	10.4116	5.62225	10.5871	7.02187	
7.06981	8.80863	4.5851	9.80391	0	8.51051	9.23574	6.29709	4.86109	6.7848	4.12845	3.38883	2.41493	7.71435	0.747422	4.88595	7.12089	1.80683	4.85359	2.78204	
4.00003	7.8769	8.05367	5.43282	8.51051	0	10.3532	4.77275	3.49537	1.81566	4.15831	6.32911	3.11742	11.6675	7.60904	3.40081	11.8148	7.78578	7.18742	9.22627	
11.6397	12.6581	6.00987	11.5045	9.23574	10.3532	0	10.867	12.5588	8.53754	17.4569	13.7921	9.8393	11.386	12.1099	11.9437	9.8836	8.43465	10.0189	6.4537	
0.772719	2.51154	7.57818	3.62925	6.29709	4.77275	10.867	0	1.69181	7.18102	10.4255	11.6945	9.7162	6.35138	5.80548	6.0571	7.66756	7.10231	11.2725	9.07913	
1.00142	3.09099	7.80688	1.93745	4.86109	3.49537	12.5588	1.69181	0	5.31103	14.9526	6.75507	7.30508	8.04319	4.11367	6.28581	12.1675	5.17308	8.21984	8.95932	
5.81569	7.39839	6.23801	6.24484	6.7848	1.81566	8.53754	7.18102	5.31103	0	4.16368	6.5392	1.30176	12.3429	7.02953	1.74727	7.92163	1.55638	5.37176	7.41061	
6.04189	12.6793	10.9872	9.02971	4.12845	4.15831	17.4569	10.4255	14.9526	4.16368	0	3.20497	1.20301	12.9365	4.87587	0.757507	10.2819	3.91669	4.37241	6.91048	
10.3291	10.7824	7.43681	9.62882	3.38883	6.32911	13.7921	11.6945	6.75507	6.5392	3.20497	0	5.83829	9.7315	2.6414	3.96248	4.5817	3.70082	1.16744	4.73268	
5.72989	6.52118	2.6794	5.36763	2.41493	3.11742	9.8393	9.7162	7.30508	1.30176	1.20301	5.83829	0	7.93604	1.31403	0.445504	6.19526	0.254619	6.66446	8.26508	
7.1241	8.86292	5.18991	11.9542	7.71435	11.6675	11.386	6.35138	8.04319	12.3429	12.9365	9.7315	7.93604	0	10.48	14.2871	1.31618	7.25683	4.73044	4.93231	
5.11509	16.1799	3.48419	6.05112	0.747422	7.60904	12.1099	5.80548	4.11367	7.02953	4.87587	2.6414	1.31403	10.48	0	5.85713	7.00006	1.05941	3.80885	3.52946	
5.28438	13.4368	8.27197	5.81314	4.88595	3.40081	11.9437	6.0571	6.28581	1.74727	0.757507	3.96248	0.445504	14.2871	5.85713	0	7.06537	0.700123	6.21895	7.89174	
10.6792	9.25801	3.87373	10.4116	7.12089	11.8148	9.8836	7.66756	12.1675	7.92163	10.2819	4.5817	6.19526	1.31618	7.00006	7.06537	0	5.94065	3.41426	6.24849	
6.32959	10.4283	2.42478	5.62225	1.80683	7.78578	8.43465	7.10231	5.17308	1.55638	3.91669	3.70082	0.254619	7.25683	1.05941	0.700123	5.94065	0	5.16558	4.94235	
10.4998	12.6723	6.26937	10.5871	4.85359	7.18742	10.0189	11.2725	8.21984	5.37176	4.37241	1.16744	6.66446	4.73044	3.80885	6.21895	3.41426	5.16558	0	3.56524	
9.97118	8.17542	9.83461	7.02187	2.78204	9.22627	6.4537	9.07913	8.95932	7.41061	6.91048	4.73268	8.26508	4.93231	3.52946	7.89174	6.24849	4.94235	3.56524	0	

0	4.14478	7.4644	5.11036	2.80736	5.11291	7.15842	4.00433	0.533947	3.93891	15.8604	4.62068	7.94593	1.7124	9.12867	3.08358	9.00276	12.6761	11.7222	6.53551	
4.14478	0	10.8461	4.77518	6.95214	5.69642	3.01364	3.77911	4.67873	9.0013	10.7951	1.40212	7.20564	10.5574	6.9775	18.5791	4.85798	2.84477	1.76632	3.62091	
7.4644	10.8461	0	9.07429	9.32496	9.46298	8.3784	8.14314	7.99835	4.68449	8.46166	7.95369	4.18639	4.37724	3.01881	7.55072	5.98816	3.63269	6.66476	5.73489	
5.11036	4.77518	9.07429	0	6.63362	4.44433	1.76155	6.00424	4.57642	7.05155	7.09154	5.55819	5.95355	5.75487	7.88097	6.35741	4.30577	8.97551	8.79457	3.3394	
2.80736	6.95214	9.32496	6.63362	0	5.69322	9.33058	6.81169	3.34131	5.63666	1.01035	10.389	3.64054	3.44606	4.8045	0.276213	14.8513	7.71974	3.61365	6.35685	
5.11291	5.69642	9.46298	4.44433	5.69322	0	2.68278	10.446	4.57896	7.98393	6.15114	5.64473	6.87479	5.75742	8.92648	5.41701	11.9733	8.20926	5.28053	11.4976	
7.15842	3.01364	8.3784	1.76155	9.33058	2.68278	0	7.14022	6.33796	4.6901	8.46727	4.41576	4.19201	9.78097	8.42254	7.55633	6.06732	6.77318	7.03302	5.10094	
4.00433	3.77911	8.14314	6.00424	6.81169	10.446	7.14022	0	4.53827	4.87472	11.2252	2.37699	5.37281	6.48277	5.12434	8.2882	8.98456	3.81964	2.74119	4.59578	
0.533947	4.67873	7.99835	4.57642	3.34131	4.57896	6.33796	4.53827	0	3.40497	9.7554	4.08673	3.90306	1.17845	2.53688	9.27513	8.88219	5.52939	4.45094	5.95886	
3.93891	9.0013	4.68449	7.05155	5.63666	7.98393	4.6901	4.87472	3.40497	0	4.77336	6.32219	0.498093	4.58342	6.23899	3.86242	10.2108	3.07926	7.99643	9.85102	
15.8604	10.7951	8.46166	7.09154	1.01035	6.15114	8.46727	11.2252	9.7554	4.77336	0	9.62009	4.09846	8.83082	8.79133	0.734133	5.93709	6.85644	4.07157	6.81477	
4.62068	1.40212	7.95369	5.55819	10.389	5.64473	4.41576	2.37699	4.08673	6.32219	9.62009	0	4.02383	5.26519	2.05654	3.70164	6.2601	1.44265	0.364203	2.21879	
7.94593	7.20564	4.18639	5.95355	3.64054	6.87479	4.19201	5.37281	3.90306	0.498093	4.09846	4.02383	0	8.58463	3.19506	3.36433	9.71271	2.58117	5.50991	8.04289	
1.7124	10.5574	4.37724	5.75487	3.44606	5.75742	9.78097	6.48277	1.17845	4.58342	8.83082	5.26519	8.58463	0	1.35843	3.72228	10.2188	1.97232	5.00439	4.78041	
9.12867	6.9775	3.01881	7.88097	4.8045	8.92648	8.42254	5.12434	2.53688	6.23899	8.79133	2.05654	3.19506	1.35843	0	6.98339	9.00697	0.613886	3.54262	4.54158	
3.08358	18.5791	7.55072	6.35741	0.276213	5.41701	7.55633	8.2882	9.27513	3.86242	0.734133	3.70164	3.36433	3.72228	6.98339	0	6.67122	5.9455	3.33744	6.08063	
9.00276	4.85798	5.98816	4.30577	14.8513	11.9733	6.06732	8.98456	8.88219	10.2108	5.93709	6.2601	9.71271	10.2188	9.00697	6.67122	0	11.8041	14.3529	5.43835	
12.6761	2.84477	3.63269	8.97551	7.71974	8.20926	6.77318	3.81964	5.52939	3.07926	6.85644	1.44265	2.58117	1.97232	0.613886	5.9455	11.8041	0	1.80686	3.66145	
11.7222	1.76632	6.66476	8.79457	3.61365	5.28053	7.03302	2.74119	4.45094	7.99643	4.07157	0.364203	5.50991	5.00439	3.54262	3.33744	14.3529	1.80686	0	2.583	
6.53551	3.62091	5.73489	3.3394	6.35685	11.4976	5.10094	4.59578	5.95886	9.85102	6.81477	2.21879	8.04289	4.78041	4.54158	6.08063	5.43835	3.66145	2.583	0	

0	12.5271	9.20966	3.00584	9.85626	0.543519	12.6992	1.16582	5.07109	4.68144	9.1185	5.51058	6.99135	12.2282	7.84256	5.52351	10.0587	6.39413	9.05184	3.80245	
12.5271	0	13.2017	7.01631	6.918	13.0707	6.15373	10.3545	12.0521	11.3371	6.26189	11.3479	8.03493	17.5024	18.0179	5.99677	12.3527	17.955	12.7939	11.4131	
9.20966	13.2017	0	2.78526	13.5952	7.59513	20.7077	5.35324	9.22599	4.5144	4.85947	1.00847	3.37444	3.01851	2.8132	6.35964	0.849028	2.4442	1.29024	12.5761	
3.00584	7.01631	2.78526	0	4.91724	2.46232	0.862576	5.02544	7.19549	1.50981	4.49545	1.77679	2.18769	7.25334	1.14403	4.22585	5.24509	2.62926	2.15938	3.77474	
9.85626	6.918	13.5952	4.91724	0	14.9463	13.3465	5.27893	8.39561	6.26158	1.18635	5.09551	2.72955	10.5766	6.93407	0.921232	7.83623	7.65984	4.23142	6.0538	
0.543519	13.0707	7.59513	2.46232	14.9463	0	3.3249	1.70934	4.73317	3.97213	9.66202	4.23911	4.65002	9.71566	3.60635	8.06045	13.0833	8.02239	6.96925	4.34597	
12.6992	6.15373	20.7077	0.862576	13.3465	3.3249	0	8.71909	11.3959	2.37239	12.806	2.63936	3.05027	8.11592	2.0066	12.1505	18.5064	13.3494	5.66645	4.63732	
1.16582	10.3545	5.35324	5.02544	5.27893	1.70934	8.71909	0	4.27397	3.51563	4.62282	4.34477	5.82554	14.5302	4.4785	4.3577	9.3805	5.22831	4.72736	4.96827	
5.07109	12.0521	9.22599	7.19549	8.39561	4.73317	11.3959	4.27397	0	6.81956	7.85262	8.03202	5.66606	13.5266	7.78243	7.5875	8.37696	9.50228	7.16793	8.87354	
4.68144	11.3371	4.5144	1.50981	6.26158	3.97213	2.37239	3.51563	6.81956	0	5.60547	2.7676	3.6975	8.76315	0.96287	5.34035	3.38189	2.44811	2.17216	5.22467	
9.1185	6.26189	4.85947	4.49545	1.18635	9.66202	12.806	4.62282	7.85262	5.60547	0	3.851	2.30328	10.0707	5.65573	0.265121	7.18012	5.28673	3.80963	5.68148	
5.51058	11.3479	1.00847	1.77679	5.09551	4.23911	2.63936	4.34477	8.03202	2.7676	3.851	0	1.88446	4.02698	1.59188	4.11612	0.823811	1.43573	0.382594	5.55153	
6.99135	8.03493	3.37444	2.18769	2.72955	4.65002	3.05027	5.82554	5.66606	3.6975	2.30328	1.88446	0	9.44103	2.71116	2.03816	1.94309	3.8017	1.50187	5.47349	
12.2282	17.5024	3.01851	7.25334	10.5766	9.71566	8.11592	14.5302	13.5266	8.76315	10.0707	4.02698	9.44103	0	8.39737	10.3358	3.86754	10.752	5.59088	11.0281	
7.84256	18.0179	2.8132	1.14403	6.93407	3.60635	2.0066	4.4785	7.78243	0.96287	5.65573	1.59188	2.71116	8.39737	0	6.24268	1.6505	1.48524	1.20929	4.91877	
5.52351	5.99677	6.35964	4.22585	0.921232	8.06045	12.1505	4.3577	7.5875	5.34035	0.265121	4.11612	2.03816	10.3358	6.24268	0	6.915	6.7869	3.54003	5.41636	
10.0587	12.3527	0.849028	5.24509	7.83623	13.0833	18.5064	9.3805	8.37696	3.38189	7.18012	0.823811	1.94309	3.86754	1.6505	6.915	0	5.60234	0.441216	12.3314	
6.39413	17.955	2.4442	2.62926	7.65984	8.02239	13.3494	5.22831	9.50228	2.44811	5.28673	1.43573	3.8017	10.752	1.48524	6.7869	5.60234	0	1.81833	10.4038	
9.05184	12.7939	1.29024	2.15938	4.23142	6.96925	5.66645	4.72736	7.16793	2.17216	3.80963	0.382594	1.50187	5.59088	1.20929	3.54003	0.441216	1.81833	0	6.97536	
3.80245	11.4131	12.5761	3.77474	6.0538	4.34597	4.63732	4.96827	8.87354	5.22467	5.68148	5.55153	5.47349	11.0281	4.91877	5.41636	12.3314	10.4038	6.97536	0	

0	3.59419	8.28136	5.91768	11.5626	0.933453	8.51126	2.26098	4.07044	7.70706	14.8485	7.48722	8.48119	16.6014	9.47625	7.19773	12.4017	6.84767	9.65967	17.2009	
3.59419	0	12.2921	2.32348	7.43391	4.04392	5.99344	2.71639	1.55263	7.80891	8.19242	8.50394	4.887	12.2588	7.54853	3.98703	11.2545	7.21528	6.33149	10.0308	
8.28136	12.2921	0	10.1433	10.5698	7.34791	10.8034	8.67544	15.012	16.1631	13.8982	6.08696	14.7491	18.0681	8.07599	11.2425	11.2418	7.57844	5.96062	15.1851	
5.91768	2.32348	10.1433	0	4.04021	9.82762	7.20155	5.03987	3.87611	8.39016	5.011	6.35509	7.21048	7.6862	4.14773	1.66355	8.93102	4.08887	4.18264	5.45821	
11.5626	7.43391	10.5698	4.04021	0	12.6707	5.04411	7.22561	12.2948	3.85551	3.24859	4.48287	2.54691	3.43015	4.86085	2.37666	3.66447	4.28448	6.65531	1.96162	
0.933453	4.04392	7.34791	9.82762	12.6707	0	7.90115	1.32753	5.0039	7.60198	13.8272	8.42068	11.7371	14.4492	10.6058	6.17648	13.3351	5.82642	12.744	15.1935	
8.51126	5.99344	10.8034	7.20155	5.04411	7.90115	0	7.46305	4.44082	1.18861	7.3605	4.69371	4.11052	5.35766	2.70468	5.18887	6.68143	3.98471	4.84283	6.83335	
2.26098	2.71639	8.67544	5.03987	7.22561	1.32753	7.46305	0	4.26902	6.27445	7.3489	5.99037	7.60339	6.94516	5.77891	4.84895	10.5338	4.49889	9.04788	6.82176	
4.07044	1.55263	15.012	3.87611	12.2948	5.0039	4.44082	4.26902	0	5.62942	11.2655	9.90694	6.43962	10.8617	7.1455	7.7888	14.4504	8.41545	7.88412	10.7383	
7.70706	7.80891	16.1631	8.39016	3.85551	7.60198	1.18861	6.27445	5.62942	0	6.22733	5.49999	2.92191	6.45478	3.89329	6.23217	5.49283	4.00851	6.03143	5.81712	
14.8485	8.19242	13.8982	5.011	3.24859	13.8272	7.3605	7.3489	11.2655	6.22733	0	4.34149	3.30542	5.29628	4.13003	3.34745	8.88492	2.85001	8.62934	1.28697	
7.48722	8.50394	6.08696	6.35509	4.48287	8.42068	4.69371	5.99037	9.90694	5.49999	4.34149	0	7.02978	3.93776	1.98903	3.91681	5.15489	1.49148	2.17244	3.81435	
8.48119	4.887	14.7491	7.21048	2.54691	11.7371	4.11052	7.60339	6.43962	2.92191	3.30542	7.02978	0	5.97706	7.99556	4.92357	6.21138	6.15543	8.78846	4.50853	
16.6014	12.2588	18.0681	7.6862	3.43015	14.4492	5.35766	6.94516	10.8617	6.45478	5.29628	3.93776	5.97706	0	2.65298	4.8716	7.09461	2.44627	9.77768	4.76914	
9.47625	7.54853	8.07599	4.14773	4.86085	10.6058	2.70468	5.77891	7.1455	3.89329	4.13003	1.98903	7.99556	2.65298	0	2.48419	5.88074	1.28002	4.16147	3.60289	
7.19773	3.98703	11.2425	1.66355	2.37666	6.17648	5.18887	4.84895	7.7888	6.23217	3.34745	3.91681	4.92357	4.8716	2.48419	0	6.04113	2.42532	5.2819	3.79466	
12.4017	11.2545	11.2418	8.93102	3.66447	13.3351	6.68143	10.5338	14.4504	5.49283	8.88492	5.15489	6.21138	7.09461	5.88074	6.04113	0	6.03492	5.38206	5.62608	
6.84767	7.21528	7.57844	4.08887	4.28448	5.82642	3.98471	4.49889	8.41545	4.00851	2.85001	1.49148	6.15543	2.44627	1.28002	2.42532	6.03492	0	3.66393	2.32287	
9.65967	6.33149	5.96062	4.18264	6.65531	12.744	4.84283	9.04788	7.88412	6.03143	8.62934	2.17244	8.78846	9.77768	4.16147	5.2819	5.38206	3.66393	0	9.07656	
17.2009	10.0308	15.1851	5.45821	1.96162	15.1935	6.83335	6.82176	10.7383	5.81712	1.28697	3.81435	4.50853	4.76914	3.60289	3.79466	5.62608	2.32287	9.07656	0	

0	11.623	13.5197	3.88505	10.4157	2.15835	9.72271	3.46723	5.81861	11.9906	9.97142	6.13128	5.19597	14.8784	8.05433	10.7377	9.42238	7.26319	8.69126	10.5469	
11.623	0	8.72161	6.81519	8.31682	8.94536	4.92461	15.4036	5.2851	8.36473	10.2861	4.10747	13.4767	2.94795	6.97258	8.67276	4.78642	11.3544	12.4938	14.4175	
13.5197	8.72161	0	6.65197	12.4231	8.37868	3.79699	8.96882	8.18206	7.23712	11.6495	13.2442	7.67886	15.1101	5.84496	11.9694	11.2258	10.3886	10.4908	11.7946	
3.88505	6.81519	6.65197	0	7.09076	1.7267	4.36699	2.31685	1.53009	7.30676	6.04656	4.84892	4.46614	6.41226	3.12322	7.2112	4.5738	3.73666	3.83879	6.36022	
10.4157	8.31682	12.4231	7.09076	0	8.2573	6.0155	9.73218	10.3065	11.791	0.675806	5.34949	5.31044	8.05883	3.96753	0.355936	8.01617	3.83048	8.99029	4.09461	
2.15835	8.94536	8.37868	1.7267	8.2573	0	6.0937	1.47488	3.25679	9.03346	12.2047	4.13893	3.03762	12.7201	4.38053	8.61324	6.3005	5.46336	5.5655	8.08693	
9.72271	4.92461	3.79699	4.36699	6.0155	6.0937	0	6.68384	5.89708	3.44012	10.5781	6.67554	3.39088	6.13927	2.04796	15.8641	6.09661	2.8391	7.07072	5.54656	
3.46723	15.4036	8.96882	2.31685	9.73218	1.47488	6.68384	0	3.84693	9.6236	7.43181	2.66406	4.5125	3.82357	5.44007	13.3597	4.01614	3.77632	5.22404	7.34717	
5.81861	5.2851	8.18206	1.53009	10.3065	3.25679	5.89708	3.84693	0	8.83685	8.77754	7.18157	6.69788	8.23305	4.65331	9.54385	6.10388	5.26674	5.36888	7.89031	
11.9906	8.36473	7.23712	7.30676	11.791	9.03346	3.44012	9.6236	8.83685	0	7.94	6.7664	9.93379	7.25278	5.48809	11.0284	5.41432	7.55381	5.73224	10.8375	
9.97142	10.2861	11.6495	6.04656	0.675806	12.2047	10.5781	7.43181	8.77754	7.94	0	3.82049	5.9891	5.15013	3.49937	0.31987	3.31167	2.70823	2.20777	4.05854	
6.13128	4.10747	13.2442	4.84892	5.34949	4.13893	6.67554	2.66406	7.18157	6.7664	3.82049	0	4.39314	1.15952	1.9034	4.58681	1.35209	1.11226	5.97718	4.39592	
5.19597	13.4767	7.67886	4.46614	5.31044	3.03762	3.39088	4.5125	6.69788	9.93379	5.9891	4.39314	0	5.43422	1.34291	6.75542	5.39156	2.13405	6.36567	4.84151	
14.8784	2.94795	15.1101	6.41226	8.05883	12.7201	6.13927	3.82357	8.23305	7.25278	5.15013	1.15952	5.43422	0	4.0913	9.05248	1.83847	2.27178	7.1367	5.84263	
8.05433	6.97258	5.84496	3.12322	3.96753	4.38053	2.04796	5.44007	4.65331	5.48809	3.49937	1.9034	1.34291	4.0913	0	4.26569	4.04864	0.791139	5.02276	3.49859	
10.7377	8.67276	11.9694	7.2112	0.355936	8.61324	15.8641	13.3597	9.54385	11.0284	0.31987	4.58681	6.75542	9.05248	4.26569	0	3.63154	3.0281	2.52764	3.73867	
9.42238	4.78642	11.2258	4.5738	8.01617	6.3005	6.09661	4.01614	6.10388	5.41432	3.31167	1.35209	5.39156	1.83847	4.04864	3.63154	0	2.46435	5.51944	6.0352	
7.26319	11.3544	10.3886	3.73666	3.83048	5.46336	2.8391	3.77632	5.26674	7.55381	2.70823	1.11226	2.13405	2.27178	0.791139	3.0281	2.46435	0	4.916	3.28366	
8.69126	12.4938	10.4908	3.83879	8.99029	5.5655	7.07072	5.22404	5.36888	5.73224	2.20777	5.97718	6.36567	7.1367	5.02276	2.52764	5.51944	4.916	0	8.52135	
10.5469	14.4175	11.7946	6.36022	4.09461	8.08693	5.54656	7.34717	7.89031	10.8375	4.05854	4.39592	4.84151	5.84263	3.49859	3.73867	6.0352	3.28366	8.52135	0	

0	10.0563	11.0058	5.07105	7.60969	2.03071	5.01782	2.92396	1.60627	5.30815	8.88576	6.58039	9.02205	12.2564	8.86951	10.2891	4.60239	10.0267	6.87326	9.25279	
10.0563	0	16.0502	9.27941	7.16458	7.59272	9.22618	7.13232	15.8981	10.3525	13.9301	6.011	14.0664	9.40396	5.10236	16.8059	7.58324	3.79286	7.68973	20.5022	
11.0058	16.0502	0	6.80343	1.82069	10.8561	11.0369	9.73017	7.82411	4.68361	3.33019	10.7154	7.52283	6.94093	10.6647	3.25686	7.1529	5.1924	10.0134	14.5243	
5.07105	9.27941	6.80343	0	3.96867	2.76775	4.24094	2.14709	5.45003	1.10575	4.68336	5.80351	3.89361	10.7318	6.07279	7.97067	7.78637	8.82546	6.09638	8.7777	
7.60969	7.16458	1.82069	3.96867	0	5.49837	10.0033	7.90949	6.00342	2.86292	1.50951	5.58985	5.70214	5.12025	4.68121	1.43618	5.33221	3.37172	6.83448	5.99762	
2.03071	7.59272	10.8561	2.76775	5.49837	0	2.71452	0.620669	0.424438	5.15843	5.23485	4.2771	4.37671	9.7428	5.10936	4.06219	3.42055	3.79986	4.56997	3.7521	
5.01782	9.22618	11.0369	4.24094	10.0033	2.71452	0	2.09386	6.6156	11.7735	11.708	5.75028	14.915	8.16835	13.8788	13.849	9.61171	11.6875	6.04315	15.7182	
2.92396	7.13232	9.73017	2.14709	7.90949	0.620669	2.09386	0	1.04511	3.25284	8.70997	3.65643	4.99738	5.66353	5.79402	4.68286	5.25678	4.42053	3.9493	4.37277	
1.60627	15.8981	7.82411	5.45003	6.00342	0.424438	6.6156	1.04511	0	5.58286	7.51293	6.49143	4.80115	11.1237	7.26324	4.48663	2.99611	4.2243	8.2074	4.17654	
5.30815	10.3525	4.68361	1.10575	2.86292	5.15843	11.7735	3.25284	5.58286	0	3.57761	6.45212	3.7139	7.98317	4.96704	4.2991	7.35719	6.23464	7.68603	6.81774	
8.88576	13.9301	3.33019	4.68336	1.50951	5.23485	11.708	8.70997	7.51293	3.57761	0	5.05354	7.21165	6.62976	6.13661	1.17266	6.84172	4.88123	5.75552	5.7341	
6.58039	6.011	10.7154	5.80351	5.58985	4.2771	5.75028	3.65643	6.49143	6.45212	5.05354	0	2.73822	2.4162	2.13759	6.2262	3.49532	2.21813	0.701972	3.98829	
9.02205	14.0664	7.52283	3.89361	5.70214	4.37671	14.915	4.99738	4.80115	3.7139	7.21165	2.73822	0	7.00345	4.87581	7.13832	3.89276	4.95635	3.44019	8.12882	
12.2564	9.40396	6.94093	10.7318	5.12025	9.7428	8.16835	5.66353	11.1237	7.98317	6.62976	2.4162	7.00345	0	4.43322	5.68061	7.76055	6.48336	1.71423	8.10044	
8.86951	5.10236	10.6647	6.07279	4.68121	5.10936	13.8788	5.79402	7.26324	4.96704	6.13661	2.13759	4.87581	4.43322	0	6.41214	5.09987	1.30949	2.71899	1.8507	
10.2891	16.8059	3.25686	7.97067	1.43618	4.06219	13.849	4.68286	4.48663	4.2991	1.17266	6.2262	7.13832	5.68061	6.41214	0	6.76839	4.80789	7.39484	4.56144	
4.60239	7.58324	7.1529	7.78637	5.33221	3.42055	9.61171	5.25678	2.99611	7.35719	6.84172	3.49532	3.89276	7.76055	5.09987	6.76839	0	3.79038	4.19729	8.38822	
10.0267	3.79286	5.1924	8.82546	3.37172	3.79986	11.6875	4.42053	4.2243	6.23464	4.88123	2.21813	4.95635	6.48336	1.30949	4.80789	3.79038	0	2.92011	3.16019	
6.87326	7.68973	10.0134	6.09638	6.83448	4.56997	6.04315	3.9493	8.2074	7.68603	5.75552	0.701972	3.44019	1.71423	2.71899	7.39484	4.19729	2.92011	0	4.56969	
9.25279	20.5022	14.5243	8.7777	5.99762	3.7521	15.7182	4.37277	4.17654	6.81774	5.7341	3.98829	8.12882	8.10044	1.8507	4.56144	8.38822	3.16019	4.56969	0	

0	5.76056	5.0152	7.33947	10.0611	1.74707	8.37054	0.588588	3.37246	6.50178	10.3678	10.1896	7.49788	10.3111	1.82785	9.60206	11.2547	7.17827	7.69884	10.7547	
5.76056	0	10.7758	9.85273	6.01271	4.26033	13.0514	5.26948	4.90492	11.3002	10.6126	13.9776	10.3041	4.93728	6.50874	8.90065	6.80425	9.60602	7.54957	4.99417	
5.0152	10.7758	0	14.643	13.8614	6.76227	8.44926	5.60379	9.6753	7.53475	17.3411	10.4799	8.53085	8.57826	13.3537	15.6571	6.71129	11.4849	10.2672	14.4497	
7.33947	9.85273	14.643	0	6.09567	5.5924	14.6179	6.83598	9.61985	5.94743	6.40048	7.67414	4.95133	8.06159	6.40153	6.31591	11.4136	8.88132	7.8577	7.80738	
10.0611	6.01271	13.8614	6.09567	0	13.5948	10.5592	8.1849	5.40103	2.14044	3.66567	5.74115	1.14434	5.28974	3.06071	1.32637	8.60021	3.82664	6.48854	1.01854	
1.74707	4.26033	6.76227	5.5924	13.5948	0	16.6081	2.33566	6.40717	7.26818	11.9929	12.0879	8.26428	9.19761	11.3746	13.4031	14.4694	10.0222	9.44591	9.2545	
8.37054	13.0514	8.44926	14.6179	10.5592	16.6081	0	7.78195	10.5658	15.4464	11.0721	6.73253	10.5915	4.83091	9.02121	13.4603	2.96394	6.73256	6.51985	10.7023	
0.588588	5.26948	5.60379	6.83598	8.1849	2.33566	7.78195	0	2.78387	7.09037	8.44615	4.1362	8.39741	2.89932	1.23926	2.97361	8.97316	3.71905	8.28743	3.51613	
3.37246	4.90492	9.6753	9.61985	5.40103	6.40717	10.5658	2.78387	0	11.1619	5.70771	15.7326	6.54537	9.8422	4.02314	6.7274	15.1139	9.22767	8.76432	6.41957	
6.50178	11.3002	7.53475	5.94743	2.14044	7.26818	15.4464	7.09037	11.1619	0	3.51743	9.24439	0.996103	9.21789	8.15425	2.36069	8.62366	7.45737	10.5256	7.34515	
10.3678	10.6126	17.3411	6.40048	3.66567	11.9929	11.0721	8.44615	5.70771	3.51743	0	6.96702	2.52133	5.66889	4.12254	2.38819	6.61251	5.7185	3.0566	8.30343	
10.1896	13.9776	10.4799	7.67414	5.74115	12.0879	6.73253	4.1362	15.7326	9.24439	6.96702	0	8.24829	4.557	2.89694	4.63128	3.76859	1.91452	3.91042	5.17381	
7.49788	10.3041	8.53085	4.95133	1.14434	8.26428	10.5915	8.39741	6.54537	0.996103	2.52133	8.24829	0	5.32796	3.09893	1.36459	7.62756	4.97098	5.57793	2.16288	
10.3111	4.93728	8.57826	8.06159	5.28974	9.19761	4.83091	2.89932	9.8422	9.21789	5.66889	4.557	5.32796	0	1.66006	3.39441	1.86697	4.13985	2.61229	3.93693	
1.82785	6.50874	13.3537	6.40153	3.06071	11.3746	9.02121	1.23926	4.02314	8.15425	4.12254	2.89694	3.09893	1.66006	0	1.73435	3.52703	2.47979	4.27235	2.27687	
9.60206	8.90065	15.6571	6.31591	1.32637	13.4031	13.4603	2.97361	6.7274	2.36069	2.38819	4.63128	1.36459	3.39441	1.73435	0	5.83034	4.21413	5.44479	2.34491	
11.2547	6.80425	6.71129	11.4136	8.60021	14.4694	2.96394	8.97316	15.1139	8.62366	6.61251	3.76859	7.62756	1.86697	3.52703	5.83034	0	4.77357	3.5559	7.54827	
7.17827	9.60602	11.4849	8.88132	3.82664	10.0222	6.73256	3.71905	9.22767	7.45737	5.7185	1.91452	4.97098	4.13985	2.47979	4.21413	4.77357	0	2.6619	4.75665	
7.69884	7.54957	10.2672	7.8577	6.48854	9.44591	6.51985	8.28743	8.76432	10.5256	3.0566	3.91042	5.57793	2.61229	4.27235	5.44479	3.5559	2.6619	0	5.96179	
10.7547	4.99417	14.4497	7.80738	1.01854	9.2545	10.7023	3.51613	6.41957	7.34515	8.30343	5.17381	2.16288	3.93693	2.27687	2.34491	7.54827	4.75665	5.96179	0	

0	3.36485	5.38464	7.39873	4.80171	4.02137	8.62905	2.62351	1.5353	7.03794	10.3834	6.59467	10.3665	6.54313	7.55786	8.48586	5.90652	6.55754	6.84382	14.6768	
3.36485	0	5.67889	5.91329	5.09597	6.83436	1.74804	9.03635	1.82955	7.08962	10.3107	7.86296	6.79717	4.97022	5.63715	15.389	4.63177	3.98074	6.10948	7.15843	
5.38464	5.67889	0	9.71277	3.20594	3.8913	8.97761	5.28916	3.84934	7.80647	6.51037	8.37686	4.56222	5.01162	6.09922	6.49978	5.09384	4.44281	9.39244	16.2052	
7.39873	5.91329	9.71277	0	4.47509	6.0977	7.66133	7.49556	5.86344	1.17633	6.77533	1.94967	3.11881	4.46416	4.21332	5.83461	10.6682	5.86973	2.19882	2.63954	
4.80171	5.09597	3.20594	4.47509	0	7.09724	6.11717	9.0993	3.26642	4.60053	3.30443	7.22005	1.35628	1.80568	4.36391	3.29384	2.44229	2.79515	6.9709	3.63029	
4.02137	6.83436	3.8913	6.0977	7.09724	0	5.08631	1.39786	5.79652	7.27404	10.8207	5.75029	9.14088	10.9035	6.33221	7.2602	9.32833	8.33411	5.50114	8.73724	
8.62905	1.74804	8.97761	7.66133	6.11717	5.08631	0	6.48417	3.5776	10.7177	9.4216	4.61059	7.47345	7.08186	12.0095	9.41101	8.18863	5.72878	4.36144	12.6088	
2.62351	9.03635	5.28916	7.49556	9.0993	1.39786	6.48417	0	4.15881	9.66145	6.74109	7.3465	7.74302	7.49258	4.93435	5.86234	8.02621	6.59075	6.899	10.6631	
1.5353	1.82955	3.84934	5.86344	3.26642	5.79652	3.5776	4.15881	0	7.03977	6.57085	7.8131	4.6227	5.07209	8.3537	6.56026	7.44181	5.81029	10.2373	8.50298	
7.03794	7.08962	7.80647	1.17633	4.60053	7.27404	10.7177	9.66145	7.03977	0	5.62682	3.126	4.29514	6.38119	5.38966	6.50557	6.04274	5.39171	4.98333	3.81588	
10.3834	10.3107	6.51037	6.77533	3.30443	10.8207	9.4216	6.74109	6.57085	5.62682	0	9.60077	3.72091	4.97684	2.50004	0.87875	4.47684	5.12786	8.30403	4.13579	
6.59467	7.86296	8.37686	1.94967	7.22005	5.75029	4.61059	7.3465	7.8131	3.126	9.60077	0	5.06847	4.92353	3.43992	5.06122	4.07634	3.93405	0.249153	4.58921	
10.3665	6.79717	4.56222	3.11881	1.35628	9.14088	7.47345	7.74302	4.6227	4.29514	3.72091	5.06847	0	3.16196	4.47284	4.59966	3.46746	2.81643	8.32718	5.75835	
6.54313	4.97022	5.01162	4.46416	1.80568	10.9035	7.08186	7.49258	5.07209	6.38119	4.97684	4.92353	3.16196	0	2.55823	4.17952	0.636613	0.989476	4.4638	1.82462	
7.55786	5.63715	6.09922	4.21332	4.36391	6.33221	12.0095	4.93435	8.3537	5.38966	2.50004	3.43992	4.47284	2.55823	0	1.62129	2.30743	1.65641	3.68908	4.38285	
8.48586	15.389	6.49978	5.83461	3.29384	7.2602	9.41101	5.86234	6.56026	6.50557	0.87875	5.06122	4.59966	4.17952	1.62129	0	5.35559	3.2777	9.69414	4.80078	
5.90652	4.63177	5.09384	10.6682	2.44229	9.32833	8.18863	8.02621	7.44181	6.04274	4.47684	4.07634	3.46746	0.636613	2.30743	5.35559	0	0.651027	3.82719	2.46123	
6.55754	3.98074	4.44281	5.86973	2.79515	8.33411	5.72878	6.59075	5.81029	5.39171	5.12786	3.93405	2.81643	0.989476	1.65641	3.2777	0.651027	0	4.18321	2.81409	
