20
5
2
3
40

6	11
10	43
1	33
14	23
27	48

12	21
1	2
11	28
2	10
14	5
10	12
23	24
24	11
8	30
11	27
29	42
26	47
30	36
37	28
31	27
42	35
42	47
41	23
36	45
43	34

150

1.79769e+308
1.79769e+308
1.79769e+308
1.79769e+308
1.79769e+308

11
15
11
14
17
13
14
15
13
17
16
18
12
19
18
15
16
14
20
14

0
0
0
0
0

0

0	11.7341	17.5976	7.88785	22.9245	9.23617	3.08869	7.81574	2.22648	10.7	1.03078	11.705	10.1547	12.2972	7.37574	23.7739	22.1356	17.0587	26.684	14.7757	27.0401	16.9384	23.9605	15.0772	25.9587
11.7341	0	16.815	13.6458	5.47597	13.2544	18.618	8.2953	9.50764	19.4012	18.5785	9.20869	16.5138	12.7768	7.8553	8.95279	4.28803	13.6543	19.8028	15.2553	25.447	9.08803	16.6013	10.17	20.3387
17.5976	16.815	0	7.25384	16.1691	6.34874	16.1825	3.98707	19.8241	15.7441	14.5541	7.08294	17.1665	1.75163	6.67309	6.17629	10.841	12.0519	9.08639	18.2714	19.3232	9.24053	12.288	15.0928	15.2806
7.88785	13.6458	7.25384	0	6.48094	0.905097	14.7717	3.52139	5.66138	4.5	9.11049	4.43714	10.331	8.99935	6.1	14.4257	7.66888	8.88272	16.9905	13.5	16.4132	10.9909	17.0826	8.75778	15.5081
22.9245	5.47597	16.1691	6.48094	0	7.38604	20.2349	9.98887	12.1423	10.9809	22.8675	10.9181	16.1823	12.2243	9.9783	5.8527	1.18794	8.90591	10.5095	10.0475	10.39	4.50999	10.6016	2.27684	12.5436
9.23617	13.2544	6.34874	0.905097	7.38604	0	14.9838	2.6163	6.56647	5.4051	8.20539	5.34224	16.7139	4.85174	3.0563	12.525	13.8789	6.7394	15.4351	15.855	16.2017	10.3217	19.6898	14.9386	15.6394
3.08869	18.618	16.1825	14.7717	20.2349	14.9838	0	16.0243	5.31517	11.4738	4.11947	19.7622	10.3732	14.4309	10.4644	19.2682	19.0469	21.2418	31.9732	30.1793	32.586	22.0455	21.1937	23.941	31.6809
7.81574	8.2953	3.98707	3.52139	9.98887	2.6163	16.0243	0	10.6348	11.2639	10.8217	4.76926	9.09852	2.23544	0.44	7.0728	11.1768	4.12311	16.2415	7.84	13.9282	12.938	11.7863	8.14146	13.0231
2.22648	9.50764	19.8241	5.66138	12.1423	6.56647	5.31517	10.6348	0	10.1614	3.25725	10.0985	7.92818	15.1162	9.60222	17.7761	13.7957	15.284	20.8024	17.5948	20.5919	14.7119	18.7487	17.8962	21.1694
10.7	19.4012	15.7441	4.5	10.9809	5.4051	11.4738	11.2639	10.1614	0	11.3678	8.93714	5.83095	14.0883	10.6	16.8212	24.8436	9.76795	21.8863	15.3823	21.4483	17.5032	16.6515	19.2473	20.0081
1.03078	18.5785	14.5541	9.11049	22.8675	8.20539	4.11947	10.8217	3.25725	11.3678	0	17.8969	14.1708	16.9842	8.40652	25.1396	22.0843	18.8718	28.0497	30.4522	24.7583	18.5271	33.5583	31.0031	26.9145
11.705	9.20869	7.08294	4.43714	10.9181	5.34224	19.7622	4.76926	10.0985	8.93714	17.8969	0	12.9878	5.33131	4.32926	10.1687	13.4967	4.44558	12.6674	10.0599	16.1259	17.8921	12.1088	12.0307	16.4148
10.1547	16.5138	17.1665	10.331	16.1823	16.7139	10.3732	9.09852	7.92818	5.83095	14.1708	12.9878	0	13.58	8.65852	10.9902	15.655	15.5989	14.0221	16.0585	17.5523	11.6723	10.8205	16.2892	21.5536
12.2972	12.7768	1.75163	8.99935	12.2243	4.85174	14.4309	2.23544	15.1162	14.0883	16.9842	5.33131	13.58	0	2.67544	4.83735	9.50212	6.35855	10.838	12.3215	22.4558	7.9016	26.4567	12.6229	15.2585
7.37574	7.8553	6.67309	6.1	9.9783	3.0563	10.4644	0.44	9.60222	10.6	8.40652	4.32926	8.65852	2.67544	0	9.75882	12.1433	4.56311	16.585	7.4	21.4538	12.3184	13.3237	7.70146	13.4631
23.7739	8.95279	6.17629	14.4257	5.8527	12.525	19.2682	7.0728	17.7761	16.8212	25.1396	10.1687	10.9902	4.83735	9.75882	0	4.66476	8.94166	9.15478	14.556	8.94425	3.06425	12.4324	7.68117	16.6242
22.1356	4.28803	10.841	7.66888	1.18794	13.8789	19.0469	11.1768	13.7957	24.8436	22.0843	13.4967	15.655	9.50212	12.1433	4.66476	0	10.0938	10.8905	11.1324	10.68	4.8	11.7896	3.46478	13.7315
17.0587	13.6543	12.0519	8.88272	8.90591	6.7394	21.2418	4.12311	15.284	9.76795	18.8718	4.44558	15.5989	6.35855	4.56311	8.94166	10.0938	0	10.8648	5.61434	11.6803	12.0059	7.66322	11.1827	11.9692
26.684	19.8028	9.08639	16.9905	10.5095	15.4351	31.9732	16.2415	20.8024	21.8863	28.0497	12.6674	14.0221	10.838	16.585	9.15478	10.8905	10.8648	0	9.12524	7.09935	6.09053	3.20156	10.7075	6.19426
14.7757	15.2553	18.2714	13.5	10.0475	15.855	30.1793	7.84	17.5948	15.3823	30.4522	10.0599	16.0585	12.3215	7.4	14.556	11.1324	5.61434	9.12524	0	8.54594	14.5574	5.92368	12.3243	7.64084
27.0401	25.447	19.3232	16.4132	10.39	16.2017	32.586	13.9282	20.5919	21.4483	24.7583	16.1259	17.5523	22.4558	21.4538	8.94425	10.68	11.6803	7.09935	8.54594	0	5.88	10.1149	10.4969	0.905097
16.9384	9.08803	9.24053	10.9909	4.50999	10.3217	22.0455	12.938	14.7119	17.5032	18.5271	17.8921	11.6723	7.9016	12.3184	3.06425	4.8	12.0059	6.09053	14.5574	5.88	0	9.2921	4.61693	6.7851
23.9605	16.6013	12.288	17.0826	10.6016	19.6898	21.1937	11.7863	18.7487	16.6515	33.5583	12.1088	10.8205	26.4567	13.3237	12.4324	11.7896	7.66322	3.20156	5.92368	10.1149	9.2921	0	12.8785	9.39582
15.0772	10.17	15.0928	8.75778	2.27684	14.9386	23.941	8.14146	17.8962	19.2473	31.0031	12.0307	16.2892	12.6229	7.70146	7.68117	3.46478	11.1827	10.7075	12.3243	10.4969	4.61693	12.8785	0	13.4296
25.9587	20.3387	15.2806	15.5081	12.5436	15.6394	31.6809	13.0231	21.1694	20.0081	26.9145	16.4148	21.5536	15.2585	13.4631	16.6242	13.7315	11.9692	6.19426	7.64084	0.905097	6.7851	9.39582	13.4296	0
																								
0	15.9242	15.7927	14.5789	13.2829	8.25308	9.67871	12.907	3.79326	3.4	6.84436	14.9053	6.3	12.9807	12.237	20.4583	28.0494	22.8045	24.4661	16.9185	19.248	20.3532	23.9491	20.0011	17.8621
15.9242	0	21.4339	8.68718	10.4548	5.75532	13.6497	4.35718	15.0634	20.3377	9.7005	12.8405	18.2503	8.31166	3.68718	9.51315	11.3798	18.1014	15.9162	12.4084	15.7798	11.8034	17.0402	12.6356	14.3505
15.7927	21.4339	0	15.2557	15.0083	12.6975	19.8461	9.5801	17.1573	17.2553	10.9667	6.41783	15.0232	12.4899	14.7656	18.1815	16.3323	9.75201	25.0784	12.5695	18.8824	12.3844	21.9927	25.7285	20.2684
14.5789	8.68718	15.2557	0	16.0744	3.0547	14.9626	5.67	7.51452	14.833	8.54443	10.1011	8.27886	2.76586	5	21.4461	19.0513	10.5525	17.229	17.843	16.7547	13.1162	24.6726	20.8455	18.1406
13.2829	10.4548	15.0083	16.0744	0	19.0013	24.08	19.1505	18.1945	9.88287	16.1714	14.8377	7.7955	19.3988	14.142	10.2494	2.31931	11.5035	18.3068	17.3895	6.71931	13.9929	7.9797	10.7201	15.9053
8.25308	5.75532	12.6975	3.0547	19.0013	0	10.3453	2.73814	4.45982	17.5757	8.08146	7.98123	11.3336	5.82056	2.06814	16.9869	18.0131	7.49784	14.2972	13.3838	19.4516	10.1843	21.7407	21.235	13.8113
9.67871	13.6497	19.8461	14.9626	24.08	10.3453	0	10.0284	5.88545	15.0761	8.87939	13.1907	18.2767	14.587	9.96255	20.1498	18.6103	19.6814	12.8781	18.5628	14.2103	17.7898	21.1381	23.0734	15.3124
12.907	4.35718	9.5801	5.67	19.1505	2.73814	10.0284	0	11.0359	21.3579	6.68332	3.16228	11.7676	4.90355	0.67	14.926	24.5892	6.49646	12.899	9.31396	21.7427	8.78618	19.9281	25.8683	22.6161
3.79326	15.0634	17.1573	7.51452	18.1945	4.45982	5.88545	11.0359	0	7.19326	9.23576	12.441	10.0933	9.18747	6.52796	19.2597	20.5138	11.9577	18.7635	20.7118	20.0958	18.7514	26.3405	17.5664	21.1979
3.4	20.3377	17.2553	14.833	9.88287	17.5757	15.0761	21.3579	7.19326	0	6.28856	15.3114	9.7	20.5859	12.3019	20.9508	12.2022	21.3863	27.9542	20.3185	26.4034	25.3085	23.3933	20.603	21.2621
6.84436	9.7005	10.9667	8.54443	16.1714	8.08146	8.87939	6.68332	9.23576	6.28856	0	9.02282	13.1444	10.6378	6.01332	20.7865	22.7651	12.357	18.2424	15.1745	19.2334	14.1295	17.1048	22.9568	17.8475
14.9053	12.8405	6.41783	10.1011	14.8377	7.98123	13.1907	3.16228	12.441	15.3114	9.02282	0	8.60535	8.06583	3.83228	8.89154	14.1025	3.33419	10.1375	6.15168	10.5042	5.96657	16.7658	13.6243	9.6476
6.3	18.2503	15.0232	8.27886	7.7955	11.3336	18.2767	11.7676	10.0933	9.7	13.1444	8.60535	0	11.0447	13.2789	16.8236	10.1148	11.9395	28.2855	14.757	22.5641	14.5719	23.5138	13.7011	23.2191
12.9807	8.31166	12.4899	2.76586	19.3988	5.82056	14.587	4.90355	9.18747	20.5859	10.6378	8.06583	11.0447	0	4.62448	18.4572	20.3238	14.7229	16.8535	18.3239	16.8392	12.7407	24.297	20.9647	18.2251
12.237	3.68718	14.7656	5	14.142	2.06814	9.96255	0.67	6.52796	12.3019	6.01332	3.83228	13.2789	4.62448	0	11.0411	15.067	9.56598	12.229	14.9638	13.2762	8.11618	19.6726	17.7928	23.8608
20.4583	9.51315	18.1815	21.4461	10.2494	16.9869	20.1498	14.926	19.2597	20.9508	20.7865	8.89154	16.8236	18.4572	11.0411	0	7.93009	9.48911	7.83668	9.77259	6.22328	2.92496	13.2226	3.12247	4.83735
28.0494	11.3798	16.3323	19.0513	2.31931	18.0131	18.6103	24.5892	20.5138	12.2022	22.7651	14.1025	10.1148	20.3238	15.067	7.93009	0	10.7683	13.9204	8.75247	4.4	9.56	5.66039	11.0526	5.78593
22.8045	18.1014	9.75201	10.5525	11.5035	7.49784	19.6814	6.49646	11.9577	21.3863	12.357	3.33419	11.9395	14.7229	9.56598	9.48911	10.7683	0	6.80329	5.886	7.69934	7.32547	14.6987	12.6116	6.31341
24.4661	15.9162	25.0784	17.229	18.3068	14.2972	12.8781	12.899	18.7635	27.9542	18.2424	10.1375	28.2855	16.8535	12.229	7.83668	13.9204	6.80329	0	10.5232	10.0717	4.91172	8.26003	14.5883	12.3037
16.9185	12.4084	12.5695	17.843	17.3895	13.3838	18.5628	9.31396	20.7118	20.3185	15.1745	6.15168	14.757	18.3239	14.9638	9.77259	8.75247	5.886	10.5232	0	4.35247	6.84763	12.0628	7.47262	5.7384
19.248	15.7798	18.8824	16.7547	6.71931	19.4516	14.2103	21.7427	20.0958	26.4034	19.2334	10.5042	22.5641	16.8392	13.2762	6.22328	4.4	7.69934	10.0717	4.35247	0	5.16	9.77118	8.86305	1.38593
20.3532	11.8034	12.3844	13.1162	13.9929	10.1843	17.7898	8.78618	18.7514	25.3085	14.1295	5.96657	14.5719	12.7407	8.11618	2.92496	9.56	7.32547	4.91172	6.84763	5.16	0	13.1718	6.04743	6.54593
23.9491	17.0402	21.9927	24.6726	7.9797	21.7407	21.1381	19.9281	26.3405	23.3933	17.1048	16.7658	23.5138	24.297	19.6726	13.2226	5.66039	14.6987	8.26003	12.0628	9.77118	13.1718	0	16.2439	8.38525
20.0011	12.6356	25.7285	20.8455	10.7201	21.235	23.0734	25.8683	17.5664	20.603	22.9568	13.6243	13.7011	20.9647	17.7928	3.12247	11.0526	12.6116	14.5883	7.47262	8.86305	6.04743	16.2439	0	7.95982
17.8621	14.3505	20.2684	18.1406	15.9053	13.8113	15.3124	22.6161	21.1979	21.2621	17.8475	9.6476	23.2191	18.2251	23.8608	4.83735	5.78593	6.31341	12.3037	5.7384	1.38593	6.54593	8.38525	7.95982	0
																								
0	20.8177	20.0431	14.4329	18.0443	13.5278	7.15452	15.0057	5.56619	7.23167	4.32926	17.1207	10.62	10.3687	12.5976	12.7382	19.3379	15.7796	19.3939	20.7493	13.8453	18.4053	19.2125	19.897	16.2212
20.8177	0	8.74486	8.19503	13.9988	7.28994	20.1378	9.3842	9.93219	26.1524	21.5802	17.7309	16.0374	5.12965	8.99045	9.89367	14.3382	12.1987	20.2455	21.2432	15.5029	20.0629	26.822	17.0525	17.8788
20.0431	8.74486	0	10.8352	7.50269	9.93008	16.12	7.55743	13.3322	17.6213	14.5657	21.131	18.0483	8.52967	6.29743	10.0385	7.16327	6.99714	12.95	20.5653	14.5833	19.8025	25.062	9.30486	12.2277
14.4329	8.19503	10.8352	0	23.1437	0.905097	18.8158	4.51134	11.46	4.14	7.04241	5.34268	9.15462	7.01139	7.55	12.3184	14.7782	9.27699	13.1808	9.18748	13.2463	23.602	12.2525	20.5263	12.4981
18.0443	13.9988	7.50269	23.1437	0	16.1718	10.635	18.7371	22.7824	12.4389	15.3481	17.8283	7.42428	19.1285	18.0038	9.80306	0.339411	5.84062	16.0997	14.9643	9.92472	14.432	21.2438	2.481	7.16136
13.5278	7.28994	9.93008	0.905097	16.1718	0	17.1156	3.60624	10.5549	5.0451	13.5235	6.24777	8.74748	6.10629	4.86624	15.1959	17.0934	9.7909	14.0859	9.41349	22.7259	18.8772	23.8365	19.5501	20.5054
7.15452	20.1378	16.12	18.8158	10.635	17.1156	0	19.2627	5.7939	5.72767	2.82526	26.4492	14.7556	11.978	11.0936	19.975	10.2956	15.7968	17.8899	23.647	30.2956	34.1249	22.7883	12.4372	27.6304
15.0057	9.3842	7.55743	4.51134	18.7371	3.60624	19.2627	0	9.05709	12.5838	9.52831	9.65205	12.3537	4.25455	1.26	9.22604	11.6859	6.18466	8.05787	5.80725	13.7709	15.2709	15.2851	17.434	12.4756
5.56619	9.93219	13.3322	11.46	22.7824	10.5549	5.7939	9.05709	0	5.87105	2.96864	17.4038	14.899	4.80254	8.66334	12.9793	17.471	11.8716	18.0333	16.4716	19.4115	33.7326	23.3628	20.1382	22.2675
7.23167	26.1524	17.6213	4.14	12.4389	5.0451	5.72767	12.5838	5.87105	0	2.90241	9.48268	5.01462	15.1846	11.1707	19.5246	12.2306	13.417	16.4366	15.1439	19.4316	24.3342	8.11249	14.3722	16.6095
4.32926	21.5802	14.5657	7.04241	15.3481	13.5235	2.82526	9.52831	2.96864	2.90241	0	14.6757	7.91703	7.77118	8.26831	15.948	13.1209	17.8705	15.0647	17.3153	18.1746	31.2499	11.0149	17.1503	23.2105
17.1207	17.7309	21.131	5.34268	17.8283	6.24777	26.4492	9.65205	17.4038	9.48268	14.6757	0	11.213	12.6013	12.8927	12.1431	21.8225	14.5211	6.09542	3.8448	7.90362	12.11	12.2589	9.7631	7.15542
10.62	16.0374	18.0483	9.15462	7.42428	8.74748	14.7556	12.3537	14.899	5.01462	7.91703	11.213	0	14.8538	11.7509	17.2273	7.7637	21.7597	12.3799	10.1293	17.349	19.3196	13.1271	11.978	16.7976
10.3687	5.12965	8.52967	7.01139	19.1285	6.10629	11.978	4.25455	4.80254	15.1846	7.77118	12.6013	14.8538	0	3.8608	10.1105	12.5703	7.06909	13.022	10.0618	14.6553	19.5255	22.6254	18.1497	14.4347
12.5976	8.99045	6.29743	7.55	18.0038	4.86624	11.0936	1.26	8.66334	11.1707	8.26831	12.8927	11.7509	3.8608	0	8.20076	13.4607	7.44466	18.9766	7.06725	21.7023	16.5309	18.7646	15.3596	19.3264
12.7382	9.89367	10.0385	12.3184	9.80306	15.1959	19.975	9.22604	12.9793	19.5246	15.948	12.1431	17.2273	10.1105	8.20076	0	8.54259	3.04138	8.99426	11.3496	10.6276	17.3414	20.8274	7.15883	9.76651
19.3379	14.3382	7.16327	14.7782	0.339411	17.0934	10.2956	11.6859	17.471	12.2306	13.1209	21.8225	7.7637	12.5703	13.4607	8.54259	0	5.50121	11.4541	15.3037	10.2641	12.3241	20.3431	2.14159	4.74927
15.7796	12.1987	6.99714	9.27699	5.84062	9.7909	15.7968	6.18466	11.8716	13.417	17.8705	14.5211	21.7597	7.06909	7.44466	3.04138	5.50121	0	5.95288	8.2035	7.5862	12.1462	14.2769	7.6428	7.36565
19.3939	20.2455	12.95	13.1808	16.0997	14.0859	17.8899	8.05787	18.0333	16.4366	15.0647	6.09542	12.3799	13.022	18.9766	8.99426	11.4541	5.95288	0	2.25062	8.60233	13.1005	8.32406	10.7536	8.14587
20.7493	21.2432	20.5653	9.18748	14.9643	9.41349	23.647	5.80725	16.4716	15.1439	17.3153	3.8448	10.1293	10.0618	7.06725	11.3496	15.3037	8.2035	2.25062	0	8.2969	11.623	9.47789	9.27605	6.66837
13.8453	15.5029	14.5833	13.2463	9.92472	22.7259	30.2956	13.7709	19.4115	19.4316	18.1746	7.90362	17.349	14.6553	21.7023	10.6276	10.2641	7.5862	8.60233	8.2969	0	4.56	10.8729	4.98356	2.37588
18.4053	20.0629	19.8025	23.602	14.432	18.8772	34.1249	15.2709	33.7326	24.3342	31.2499	12.11	19.3196	19.5255	16.5309	17.3414	12.3241	12.1462	13.1005	11.623	4.56	0	13.4517	7.56227	4.95459
19.2125	26.822	25.062	12.2525	21.2438	23.8365	22.7883	15.2851	23.3628	8.11249	11.0149	12.2589	13.1271	22.6254	18.7646	20.8274	20.3431	14.2769	8.32406	9.47789	10.8729	13.4517	0	11.1047	8.49706
19.897	17.0525	9.30486	20.5263	2.481	19.5501	12.4372	17.434	20.1382	14.3722	17.1503	9.7631	11.978	18.1497	15.3596	7.15883	2.14159	7.6428	10.7536	9.27605	4.98356	7.56227	11.1047	0	2.60768
16.2212	17.8788	12.2277	12.4981	7.16136	20.5054	27.6304	12.4756	22.2675	16.6095	23.2105	7.15542	16.7976	14.4347	19.3264	9.76651	4.74927	7.36565	8.14587	6.66837	2.37588	4.95459	8.49706	2.60768	0
																								
0	20.4371	9.41229	9.14003	16.0357	5.83095	3.70643	11.2939	6.55574	10.9849	0.907083	16.4626	17.5463	9.74354	11.6704	23.53	21.1236	17.5596	23.0858	18.1058	30.2866	24.7327	30.0524	24.032	29.1892
20.4371	0	9.55207	4.77687	10.1004	9.36632	15.6316	3.80687	19.4922	18.1959	19.53	9.20869	10.1238	7.34524	3.52687	7.42026	8.52687	16.9702	16.1378	11.3447	14.5074	16.1137	21.1283	14.3089	11.4514
9.41229	9.55207	0	7.99369	17.5035	3.58134	18.65	12.5933	11.0144	8.6438	12.1555	10.9341	15.2967	11.0429	9.42079	14.4113	16.3939	11.3704	20.7825	13.0701	16.3074	24.0233	16.4924	16.1207	18.4425
9.14003	4.77687	7.99369	0	9.01696	4.41235	5.4336	1.53	11.8454	10.08	12.9865	11.2343	7.84697	4.81572	1.25	13.789	6.25	17.6486	15.0543	9.60534	18.7823	15.0303	13.9102	12.032	16.3181
16.0357	10.1004	17.5035	9.01696	0	13.4293	14.4506	7.1715	20.8562	19.097	15.1286	6.56938	17.7824	8.72189	7.40416	4.38669	2.40416	15.6215	6.03738	8.70538	10.3385	6.01332	10.3275	5.31263	10.1027
5.83095	9.36632	3.58134	4.41235	13.4293	0	9.53738	6.11945	7.43303	12.2251	6.73804	14.3662	11.7154	9.65783	5.66235	17.9927	10.8395	14.9517	22.8461	14.0177	26.3294	30.1051	20.0738	16.6215	20.9075
3.70643	15.6316	18.65	5.4336	14.4506	9.53738	0	8.69893	10.2622	10.0062	4.61351	12.7562	19.3358	13.45	6.6836	21.1046	17.24	13.8532	24.0582	14.8922	18.7903	32.3547	28.01	17.9428	22.7972
11.2939	3.80687	12.5933	1.53	7.1715	6.11945	8.69893	0	13.6847	13.3453	17.7792	7.96894	6.87697	1.55039	0.28	11.9076	5.28	16.6786	13.2089	10.1049	20.77	13.1848	10.6448	11.062	12.9927
6.55574	19.4922	11.0144	11.8454	20.8562	7.43303	10.2622	13.6847	0	20.633	7.46282	21.6537	19.1484	15.2351	13.2725	24.8339	20.9654	15.284	16.5301	24.3768	20.221	26.937	20.8202	26.2363	24.228
10.9849	18.1959	8.6438	10.08	19.097	12.2251	10.0062	13.3453	20.633	0	10.0778	19.5779	9.32952	15.9402	11.33	23.0551	21.8864	18.1405	24.4091	19.6853	20.1079	35.8279	19.9419	30.6254	21.211
0.907083	19.53	12.1555	12.9865	15.1286	6.73804	4.61351	17.7792	7.46282	10.0778	0	19.8148	19.4073	10.6506	14.4136	21.2002	17.5327	21.5218	21.166	19.0129	30.1857	21.1419	35.4555	20.4412	29.5856
16.4626	9.20869	10.9341	11.2343	6.56938	14.3662	12.7562	7.96894	21.6537	19.5779	19.8148	0	11.213	9.51933	8.24894	8.34841	8.97355	17.349	9.98276	2.136	13.3922	12.5827	18.6138	5.18662	12.3795
17.5463	10.1238	15.2967	7.84697	17.7824	11.7154	19.3358	6.87697	19.1484	9.32952	19.4073	11.213	0	10.4153	6.59697	19.5614	11.597	22.9955	14.9025	13.349	19.4958	28.1476	10.6124	16.3996	12.9603
9.74354	7.34524	11.0429	4.81572	8.72189	9.65783	13.45	1.55039	15.2351	15.9402	10.6506	9.51933	10.4153	0	1.83039	13.7865	8.81838	20.2169	25.4748	17.3701	20.8736	27.7148	12.1952	14.6004	17.8176
11.6704	3.52687	9.42079	1.25	7.40416	5.66235	6.6836	0.28	13.2725	11.33	14.4136	8.24894	6.59697	1.83039	0	6.98252	5	16.3986	11.8059	10.8553	16.1712	21.7235	10.9248	10.782	12.9183
23.53	7.42026	14.4113	13.789	4.38669	17.9927	21.1046	11.9076	24.8339	23.0551	21.2002	8.34841	19.5614	13.7865	6.98252	0	1.98252	9.54994	8.78842	10.4844	5.13422	12.0849	6.379	7.15883	4.03113
21.1236	8.52687	16.3939	6.25	2.40416	10.8395	17.24	5.28	20.9654	21.8864	17.5327	8.97355	11.597	8.81838	5	1.98252	0	11.5325	6.80589	14.6527	9.02143	8.41748	10.2662	7.71679	6.01365
17.5596	16.9702	11.3704	17.6486	15.6215	14.9517	13.8532	16.6786	15.284	18.1405	21.5218	17.349	22.9955	20.2169	16.3986	9.54994	11.5325	0	9.23822	15.213	4.93705	20.6571	11.2919	15.0351	6.04014
23.0858	16.1378	20.7825	15.0543	6.03738	22.8461	24.0582	13.2089	16.5301	24.4091	21.166	9.98276	14.9025	25.4748	11.8059	8.78842	6.80589	9.23822	0	7.84676	4.30116	12.0507	4.29009	11.35	5.40425
18.1058	11.3447	13.0701	9.60534	8.70538	14.0177	14.8922	10.1049	24.3768	19.6853	19.0129	2.136	13.349	17.3701	10.8553	10.4844	14.6527	15.213	7.84676	0	12.1479	28.8873	12.1369	7.32262	14.5871
30.2866	14.5074	16.3074	18.7823	10.3385	26.3294	18.7903	20.77	20.221	20.1079	30.1857	13.3922	19.4958	20.8736	16.1712	5.13422	9.02143	4.93705	4.30116	12.1479	0	15.72	3.45096	13.3592	1.10309
24.7327	16.1137	24.0233	15.0303	6.01332	30.1051	32.3547	13.1848	26.937	35.8279	21.1419	12.5827	28.1476	27.7148	21.7235	12.0849	8.41748	20.6571	12.0507	28.8873	15.72	0	17.5352	10.9415	16.6892
30.0524	21.1283	16.4924	13.9102	10.3275	20.0738	28.01	10.6448	20.8202	19.9419	35.4555	18.6138	10.6124	12.1952	10.9248	6.379	10.2662	11.2919	4.29009	12.1369	3.45096	17.5352	0	14.604	2.34787
24.032	14.3089	16.1207	12.032	5.31263	16.6215	17.9428	11.062	26.2363	30.6254	20.4412	5.18662	16.3996	14.6004	10.782	7.15883	7.71679	15.0351	11.35	7.32262	13.3592	10.9415	14.604	0	11.19
29.1892	11.4514	18.4425	16.3181	10.1027	20.9075	22.7972	12.9927	24.228	21.211	29.5856	12.3795	12.9603	17.8176	12.9183	4.03113	6.01365	6.04014	5.40425	14.5871	1.10309	16.6892	2.34787	11.19	0
																								
0	17.8519	11.8298	6.36965	16.2303	5.48109	6.89807	9.22876	4.98896	8.8	3.09233	11.2306	15.1658	8.02409	7.67089	19.7496	16.473	10.5902	13.7631	17.4136	18.7405	18.2679	14.9341	21.0731	20.457
17.8519	0	18.7195	14.3507	9.74602	12.3708	25.9826	16.1185	30.6561	21.5233	13.8937	5.75543	10.5796	16.5727	10.7032	9.70341	11.7401	14.2047	13.7636	9.25847	17.4873	11.9321	13.5074	12.9179	19.8619
11.8298	18.7195	0	8.32864	19.9142	6.34874	11.16	10.0964	13.6593	10.496	12.954	16.493	16.0334	10.5859	8.53853	12.6646	14.835	8.16333	15.1792	16.2226	11.6554	18.5275	25.6168	14.6533	15.6605
6.36965	14.3507	8.32864	0	9.08318	1.9799	15.5917	1.39943	7.81273	17.7088	3.27732	7.49773	11.6646	2.69743	1.91943	21.247	15.4108	8.82102	13.9481	13.55	17.9732	8.85076	15.1191	15.1804	9.4289
16.2303	9.74602	19.9142	9.08318	0	11.4314	29.0133	7.68375	17.6734	20.7767	13.138	11.4356	11.1364	8.98175	8.20375	8.40809	1.99404	8.66572	17.724	11.2777	7.74128	8.55404	11.9558	11.7637	9.55147
5.48109	12.3708	6.34874	1.9799	11.4314	0	12.3792	2.70979	10.4701	14.2811	5.25721	7.13752	9.68471	5.04566	2.18979	22.0742	21.1439	11.1693	15.5769	13.1898	19.9531	10.8307	18.7199	14.8202	9.0687
6.89807	25.9826	11.16	15.5917	29.0133	12.3792	0	13.7691	2.4993	4.66958	7.03472	20.2951	23.2538	13.2764	15.8016	25.6117	23.3711	19.3233	12.8013	16.792	18.1787	22.8641	14.4568	19.9597	16.3685
9.22876	16.1185	10.0964	1.39943	7.68375	2.70979	13.7691	0	11.2698	17.2498	4.67674	5.46773	12.8406	1.298	0.52	11.9228	9.67779	7.42159	14.4375	11.52	10.9137	10.2502	18.1394	13.1504	7.3989
4.98896	30.6561	13.6593	7.81273	17.6734	10.4701	2.4993	11.2698	0	5.98	4.53542	12.6736	20.8168	12.5678	11.7898	26.9925	18.3896	12.0333	14.1117	19.2913	16.5095	19.711	16.0327	22.459	18.3197
8.8	21.5233	10.496	17.7088	20.7767	14.2811	4.66958	17.2498	5.98	0	10.5154	15.7678	19.9419	16.8241	20.7156	22.3213	18.7827	15.1476	8.13173	13.4846	15.1835	25.3427	17.5443	14.092	14.1563
3.09233	13.8937	12.954	3.27732	13.138	5.25721	7.03472	4.67674	4.53542	10.5154	0	8.13823	12.9624	11.1164	5.82732	11.9991	13.8542	7.49784	10.6708	11.6413	10.9899	12.1281	11.8418	13.9878	14.995
11.2306	5.75543	16.493	7.49773	11.4356	7.13752	20.2951	5.46773	12.6736	15.7678	8.13823	0	4.82421	8.08728	4.94773	14.2451	13.4296	11.5623	8.00812	3.50304	7.03942	14.4357	7.75194	7.16247	11.8266
15.1658	10.5796	16.0334	11.6646	11.1364	9.68471	23.2538	12.8406	20.8168	19.9419	12.9624	4.82421	0	14.1386	9.77194	20.5352	13.1305	14.5211	11.8146	6.46177	9.99815	19.7005	12.5761	11.9867	26.189
8.02409	16.5727	10.5859	2.69743	8.98175	5.04566	13.2764	1.298	12.5678	16.8241	11.1164	8.08728	14.1386	0	1.818	12.3353	18.7493	8.71959	24.1636	14.1396	22.8183	22.6922	23.9074	15.7699	10.0185
7.67089	10.7032	8.53853	1.91943	8.20375	2.18979	15.8016	0.52	11.7898	20.7156	5.82732	4.94773	9.77194	1.818	0	15.4748	26.1126	7.94159	12.9035	8.45077	8.6891	11.4008	12.6997	12.1102	6.8789
19.7496	9.70341	12.6646	21.247	8.40809	22.0742	25.6117	11.9228	26.9925	22.3213	11.9991	14.2451	20.5352	12.3353	15.4748	0	6.41405	4.50124	11.5171	12.5605	7.99331	12.3963	14.6976	7.08267	10.1584
16.473	11.7401	14.835	15.4108	1.99404	21.1439	23.3711	9.67779	18.3896	18.7827	13.8542	13.4296	13.1305	18.7493	26.1126	6.41405	0	6.67168	13.6876	14.731	9.73532	6.56	14.9673	13.1617	14.1689
10.5902	14.2047	8.16333	8.82102	8.66572	11.1693	19.3233	7.42159	12.0333	15.1476	7.49784	11.5623	14.5211	8.71959	7.94159	4.50124	6.67168	0	7.0159	7.02844	3.49206	13.2317	7.70662	6.48999	5.30226
13.7631	13.7636	15.1792	13.9481	17.724	15.5769	12.8013	14.4375	14.1117	8.13173	10.6708	8.00812	11.8146	24.1636	12.9035	11.5171	13.6876	7.0159	0	5.35283	7.83474	13.2335	9.41259	5.96029	6.02455
17.4136	9.25847	16.2226	13.55	11.2777	13.1898	16.792	11.52	19.2913	13.4846	11.6413	3.50304	6.46177	14.1396	8.45077	12.5605	14.731	7.02844	5.35283	0	3.53638	13.2387	7.64693	10.6655	5.34658
18.7405	17.4873	11.6554	17.9732	7.74128	19.9531	18.1787	10.9137	16.5095	15.1835	10.9899	7.03942	9.99815	22.8183	8.6891	7.99331	9.73532	3.49206	7.83474	3.53638	0	12.6218	4.21456	9.76362	1.81019
18.2679	11.9321	18.5275	8.85076	8.55404	10.8307	22.8641	10.2502	19.711	25.3427	12.1281	14.4357	19.7005	22.6922	11.4008	12.3963	6.56	13.2317	13.2335	13.2387	12.6218	0	8.40729	7.27324	15.2267
14.9341	13.5074	25.6168	15.1191	11.9558	18.7199	14.4568	18.1394	16.0327	17.5443	11.8418	7.75194	12.5761	23.9074	12.6997	14.6976	14.9673	7.70662	9.41259	7.64693	4.21456	8.40729	0	14.9144	6.02475
21.0731	12.9179	14.6533	15.1804	11.7637	14.8202	19.9597	13.1504	22.459	14.092	13.9878	7.16247	11.9867	15.7699	12.1102	7.08267	13.1617	6.48999	5.96029	10.6655	9.76362	7.27324	14.9144	0	7.95343
20.457	19.8619	15.6605	9.4289	9.55147	9.0687	16.3685	7.3989	18.3197	14.1563	14.995	11.8266	26.189	10.0185	6.8789	10.1584	14.1689	5.30226	6.02455	5.34658	1.81019	15.2267	6.02475	7.95343	0
																								
0	16.6562	10.5408	6.79653	12.6736	5.01462	11.4281	11.0206	6.80312	6.64232	1.40186	4.94022	6.48	10.6988	9.8205	10.8081	15.0647	14.9018	8.48528	9.70183	11.7656	12.5471	16.4892	9.06863	11.3272
16.6562	0	9.01393	11.4537	6.02482	13.4463	17.6495	4.96099	12.632	12.8267	14.5797	11.2806	19.0107	9.17506	6.62099	12.6024	8.5704	9.36453	17.5415	12.17	14.9571	15.7346	16.7387	9.62981	14.8638
10.5408	9.01393	0	8.61901	15.0387	6.8371	10.85	6.90786	10.8261	11.0208	9.13893	12.6773	17.2049	6.24493	5.24786	12.7754	13.2479	23.8467	9.8133	11.0299	15.813	21.5257	14.9328	20.0741	15.8379
6.79653	11.4537	8.61901	0	15.4278	1.78191	12.5396	6.06	4.77679	10.1729	10.2639	12.1575	10.7781	6.52132	4.4	13.9125	12.4	12.3931	10.0896	10.1293	14.9652	15.3013	13.0373	11.8228	12.5389
12.6736	6.02482	15.0387	15.4278	0	16.842	11.6247	10.9858	20.2513	11.6798	16.9202	16.5375	24.3912	13.108	10.5456	6.57754	2.54558	3.33972	11.5761	5.60356	8.93224	6.22558	12.8762	3.605	6.21268
5.01462	13.4463	6.8371	1.78191	16.842	0	10.7577	8.48528	6.5587	13.3146	6.41647	10.3756	11.4946	11.4888	6.18191	13.3063	17.3675	16.2128	8.30768	9.52424	11.1954	14.6886	16.3116	13.237	10.757
11.4281	17.6495	10.85	12.5396	11.6247	10.7577	0	19.243	8.62662	10.6733	12.83	21.1333	17.9081	13.4292	14.2049	18.2022	14.1702	14.9644	19.0654	22.409	20.5569	20.153	28.8181	15.2297	21.5147
11.0206	4.96099	6.90786	6.06	10.9858	8.48528	19.243	0	7.23826	7.43294	9.61873	10.7975	13.617	3.78132	1.66	10.9653	9.66	9.47284	8.42555	7.20899	12.2252	13.4529	10.117	14.8139	17.4216
6.80312	12.632	10.8261	4.77679	20.2513	6.5587	8.62662	7.23826	0	11.3512	8.20498	15.4954	13.2831	4.80254	5.57826	11.333	13.5783	16.0462	14.9989	13.7823	16.1434	22.4783	15.2632	15.8718	18.1303
6.64232	12.8267	11.0208	10.1729	11.6798	13.3146	10.6733	7.43294	11.3512	0	5.24047	8.77883	12.7115	7.89426	5.77294	14.7567	13.7729	15.0195	9.75807	10.9746	16.3381	22.4989	15.4579	15.2848	15.7826
1.40186	14.5797	9.13893	10.2639	16.9202	6.41647	12.83	9.61873	8.20498	5.24047	0	3.53836	7.88186	10.54	8.41865	12.21	16.4186	16.3037	9.79926	7.12684	13.6374	23.0717	18.1036	10.4705	10.9174
4.94022	11.2806	12.6773	12.1575	16.5375	10.3756	21.1333	10.7975	15.4954	8.77883	3.53836	0	8.47496	14.9854	11.957	7.37167	15.7729	5.85233	4.80503	3.58848	7.81743	15.0191	6.49647	9.98671	7.37902
6.48	19.0107	17.2049	10.7781	24.3912	11.4946	17.9081	13.617	13.2831	12.7115	7.88186	8.47496	0	14.0783	11.957	17.2881	19.957	21.3818	14.3386	12.0634	15.9515	28.1745	21.642	15.5486	15.5131
10.6988	9.17506	6.24493	6.52132	13.108	11.4888	13.4292	3.78132	4.80254	7.89426	10.54	14.9854	14.0783	0	2.12132	6.53043	10.1213	14.6813	11.529	10.3136	12.6865	17.8878	11.8063	17.4971	19.2688
9.8205	6.62099	5.24786	4.4	10.5456	6.18191	14.2049	1.66	5.57826	5.77294	8.41865	11.957	11.957	2.12132	0	8.65175	8	10.575	14.0166	8.86899	10.5652	11.68	9.68496	16.2228	11.0036
10.8081	12.6024	12.7754	13.9125	6.57754	13.3063	18.2022	10.9653	11.333	14.7567	12.21	7.37167	17.2881	6.53043	8.65175	0	4.25659	6.04703	4.9986	3.78319	11.0736	7.93659	6.69118	10.1825	11.0231
15.0647	8.5704	13.2479	12.4	2.54558	17.3675	14.1702	9.66	13.5783	13.7729	16.4186	15.7729	19.957	10.1213	8	4.25659	0	2.57503	9.25519	4.83888	7.4	3.68	12.1115	6.15058	7.83841
14.9018	9.36453	23.8467	12.3931	3.33972	16.2128	14.9644	9.47284	16.0462	15.0195	16.3037	5.85233	21.3818	14.6813	10.575	6.04703	2.57503	0	3.4804	2.26385	7.01488	6.25503	5.17184	6.94471	6.57647
8.48528	17.5415	9.8133	10.0896	11.5761	8.30768	19.0654	8.42555	14.9989	9.75807	9.79926	4.80503	14.3386	11.529	14.0166	4.9986	9.25519	3.4804	0	1.21655	6.46296	16.017	4.12454	8.63223	6.02455
9.70183	12.17	11.0299	10.1293	5.60356	9.52424	22.409	7.20899	13.7823	10.9746	7.12684	3.58848	12.0634	10.3136	8.86899	3.78319	4.83888	2.26385	1.21655	0	12.3136	20.6619	2.90799	12.8642	7.2411
11.7656	14.9571	15.813	14.9652	8.93224	11.1954	20.5569	12.2252	16.1434	16.3381	13.6374	7.81743	15.9515	12.6865	10.5652	11.0736	7.4	7.01488	6.46296	12.3136	0	4.92	9.38268	3.04609	0.438406
12.5471	15.7346	21.5257	15.3013	6.22558	14.6886	20.153	13.4529	22.4783	22.4989	23.0717	15.0191	28.1745	17.8878	11.68	7.93659	3.68	6.25503	16.017	20.6619	4.92	0	24.9065	3.47851	5.35841
16.4892	16.7387	14.9328	13.0373	12.8762	16.3116	28.8181	10.117	15.2632	15.4579	18.1036	6.49647	21.642	11.8063	9.68496	6.69118	12.1115	5.17184	4.12454	2.90799	9.38268	24.9065	0	11.552	8.94427
9.06863	9.62981	20.0741	11.8228	3.605	13.237	15.2297	14.8139	15.8718	15.2848	10.4705	9.98671	15.5486	17.4971	16.2228	10.1825	6.15058	6.94471	8.63223	12.8642	3.04609	3.47851	11.552	0	2.60768
11.3272	14.8638	15.8379	12.5389	6.21268	10.757	21.5147	17.4216	18.1303	15.7826	10.9174	7.37902	15.5131	19.2688	11.0036	11.0231	7.83841	6.57647	6.02455	7.2411	0.438406	5.35841	8.94427	2.60768	0
																								
0	10.7567	7.56271	13.68	24.1269	7.79659	3.19165	14.7057	2.26771	4.5	3.46341	11.0174	10.6216	13.8987	9.62706	16.4775	17.3421	11.2737	17.6028	15.8508	13.5885	15.7936	11.84	22.9025	16.392
10.7567	0	10.4968	8.64912	18.7475	16.7001	14.5357	7.36632	8.48896	12.779	15.19	21.6132	15.4987	8.12348	8.81632	9.70341	16.8172	11.0416	15.3765	17.3788	14.7967	23.97	21.3972	12.2928	13.3401
7.56271	10.4968	0	4.4133	14.9122	10.0597	11.3417	3.1305	5.295	6.48285	11.5281	12.0147	11.2629	3.88766	4.5805	10.5879	17.6091	11.9261	9.08639	9.79012	11.495	12.1308	14.8492	10.084	11.1229
13.68	8.64912	4.4133	0	12.3983	4.80833	15.7855	1.28281	11.6766	9.18	9.14151	9.05539	5.46717	2.03998	2.73281	5.87362	11.3048	4.53542	6.96597	4.71535	7.06415	16.2652	13.3316	8.23627	6.20322
24.1269	18.7475	14.9122	12.3983	0	7.89659	22.5549	11.7817	19.2606	19.43	17.6145	19.6648	17.8655	12.5389	13.2317	8.4712	1.40007	10.3823	10.3484	10.9259	7.93977	7.32007	16.9053	5.88184	9.35453
7.79659	16.7001	10.0597	4.80833	7.89659	0	14.0372	3.81031	13.1133	13.6854	4.33319	7.41114	10.2755	3.05315	4.70778	12.3507	6.49652	9.34374	12.6715	9.52367	10.2628	12.4165	13.2145	16.2873	11.0116
3.19165	14.5357	11.3417	15.7855	22.5549	14.0372	0	10.3355	5.45935	7.69165	6.65505	19.1709	17.7827	10.5402	8.88552	26.8889	22.6504	19.0381	15.2368	18.8963	14.657	20.322	15.0316	18.6765	13.2004
14.7057	7.36632	3.1305	1.28281	11.7817	3.81031	10.3355	0	8.42549	9.61334	7.61365	5.76537	6.74998	0.757166	1.45	9.54282	13.1818	5.81823	12.2169	5.99816	8.31762	11.4008	18.6288	6.95346	7.48603
2.26771	8.48896	5.295	11.6766	19.2606	13.1133	5.45935	8.42549	0	4.29	5.73112	10.8074	16.517	12.3015	10.6595	14.3296	27.037	12.9914	13.7294	15.0851	11.3208	15.4008	14.1077	19.355	12.7774
4.5	12.779	6.48285	9.18	19.43	13.6854	7.69165	9.61334	4.29	0	7.96341	6.51738	14.4708	10.9629	11.6557	11.9775	19.0912	13.3157	13.8989	13.8953	11.4902	15.5702	16.34	14.5668	12.9469
3.46341	15.19	11.5281	9.14151	17.6145	4.33319	6.65505	7.61365	5.73112	7.96341	0	10.6151	7.15819	7.38633	6.16365	9.14846	10.8297	7.81025	14.638	12.3873	10.339	12.3301	8.88132	17.4314	16.6204
11.0174	21.6132	12.0147	9.05539	19.6648	7.41114	19.1709	5.76537	10.8074	6.51738	10.6151	0	7.95343	5.0082	6.66283	17.0596	13.9077	13.5908	11.0658	13.1578	12.2945	15.6519	16.8286	16.5478	13.1022
10.6216	15.4987	11.2629	5.46717	17.8655	10.2755	17.7827	6.74998	16.517	14.4708	7.15819	7.95343	0	8.88952	9.58236	9.10618	16.2199	10.0026	13.2531	10.1825	17.6524	19.4883	14.7741	11.6955	11.6704
13.8987	8.12348	3.88766	2.03998	12.5389	3.05315	10.5402	0.757166	12.3015	10.9629	7.38633	5.0082	8.88952	0	1.65463	16.2752	9.54967	10.0892	9.9691	10.3393	7.56045	10.6437	17.6754	7.71063	9.01709
9.62706	8.81632	4.5805	2.73281	13.2317	4.70778	8.88552	1.45	10.6595	11.6557	6.16365	6.66283	9.58236	1.65463	0	15.9524	11.9102	11.4354	14.4509	11.4625	9.21508	11.4364	15.045	8.40346	13.1032
16.4775	9.70341	10.5879	5.87362	8.4712	12.3507	26.8889	9.54282	14.3296	11.9775	9.14846	17.0596	9.10618	16.2752	15.9524	0	7.11376	1.33821	15.37	7.63338	3.86694	11.5702	19.7299	2.58936	8.06549
17.3421	16.8172	17.6091	11.3048	1.40007	6.49652	22.6504	13.1818	27.037	19.0912	10.8297	13.9077	16.2199	9.54967	11.9102	7.11376	0	8.45197	10.0991	11.957	9.33984	5.92	15.8619	7.28191	10.7546
11.2737	11.0416	11.9261	4.53542	10.3823	9.34374	19.0381	5.81823	12.9914	13.3157	7.81025	13.5908	10.0026	10.0892	11.4354	1.33821	8.45197	0	4.93739	8.51206	2.52873	6.60873	12.6437	3.92757	3.98537
17.6028	15.3765	9.08639	6.96597	10.3484	12.6715	15.2368	12.2169	13.7294	13.8989	14.638	11.0658	13.2531	9.9691	14.4509	15.37	10.0991	4.93739	0	2.25062	2.40865	6.48865	5.76281	7.29464	2.03647
15.8508	17.3788	9.79012	4.71535	10.9259	9.52367	18.8963	5.99816	15.0851	13.8953	12.3873	13.1578	10.1825	10.3393	11.4625	7.63338	11.957	8.51206	2.25062	0	4.65927	13.4493	8.01343	5.04402	4.28709
13.5885	14.7967	11.495	7.06415	7.93977	10.2628	14.657	8.31762	11.3208	11.4902	10.339	12.2945	17.6524	7.56045	9.21508	3.86694	9.33984	2.52873	2.40865	4.65927	0	4.08	8.17146	6.93277	1.45664
15.7936	23.97	12.1308	16.2652	7.32007	12.4165	20.322	11.4008	15.4008	15.5702	12.3301	15.6519	19.4883	10.6437	11.4364	11.5702	5.92	6.60873	6.48865	13.4493	4.08	0	14.1949	8.98087	5.53664
11.84	21.3972	14.8492	13.3316	16.9053	13.2145	15.0316	18.6288	14.1077	16.34	8.88132	16.8286	14.7741	17.6754	15.045	19.7299	15.8619	12.6437	5.76281	8.01343	8.17146	14.1949	0	13.6603	7.79928
22.9025	12.2928	10.084	8.23627	5.88184	16.2873	18.6765	6.95346	19.355	14.5668	17.4314	16.5478	11.6955	7.71063	8.40346	2.58936	7.28191	3.92757	7.29464	5.04402	6.93277	8.98087	13.6603	0	5.47613
16.392	13.3401	11.1229	6.20322	9.35453	11.0116	13.2004	7.48603	12.7774	12.9469	16.6204	13.1022	11.6704	9.01709	13.1032	8.06549	10.7546	3.98537	2.03647	4.28709	1.45664	5.53664	7.79928	5.47613	0
																								
0	14.5094	11.9351	5.34416	11.9123	8.04912	6.07169	7.91307	2.9274	9.25536	2.88617	6.95529	12.1769	4.77624	7.15919	13.5102	14.4155	8.66386	19.9622	15.6778	17.2134	14.37	32.3044	14.1804	11.8206
14.5094	0	6.72681	13.2366	4.96161	13.3773	19.7826	12.87	14.1181	21.3026	18.2383	15.0092	25.8879	9.73318	14.9939	7.22999	7.46477	10.8989	13.0115	20.4347	29.5054	23.6029	26.562	15.0177	25.1939
11.9351	6.72681	0	6.56049	11.6884	7.52215	14.88	8.27345	11.5438	18.7283	9.01847	16.6906	20.2392	7.15883	9.17345	13.9568	19.0357	15.5874	19.506	14.594	19.9266	28.2485	22.4631	19.8647	28.3232
5.34416	13.2366	6.56049	0	15.7323	0.961665	6.45029	2.79886	7.81802	8.82717	2.45799	6.5271	14.977	3.50343	3.21229	13.42	20.25	9.0186	11.8657	8.03355	14.6644	18.305	17.2009	16.2093	16.9691
11.9123	4.96161	11.6884	15.7323	0	12.2829	13.6061	10.9323	10.4618	17.2218	12.4979	17.7088	15.3262	14.6948	10.0323	5.06878	2.50316	5.93727	8.04984	11.882	13.1032	15.7481	13.2579	8.41802	9.09398
8.04912	13.3773	7.52215	0.961665	12.2829	0	5.48862	3.15062	6.48241	11.5321	3.41965	9.23206	11.5276	3.64408	2.25062	13.5607	14.8727	6.87586	13.9071	8.99522	11.215	26.4969	13.7515	13.9516	11.5918
6.07169	19.7826	14.88	6.45029	13.6061	5.48862	0	11.5966	3.14428	9.90428	8.50432	14.0248	12.3938	7.52921	7.37607	20.964	18.5321	13.9237	19.5078	19.5897	23.4273	14.5869	29.2869	24.447	23.641
7.91307	12.87	8.27345	2.79886	10.9323	3.15062	11.5966	0	5.13178	14.7063	5.25684	9.55852	10.177	3.13683	0.9	13.0534	20.8084	5.52524	15.7443	10.8324	9.86437	19.8949	12.4009	15.8427	18.261
2.9274	14.1181	11.5438	7.81802	10.4618	6.48241	3.14428	5.13178	0	6.76	5.36004	9.42915	9.24954	4.38493	4.23178	14.3015	12.965	8.85702	16.5259	15.2865	13.1962	11.4426	15.7327	17.0908	19.7872
9.25536	21.3026	18.7283	8.82717	17.2218	11.5321	9.90428	14.7063	6.76	0	6.36918	10.4383	9.796	11.1449	10.9918	15.1715	17.7371	12.9298	17.0723	22.471	27.0431	18.2026	24.9865	24.2754	32.3419
2.88617	18.2383	9.01847	2.45799	12.4979	3.41965	8.50432	5.25684	5.36004	6.36918	0	4.06912	13.7175	5.96141	7.41357	11.0083	12.9982	6.56061	15.4034	6.54688	15.1101	16.8026	28.3212	12.0771	9.71732
6.95529	15.0092	16.6906	6.5271	17.7088	9.23206	14.0248	9.55852	9.42915	10.4383	4.06912	0	9.64842	9.53174	8.65852	7.7792	10.3448	10.6297	6.3099	2.47776	9.2785	12.7492	14.5405	10.8672	18.0383
12.1769	25.8879	20.2392	14.977	15.3262	11.5276	12.3938	10.177	9.24954	9.796	13.7175	9.64842	0	13.6345	9.27699	17.4276	17.6672	13.9022	7.27632	11.1085	16.4808	20.6921	14.832	14.7692	21.3619
4.77624	9.73318	7.15883	3.50343	14.6948	3.64408	7.52921	3.13683	4.38493	11.1449	5.96141	9.53174	13.6345	0	4.03683	9.91658	12.4822	9.97096	14.7337	10.9016	14.3101	15.8275	16.8466	12.7059	19.877
7.15919	14.9939	9.17345	3.21229	10.0323	2.25062	7.37607	0.9	4.23178	10.9918	7.41357	8.65852	9.27699	4.03683	0	12.4183	11.0628	4.62524	16.2698	11.1363	8.96437	13.2844	11.5009	10.1417	7.78194
13.5102	7.22999	13.9568	13.42	5.06878	13.5607	20.964	13.0534	14.3015	15.1715	11.0083	7.7792	17.4276	9.91658	12.4183	0	2.56562	9.0032	13.0609	10.257	13.1656	15.2118	13.3204	8.48048	13.4801
14.4155	7.46477	19.0357	20.25	2.50316	14.8727	18.5321	20.8084	12.965	17.7371	12.9982	10.3448	17.6672	12.4822	11.0628	2.56562	0	6.43758	10.553	16.4891	10.6	11.607	10.7547	5.91486	9.59429
8.66386	10.8989	15.5874	9.0186	5.93727	6.87586	13.9237	5.52524	8.85702	12.9298	6.56061	10.6297	13.9022	9.97096	4.62524	9.0032	6.43758	0	13.0094	10.0515	4.75477	11.2086	15.9023	5.51649	3.15671
19.9622	13.0115	19.506	11.8657	8.04984	13.9071	19.5078	15.7443	16.5259	17.0723	15.4034	6.3099	7.27632	14.7337	16.2698	13.0609	10.553	13.0094	0	3.83214	9.20449	13.185	7.55569	7.49293	10.8025
15.6778	20.4347	14.594	8.03355	11.882	8.99522	19.5897	10.8324	15.2865	22.471	6.54688	2.47776	11.1085	10.9016	11.1363	10.257	16.4891	10.0515	3.83214	0	6.80074	10.2714	11.3878	11.3251	8.3988
17.2134	29.5054	19.9266	14.6644	13.1032	11.215	23.4273	9.86437	13.1962	27.0431	15.1101	9.2785	16.4808	14.3101	8.96437	13.1656	10.6	4.75477	9.20449	6.80074	0	4.32	14.3436	8.76918	1.59806
14.37	23.6029	28.2485	18.305	15.7481	26.4969	14.5869	19.8949	11.4426	18.2026	16.8026	12.7492	20.6921	15.8275	13.2844	15.2118	11.607	11.2086	13.185	10.2714	4.32	0	12.731	5.6921	5.91806
32.3044	26.562	22.4631	17.2009	13.2579	13.7515	29.2869	12.4009	15.7327	24.9865	28.3212	14.5405	14.832	16.8466	11.5009	13.3204	10.7547	15.9023	7.55569	11.3878	14.3436	12.731	0	15.0486	12.7456
14.1804	15.0177	19.8647	16.2093	8.41802	13.9516	24.447	15.8427	17.0908	24.2754	12.0771	10.8672	14.7692	12.7059	10.1417	8.48048	5.91486	5.51649	7.49293	11.3251	8.76918	5.6921	15.0486	0	7.17112
11.8206	25.1939	28.3232	16.9691	9.09398	11.5918	23.641	18.261	19.7872	32.3419	9.71732	18.0383	21.3619	19.877	7.78194	13.4801	9.59429	3.15671	10.8025	8.3988	1.59806	5.91806	12.7456	7.17112	0
																								
0	10.6422	13.3553	4.18244	16.8625	8.67964	9.24356	4.07561	4.16434	9.5	6.55574	8.98839	11.7	8.90705	4.97561	12.655	20.5858	14.3834	15.2493	17.6648	16.2334	20.6253	8.51	10.7161	16.448
10.6422	0	7.8031	14.8246	13.1824	17.885	20.6289	12.7631	14.8065	20.1422	17.1979	16.4807	15.9862	14.1117	11.8631	9.89367	12.8641	15.2465	19.0846	17.4245	9.23576	10.9688	15.1256	9.38765	10.9187
13.3553	7.8031	0	10.0047	22.6848	11.1532	19.1225	6.03124	8.97831	20.2028	12.4976	19.4223	9.25434	7.37984	5.13124	17.6968	20.6672	14.8022	19.8483	13.4614	14.7359	24.5211	22.6162	16.5384	24.8532
4.18244	14.8246	10.0047	0	10.3284	4.4972	14.1692	3.32364	8.34678	10.1408	10.7382	9.4176	9.22311	7.3486	4.22364	8.4726	10.4089	13.6314	15.6785	21.1459	12.3646	8.11481	12.6924	6.53367	16.5988
16.8625	13.1824	22.6848	10.3284	0	8.64833	17.437	16.0037	19.5591	14.2919	12.7113	12.5167	15.6931	15.3456	14.6703	3.47851	0.919239	7.79267	12.6695	18.6591	9.62569	5.37587	23.874	3.79473	16.7367
8.67964	17.885	11.1532	4.4972	8.64833	0	18.8024	6.92193	9.86901	5.64358	10.884	13.9148	10.145	6.69722	6.02193	12.1268	9.56757	15.6929	17.6785	19.1279	13.7845	26.8442	20.0396	11.0309	12.1016
9.24356	20.6289	19.1225	14.1692	17.437	18.8024	0	11.1929	5.07922	8.73841	3.49794	18.9752	12.7615	14.7195	8.9263	12.7307	18.3562	25.2297	18.2488	30.7239	23.9982	39.8366	18.4968	21.2317	31.4303
4.07561	12.7631	6.03124	3.32364	16.0037	6.92193	11.1929	0	4.74708	12.5444	7.69499	10.8782	5.02311	3.1486	0.9	11.7962	18.8818	10.3078	17.1391	17.8222	10.5047	20.4006	12.5856	9.85731	15.6277
