10
10
3
3
30

6	21
10	1
47	15
18	25
31	42
9	22
22	5
8	17
2	22
20	29

29	47
34	25
27	39
46	33
33	29
28	46
44	28
33	32
35	23
40	39

70

1.79769e+308
1.79769e+308
1.79769e+308
1.79769e+308
1.79769e+308
1.79769e+308
1.79769e+308
1.79769e+308
1.79769e+308
1.79769e+308

12
15
15
20
13
14
17
19
14
16

0
0
0
0
0
0
0
0
0
0

0

0	15.5634	13.9169	10.7201	17.9838	2.97249	8.72829	0.98387	1.8554	6.41445	13.191	9.348	12.3744	21.0098	6.19526	15.2557	11.5598	7.58024	12.5588	20.1526	
15.5634	0	26.538	8.09543	13.4457	14.4516	21.7565	18.8628	13.708	15.7875	21.936	8.82469	17.4157	15.4589	13.154	19.8713	20.6222	10.5925	12.4471	25.1754	
13.9169	26.538	0	15.8695	11.1439	19.2269	23.1087	18.3617	13.2069	17.0816	16.4051	12.0509	18.2123	6.78824	7.72161	14.0123	5.6035	9.5831	8.5091	8	
10.7201	8.09543	15.8695	0	5.35023	6.35618	17.2244	8.3448	12.3762	7.69207	10.143	8.32	9.32026	14.9542	9.15926	7.75023	10.8907	10.0878	7.36041	12.5602	
17.9838	13.4457	11.1439	5.35023	0	11.7064	14.5041	11.2206	16.5713	5.78999	4.46475	5.1788	6.6	6.72518	9.50806	2.4	5.54044	6.94657	8.80123	7.20999	
2.97249	14.4516	19.2269	6.35618	11.7064	0	9.73303	1.98862	6.02	7.4192	17.5549	14.6762	15.6764	17.3702	10.5592	18.6837	17.0509	11.9442	13.7166	20.7643	
8.72829	21.7565	23.1087	17.2244	14.5041	9.73303	0	7.74442	12.8992	13.175	11.9222	21.3652	7.90411	18.6635	21.7818	13.987	17.5052	12.6983	23.5494	20.3143	
0.98387	18.8628	18.3617	8.3448	11.2206	1.98862	7.74442	0	2.83927	5.43058	14.1749	16.2051	15.6485	19.3589	7.17913	21.9639	16.1856	8.56411	15.5183	33.9051	
1.8554	13.708	13.2069	12.3762	16.5713	6.02	12.8992	2.83927	0	10.5853	15.0464	9.58529	12.6117	12.2156	8.05065	17.0345	11.0309	7.81752	12.2156	13.84	
6.41445	15.7875	17.0816	7.69207	5.78999	7.4192	13.175	5.43058	10.5853	0	10.5828	10.7746	12.39	17.4088	9.36	8.18999	11.3304	11.67	10.8242	13	
13.191	21.936	16.4051	10.143	4.46475	17.5549	11.9222	14.1749	15.0464	10.5828	0	9.9716	10.7622	11.0114	16.042	2.06475	10.3332	11.2817	11.6272	11.5116	
9.348	8.82469	12.0509	8.32	5.1788	14.6762	21.3652	16.2051	9.58529	10.7746	9.9716	0	6.56193	6.63421	4.07777	7.5788	5.74736	1.76777	3.62243	10.0283	
12.3744	17.4157	18.2123	9.32026	6.6	15.6764	7.90411	15.6485	12.6117	12.39	10.7622	6.56193	0	10.7594	7.10416	8.69741	8.77376	4.79416	9.77272	13.81	
21.0098	15.4589	6.78824	14.9542	6.72518	17.3702	18.6635	19.3589	12.2156	17.4088	11.0114	6.63421	10.7594	0	10.9635	12.841	1.18474	5.16433	10.2566	3.39411	
6.19526	13.154	7.72161	9.15926	9.50806	10.5592	21.7818	7.17913	8.05065	9.36	16.042	4.07777	7.10416	10.9635	0	11.527	6.2896	2.31	7.28855	14.8824	
15.2557	19.8713	14.0123	7.75023	2.4	18.6837	13.987	21.9639	17.0345	8.18999	2.06475	7.5788	8.69741	12.841	11.527	0	7.94044	9.21696	13.6919	9.44686	
11.5598	20.6222	5.6035	10.8907	5.54044	17.0509	17.5052	16.1856	11.0309	11.3304	10.3332	5.74736	8.77376	1.18474	6.2896	7.94044	0	3.9796	8.95815	2.80913	
7.58024	10.5925	9.5831	10.0878	6.94657	11.9442	12.6983	8.56411	7.81752	11.67	11.2817	1.76777	4.79416	5.16433	2.31	9.21696	3.9796	0	4.97855	6.78873	
12.5588	12.4471	8.5091	7.36041	8.80123	13.7166	23.5494	15.5183	12.2156	10.8242	11.6272	3.62243	9.77272	10.2566	7.28855	13.6919	8.95815	4.97855	0	16.5091	
20.1526	25.1754	8	12.5602	7.20999	20.7643	20.3143	33.9051	13.84	13	11.5116	10.0283	13.81	3.39411	14.8824	9.44686	2.80913	6.78873	16.5091	0	

0	7.95447	10.3592	6.04239	17.5324	0.917061	9.69144	5.04727	1.48432	7.57852	10.3155	16.5903	14.0649	9.40917	14.1671	12.5031	13.5612	10.4957	14.6148	16.8592	
7.95447	0	17.553	18.2003	31.3243	8.87153	22.3889	9.35222	9.43879	15.533	17.5453	8.11377	13.9946	19.2477	13.1114	33.8274	14.8968	10.8091	6.66033	21.7788	
10.3592	17.553	0	20.2386	10.0798	11.2762	6.19294	8.20076	11.8435	17.9377	17.0788	5.91648	8.26411	10.2027	7.39924	16.7253	3.202	18.4181	11.4385	6.5	
6.04239	18.2003	20.2386	0	13.9082	9.01249	17.7869	12.0379	4.55807	2.45967	8.26175	10.0442	12.9573	17.5046	6.20967	7.9082	10.4069	11.4297	12.6607	14.7543	
17.5324	31.3243	10.0798	13.9082	0	30.3018	17.5762	12.28	16.2627	14.3476	6.35355	7.76312	3.85	12.4614	11.075	6	6.87779	7.03665	11.1843	8.72789	
0.917061	8.87153	11.2762	9.01249	30.3018	0	8.77438	4.13021	2.40138	8.49558	13.0666	17.0845	12.5602	8.49211	13.25	16.9207	15.0467	11.4128	19.701	12.2256	
9.69144	22.3889	6.19294	17.7869	17.5762	8.77438	0	12.9046	15.9144	25.9152	24.8012	11.1954	15.1085	12.5818	15.0299	22.9182	9.39494	17.9837	12.6489	8.84828	
5.04727	9.35222	8.20076	12.0379	12.28	4.13021	12.9046	0	7.11921	13.2134	14.6146	12.3431	8.42998	9.89545	10.5377	13.804	10.9165	13.2241	14.7829	12.4266	
1.48432	9.43879	11.8435	4.55807	16.2627	2.40138	15.9144	7.11921	0	7.01774	8.83122	15.1059	15.0159	15.6321	10.7677	9.18477	17.8204	11.98	16.5594	19.5658	
7.57852	15.533	17.9377	2.45967	14.3476	8.49558	25.9152	13.2134	7.01774	0	13.4835	14.4108	10.4976	22.8861	8.66934	10.3679	15.5598	15.2918	17.8319	21.9346	
10.3155	17.5453	17.0788	8.26175	6.35355	13.0666	24.8012	14.6146	8.83122	13.4835	0	10.0978	5.72756	21.9253	17.336	0.353553	11.2468	9.12453	10.885	16.1594	
16.5903	8.11377	5.91648	10.0442	7.76312	17.0845	11.1954	12.3431	15.1059	14.4108	10.0978	0	3.91312	9.71519	3.83449	9.28713	2.71448	5.60224	1.45344	8.80092	
14.0649	13.9946	8.26411	12.9573	3.85	12.5602	15.1085	8.42998	15.0159	10.4976	5.72756	3.91312	0	12.0628	7.74761	5.37401	5.06211	4.79416	5.36656	11.1486	
9.40917	19.2477	10.2027	17.5046	12.4614	8.49211	12.5818	9.89545	15.6321	22.8861	21.9253	9.71519	12.0628	0	11.198	21.1147	7.00071	18.3842	14.0008	3.73352	
14.1671	13.1114	7.39924	6.20967	11.075	13.25	15.0299	10.5377	10.7677	8.66934	17.336	3.83449	7.74761	11.198	0	13.991	4.19724	5.22	5.28793	8.54459	
12.5031	33.8274	16.7253	7.9082	6	16.9207	22.9182	13.804	9.18477	10.3679	0.353553	9.28713	5.37401	21.1147	13.991	0	10.4361	8.77098	11.2386	14.7279	
13.5612	14.8968	3.202	10.4069	6.87779	15.0467	9.39494	10.9165	17.8204	15.5598	11.2468	2.71448	5.06211	7.00071	4.19724	10.4361	0	9.41724	4.16792	6.08644	
10.4957	10.8091	18.4181	11.4297	7.03665	11.4128	17.9837	13.2241	11.98	15.2918	9.12453	5.60224	4.79416	18.3842	5.22	8.77098	9.41724	0	4.1488	13.7646	
14.6148	6.66033	11.4385	12.6607	11.1843	19.701	12.6489	14.7829	16.5594	17.8319	10.885	1.45344	5.36656	14.0008	5.28793	11.2386	4.16792	4.1488	0	14.3229	
16.8592	21.7788	6.5	14.7543	8.72789	12.2256	8.84828	12.4266	19.5658	21.9346	16.1594	8.80092	11.1486	3.73352	8.54459	14.7279	6.08644	13.7646	14.3229	0	

0	7.873	24.3094	15.9063	23.009	3.66824	6.78823	6.12089	2.76248	11.1259	24.4784	11.0106	17.4363	10.4403	9.75419	11.3209	14.7484	11.9261	11.8951	12.9077	
7.873	0	26.9979	11.8902	20.2365	4.20476	16.4033	7.36615	13.6548	13.0821	11.9447	8.48528	16.8099	22.68	9.63975	11.8574	15.8979	14.8492	12.5102	23.8153	
24.3094	26.9979	0	25.6485	24.1003	23.8586	25.8748	20.6972	21.445	24.9833	15.0532	14.2169	19.9185	11.1124	14.4533	16.9482	6.80425	16.5233	17.5523	17.5049	
15.9063	11.8902	25.6485	0	8.34636	11.9977	13.8366	8.83631	12.1947	7.87096	11.5226	12.7547	6.65733	23.1284	11.8288	11.4964	18.8442	9.1466	8.72979	11.1924	
23.009	20.2365	24.1003	8.34636	0	10.8026	17.7275	17.1827	20.1447	12.6017	5.04505	11.8861	5	10.3131	5.89769	3.15	20.052	7.48928	11.9384	2.84605	
3.66824	4.20476	23.8586	11.9977	10.8026	0	10.4565	3.16139	6.43072	14.7942	9.54766	12.69	14.5115	14.1085	12.466	7.65261	24.2956	13.1469	9.36692	13.0707	
6.78823	16.4033	25.8748	13.8366	17.7275	10.4565	0	8.66637	9.55071	10.7613	23.166	9.13175	23.7109	17.2285	8.20586	19.8511	20.0355	8.88684	5.10683	22.5882	
6.12089	7.36615	20.6972	8.83631	17.1827	3.16139	8.66637	0	3.35841	16.6845	23.9715	12.2413	15.4936	18.1771	10.3501	10.814	19.6539	17.9814	12.5283	15.1449	
2.76248	13.6548	21.445	12.1947	20.1447	6.43072	9.55071	3.35841	0	13.3261	26.9059	8.14618	14.5719	13.2028	6.99171	17.1026	19.2521	9.06171	10.0907	10.0433	
11.1259	13.0821	24.9833	7.87096	12.6017	14.7942	10.7613	16.6845	13.3261	0	13.7317	9.67935	12.0845	15.2574	8.75346	11.8366	19.5655	9.43444	5.65442	10.7331	
24.4784	11.9447	15.0532	11.5226	5.04505	9.54766	23.166	23.9715	26.9059	13.7317	0	10.6312	4.86526	18.9395	12.4455	1.89505	21.8574	7.35454	18.0592	7.3131	
11.0106	8.48528	14.2169	12.7547	11.8861	12.69	9.13175	12.2413	8.14618	9.67935	10.6312	0	8.73471	8.97164	1.15447	8.73613	7.41262	3.22447	4.02492	4.20611	
17.4363	16.8099	19.9185	6.65733	5	14.5115	23.7109	15.4936	14.5719	12.0845	4.86526	8.73471	0	5.09696	4.55928	6.76031	17.3542	2.48928	6.26929	7.63701	
10.4403	22.68	11.1124	23.1284	10.3131	14.1085	17.2285	18.1771	13.2028	15.2574	18.9395	8.97164	5.09696	0	4.67768	12.8851	4.30813	2.60768	6.38769	7.46705	
9.75419	9.63975	14.4533	11.8288	5.89769	12.466	8.20586	10.3501	6.99171	8.75346	12.4455	1.15447	4.55928	4.67768	0	8.46969	8.56709	2.07	3.09903	3.05164	
11.3209	11.8574	16.9482	11.4964	3.15	7.65261	19.8511	10.814	17.1026	11.8366	1.89505	8.73613	6.76031	12.8851	8.46969	0	16.1487	9.34821	12.7611	5.41805	
14.7484	15.8979	6.80425	18.8442	20.052	24.2956	20.0355	19.6539	19.2521	19.5655	21.8574	7.41262	17.3542	4.30813	8.56709	16.1487	0	6.91581	11.4375	11.7752	
11.9261	14.8492	16.5233	9.1466	7.48928	13.1469	8.88684	17.9814	9.06171	9.43444	7.35454	3.22447	2.48928	2.60768	2.07	9.34821	6.91581	0	3.78001	5.12164	
11.8951	12.5102	17.5523	8.72979	11.9384	9.36692	5.10683	12.5283	10.0907	5.65442	18.0592	4.02492	6.26929	6.38769	3.09903	12.7611	11.4375	3.78001	0	6.15067	
12.9077	23.8153	17.5049	11.1924	2.84605	13.0707	22.5882	15.1449	10.0433	10.7331	7.3131	4.20611	7.63701	7.46705	3.05164	5.41805	11.7752	5.12164	6.15067	0	

0	11.0401	12.448	10.3557	15.4046	2.02386	9.95606	3.21994	3.17479	4.67611	10.6681	5.9397	14.9369	12.3048	9.23818	10.7446	10.2009	7.65769	5.81378	12.2787	
11.0401	0	16.9577	19.4232	21.6321	16.8953	21.883	11.0675	7.86527	19.209	23.3199	12.8055	19.4467	24.8923	14.2447	23.3055	20.3103	12.1674	10.3235	22.8958	
12.448	16.9577	0	17.2469	22.3616	14.1798	20.8445	19.7946	19.7495	15.5197	13.1025	9.11625	15.7574	11.3804	10.5554	16.5298	11.0736	8.47812	6.63421	8.75	
10.3557	19.4232	17.2469	0	16.4081	12.0483	15.9089	14.7602	11.558	5.67961	14.7832	5.76	15.3749	13.0612	9.05848	10.5649	10.9925	12.4566	8.24204	10.4307	
15.4046	21.6321	22.3616	16.4081	0	15.0198	15.9931	17.325	20.5272	10.7285	7.58727	11.2049	1.65	16.0934	5.38181	4.9734	11.9767	5.52221	10.7732	12.1071	
2.02386	16.8953	14.1798	12.0483	15.0198	0	11.9799	3.92625	5.19865	6.69997	8.64422	7.96355	13.3698	16.2341	11.4668	10.2423	13.7134	9.38948	7.54557	12.9967	
9.95606	21.883	20.8445	15.9089	15.9931	11.9799	0	13.176	13.1309	14.6322	15.2722	14.1228	14.5561	15.7105	10.8243	13.6741	13.2543	12.2343	14.2103	13.0801	
3.21994	11.0675	19.7946	14.7602	17.325	3.92625	13.176	0	3.2022	7.89605	12.5705	9.15963	17.296	17.3264	12.2172	20.7923	9.7872	16.0351	9.03371	22.009	
3.17479	7.86527	19.7495	11.558	20.5272	5.19865	13.1309	3.2022	0	7.8509	15.4546	9.11449	21.3919	22.5808	21.3551	17.0527	12.9894	19.2373	8.98857	19.8071	
4.67611	19.209	15.5197	5.67961	10.7285	6.69997	14.6322	7.89605	7.8509	0	11.9551	10.6158	12.3785	7.62871	7.95477	15.3824	5.52479	10.7294	8.88552	7.60263	
10.6681	23.3199	13.1025	14.7832	7.58727	8.64422	15.2722	12.5705	15.4546	11.9551	0	6.40293	4.92146	6.98291	5.90051	1.59806	8.33049	6.3552	9.82173	4.35247	
5.9397	12.8055	9.11625	5.76	11.2049	7.96355	14.1228	9.15963	9.11449	10.6158	6.40293	0	7.03029	11.0513	3.29848	4.80487	5.72846	4.32594	2.48204	12.5846	
14.9369	19.4467	15.7574	15.3749	1.65	13.3698	14.5561	17.296	21.3919	12.3785	4.92146	7.03029	0	11.4846	3.73181	3.3234	6.16179	3.87221	5.71612	10.2897	
12.3048	24.8923	11.3804	13.0612	16.0934	16.2341	15.7105	17.3264	22.5808	7.62871	6.98291	11.0513	11.4846	0	7.75284	10.4102	7.53923	9.16284	11.6741	2.63044	
9.23818	14.2447	10.5554	9.05848	5.38181	11.4668	10.8243	12.2172	21.3551	7.95477	5.90051	3.29848	3.73181	7.75284	0	6.16714	2.42998	1.41	3.25391	9.76524	
10.7446	23.3055	16.5298	10.5649	4.9734	10.2423	13.6741	20.7923	17.0527	15.3824	1.59806	4.80487	3.3234	10.4102	6.16714	0	9.1636	4.75714	6.60105	5.95053	
10.2009	20.3103	11.0736	10.9925	11.9767	13.7134	13.2543	9.7872	12.9894	5.52479	8.33049	5.72846	6.16179	7.53923	2.42998	9.1636	0	3.83998	6.3512	10.1697	
7.65769	12.1674	8.47812	12.4566	5.52221	9.38948	12.2343	16.0351	19.2373	10.7294	6.3552	4.32594	3.87221	9.16284	1.41	4.75714	3.83998	0	1.84391	11.1752	
5.81378	10.3235	6.63421	8.24204	10.7732	7.54557	14.2103	9.03371	8.98857	8.88552	9.82173	2.48204	5.71612	11.6741	3.25391	6.60105	6.3512	1.84391	0	12.5723	
12.2787	22.8958	8.75	10.4307	12.1071	12.9967	13.0801	22.009	19.8071	7.60263	4.35247	12.5846	10.2897	2.63044	9.76524	5.95053	10.1697	11.1752	12.5723	0	

0	8.56635	24.0949	10.6781	15.2954	3.69986	8.40807	6.7082	5.27758	10.9508	16.8411	9.33381	12.8127	26.2524	12.6999	16.3178	12.2571	13.7466	12.9562	14.8172	
8.56635	0	25.6223	18.482	17.5048	12.2662	17.9617	14.5121	13.8439	18.7547	20.7359	10.8612	20.6165	22.91	17.252	21.9997	13.7844	17.1544	14.4836	16.3445	
24.0949	25.6223	0	32.8076	11.5094	24.8328	24.6014	16.0202	16.6174	23.8905	13.2761	14.4417	15.8006	4.68722	13.4584	21.818	10.6647	8.1484	13.0348	13.25	
10.6781	18.482	32.8076	0	20.608	9.01249	13.7207	3.96994	11.6725	4.78519	26.8105	19.0842	10.0744	23.9885	18.0125	17.7491	18.7173	11.8417	23.5256	19.5576	
15.2954	17.5048	11.5094	20.608	0	11.5955	16.3037	9.85447	14.2555	10.7077	3.2311	7.31743	3.75	6.82221	9.81419	3.75436	4.39414	9.28553	15.0198	13.24	
3.69986	12.2662	24.8328	9.01249	11.5955	0	4.70821	5.30298	2.66	9.54562	14.8266	10.0717	11.4074	18.4177	9	13.9828	12.995	11.129	13.6942	15.5551	
8.40807	17.9617	24.6014	13.7207	16.3037	4.70821	0	10.0112	7.36821	20.4982	16.6872	12.199	11.8724	16.0093	5.80817	15.377	16.4117	11.1182	14.0301	19.4795	
6.7082	14.5121	16.0202	3.96994	9.85447	5.30298	10.0112	0	7.96298	4.24264	8.33094	14.165	6.10447	20.9102	12.1687	15.2261	16.6337	7.87179	12.7581	13.2175	
5.27758	13.8439	16.6174	11.6725	14.2555	2.66	7.36821	7.96298	0	14.0836	11.846	12.7317	15.9454	21.5074	11.66	11.3228	22.9979	8.46898	13.3553	13.8147	
10.9508	18.7547	23.8905	4.78519	10.7077	9.54562	20.4982	4.24264	14.0836	0	9.18421	16.8554	6.95774	19.2033	13.0219	12.9639	13.9321	12.1144	18.2275	16.4477	
16.8411	20.7359	13.2761	26.8105	3.2311	14.8266	16.6872	8.33094	11.846	9.18421	0	11.6618	2.22648	8.58886	8.29067	0.523259	7.62524	6.05443	10.9408	11.4002	
9.33381	10.8612	14.4417	19.0842	7.31743	10.0717	12.199	14.165	12.7317	16.8554	11.6618	0	12.2089	8.90082	6.39081	11.1386	2.92329	6.29325	3.62243	5.48336	
12.8127	20.6165	15.8006	10.0744	3.75	11.4074	11.8724	6.10447	15.9454	6.95774	2.22648	12.2089	0	10.5722	6.06419	2.74974	8.14414	7.65222	11.2698	9.49	
26.2524	22.91	4.68722	23.9885	6.82221	18.4177	16.0093	20.9102	21.5074	19.2033	8.58886	8.90082	10.5722	0	10.2011	9.11212	5.97753	12.8356	17.9248	13.7462	
12.6999	17.252	13.4584	18.0125	9.81419	9	5.80817	12.1687	11.66	13.0219	8.29067	6.39081	6.06419	10.2011	0	9.56882	9.3141	5.31	8.22192	10.6557	
16.3178	21.9997	21.818	17.7491	3.75436	13.9828	15.377	15.2261	11.3228	12.9639	0.523259	11.1386	2.74974	9.11212	9.56882	0	9.94414	6.57769	14.761	13.1978	
12.2571	13.7844	10.6647	18.7173	4.39414	12.995	16.4117	16.6337	22.9979	13.9321	7.62524	2.92329	8.14414	5.97753	9.3141	9.94414	0	9.21654	6.54572	8.40664	
13.7466	17.1544	8.1484	11.8417	9.28553	11.129	11.1182	7.87179	8.46898	12.1144	6.05443	6.29325	7.65222	12.8356	5.31	6.57769	9.21654	0	4.88636	5.34573	
12.9562	14.4836	13.0348	23.5256	15.0198	13.6942	14.0301	12.7581	13.3553	18.2275	10.9408	3.62243	11.2698	17.9248	8.22192	14.761	6.54572	4.88636	0	9.10579	
14.8172	16.3445	13.25	19.5576	13.24	15.5551	19.4795	13.2175	13.8147	16.4477	11.4002	5.48336	9.49	13.7462	10.6557	13.1978	8.40664	5.34573	9.10579	0	

0	13.5752	24.373	7.71596	8.81541	5.37587	11.7962	2.01246	3.13356	9.02973	12.0992	12.996	8.29759	14.9256	15.3233	15.6056	12.9505	12.2166	14.0379	14.2147	
13.5752	0	31.5848	6.32456	17.7136	8.19928	14.6196	13.5533	12.3293	14.3744	14.9226	11.6046	10.4854	14.1871	15.9436	27.1072	11.5591	16.6936	12.6579	17.0381	
24.373	31.5848	0	12.1023	16.4536	17.7378	26.6232	28.592	27.5345	10.7771	11.0145	7.75898	13.9976	13.3506	8.61493	11.7641	10.1397	8.44255	5.76888	10.7978	
7.71596	6.32456	12.1023	0	8.06083	7.7792	14.1995	9.72842	10.8495	8.04984	8.03655	5.28	4.16083	7.86252	6.55816	13.2825	5.2345	9.00705	6.33338	11.3623	
8.81541	17.7136	16.4536	8.06083	0	9.51428	15.9346	10.8279	11.949	8.00381	5.43902	10.9436	3.9	13.6444	9.21437	6.18855	13.3803	8.46437	11.138	11.0953	
5.37587	8.19928	17.7378	7.7792	9.51428	0	6.42028	5.35397	4.13	14.4056	6.72328	13.0592	10.599	14.1846	18.4909	7.47281	13.0137	14.5836	13.8678	8.83883	
11.7962	14.6196	26.6232	14.1995	15.9346	6.42028	0	11.7743	10.5503	10.3558	13.1436	13.9943	17.2907	14.194	8.91333	12.0435	13.0793	8.16333	10.837	8.84828	
2.01246	13.5533	28.592	9.72842	10.8279	5.35397	11.7743	0	5.14602	9.33381	12.0773	14.589	10.3101	15.2555	10.9542	15.9097	15.1201	10.2042	12.8778	14.1928	
3.13356	12.3293	27.5345	10.8495	11.949	4.13	10.5503	5.14602	0	12.1633	10.8533	19.4359	11.4312	11.7921	14.1049	18.8972	16.531	13.3549	16.0286	12.9688	
9.02973	14.3744	10.7771	8.04984	8.00381	14.4056	10.3558	9.33381	12.1633	0	7.32544	6.9983	10.6197	12.5899	6.88717	6.5759	11.0531	6.13717	5.0082	9.77117	
12.0992	14.9226	11.0145	8.03655	5.43902	6.72328	13.1436	12.0773	10.8533	7.32544	0	10.9193	3.87572	7.85469	11.9132	0.749533	21.1542	13.0031	12.1044	3.9448	
12.996	11.6046	7.75898	5.28	10.9436	13.0592	13.9943	14.589	19.4359	6.9983	10.9193	0	7.04361	7.64377	1.27816	12.4418	4.0395	2.02816	1.9901	7.01902	
8.29759	10.4854	13.9976	4.16083	3.9	10.599	17.2907	10.3101	11.4312	10.6197	3.87572	7.04361	0	12.0233	8.32178	4.62525	9.39533	9.12735	8.22873	12.3169	
14.9256	14.1871	13.3506	7.86252	13.6444	14.1846	14.194	15.2555	11.7921	12.5899	7.85469	7.64377	12.0233	0	7.50029	7.10515	4.73895	9.65492	7.5817	5.34573	
15.3233	15.9436	8.61493	6.55816	9.21437	18.4909	8.91333	10.9542	14.1049	6.88717	11.9132	1.27816	8.32178	7.50029	0	11.1636	2.76134	0.75	2.84605	7.87497	
15.6056	27.1072	11.7641	13.2825	6.18855	7.47281	12.0435	15.9097	18.8972	6.5759	0.749533	12.4418	4.62525	7.10515	11.1636	0	11.8441	11.9136	8.22418	3.19526	
12.9505	11.5591	10.1397	5.2345	13.3803	13.0137	13.0793	15.1201	16.531	11.0531	21.1542	4.0395	9.39533	4.73895	2.76134	11.8441	0	3.51134	5.60739	10.0847	
12.2166	16.6936	8.44255	9.00705	8.46437	14.5836	8.16333	10.2042	13.3549	6.13717	13.0031	2.02816	9.12735	9.65492	0.75	11.9136	3.51134	0	2.67367	7.70258	
14.0379	12.6579	5.76888	6.33338	11.138	13.8678	10.837	12.8778	16.0286	5.0082	12.1044	1.9901	8.22873	7.5817	2.84605	8.22418	5.60739	2.67367	0	5.02892	
14.2147	17.0381	10.7978	11.3623	11.0953	8.83883	8.84828	14.1928	12.9688	9.77117	3.9448	7.01902	12.3169	5.34573	7.87497	3.19526	10.0847	7.70258	5.02892	0	

0	15.4417	15.7523	7.74758	21.6161	2.24522	10.8056	4.42741	4.20557	15.9221	16.3485	8.78775	7.19698	15.5441	11.5047	11.4284	15.029	11.6052	7.26722	12.194	
15.4417	0	29.3314	19.3781	29.5435	13.8757	8.98087	14.6726	11.2361	26.6745	23.379	18.307	18.8275	22.5746	26.9334	22.205	21.0754	23.2357	23.5841	25.9873	
15.7523	29.3314	0	12.0529	15.3106	11.5124	23.8352	11.3249	14.7614	18.6451	12.2505	16.2651	6.56061	13.7336	18.9201	8.54051	11.7407	19.468	20.0469	13.75	
7.74758	19.3781	12.0529	0	12.0452	5.50236	14.0627	5.89087	9.32738	4.15909	8.15944	7.34039	5.49229	8.15372	5.69824	6.74523	13.287	4.13824	5.81986	9.94049	
21.6161	29.5435	15.3106	12.0452	0	13.7018	20.5626	14.1228	14.8355	12.194	2.69258	12.5073	7.2799	5.07293	8.944	4.1068	13.2584	10.198	13.1815	6.35618	
2.24522	13.8757	11.5124	5.50236	13.7018	0	8.56037	6.47575	6.45078	9.66145	10.5974	13.5809	4.95177	12.1247	10.92	6.93167	12.7838	9.36	9.51244	12.3784	
10.8056	8.98087	23.8352	14.0627	20.5626	8.56037	0	15.0361	15.0704	21.2025	23.2552	20.525	13.5121	20.28	17.9525	17.7435	12.0945	17.9204	22.0455	24.8238	
4.42741	14.6726	11.3249	5.89087	14.1228	6.47575	15.0361	0	3.43651	10.05	15.5794	10.5074	11.3832	14.0446	15.2627	10.9619	19.2596	10.0291	11.6946	7.7666	
4.20557	11.2361	14.7614	9.32738	14.8355	6.45078	15.0704	3.43651	0	17.1821	12.1429	7.07087	11.4618	11.3385	13.3792	10.9689	19.2938	12.657	8.5914	11.2031	
15.9221	26.6745	18.6451	4.15909	12.194	9.66145	21.2025	10.05	17.1821	0	13.4835	9.55835	9.65138	8.55457	3.25	10.9043	9.12791	4.40275	7.48745	15.5955	
16.3485	23.379	12.2505	8.15944	2.69258	10.5974	23.2552	15.5794	12.1429	13.4835	0	8.62152	3.39411	7.76551	11.6366	1.41421	13.5868	12.8906	15.5988	4.60948	
8.78775	18.307	16.2651	7.34039	12.5073	13.5809	20.525	10.5074	7.07087	9.55835	8.62152	0	9.18721	11.6129	5.75798	7.20731	13.4878	5.58614	1.52053	10.4026	
7.19698	18.8275	6.56061	5.49229	7.2799	4.95177	13.5121	11.3832	11.4618	9.65138	3.39411	9.18721	0	7.17295	12.4775	1.9799	7.8969	9.63053	11.2251	5.17516	
15.5441	22.5746	13.7336	8.15372	5.07293	12.1247	20.28	14.0446	11.3385	8.55457	7.76551	11.6129	7.17295	0	5.30457	9.15285	8.18545	6.86457	9.54203	8.65499	
11.5047	26.9334	18.9201	5.69824	8.944	10.92	17.9525	15.2627	13.3792	3.25	11.6366	5.75798	12.4775	5.30457	0	13.5157	7.17948	1.56	4.23745	12.8169	
11.4284	22.205	8.54051	6.74523	4.1068	6.93167	17.7435	10.9619	10.9689	10.9043	1.41421	7.20731	1.9799	9.15285	13.5157	0	9.8768	10.8835	8.72784	3.19526	
15.029	21.0754	11.7407	13.287	13.2584	12.7838	12.0945	19.2596	19.2938	9.12791	13.5868	13.4878	7.8969	8.18545	7.17948	9.8768	0	8.73948	11.4169	16.8404	
11.6052	23.2357	19.468	4.13824	10.198	9.36	17.9204	10.0291	12.657	4.40275	12.8906	5.58614	9.63053	6.86457	1.56	10.8835	8.73948	0	5.79745	14.3769	
7.26722	23.5841	20.0469	5.81986	13.1815	9.51244	22.0455	11.6946	8.5914	7.48745	15.5988	1.52053	11.2251	9.54203	4.23745	8.72784	11.4169	5.79745	0	9.8902	
12.194	25.9873	13.75	9.94049	6.35618	12.3784	24.8238	7.7666	11.2031	15.5955	4.60948	10.4026	5.17516	8.65499	12.8169	3.19526	16.8404	14.3769	9.8902	0	

0	6.89205	12.131	3.54175	13.6002	2.71956	11.7002	3.66715	1.93786	5.59893	12.9305	11.4246	14.407	14.5017	6.47686	14.9401	10.5636	8.30686	9.06993	11.1153	
6.89205	0	15.4284	7.19484	17.3949	9.54769	3.54175	3.2249	10.0963	9.39367	15.5125	14.0066	16.9889	14.3573	9.05884	14.4978	13.1456	10.8888	11.6519	13.6973	
12.131	15.4284	0	8.5892	17.4625	11.5301	18.9702	12.5591	25.9585	10.6464	15.0532	6.53363	16.4618	11.8817	7.78506	15.633	14.5558	9.89396	5.19199	12.75	
3.54175	7.19484	8.5892	0	10.0584	2.94092	10.8782	3.96994	5.47961	2.05718	13.2357	7.67502	13.7084	10.4751	8.07257	15.2428	12.0739	6.45565	6.33338	9.72248	
13.6002	17.3949	17.4625	10.0584	0	12.9994	28.4216	14.0284	15.9772	9.87704	3.17725	4.83355	3.65	5.77264	8.96863	3.75707	8.24982	7.13863	6.17519	8.34581	
2.71956	9.54769	11.5301	2.94092	12.9994	0	14.7666	6.32278	4.65742	4.9981	17.9449	14.3969	25.6752	14.8067	9.19642	17.5957	29.1187	9.39657	9.2743	16.8077	
11.7002	3.54175	18.9702	10.8782	28.4216	14.7666	0	6.76665	24.2162	21.1555	20.1722	25.423	23.1936	22.6404	12.6006	33.6195	23.0792	18.2704	25.9849	15.0036	
3.66715	3.2249	12.5591	3.96994	14.0284	6.32278	6.76665	0	5.60501	6.02712	11.8527	16.0007	18.6749	11.1324	10.144	11.2729	13.6096	10.4256	10.3033	10.4849	
1.93786	10.0963	25.9585	5.47961	15.9772	4.65742	24.2162	5.60501	0	6.56649	25.8899	14.5746	25.8528	14.9844	8.41472	25.2533	31.1002	10.9692	27.4071	19.2497	
5.59893	9.39367	10.6464	2.05718	9.87704	4.9981	21.1555	6.02712	6.56649	0	13.0543	8.00812	13.527	8.41789	6.23275	17.827	10.021	4.40275	8.39056	7.66958	
12.9305	15.5125	15.0532	13.2357	3.17725	17.9449	20.1722	11.8527	25.8899	13.0543	0	8.0108	6.82725	8.94989	6.45368	0.579828	7.26223	8.28368	9.04675	5.16856	
11.4246	14.0066	6.53363	7.67502	4.83355	14.3969	25.423	16.0007	14.5746	8.00812	8.0108	0	6.41752	8.03137	3.93471	12.7835	8.45665	5.44472	1.34164	8.71156	
14.407	16.9889	16.4618	13.7084	3.65	25.6752	23.1936	18.6749	25.8528	13.527	6.82725	6.41752	0	9.42264	7.93009	10.6066	12.0169	9.40394	7.75916	8.19	
14.5017	14.3573	11.8817	10.4751	5.77264	14.8067	22.6404	11.1324	14.9844	8.41789	8.94989	8.03137	9.42264	0	6.56396	10.4357	2.47718	8.09543	6.68973	7.63675	
6.47686	9.05884	7.78506	8.07257	8.96863	9.19642	12.6006	10.144	8.41472	6.23275	6.45368	3.93471	7.93009	6.56396	0	7.03351	4.08678	1.83	2.59307	4.63849	
14.9401	14.4978	15.633	15.2428	3.75707	17.5957	33.6195	11.2729	25.2533	17.827	0.579828	12.7835	10.6066	10.4357	7.03351	0	7.84206	14.2714	15.101	5.74839	
10.5636	13.1456	14.5558	12.0739	8.24982	29.1187	23.0792	13.6096	31.1002	10.021	7.26223	8.45665	12.0169	2.47718	4.08678	7.84206	0	5.61826	6.67985	8.72527	
8.30686	10.8888	9.89396	6.45565	7.13863	9.39657	18.2704	10.4256	10.9692	4.40275	8.28368	5.44472	9.40394	8.09543	1.83	14.2714	5.61826	0	4.42307	3.26683	
9.06993	11.6519	5.19199	6.33338	6.17519	9.2743	25.9849	10.3033	27.4071	8.39056	9.04675	1.34164	7.75916	6.68973	2.59307	15.101	6.67985	4.42307	0	7.23156	
11.1153	13.6973	12.75	9.72248	8.34581	16.8077	15.0036	10.4849	19.2497	7.66958	5.16856	8.71156	8.19	7.63675	4.63849	5.74839	8.72527	3.26683	7.23156	0	

0	16.3169	20.3437	5.31263	11.7539	2.27684	13.0808	3.95952	5.73112	12.9153	18.6048	16.122	16.6148	12.3015	11.988	10.6623	14.8034	14.2001	16.6811	24.1047	
16.3169	0	9.49442	11.1312	22.9139	18.5937	21.2505	14.5889	17.1544	18.7338	15.4285	7.88538	23.6747	18.1201	15.2953	16.3902	11.1357	21.801	7.32636	14.7021	
20.3437	9.49442	0	15.0311	17.8559	20.6725	23.3402	18.3735	21.0219	19.2238	21.2465	6.90479	25.4603	10.6364	13.8129	20.3808	9.33916	12.5529	6.34577	13.7215	
5.31263	11.1312	15.0311	0	12.4497	5.14036	13.3728	3.45769	5.64456	7.60263	6.31133	9.80896	9.30946	6.98891	6.6754	5.34966	12.492	7.9354	14.6443	11.0698	
11.7539	22.9139	17.8559	12.4497	0	14.0307	16.0902	17.5229	13.772	6.81175	7.48538	7.98999	6.35	12.6045	6.56298	7.1	9.39963	5.30298	19.7777	12.2	
2.27684	18.5937	20.6725	5.14036	14.0307	0	18.0935	1.68268	3.86955	17.635	16.328	17.6255	20.5315	10.0361	16.9346	16.8306	10.717	17.3376	18.1846	20.9821	
13.0808	21.2505	23.3402	13.3728	16.0902	18.0935	0	9.53654	7.34967	17.4581	19.4808	13.4743	18.2333	18.0888	12.0473	26.1537	14.8839	10.7873	24.646	26.2305	
3.95952	14.5889	18.3735	3.45769	17.5229	1.68268	9.53654	0	2.18687	11.0603	16.1096	11.6444	13.0705	10.4466	8.86077	8.80735	9.03433	10.6558	12.8437	19.2174	
5.73112	17.1544	21.0219	5.64456	13.772	3.86955	7.34967	2.18687	0	13.6258	17.1625	9.80746	10.8837	13.0121	6.6739	11.3728	11.2212	7.9339	14.6428	11.0683	
12.9153	18.7338	19.2238	7.60263	6.81175	17.635	17.4581	11.0603	13.6258	0	14.2971	6.4065	13.1618	13.9723	7.93083	12.9523	9.01657	6.67083	6.96551	20.512	
18.6048	15.4285	21.2465	6.31133	7.48538	16.328	19.4808	16.1096	17.1625	14.2971	0	11.3805	4.92146	15.995	9.95354	0.961665	12.7902	8.69354	16.1079	6.79649	
16.122	7.88538	6.90479	9.80896	7.98999	17.6255	13.4743	11.6444	9.80746	6.4065	11.3805	0	8.38142	8.85687	3.13356	13.8209	2.61008	2.68701	0.559017	7.52792	
16.6148	23.6747	25.4603	9.30946	6.35	20.5315	18.2333	13.0705	10.8837	13.1618	4.92146	8.38142	0	16.796	5.24786	3.9598	12.4711	6.50786	10.4201	5.85	
12.3015	18.1201	10.6364	6.98891	12.6045	10.0361	18.0888	10.4466	13.0121	13.9723	15.995	8.85687	16.796	0	8.56151	12.3386	6.24679	7.30151	10.0562	10.946	
11.988	15.2953	13.8129	6.6754	6.56298	16.9346	12.0473	8.86077	6.6739	7.93083	9.95354	3.13356	5.24786	8.56151	0	9.20765	5.35664	1.26	3.69258	4.39436	
10.6623	16.3902	20.3808	5.34966	7.1	16.8306	26.1537	8.80735	11.3728	12.9523	0.961665	13.8209	3.9598	12.3386	9.20765	0	16.0179	9.6552	13.2106	5.83483	
14.8034	11.1357	9.33916	12.492	9.39963	10.717	14.8839	9.03433	11.2212	9.01657	12.7902	2.61008	12.4711	6.24679	5.35664	16.0179	0	4.09664	3.16909	10.1831	
14.2001	21.801	12.5529	7.9354	5.30298	17.3376	10.7873	10.6558	7.9339	6.67083	8.69354	2.68701	6.50786	7.30151	1.26	9.6552	4.09664	0	3.24602	5.65436	
16.6811	7.32636	6.34577	14.6443	19.7777	18.1846	24.646	12.8437	14.6428	6.96551	16.1079	0.559017	10.4201	10.0562	3.69258	13.2106	3.16909	3.24602	0	7.37574	
24.1047	14.7021	13.7215	11.0698	12.2	20.9821	26.2305	19.2174	11.0683	20.512	6.79649	7.52792	5.85	10.946	4.39436	5.83483	10.1831	5.65436	7.37574	0	

0	4.6911	19.4718	4.3007	10.507	4.01609	8.7243	6.79765	3.75203	9.22005	13.4015	9.05097	14.8424	13.0892	12.5968	15.0748	18.9573	13.8497	10.974	17.4897	
4.6911	0	19.6755	8.9918	26.9985	8.70719	7.20999	11.4887	7.64055	7.73036	19.0475	13.7421	22.7616	12.5233	14.1318	18.9633	19.0932	13.0409	16.3187	21.348	
19.4718	19.6755	0	13.4248	7.21848	15.4557	20.1639	18.2999	22.8757	20.8837	13.196	9.08959	8.91848	14.0616	5.54372	14.0685	16.962	10.7637	7.93221	13.1003	
4.3007	8.9918	13.4248	0	6.20627	5.78697	5.7109	11.0983	8.05272	4.91935	9.1008	12.9413	7.90627	17.6643	19.7157	10.1473	14.6566	11.5419	15.9283	12.0881	
10.507	26.9985	7.21848	6.20627	0	11.9932	11.9172	15.3047	17.3845	11.1256	5.97753	7.49142	1.7	14.1277	10.3298	5.51838	9.74354	8.26041	10.8732	5.88184	
4.01609	8.70719	15.4557	5.78697	11.9932	0	4.70821	5.86387	7.42	10.7063	14.8878	11.9386	17.8775	16.1243	15.632	14.3186	18.0758	10.5392	14.0091	21.1577	
8.7243	7.20999	20.1639	5.7109	11.9172	4.70821	0	10.5721	12.1282	10.6303	9.55675	7.23038	13.0218	11.2686	10.7763	17.8058	10.1617	5.83095	9.1534	22.1461	
6.79765	11.4887	18.2999	11.0983	15.3047	5.86387	10.5721	0	6.01389	15.7826	9.5012	15.8486	12.2731	20.1612	12.7562	8.45468	25.37	16.1115	18.4252	19.7516	
3.75203	7.64055	22.8757	8.05272	17.3845	7.42	12.1282	6.01389	0	15.2574	11.407	12.803	15.1411	15.9649	15.3176	11.3228	14.4284	10.0976	15.3796	13.7377	
9.22005	7.73036	20.8837	4.91935	11.1256	10.7063	10.6303	15.7826	15.2574	0	11.3306	13.5444	15.6258	13.472	12.8247	13.5276	11.9355	7.60475	17.3775	24.8299	
13.4015	19.0475	13.196	9.1008	5.97753	14.8878	9.55675	9.5012	11.407	11.3306	0	9.6655	4.86489	9.59308	8.9458	1.04652	8.05654	3.7258	13.4985	11.8594	
9.05097	13.7421	9.08959	12.9413	7.49142	11.9386	7.23038	15.8486	12.803	13.5444	9.6655	0	5.79142	4.03822	3.54587	9.60979	10.2704	5.9397	1.92302	12.8629	
14.8424	22.7616	8.91848	7.90627	1.7	17.8775	13.0218	12.2731	15.1411	15.6258	4.86489	5.79142	0	9.82963	8.62981	3.81838	11.4435	8.021	7.71443	7.58184	
13.0892	12.5233	14.0616	17.6643	14.1277	16.1243	11.2686	20.1612	15.9649	13.472	9.59308	4.03822	9.82963	0	7.58409	15.9866	6.5699	5.86728	5.96124	8.82469	
12.5968	14.1318	5.54372	19.7157	10.3298	15.632	10.7763	12.7562	15.3176	12.8247	8.9458	3.54587	8.62981	7.58409	0	12.2268	9.55074	5.22	5.46889	10.9859	
15.0748	18.9633	14.0685	10.1473	5.51838	14.3186	17.8058	8.45468	11.3228	13.5276	1.04652	9.60979	3.81838	15.9866	12.2268	0	16.5935	4.77232	12.7421	12.7318	
18.9573	19.0932	16.962	14.6566	9.74354	18.0758	10.1617	25.37	14.4284	11.9355	8.05654	10.2704	11.4435	6.5699	9.55074	16.5935	0	4.33074	14.1035	8.77852	
13.8497	13.0409	10.7637	11.5419	8.26041	10.5392	5.83095	16.1115	10.0976	7.60475	3.7258	5.9397	8.021	5.86728	5.22	4.77232	4.33074	0	7.86272	13.1093	
10.974	16.3187	7.93221	15.9283	10.8732	14.0091	9.1534	18.4252	15.3796	17.3775	13.4985	1.92302	7.71443	5.96124	5.46889	12.7421	14.1035	7.86272	0	12.5723	
17.4897	21.348	13.1003	12.0881	5.88184	21.1577	22.1461	19.7516	13.7377	24.8299	11.8594	12.8629	7.58184	8.82469	10.9859	12.7318	8.77852	13.1093	12.5723	0	

0	10.3537	26.8962	6.15719	15.2944	3.66824	9.46035	1.16276	2.3914	12.0552	11.8675	15.4565	7.74442	9.82128	10.1377	13.6841	12.901	13.1077	12.7903	14.3744	
10.3537	0	19.567	14.1854	9.21303	15.6667	5.56561	9.19097	11.4608	11.8272	12.2287	11.711	16.763	16.1148	14.0139	11.063	8.68332	13.8962	14.4555	12.3437	
26.8962	19.567	0	19.9392	9.84905	23.9086	14.0014	13.3457	25.9624	16.7276	10.2618	16.0732	13.9387	4.68722	14.3443	7.99905	12.1187	11.5976	17.7963	9.35412	
6.15719	14.1854	19.9392	0	10.3947	7.68433	11.3599	4.99444	6.02316	5.09823	7.37902	11.3732	11.5021	13.653	6.05443	9.64177	14.1332	9.02443	10.7978	19.6484	
15.2944	9.21303	9.84905	10.3947	0	14.7301	13.5178	16.8802	13.7389	17.8035	3.01569	7.5478	7.1388	7.79756	9.98587	1.85	15.6532	8.83705	5.24245	3.13065	
3.66824	15.6667	23.9086	7.68433	14.7301	0	14.7733	4.831	5.6	12.7826	11.3032	12.2604	7.18006	15.1343	13.7388	13.1198	9.23275	14.2791	16.4586	12.0208	
9.46035	5.56561	14.0014	11.3599	13.5178	14.7733	0	8.29759	11.5779	6.26163	24.2606	13.767	16.5151	15.054	8.44824	16.7776	14.2489	10.7978	13.1917	10.3871	
1.16276	9.19097	13.3457	4.99444	16.8802	4.831	8.29759	0	3.2803	10.0927	12.3735	20.4847	8.90717	8.65852	11.0489	18.2523	15.7085	15.5689	13.9531	13.3254	
2.3914	11.4608	25.9624	6.02316	13.7389	5.6	11.5779	3.2803	0	11.1214	13.4022	23.5337	10.1358	11.9388	12.0776	15.5889	14.8327	17.3781	15.1817	16.8695	
12.0552	11.8272	16.7276	5.09823	17.8035	12.7826	6.26163	10.0927	11.1214	0	11.6773	7.22317	10.2535	11.4465	7.50617	11.5232	18.0156	4.53617	14.3089	16.4156	
11.8675	12.2287	10.2618	7.37902	3.01569	11.3032	24.2606	12.3735	13.4022	11.6773	0	9.47563	4.12311	11.2373	10.1111	2.26274	12.5033	7.14112	8.25814	6.14635	
15.4565	11.711	16.0732	11.3732	7.5478	12.2604	13.767	20.4847	23.5337	7.22317	9.47563	0	9.78606	9.08405	5.31881	9.67406	3.02769	2.68701	2.77272	4.41715	
7.74442	16.763	13.9387	11.5021	7.1388	7.18006	16.5151	8.90717	10.1358	10.2535	4.12311	9.78606	0	10.9587	10.069	5.9397	16.4128	7.09905	12.7925	6.63	
9.82128	16.1148	4.68722	13.653	7.79756	15.1343	15.054	8.65852	11.9388	11.4465	11.2373	9.08405	10.9587	0	9.65704	10.0716	7.43153	6.91035	13.4641	4.6669	
10.1377	14.0139	14.3443	6.05443	9.98587	13.7388	8.44824	11.0489	12.0776	7.50617	10.1111	5.31881	10.069	9.65704	0	9.95705	8.3465	2.97	4.74342	9.73595	
13.6841	11.063	7.99905	9.64177	1.85	13.1198	16.7776	18.2523	15.5889	11.5232	2.26274	9.67406	5.9397	10.0716	9.95705	0	21.1932	6.98705	7.09245	4.98065	
12.901	8.68332	12.1187	14.1332	15.6532	9.23275	14.2489	15.7085	14.8327	18.0156	12.5033	3.02769	16.4128	7.43153	8.3465	21.1932	0	5.71469	5.80041	7.44484	
13.1077	13.8962	11.5976	9.02443	8.83705	14.2791	10.7978	15.5689	17.3781	4.53617	7.14112	2.68701	7.09905	6.91035	2.97	6.98705	5.71469	0	5.45973	7.10415	
12.7903	14.4555	17.7963	10.7978	5.24245	16.4586	13.1917	13.9531	15.1817	14.3089	8.25814	2.77272	12.7925	13.4641	4.74342	7.09245	5.80041	5.45973	0	7.18987	
14.3744	12.3437	9.35412	19.6484	3.13065	12.0208	10.3871	13.3254	16.8695	16.4156	6.14635	4.41715	6.63	4.6669	9.73595	4.98065	7.44484	7.10415	7.18987	0	

0	8.85438	21.8871	3.28877	22.3332	3.44688	11.8551	3.53299	5.9785	6.24038	25.6718	8.48275	15.0482	16.393	16.5837	19.9455	11.6143	7.75806	8.42394	8.7649	
8.85438	0	15.8721	5.56561	13.3589	12.4212	14.132	10.8034	13.6151	8.51722	18.5825	14.8436	18.6089	14.1381	7.60942	15.9378	14.3471	8.41942	10.7008	11.0417	
21.8871	15.8721	0	8.01961	18.8705	15.3686	5.92368	18.3541	21.1658	14.5552	14.686	4.74038	14.512	11.0608	8.26031	17.2033	6.17904	13.6562	2.88444	6.73994	
3.28877	5.56561	8.01961	0	18.9245	6.73565	8.56635	6.82176	9.11614	2.95161	10.679	6.99111	9.89613	10.4824	5.2793	15.7276	8.42977	4.4693	5.13517	5.47613	
22.3332	13.3589	18.8705	18.9245	0	18.1555	12.9468	24.1623	14.3197	12.9893	5.22361	10.4126	5.25	15.4255	10.2593	6.1	11.527	11.0693	14.9756	9.67	
3.44688	12.4212	15.3686	6.73565	18.1555	0	13.0546	6.97987	7.63	9.25834	10.2249	5.03587	14.4445	11.7216	12.375	18.7953	8.16743	8.35927	6.89181	16.386	
11.8551	14.132	5.92368	8.56635	12.9468	13.0546	0	18.9923	17.6825	11.518	17.4345	16.2564	16.3314	18.8315	20.0303	14.9172	15.2773	13.0356	8.80812	14.0425	
3.53299	10.8034	18.3541	6.82176	24.1623	6.97987	18.9923	0	2.81169	15.1721	28.6588	13.4493	11.8814	13.9379	18.4128	17.6728	16.5808	9.97775	12.7871	8.93158	
5.9785	13.6151	21.1658	9.11614	14.3197	7.63	17.6825	2.81169	0	12.0677	13.3757	10.4895	9.06973	17.6549	7.97606	10.4839	14.423	7.16606	13.7479	11.7433	
6.24038	8.51722	14.5552	2.95161	12.9893	9.25834	11.518	15.1721	12.0677	0	9.4115	4.22246	14.1903	9.25871	2.73	11.0584	9.46767	3.54	6.0784	8.42774	
25.6718	18.5825	14.686	10.679	5.22361	10.2249	17.4345	28.6588	13.3757	9.4115	0	5.18904	3.93151	11.8428	7.01967	2.5173	13.4666	6.20967	7.04497	17.7789	
8.48275	14.8436	4.74038	6.99111	10.4126	5.03587	16.2564	13.4493	10.4895	4.22246	5.18904	0	13.4835	10.0323	4.1334	7.70634	5.15054	3.3234	1.85594	5.71144	
15.0482	18.6089	14.512	9.89613	5.25	14.4445	16.3314	11.8814	9.06973	14.1903	3.93151	13.4835	0	9.42632	9.74263	1.41421	6.27702	12.262	8.2755	4.42	
16.393	14.1381	11.0608	10.4824	15.4255	11.7216	18.8315	13.9379	17.6549	9.25871	11.8428	10.0323	9.42632	0	6.52871	9.32551	3.55421	7.33871	6.84881	5.00632	
16.5837	7.60942	8.26031	5.2793	10.2593	12.375	20.0303	18.4128	7.97606	2.73	7.01967	4.1334	9.74263	6.52871	0	8.32842	6.73767	0.81	5.37587	9.23137	
19.9455	15.9378	17.2033	15.7276	6.1	18.7953	14.9172	17.6728	10.4839	11.0584	2.5173	7.70634	1.41421	9.32551	8.32842	0	7.69124	8.72697	13.0418	5.83421	
11.6143	14.3471	6.17904	8.42977	11.527	8.16743	15.2773	16.5808	14.423	9.46767	13.4666	5.15054	6.27702	3.55421	6.73767	7.69124	0	7.25691	3.2946	7.1501	
7.75806	8.41942	13.6562	4.4693	11.0693	8.35927	13.0356	9.97775	7.16606	3.54	6.20967	3.3234	12.262	7.33871	0.81	8.72697	7.25691	0	5.17934	9.94543	
8.42394	10.7008	2.88444	5.13517	14.9756	6.89181	8.80812	12.7871	13.7479	6.0784	7.04497	1.85594	8.2755	6.84881	5.37587	13.0418	3.2946	5.17934	0	3.8555	
8.7649	11.0417	6.73994	5.47613	9.67	16.386	14.0425	8.93158	11.7433	8.42774	17.7789	5.71144	4.42	5.00632	9.23137	5.83421	7.1501	9.94543	3.8555	0	

0	10.198	9.42382	3.92122	16.7198	1.8025	5.5042	0.894427	1.1957	5.03926	17.6948	9.81634	12.1698	16.0847	14.9965	12.7598	12.1607	18.4594	6.39515	9.65812	
10.198	0	16.3305	14.1193	21.7074	9.46071	10.4988	11.0925	11.3937	16.8029	27.2229	12.5582	19.0902	23.7429	18.9903	24.5235	15.0639	15.3159	14.6646	21.4218	
9.42382	16.3305	0	12.272	11.1106	8.23251	15.152	12.1059	12.7515	12.0641	12.0856	3.77228	6.56061	20.5626	7.52362	8.96477	6.27795	6.53	3.02866	15.1959	
3.92122	14.1193	12.272	0	9.63273	5.72372	8.32358	3.71381	5.11692	1.11803	9.68132	11.84	11.2427	17.5314	17.8447	8.83857	8.08407	5.25395	9.24331	5.7369	
16.7198	21.7074	11.1106	9.63273	0	20.0863	13.1414	19.1782	19.4795	8.51469	1.5617	9.14922	4.15416	13.8944	8.63167	1.75	11.6549	8.15843	12.5704	5.50612	
1.8025	9.46071	8.23251	5.72372	20.0863	0	11.1285	2.69693	2.9982	12.5169	21.014	8.62503	13.9723	14.2822	13.8052	19.8968	10.9694	16.6528	5.20384	18.3848	
5.5042	10.4988	15.152	8.32358	13.1414	11.1285	0	4.60977	8.9246	18.4217	14.1164	16.1046	8.59142	18.8079	9.76828	10.9956	14.7387	12.6183	16.3323	18.6014	
0.894427	11.0925	12.1059	3.71381	19.1782	2.69693	4.60977	0	2.09013	4.83185	24.3751	15.5538	13.0642	15.2555	14.3781	12.5524	22.4408	18.8956	7.28958	9.45071	
1.1957	11.3937	12.7515	5.11692	19.4795	2.9982	8.9246	2.09013	0	15.8368	24.8242	14.6463	13.3655	20.0197	18.6929	23.707	16.9907	17.2637	7.59086	24.6848	
5.03926	16.8029	12.0641	1.11803	8.51469	12.5169	18.4217	4.83185	15.8368	0	10.0764	6.89363	13.0647	14.7207	6.98592	9.95661	6.96604	4.13592	10.3613	6.85493	
17.6948	27.2229	12.0856	9.68132	1.5617	21.014	14.1164	24.3751	24.8242	10.0764	0	10.7109	3.52139	12.3327	9.60663	1.11723	11.2322	9.72013	17.7147	3.94443	
9.81634	12.5582	3.77228	11.84	9.14922	8.62503	16.1046	15.5538	14.6463	6.89363	10.7109	0	7.51319	10.2603	5.60772	9.91735	2.50567	2.75772	3.42118	11.4237	
12.1698	19.0902	6.56061	11.2427	4.15416	13.9723	8.59142	13.0642	13.3655	13.0647	3.52139	7.51319	0	17.8577	4.08167	2.40416	9.05208	6.93167	9.58927	9.46939	
16.0847	23.7429	20.5626	17.5314	13.8944	14.2822	18.8079	15.2555	20.0197	14.7207	12.3327	10.2603	17.8577	0	12.725	13.4499	7.75464	11.5001	13.5202	11.7945	
14.9965	18.9903	7.52362	17.8447	8.63167	13.8052	9.76828	14.3781	18.6929	6.98592	9.60663	5.60772	4.08167	12.725	0	6.48583	4.97041	2.85	8.6014	14.0917	
12.7598	24.5235	8.96477	8.83857	1.75	19.8968	10.9956	12.5524	23.707	9.95661	1.11723	9.91735	2.40416	13.4499	6.48583	0	10.1149	9.90843	15.8805	5.06166	
12.1607	15.0639	6.27795	8.08407	11.6549	10.9694	14.7387	22.4408	16.9907	6.96604	11.2322	2.50567	9.05208	7.75464	4.97041	10.1149	0	3.7455	5.76555	13.9293	
18.4594	15.3159	6.53	5.25395	8.15843	16.6528	12.6183	18.8956	17.2637	4.13592	9.72013	2.75772	6.93167	11.5001	2.85	9.90843	3.7455	0	6.1789	14.1814	
6.39515	14.6646	3.02866	9.24331	12.5704	5.20384	16.3323	7.28958	7.59086	10.3613	17.7147	3.42118	9.58927	13.5202	8.6014	15.8805	5.76555	6.1789	0	14.8448	
9.65812	21.4218	15.1959	5.7369	5.50612	18.3848	18.6014	9.45071	24.6848	6.85493	3.94443	11.4237	9.46939	11.7945	14.0917	5.06166	13.9293	14.1814	14.8448	0	

0	21.6198	14.0885	5.37259	20.8515	4.83828	13.6644	2.68328	2.3914	4.03113	17.9469	16.169	17.2142	18.2654	11.8311	17.6499	25.5623	9.76804	12.9562	17.2127	
