100
10
3
26
30

2	10
18	44
49	8
24	29
18	24
14	12
4	39
32	30
7	29
40	48

12	38
32	17
29	12
25	20
2	30
31	46
5	13
13	36
38	6
29	11
38	47
9	47
11	18
17	31
19	6
12	7
5	14
40	36
9	45
24	43
48	45
50	13
8	43
42	23
43	14
43	6
49	4
35	41
31	42
19	24
26	29
43	47
37	36
30	3
8	34
18	40
40	10
4	27
24	26
41	17
36	22
6	6
39	40
18	29
20	3
27	3
8	26
13	37
9	6
3	28
5	50
5	28
40	5
16	28
46	41
36	46
50	47
29	41
31	2
30	11
44	17
1	3
25	26
49	11
34	6
30	12
15	17
30	40
16	35
31	42
4	17
3	50
25	33
43	30
30	38
37	49
26	30
21	47
22	8
22	17
29	43
3	42
33	8
31	20
44	32
14	39
6	35
9	34
7	1
49	32
22	1
50	21
45	11
36	45
25	4
50	18
21	50
32	49
38	1
43	28

70

1.79769e+308
1.79769e+308
1.79769e+308
1.79769e+308
1.79769e+308
1.79769e+308
1.79769e+308
1.79769e+308
1.79769e+308
1.79769e+308

14
19
16
18
16
14
18
12
14
20
19
20
19
18
19
18
20
20
19
15
19
18
12
19
20
19
11
16
20
17
15
19
19
11
20
12
14
19
12
20
12
20
15
16
13
15
18
19
12
19
18
20
13
17
17
11
16
16
17
16
18
16
18
19
18
17
16
13
16
15
11
15
13
16
18
15
11
14
12
16
17
17
12
14
14
15
19
16
19
12
16
11
11
14
17
15
17
20
15
12

0
0
0
0
0
0
0
0
0
0

0

0	4.16991	6.7325	2.16651	6.69487	3.9633	4.87344	5.38007	3.72666	5.69273	4.36265	3.44111	4.22467	6.03913	3.27088	7.04227	0.464936	5.13765	7.01329	6.9683	4.53328	9.33701	2.41861	3.29607	3.52897	5.6929	1.24524	4.39605	6.89946	3.61172	5.90736	7.07792	6.27967	4.11415	3.41905	5.66301	9.22483	8.70582	3.20708	4.80098	2.37044	6.61031	5.56202	5.41858	6.21506	5.94856	3.74121	3.14338	4.3059	4.71818	4.92449	2.74747	4.72883	3.73323	4.18701	4.46581	1.72834	3.84676	3.44571	3.31156	7.20601	3.91083	4.63786	3.96782	7.45607	2.98653	5.85803	2.94055	4.46747	3.4238	4.0716	1.47	4.97281	6.50717	6.97585	4.08689	2.71847	3.44631	4.69153	3.15663	3.32251	6.93264	2.13656	6.97941	3.85124	7.02498	1.97875	3.368	4.48722	4.35425	6.51025	4.26854	4.9855	2.23258	6.95334	4.79672	4.42164	4.23035	3.86588	3.71748	4.23919	5.43655	5.44987	2.62382	5.59791	4.41906	7.06863	5.43321	6.21638	7.03995	
4.16991	0	5.4602	1.77407	1.03223	4.10326	3.59947	2.24399	3.01308	4.25857	2.18416	2.45028	3.07893	2.27006	3.94427	5.33109	7.92811	2.49472	4.62785	3.11151	2.8221	4.1332	4.92157	1.53718	2.12782	6.35804	7.63656	2.27407	4.06379	3.71209	3.31941	5.92131	3.50483	3.76911	6.20112	9.09173	5.38113	1.71386	1.4959	1.58802	1.88669	5.82998	4.60586	4.64347	2.44569	0.66189	5.91068	3.33378	4.61978	4.14952	7.12552	5.74045	2.3043	1.10002	4.30091	3.39137	4.13014	1.66069	3.4423	2.89956	3.05466	3.19594	3.11052	2.28794	5.91083	3.87233	7.95274	1.22937	1.18933	1.39247	5.37063	6.56019	2.39889	5.18248	3.60409	4.10523	5.00863	1.73513	1.1149	1.44545	2.83707	4.883	2.40359	5.41768	2.14006	4.34798	1.96183	1.65682	3.27551	2.80862	2.66271	5.20801	4.45317	5.76214	3.34273	1.4594	4.72814	3.33916	5.63263	4.45348	2.52802	4.56939	5.29261	1.1385	2.94983	5.90896	3.1424	2.03593	2.14185	5.25617	
6.7325	5.4602	0	3.946	4.84295	5.36215	3.56333	6.28093	6.83974	4.77112	5.81998	3.26978	3.30341	4.59821	7.44532	7.09889	6.26465	6.26383	2.45707	3.91784	4.90372	7.23636	9.73896	4.99358	4.17882	3.48395	5.66554	3.12284	7.80147	2.48843	2.22259	1.22909	5.99398	3.56832	3.31346	4.08163	1.86345	2.17269	1.82011	3.7154	5.12328	3.57441	6.81388	5.22894	5.70437	2.77089	4.88663	5.09039	6.4176	1.56991	2.7833	5.23827	6.43368	6.95507	5.60791	4.01313	5.42882	4.8632	6.23355	11.3519	8.20523	6.4433	4.10466	3.57291	4.12851	3.87809	7.72474	2.10808	4.71647	4.0961	3.01608	6.83701	4.80327	0.723317	5.34731	3.70922	7.72278	1.60232	3.59812	4.16931	4.12283	3.94317	6.32051	4.91356	4.37086	2.4456	2.30588	5.23414	5.90432	5.23303	4.73976	7.62411	3.88931	2.05205	7.10739	6.43388	5.41425	3.83873	6.72396	5.14546	6.47866	2.75484	1.7128	5.3134	6.44593	4.31347	8.70718	2.09329	3.73333	4.34069	
2.16651	1.77407	3.946	0	2.80629	2.17231	3.27338	2.17521	4.55086	2.95756	3.07804	0.676215	2.32372	3.06067	2.55095	4.58508	3.67109	0.812803	4.97556	3.07375	1.30538	5.90727	5.26928	1.59161	6.01895	4.27288	4.75836	3.52674	2.76816	1.82074	2.65177	6.26925	4.41753	3.68761	3.46214	3.02154	7.12017	3.44651	2.41186	1.12183	0.112624	4.3448	4.04106	5.08559	3.23069	2.43596	4.41269	3.52304	1.66762	2.37545	2.4526	4.46947	2.77819	1.40237	2.18427	6.69286	2.80932	0.841694	1.66602	4.5443	5.39817	3.2452	1.78988	2.63565	3.8677	1.6153	4.26315	2.77095	2.96339	2.11096	3.1852	5.48891	1.37702	3.22205	3.62643	3.51253	5.83087	3.84555	1.8057	2.04713	3.18478	3.45355	0.345569	5.59816	2.28834	3.67091	0.187761	2.97294	1.50144	3.15633	1.65853	2.47755	1.29575	0.441594	2.33855	2.69996	2.46992	1.56509	4.61778	1.92649	2.70068	4.44884	3.28419	0.832835	5.25876	4.53411	4.78603	2.33316	2.47085	3.00511	
6.69487	1.03223	4.84295	2.80629	0	3.07103	5.05095	1.82259	2.75388	4.64913	3.21638	1.00141	2.78508	1.23784	2.91205	4.6456	5.718	3.17694	3.17857	3.5694	3.63358	5.09111	3.47229	2.0607	4.25744	3.16976	6.22308	3.24567	3.54792	5.6335	2.28719	6.60414	4.24099	5.37209	3.90695	3.21559	2.64633	2.58624	5.2633	0.555792	3.18998	3.07677	5.63809	4.76684	3.89445	1.69412	6.20965	4.0025	4.12648	5.94815	3.05275	3.36635	1.9958	1.80879	3.87803	5.9467	4.47594	2.36946	2.41007	4.12197	4.50614	1.74666	5.94853	0.838668	4.11289	3.23149	3.0771	2.26159	2.22155	4.99877	3.94893	4.38578	3.85037	5.82646	2.15482	3.94041	3.9764	3.17493	1.84513	4.66624	1.38779	3.91286	3.45034	3.63074	5.65733	3.67543	3.58167	3.7462	2.57465	1.35934	3.11547	5.01034	4.77383	5.59695	4.81628	2.91088	3.24969	2.08574	4.10025	2.54641	4.97097	6.20368	6.00139	2.58998	4.43911	8.72763	4.17462	4.02774	1.10962	5.52016	
3.9633	4.10326	5.36215	2.17231	3.07103	0	1.41099	3.39121	4.78246	3.52749	3.67789	3.44691	2.28557	2.5195	2.87519	1.81816	3.69256	4.40492	3.7882	2.9	5.12015	8.74258	3.39896	3.3884	4.9243	1.01954	3.15205	4.52733	4.95386	3.61753	5.35822	3.2744	4.97838	3.36286	5.59543	6.44056	4.32487	5.41811	2.53417	3.62683	2.37624	6.97517	5.64385	3.82844	1.68935	3.4004	4.37062	4.03149	1.05544	4.54154	4.27365	4.64842	4.46796	2.00222	4.44565	2.87567	3.26207	1.44155	1.77923	2.518	5.6078	4.17697	5.99689	2.87588	4.1531	3.621	5.43553	4.13513	5.07771	3.07826	7.2575	5.90923	1.34605	6.08547	3.4298	2.69138	2.71631	5.64234	2.70663	4.32681	4.96322	4.91931	2.14236	4.59043	5.14495	3.2543	1.98455	2.70128	5.7268	2.57472	2.42526	4.27434	5.98138	2.23838	1.74524	3.29982	1.01314	1.91796	5.00142	2.31753	4.49747	3.46162	9.21027	2.62962	4.00776	7.27845	6.55777	4.59557	4.18065	4.31205	
4.87344	3.59947	3.56333	3.27338	5.05095	1.41099	0	8.96022	2.85254	2.9122	3.63914	5.39207	3.44512	4.20294	2.32401	3.88505	5.33838	4.7704	4.94774	4.05955	5.9304	6.60788	4.64457	3.74633	4.30901	7.30765	5.60563	6.68579	2.47608	5.37705	6.45804	7.80737	1.72211	7.33699	5.98661	3.59708	5.48441	2.53138	2.1788	4.58015	5.65622	3.9331	7.06334	4.60319	1.34162	2.93758	6.59211	3.41621	1.97552	7.94996	7.45922	7.62091	4.96412	2.99235	7.07498	5.55596	5.17427	2.43168	4.14941	1.90271	2.34068	4.27736	8.38183	2.33034	6.43491	5.41845	10.0494	2.46677	8.04468	2.42217	6.04756	5.29395	4.67457	13.343	2.81451	3.74973	2.10102	1.96101	2.21398	4.528	4.09514	4.62191	4.01068	6.97537	5.33223	5.23046	4.2997	5.61497	9.36066	1.95943	4.68081	2.4628	5.36609	6.73724	4.13018	1.68886	0.397849	1.30268	5.19633	4.70247	5.88757	5.59754	5.60906	3.41418	7.33479	6.0044	3.55366	4.43895	6.95018	4.69938	
5.38007	2.24399	6.28093	2.17521	1.82259	3.39121	8.96022	0	3.46489	5.13497	6.39347	1.71242	3.49609	2.79249	4.92189	4.22837	4.91513	2.76276	3.88958	4.10071	3.0514	5.03712	4.1833	1.58113	5.05161	10.2512	3.06902	2.02978	3.3767	5.59164	4.72372	8.94175	3.68972	1.31413	5.05799	3.99823	7.15183	6.04998	3.11625	1.2668	2.06258	4.22166	0.530836	3.80809	2.96967	4.70987	5.65094	2.74862	2.33576	4.64555	3.97051	6.54501	4.65501	1.14397	6.42459	7.53739	4.1741	1.70464	5.36889	3.27112	6.0523	2.45767	4.12482	1.54968	6.18194	3.9425	5.62653	4.46434	5.99011	4.4459	4.28677	8.04324	1.99303	8.65328	2.86583	6.36941	5.71482	3.10331	4.50092	4.61746	2.09881	6.41948	2.78552	1.94148	2.03137	4.47587	2.45427	4.45721	5.47653	1.66328	2.91337	7.75518	3.63068	6.55779	3.61491	4.8571	4.77598	5.03751	5.6476	3.04008	5.841	2.39359	4.81239	3.20115	9.62573	7.42534	7.04067	5.34918	4.4208	0.364937	
3.72666	3.01308	6.83974	4.55086	2.75388	4.78246	2.85254	3.46489	0	3.05325	0.828923	2.6437	3.7528	4.37225	2.49333	4.05437	2.89079	1.60392	4.82087	4.64937	4.70543	4.5277	3.53875	2.83016	3.8394	5.22103	3.71329	5.77599	3.36574	4.04737	6.1426	7.97668	2.74595	5.4876	5.37602	5.45174	5.11001	5.06851	2.43889	2.19808	4.10434	7.85677	5.41682	6.91718	1.51093	2.41484	6.41863	3.25268	2.14483	6.97762	5.55976	5.67967	5.13344	4.62706	7.79256	5.3774	1.62739	3.06526	5.83746	2.40578	2.50999	2.04653	5.90717	2.48096	7.71677	2.51466	3.86848	2.65497	6.57155	2.59148	4.01539	8.31882	3.64757	6.86159	3.79711	3.61501	4.05061	3.04919	3.61718	2.43889	3.03009	4.79122	3.72753	4.08811	3.39241	5.09875	5.10397	4.44964	7.87116	3.00164	2.82749	2.63212	7.40482	6.06183	3.62033	1.263	3.91064	2.88736	7.51571	6.14564	3.65621	5.5333	4.38678	3.7664	3.39487	4.55372	7.16275	4.74644	4.96504	5.27566	
5.69273	4.25857	4.77112	2.95756	4.64913	3.52749	2.9122	5.13497	3.05325	0	3.88217	5.14858	5.0312	4.98982	7.72976	4.95416	9.14031	4.67564	5.91701	6.6735	1.65218	5.80983	6.74117	4.10404	3.3684	9.26574	9.21068	2.6649	6.09349	6.29103	2.99858	6.75993	4.92495	4.0857	2.32277	4.56673	4.05704	2.54471	3.38659	5.25133	5.51489	3.81617	3.13178	6.64835	4.56418	1.18976	7.10582	4.66003	5.57604	3.69702	3.17491	5.96713	2.65333	4.5412	5.99952	8.55973	4.68064	6.04625	7.68145	4.01921	4.29554	5.09978	6.82284	5.82476	5.13419	1.96211	3.42779	2.54194	7.02714	5.82835	2.97532	7.41045	2.54257	4.51158	4.93102	7.05865	4.21752	3.11508	4.33048	3.39772	7.07646	3.80035	4.47549	4.54917	1.63125	3.58604	1.35823	3.60909	5.0081	4.07593	3.773	6.20485	3.25014	5.56361	3.66468	4.951	2.51435	3.41918	8.17133	3.09239	4.48029	2.48005	4.3536	0.713151	8.54312	3.32279	3.87624	2.86678	4.52917	3.54936	
4.36265	2.18416	5.81998	3.07804	3.21638	3.67789	3.63914	6.39347	0.828923	3.88217	0	4.04041	5.12429	6.58484	3.04429	4.52129	4.82758	0.775001	9.60014	5.47829	4.57874	2.82409	4.51685	3.06434	4.36513	5.61224	5.80054	3.97776	2.53681	3.28383	5.93363	8.33075	1.84046	7.14165	3.83902	3.792	5.63574	3.89802	3.54126	3.02701	1.47518	6.18975	4.06401	6.10848	0.781324	1.23158	7.22413	4.0816	2.95541	4.5693	4.24231	4.7435	6.92153	2.79701	6.48507	5.29142	2.45631	2.23634	3.16466	3.2347	2.54644	2.87545	6.78816	2.32407	6.74102	5.23748	4.36003	3.27473	3.37349	5.74683	3.18647	5.83264	3.32291	5.47924	4.72907	3.94465	4.14972	2.75449	2.03892	3.26781	5.48651	3.21863	3.32762	4.6462	2.56348	7.22356	4.10436	3.70218	4.87023	5.63459	4.54444	2.32956	6.12314	3.80995	3.43467	0.434075	2.96326	2.05843	6.01243	5.37751	4.57338	2.90502	6.07893	2.06252	9.27779	3.7248	4.7432	3.67896	6.96668	6.24604	
3.44111	2.45028	3.26978	0.676215	1.00141	3.44691	5.39207	1.71242	2.6437	5.14858	4.04041	0	2.22744	3.73688	4.1007	5.04295	2.99487	3.06677	3.0684	1.68427	1.98159	6.79785	2.43993	1.95052	3.36919	5.96177	3.77518	3.03307	7.14371	2.61424	5.30827	4.49887	7.53055	2.88446	2.18598	3.11868	3.9115	5.3918	5.96441	0.445617	0.788839	5.11671	3.54198	2.66309	2.51531	2.4545	2.83246	4.28075	4.76135	1.34805	1.97367	6.14493	4.21245	2.54799	4.23754	2.3932	4.00821	1.51791	4.18941	4.69217	4.84726	1.63649	1.11367	0.728493	5.9643	3.12131	6.39513	5.50927	1.6379	0.995983	3.28627	6.12298	2.05323	2.75004	1.56686	1.45295	4.89364	3.06475	2.9075	4.55606	1.27762	6.1217	1.62017	2.98538	3.6525	4.79763	0.863975	3.63602	2.17766	1.24917	2.33474	3.75215	0.619531	1.7162	5.36532	3.252	5.58777	2.24131	4.29582	3.20109	3.97528	4.51985	2.81169	2.10744	3.19918	8.08666	7.15044	5.36307	5.68758	3.37609	
4.22467	3.07893	3.30341	2.32372	2.78508	2.28557	3.44512	3.49609	3.7528	5.0312	5.12429	2.22744	0	2.94599	5.16077	3.94218	3.38881	2.91128	1.50262	0.614426	3.44229	5.01479	1.79787	3.32817	1.72361	3.30511	4.2113	3.30506	5.49477	3.09749	2.39844	4.51465	2.43343	4.12589	5.09686	2.8401	2.03929	3.02442	2.11609	2.22929	2.2111	4.13663	4.1843	2.02103	1.87325	6.3827	5.04242	5.72416	3.34102	4.73243	4.55108	4.62924	5.93873	4.90125	3.59548	1.75114	2.12541	3.72713	6.69878	3.3377	7.42186	3.42016	2.41394	2.51216	4.90276	3.01267	3.70831	1.84956	0.995836	0.792689	5.62242	8.36928	4.74541	4.02673	3.71646	0.405807	4.41936	2.35532	5.85955	2.06564	3.00172	5.37991	3.29488	4.2862	2.76025	3.05466	2.60279	2.27701	7.12298	1.58636	5.36579	8.48567	1.16914	3.27687	3.46016	6.38658	3.29871	4.25649	3.39851	3.52866	3.14821	4.80788	3.02846	6.54089	4.01634	7.96569	6.99878	2.70236	3.90447	5.94896	
6.03913	2.27006	4.59821	3.06067	1.23784	2.5195	4.20294	2.79249	4.37225	4.98982	6.58484	3.73688	2.94599	0	3.84372	4.33766	6.21206	3.78102	5.43196	2.33156	3.93532	5.54686	3.68334	2.08568	3.21043	2.39001	5.67155	2.00783	4.87858	4.99869	3.52503	4.64487	4.19426	2.7257	3.69114	5.98976	6.58011	2.56804	3.9531	1.79363	3.08084	2.82589	3.50677	5.73474	2.86132	3.35122	6.45918	3.88228	3.49522	5.08198	1.81491	4.07973	3.23364	1.64851	2.64019	4.21018	4.67864	2.20919	3.1497	5.10574	3.86038	4.84893	5.17669	2.87503	2.3488	7.16459	2.91603	3.46334	4.25375	2.58108	4.0033	7.27058	3.83488	4.46013	6.08792	3.95491	3.32066	6.16749	3.08297	4.31579	5.3209	4.76806	3.29006	7.12849	3.4221	4.4601	3.24843	5.47309	3.32302	3.21053	4.71919	3.98251	3.77165	6.52229	4.26474	3.20857	3.53264	3.5827	5.75108	4.91942	3.59247	5.90692	4.42555	3.95958	5.03136	7.38381	9.48535	3.03738	2.34746	4.50887	
3.27088	3.94427	7.44532	2.55095	2.91205	2.87519	2.32401	4.92189	2.49333	7.72976	3.04429	4.1007	5.16077	3.84372	0	3.52584	2.80595	3.14811	6.27787	6.49825	5.7865	5.86739	2.794	4.07778	4.78807	3.89473	3.58625	5.52904	2.18892	3.04828	5.18531	7.29576	3.1532	6.23805	8.54991	4.70699	8.95515	4.59634	4.26426	2.49265	4.71223	6.29446	3.39491	4.84163	0.982399	4.3002	4.34307	1.17712	1.6163	7.51559	3.48421	4.84514	3.18382	3.41088	5.23712	4.63265	3.11694	2.16637	2.09208	1.81266	1.98146	1.30178	5.30838	1.97112	9.17377	6.33078	7.09473	5.24306	5.98735	2.06295	7.04822	4.52211	3.0505	7.87723	5.25411	5.11894	2.48192	5.03112	1.22646	3.07364	3.73592	4.26269	3.77638	6.75435	7.05645	6.58748	4.35922	6.14389	4.20819	4.45864	2.68503	2.10359	6.62518	3.57441	3.36506	1.32965	1.89068	0.985855	2.12623	7.11683	3.94441	5.23832	5.24985	5.95745	2.65011	8.91787	5.81253	3.44342	4.02167	5.27849	
7.04227	5.33109	7.09889	4.58508	4.6456	1.81816	3.88505	4.22837	4.05437	4.95416	4.52129	5.04295	3.94218	4.33766	3.52584	0	5.51072	5.0032	7.22012	3.53621	3.30198	3.61451	3.92286	3.24665	4.26647	2.8377	4.97021	3.8884	4.3384	2.48692	4.64838	5.8698	4.85009	5.18102	8.49103	5.62797	5.77571	3.24024	1.27095	4.07352	6.29096	3.81264	3.85637	5.5035	2.54344	4.88472	7.14153	3.97558	2.87361	6.42439	5.4224	4.33302	2.6498	4.70769	2.89349	4.46347	3.70537	3.25972	6.86997	4.78785	3.5425	5.35203	6.38133	3.53216	4.94129	2.32983	2.30803	1.31057	5.45839	3.62399	6.94947	10.5111	4.67683	5.30114	5.1211	5.15955	3.10892	1.48874	4.64969	1.27095	4.92655	5.45015	2.16708	4.15787	3.6368	1.43614	3.66829	0.883115	3.57631	3.6139	2.89725	3.41284	7.56209	3.17318	2.05988	2.89069	2.8313	4.20904	6.00437	6.13009	3.72597	6.55816	2.82633	5.29938	5.28466	8.5501	5.99507	1.78844	6.82625	4.59331	
0.464936	7.92811	6.26465	3.67109	5.718	3.69256	5.33838	4.91513	2.89079	9.14031	4.82758	2.99487	3.38881	6.21206	2.80595	5.51072	0	6.818	3.98878	4.86125	6.78882	7.64595	2.56863	2.46617	3.99391	4.7121	0.780307	5.99783	5.80727	5.36341	5.44242	8.05353	4.66382	7.05541	3.88398	8.87153	5.80157	5.29035	8.58574	3.44049	3.9601	6.96387	4.89623	6.34295	3.78835	5.44937	4.20614	2.67844	3.47003	4.89832	4.96854	2.27668	4.68514	4.29353	5.4203	4.93075	1.2634	5.13411	4.93704	2.4757	7.87911	3.75879	4.10854	6.12639	7.26813	2.15067	3.74085	3.40548	7.34256	4.42962	7.33899	1.93493	7.888	6.25709	7.52207	3.25103	3.18341	7.44622	6.65315	4.99457	2.59147	6.4677	5.8508	6.78597	4.52642	5.32058	2.44368	4.08566	4.95216	3.88931	5.49098	4.71848	3.6144	5.81331	5.4378	8.77939	4.70569	3.39449	4.93218	5.59821	6.75035	7.51472	5.10433	9.82255	9.17255	7.04852	7.45422	4.96828	9.79341	3.48439	
5.13765	2.49472	6.26383	0.812803	3.17694	4.40492	4.7704	2.76276	1.60392	4.67564	0.775001	3.06677	2.91128	3.78102	3.14811	5.0032	6.818	0	5.24393	4.95685	4.82565	2.04909	3.7374	2.28934	1.98792	4.23544	5.34591	4.45867	2.71737	4.05883	5.55551	7.30045	2.69203	4.27517	5.43727	3.6091	3.25854	5.36731	3.4486	1.83195	0.700178	5.89995	4.54493	5.46918	1.99561	1.83283	5.87181	3.59459	3.31204	4.67686	3.04015	3.9685	5.63824	2.7265	5.40804	4.51642	3.39687	3.01134	3.26847	4.0705	4.22559	3.81202	6.08367	1.54907	5.06753	4.53543	4.76933	3.3585	4.84277	5.47487	3.96147	5.86494	3.23449	7.76244	4.22018	5.24395	3.37472	3.0014	2.28583	2.45876	3.45315	3.22733	1.78396	4.21196	3.0444	5.93235	1.09187	5.60053	6.73223	3.4247	3.3397	1.55456	7.62366	5.81078	2.65967	1.20908	3.06708	2.16225	6.13828	3.23196	5.67105	4.11931	5.28764	2.30943	5.64851	4.4998	4.86198	5.32196	3.0584	5.7885	
7.01329	4.62785	2.45707	4.97556	3.17857	3.7882	4.94774	3.88958	4.82087	5.91701	9.60014	3.0684	1.50262	5.43196	6.27787	7.22012	3.98878	5.24393	0	2.11705	8.09524	11.0239	4.94741	4.12769	3.17796	5.26689	3.20847	4.56399	8.22711	2.30037	4.12713	3.01203	3.88778	3.29051	3.59424	2.42951	3.54191	7.91202	4.17385	2.62278	3.71372	5.09963	5.00831	3.53634	5.02278	8.07787	3.5398	6.70575	6.52235	3.20651	5.24037	4.70484	8.10189	5.75535	6.38003	4.90068	3.62803	8.14293	5.95575	8.02773	6.07525	3.81365	3.82686	2.90566	4.22302	5.29848	6.16902	3.35218	4.14538	2.29531	3.80332	8.61995	5.67936	3.18039	4.22181	1.86015	5.92199	4.05939	6.05519	4.4328	3.45478	5.72611	5.50627	2.78358	5.7015	8.91373	2.02808	5.81319	7.04482	3.42633	7.62276	7.94073	2.69358	1.77424	5.62877	6.9957	8.45834	7.04369	4.85286	6.6782	7.36145	5.39422	5.62507	6.4463	3.98887	4.59426	7.10428	4.20498	4.53548	4.36012	
6.9683	3.11151	3.91784	3.07375	3.5694	2.9	4.05955	4.10071	4.64937	6.6735	5.47829	1.68427	0.614426	2.33156	6.49825	3.53621	4.86125	4.95685	2.11705	0	6.06884	9.19538	1.2547	4.57796	2.86068	4.21433	6.71209	3.2896	6.41574	6.18326	4.12303	5.59669	3.65097	3.58272	6.08738	4.05764	2.65372	4.74612	3.28566	1.77549	2.82552	3.52221	3.56988	1.47786	1.33007	4.85203	4.56391	5.78766	3.03553	4.30098	3.98924	5.84677	4.68505	3.98008	3.05231	1.20797	2.73983	6.77764	5.80951	5.08536	7.86654	5.12881	2.84512	3.20901	4.39882	4.61962	5.24759	2.46399	0.452661	0.249515	5.54378	7.29305	4.49082	5.91534	4.00118	1.02023	3.63339	5.4943	6.22249	2.0772	3.61615	4.63637	5.26946	4.71683	5.07041	4.97235	3.05012	4.41932	6.10461	0.971936	5.95241	7.62504	0.625967	4.0086	5.90983	5.93139	2.53352	6.80688	4.20825	2.68083	3.07157	4.19345	2.18696	6.37957	3.48127	8.58012	9.53128	3.31678	3.29005	2.27028	
4.53328	2.8221	4.90372	1.30538	3.63358	5.12015	5.9304	3.0514	4.70543	1.65218	4.57874	1.98159	3.44229	3.93532	5.7865	3.30198	6.78882	4.82565	8.09524	6.06884	0	3.32641	6.44482	5.75622	3.51593	5.24596	5.39054	3.00884	7.49216	3.2434	1.3464	4.86225	5.00001	3.0312	3.97495	6.28534	1.70554	2.46839	1.85926	2.98562	1.418	1.70366	4.50778	7.42451	5.29595	2.99282	5.71807	4.4275	4.78457	3.19372	2.12041	6.29168	3.07806	3.17715	4.94502	8.02303	1.19719	2.14707	4.63002	5.23049	3.55958	5.47071	5.0872	6.60501	3.1721	0.309926	2.13631	1.59273	3.00736	5.21991	4.30881	14.3637	2.68239	4.67712	5.3961	8.38151	7.55535	2.09849	3.44583	1.80881	5.85595	2.14817	2.82111	2.68995	2.50342	1.20362	1.49314	2.02018	2.80682	3.98481	2.9639	5.14682	3.98448	5.26279	2.18569	3.79033	4.16653	2.87047	9.82351	4.4066	2.89138	4.13223	5.98264	2.0687	6.89094	6.49174	5.79529	2.09472	5.13974	2.68646	
9.33701	4.1332	7.23636	5.90727	5.09111	8.74258	6.60788	5.03712	4.5277	5.80983	2.82409	6.79785	5.01479	5.54686	5.86739	3.61451	7.64595	2.04909	11.0239	9.19538	3.32641	0	4.99547	2.82682	10.7123	12.7318	7.37627	5.88481	0.668285	2.35963	8.96893	3.89232	1.42225	5.62138	10.8076	8.30548	7.45341	5.84706	2.08881	4.67024	2.74926	2.2924	3.51415	8.12519	4.45853	3.88191	5.3556	5.54803	6.96025	7.15986	8.77152	6.01759	5.61106	5.23322	5.47201	6.5655	6.86352	4.656	8.15426	3.11555	2.46623	4.50078	7.91152	3.59816	3.77295	3.86845	3.38064	2.30489	5.32253	5.45341	7.7136	8.11687	4.3993	6.37375	4.70127	5.75602	3.97074	2.56135	4.71479	2.08881	3.61798	1.17824	3.23969	3.73803	5.09348	7.53228	4.45618	6.31643	4.63316	3.19407	2.47741	2.73376	7.41738	5.57399	3.13249	3.69745	4.60901	1.87135	7.99362	2.71745	3.30613	6.70084	3.89894	5.25351	8.32123	8.69916	7.26046	3.8558	4.15423	4.67219	
2.41861	4.92157	9.73896	5.26928	3.47229	3.39896	4.64457	4.1833	3.53875	6.74117	4.51685	2.43993	1.79787	3.68334	2.794	3.92286	2.56863	3.7374	4.94741	1.2547	6.44482	4.99547	0	4.42141	3.3315	3.92111	1.78833	3.51268	5.41115	3.86788	4.8787	7.54446	5.67184	1.75836	4.03224	4.22426	5.01708	3.85492	2.65191	2.68309	4.95538	6.56651	5.23732	2.23352	2.08574	7.33931	3.93804	1.66748	2.34352	5.13708	2.71046	3.2847	5.91941	6.04907	3.80797	1.96364	3.87422	4.92094	3.16142	2.0031	8.03072	1.49222	2.21925	3.19938	7.11862	4.97652	3.68898	2.91844	1.20833	1.00518	5.82094	3.88861	2.63412	6.68209	4.51553	2.06355	0.362681	2.8697	5.49398	2.24461	3.59949	4.81476	3.54804	4.09096	3.2225	7.02858	3.80579	2.58849	3.32601	2.92293	4.68998	3.34567	1.38164	3.31594	3.44083	4.86485	2.06585	3.61933	4.62407	3.74115	7.65517	6.42714	3.91727	7.46986	2.84055	8.94088	6.65309	5.84222	5.67432	2.74886	
3.29607	1.53718	4.99358	1.59161	2.0607	3.3884	3.74633	1.58113	2.83016	4.10404	3.06434	1.95052	3.32817	2.08568	4.07778	3.24665	2.46617	2.28934	4.12769	4.57796	5.75622	2.82682	4.42141	0	2.15957	4.40709	3.28866	4.42868	2.7408	3.03683	5.13207	6.81833	2.98291	5.03771	3.14793	5.38891	3.43018	4.76705	0.738007	1.50491	1.79554	3.61061	4.41029	4.6308	2.70944	1.84846	5.24782	2.67092	3.40939	4.14328	5.02417	6.04354	4.15393	0.437161	7.01338	5.61248	1.20276	0.997833	4.6286	2.41506	3.90994	2.69578	4.96274	1.66367	4.48723	2.09003	7.00342	0.954091	4.24252	4.01298	3.80049	4.76607	3.0485	4.43645	3.10393	2.95461	2.61994	3.305	1.39546	0.738007	2.33691	4.72477	1.56166	2.38723	3.92567	3.88243	1.40385	4.02502	5.22972	1.84327	1.12661	1.64221	3.78804	1.65768	3.90153	3.44263	3.21159	1.63606	4.96977	3.14258	1.95533	5.16544	3.44697	2.04892	6.56514	4.14795	3.77256	4.23474	5.57777	4.24439	
3.52897	2.12782	4.17882	6.01895	4.25744	4.9243	4.30901	5.05161	3.8394	3.3684	4.36513	3.36919	1.72361	3.21043	4.78807	4.26647	3.99391	1.98792	3.17796	2.86068	3.51593	10.7123	3.3315	2.15957	0	3.12522	4.69446	4.02005	6.17671	5.4334	7.4742	5.26981	3.34543	2.30631	3.27176	3.7521	2.14831	4.60678	3.06355	0.721725	3.7355	4.53856	5.46495	2.99399	1.42757	3.13186	2.88215	3.7026	2.25928	4.66259	1.39552	2.81251	7.22595	1.66536	1.37298	2.48578	3.30542	4.20376	3.92256	3.99716	11.1628	3.48629	2.85969	0.438849	6.49681	3.63593	5.572	3.73406	0.938494	1.14164	3.58391	4.99897	3.41549	4.93165	4.62845	1.3178	2.96882	4.31709	3.67649	3.65273	4.78046	5.9531	4.1171	6.99344	3.07435	6.74151	3.30032	4.23877	2.05581	2.67593	5.92767	8.20144	2.15123	4.0678	6.09429	7.74491	3.91116	3.42126	4.31051	7.03889	2.43541	5.27396	6.26483	2.65525	2.699	7.72368	5.81834	7.83629	7.29248	3.50072	
5.6929	6.35804	3.48395	4.27288	3.16976	1.01954	7.30765	10.2512	5.22103	9.26574	5.61224	5.96177	3.30511	2.39001	3.89473	2.8377	4.7121	4.23544	5.26689	4.21433	5.24596	12.7318	3.92111	4.40709	3.12522	0	4.17159	4.39785	7.26859	3.97117	7.31217	2.25486	5.99792	4.3824	5.43258	5.42102	4.39583	3.8981	5.31108	2.96925	5.38872	5.98847	6.66338	5.33082	3.6751	5.97567	5.9124	5.68	2.07498	4.05833	4.20492	1.71597	7.70417	3.91288	5.03021	3.89521	3.59363	2.46109	0.759688	4.80593	10.7226	6.08902	7.42603	2.68637	5.15428	4.4809	5.30604	6.87419	6.44827	5.16014	5.44116	2.7354	3.15571	3.4223	5.6353	5.58126	5.71068	6.05397	5.92401	4.34765	6.02457	4.96894	6.36463	9.39029	5.8536	3.92834	3.00409	6.41589	0.92427	3.24239	2.28824	7.18063	4.78685	4.94119	2.76478	5.17817	2.03268	1.86591	7.01194	4.95129	5.57554	7.64912	4.45741	6.69481	2.78873	8.06968	9.48729	3.57603	4.02132	4.54074	
1.24524	7.63656	5.66554	4.75836	6.22308	3.15205	5.60563	3.06902	3.71329	9.21068	5.80054	3.77518	4.2113	5.67155	3.58625	4.97021	0.780307	5.34591	3.20847	6.71209	5.39054	7.37627	1.78833	3.28866	4.69446	4.17159	0	4.83618	4.63748	6.44447	3.75046	6.2205	3.88352	3.588	5.14073	5.63798	8.13696	10.5192	3.99763	2.64317	4.64573	5.35921	5.60107	7.82327	3.94778	6.92088	6.36614	3.45875	3.31388	6.03979	5.66763	1.49637	5.25508	5.11602	2.93591	5.61385	2.04371	4.5936	2.45265	3.2982	4.51293	3.28055	4.00758	5.1333	6.60204	2.97316	2.96055	6.80348	5.63295	2.79351	8.20897	3.39281	3.60448	5.21068	7.45393	4.07352	2.15101	5.44245	6.27937	5.21936	1.81117	7.24801	4.80439	4.28062	4.75709	5.30158	5.03742	4.90815	7.53011	4.00243	5.29754	4.73226	8.40126	4.98271	4.89729	5.2899	4.16519	4.21698	5.28677	5.37923	7.12987	4.73273	7.15153	5.54029	7.19733	7.82883	6.67391	4.64135	7.00395	2.70408	
4.39605	2.27407	3.12284	3.52674	3.24567	4.52733	6.68579	2.02978	5.77599	2.6649	3.97776	3.03307	3.30506	2.00783	5.52904	3.8884	5.99783	4.45867	4.56399	3.2896	3.00884	5.88481	3.51268	4.42868	4.02005	4.39785	4.83618	0	4.34481	1.42468	2.16667	3.24039	6.64278	1.71301	3.74913	5.81061	3.20443	0.560208	1.72204	5.29487	3.63936	0.818062	1.49894	4.26842	4.12064	2.42836	4.03639	3.71673	5.86624	3.14206	2.6238	4.17453	1.15065	3.65635	4.64803	3.99853	6.85873	4.36843	6.64411	8.50201	7.27262	5.37955	4.83834	5.73393	0.340967	2.2118	1.87563	1.4555	3.24323	2.79	4.74507	8.99973	2.3256	2.4523	3.36087	3.24697	3.10869	1.13057	6.58421	1.67159	5.85181	1.93222	2.49098	3.72367	1.41427	1.38185	2.59683	1.88295	5.02818	3.91103	2.47152	4.7002	2.41354	3.22928	2.74882	5.2364	7.07436	5.09183	6.6157	3.05517	1.58463	4.48382	3.44178	1.95175	4.9932	7.40031	3.22222	0.882278	2.78521	2.61268	
6.89946	4.06379	7.80147	2.76816	3.54792	4.95386	2.47608	3.3767	3.36574	6.09349	2.53681	7.14371	5.49477	4.87858	2.18892	4.3384	5.80727	2.71737	8.22711	6.41574	7.49216	0.668285	5.41115	2.7408	6.17671	7.26859	4.63748	4.34481	0	1.69135	5.40252	8.05807	0.753967	6.85866	6.0425	2.62894	10.0335	5.09089	2.00279	3.7817	3.28367	5.62398	2.84587	6.12312	2.79701	4.12273	4.68731	3.49082	4.24799	5.18777	5.62365	5.72116	5.32905	3.29972	4.80373	6.37371	3.33415	2.38358	2.30929	2.44727	1.38338	2.95814	6.4061	4.18548	7.93869	3.78244	5.90753	2.21887	5.25312	5.17419	5.07942	7.44859	3.26771	6.34921	4.61525	2.78159	3.88472	4.56978	1.44367	2.00279	2.9497	1.84653	2.41945	3.65201	4.3464	6.44011	3.31792	5.88892	5.48655	3.10805	2.3914	2.06548	7.76324	2.21747	6.08764	2.16035	2.10789	1.20307	7.91461	3.38573	3.22011	7.76906	7.06318	5.16749	7.19489	6.17849	5.3729	2.08648	5.64189	5.34047	
3.61172	3.71209	2.48843	1.82074	5.6335	3.61753	5.37705	5.59164	4.04737	6.29103	3.28383	2.61424	3.09749	4.99869	3.04828	2.48692	5.36341	4.05883	2.30037	6.18326	3.2434	2.35963	3.86788	3.03683	5.4334	3.97117	6.44447	1.42468	1.69135	0	4.66296	5.87134	2.44532	2.04239	3.11471	5.52992	6.32582	0.717203	1.21597	3.90562	1.81188	3.93263	3.64315	3.70302	4.00755	2.4698	6.35071	4.2254	6.02316	1.95839	6.23203	3.54011	2.38028	2.36964	5.54054	6.15245	5.07603	2.3071	2.78917	4.13862	3.4893	4.35006	2.57874	3.84068	4.41737	2.17993	2.25305	1.48251	7.30379	4.43358	5.09292	9.13994	3.04853	4.82895	3.55032	4.37422	4.56806	1.43376	5.8947	1.21597	3.72132	3.07269	0.728099	4.33536	2.6727	0.747439	0.779958	3.53017	3.43946	3.79139	1.26062	3.59033	4.49765	0.526125	1.94064	3.6603	5.63207	2.89442	5.17451	3.37171	3.90346	4.1461	2.77136	2.27805	9.61412	3.74648	4.38812	0.395134	3.31528	3.85407	
5.90736	3.31941	2.22259	2.65177	2.28719	5.35822	6.45804	4.72372	6.1426	2.99858	5.93363	5.30827	2.39844	3.52503	5.18531	4.64838	5.44242	5.55551	4.12713	4.12303	1.3464	8.96893	4.8787	5.13207	7.4742	7.31217	3.75046	2.16667	5.40252	4.66296	0	4.72513	7.06623	5.6531	6.02066	4.08453	0.359145	4.50771	1.82699	2.84298	5.47717	1.52145	3.56828	5.10186	4.95407	4.33922	4.73978	5.94593	4.96056	5.10387	3.46681	5.38429	2.68429	4.09598	6.67631	4.83197	3.26341	5.37996	4.69726	7.56505	4.63523	5.89828	3.15698	2.06861	1.8257	1.65632	0.789915	2.93913	4.07666	3.87352	7.83891	8.57053	4.28147	7.34583	7.03148	4.93189	6.20895	3.49354	4.13232	2.99277	8.3	2.63561	3.53733	1.34355	2.58646	3.26983	4.39067	5.88388	8.16719	3.72873	4.44786	6.86494	4.24997	4.13683	4.18874	5.55567	5.10428	4.19945	5.97167	4.53991	7.53809	4.43652	1.34832	3.70666	7.10527	4.90865	4.70696	4.16094	3.13796	2.92009	
7.07792	5.92131	1.22909	6.26925	6.60414	3.2744	7.80737	8.94175	7.97668	6.75993	8.33075	4.49887	4.51465	4.64487	7.29576	5.8698	8.05353	7.30045	3.01203	5.59669	4.86225	3.89232	7.54446	6.81833	5.26981	2.25486	6.2205	3.24039	8.05807	5.87134	4.72513	0	6.80998	5.74479	4.25557	4.52575	3.09254	5.79382	4.92674	5.63481	7.19337	3.77603	6.99326	3.73681	5.99437	6.80848	3.65754	6.82349	6.97272	2.01404	4.01239	7.50437	5.73039	7.24661	4.35402	2.78404	5.84849	6.19184	3.01455	8.71017	4.12549	6.03662	5.06938	4.94123	2.89942	6.44031	6.54091	6.83183	4.73198	3.74249	3.46021	5.60793	6.52228	1.16744	5.38617	4.87218	5.06046	2.83141	4.82721	4.99933	4.56695	2.71408	7.7246	5.79561	6.88681	7.30594	7.67829	6.75292	5.15411	4.58638	4.61073	5.71273	5.01602	3.28114	5.29075	5.49863	7.05413	6.14751	8.0038	5.61363	7.70775	3.19896	2.15692	5.75752	3.91613	5.43718	5.78068	3.32238	4.96242	6.69398	
6.27967	3.50483	5.99398	4.41753	4.24099	4.97838	1.72211	3.68972	2.74595	4.92495	1.84046	7.53055	2.43343	4.19426	3.1532	4.85009	4.66382	2.69203	3.88778	3.65097	5.00001	1.42225	5.67184	2.98291	3.34543	5.99792	3.88352	6.64278	0.753967	2.44532	7.06623	6.80998	0	7.01343	4.11894	1.87497	5.60036	6.84855	4.87091	4.44639	4.03764	5.21005	3.59983	3.70381	1.62848	2.20389	4.32436	3.36958	3.92772	4.32979	6.51385	5.37989	7.29264	2.54575	5.35287	6.92285	3.53832	3.10642	6.02948	2.32603	0.629416	2.8369	3.87998	3.77226	6.69061	4.69009	6.84406	5.19175	4.94352	3.08599	3.24878	8.20255	4.47917	5.23329	5.33827	2.02762	5.86758	3.68312	2.39586	2.75676	3.70366	2.04083	3.91408	3.92109	4.48051	5.58378	4.71	4.72039	6.00921	6.40059	4.36906	2.81944	2.86105	4.18107	5.85229	1.40638	2.11996	1.95703	5.02033	6.0547	7.09761	3.87733	6.73835	6.44886	5.63815	5.25913	4.42885	4.05008	3.98094	5.50827	
4.11415	3.76911	3.56832	3.68761	5.37209	3.36286	7.33699	1.31413	5.4876	4.0857	7.14165	2.88446	4.12589	2.7257	6.23805	5.18102	7.05541	4.27517	3.29051	3.58272	3.0312	5.62138	1.75836	5.03771	2.30631	4.3824	3.588	1.71301	6.85866	2.04239	5.6531	5.74479	7.01343	0	2.23257	4.47654	7.73608	2.05525	4.45158	4.71617	3.25077	2.53107	3.21195	4.56154	4.41376	5.80127	4.43676	2.70048	4.14319	2.94854	0.91079	5.08205	2.64569	5.46598	3.73539	3.67211	5.88893	4.80441	4.96109	7.59184	8.47849	3.29189	3.56888	2.99038	2.05398	4.21371	3.58864	3.16851	3.49002	2.80485	2.88513	5.3456	2.57728	4.16531	5.76852	3.86933	1.39568	2.62561	5.47928	3.27761	5.78866	8.38307	3.98602	2.52573	2.58962	4.16527	1.7701	3.62149	4.03181	2.24753	3.54265	5.14534	2.86753	1.51627	4.19917	6.76115	3.09885	5.71988	5.65707	3.62434	3.29764	2.97784	4.2634	3.66476	6.56495	3.23259	8.58123	2.37732	5.0299	0.949189	
3.41905	6.20112	3.31346	3.46214	3.90695	5.59543	5.98661	5.05799	5.37602	2.32277	3.83902	2.18598	5.09686	3.69114	8.54991	8.49103	3.88398	5.43727	3.59424	6.08738	3.97495	10.8076	4.03224	3.14793	3.27176	5.43258	5.14073	3.74913	6.0425	3.11471	6.02066	4.25557	4.11894	2.23257	0	2.02636	3.02	3.04165	3.58621	4.04569	4.21621	4.76448	4.40849	3.97293	6.24331	3.32866	4.69335	4.18332	2.37572	1.37425	1.87624	3.64436	4.9761	3.58509	4.1334	5.89368	4.3507	5.74758	3.61516	6.91825	4.90512	5.64918	3.72885	4.86865	6.66576	4.25804	5.66411	5.50441	5.62319	1.9429	0.652555	4.88904	2.08512	2.22085	2.19515	2.39987	3.62825	4.91578	4.16843	3.88594	5.60287	5.39714	4.0184	4.56511	2.99644	3.07189	3.49713	5.86043	2.33632	3.24585	5.94098	4.49654	1.56645	2.80651	3.73388	4.48845	4.83712	4.14976	5.78796	4.23412	4.95325	2.0175	2.03083	2.85205	4.1461	1.00002	6.01514	2.71958	2.79733	3.18176	
5.66301	9.09173	4.08163	3.02154	3.21559	6.44056	3.59708	3.99823	5.45174	4.56673	3.792	3.11868	2.8401	5.98976	4.70699	5.62797	8.87153	3.6091	2.42951	4.05764	6.28534	8.30548	4.22426	5.38891	3.7521	5.42102	5.63798	5.81061	2.62894	5.52992	4.08453	4.52575	1.87497	4.47654	2.02636	0	3.72539	6.28314	7.05233	4.59608	2.90892	4.07312	5.12975	4.11048	6.34096	9.86865	2.44939	4.78166	5.52078	2.45482	3.5622	5.88832	7.92337	4.42072	7.22785	5.40103	4.42192	8.28991	6.18071	3.91609	2.50439	3.40521	2.00501	5.43485	6.58885	5.33861	11.7894	5.17231	3.92621	3.49266	1.37381	7.94252	4.32908	3.30142	2.9164	2.4343	3.9926	6.12306	4.27083	5.87453	6.68345	5.97087	3.9927	3.87672	6.85242	7.04494	3.30061	4.74486	3.05757	4.93164	6.22675	5.57712	3.18334	3.88709	5.66153	3.28136	5.69577	5.53232	5.09659	3.54275	6.67734	4.26147	3.70303	5.09602	4.75354	3.24398	8.71832	4.96354	2.10597	3.63329	
9.22483	5.38113	1.86345	7.12017	2.64633	4.32487	5.48441	7.15183	5.11001	4.05704	5.63574	3.9115	2.03929	6.58011	8.95515	5.77571	5.80157	3.25854	3.54191	2.65372	1.70554	7.45341	5.01708	3.43018	2.14831	4.39583	8.13696	3.20443	10.0335	6.32582	0.359145	3.09254	5.60036	7.73608	3.02	3.72539	0	4.86686	2.54456	1.99234	4.25039	1.8806	4.55203	5.79164	2.69819	9.62419	4.51662	5.98146	3.5299	4.74472	4.64675	11.0451	4.29837	2.93598	7.36609	5.52175	4.1647	5.47437	5.19318	6.7353	9.46115	7.1306	2.68719	1.70946	2.18485	2.73529	1.14906	3.88885	4.71903	2.83198	5.09919	13.1539	5.0291	1.97865	4.3928	2.4451	6.03104	3.46577	4.9471	4.47484	5.04102	5.45817	5.366	1.7027	3.72929	7.64782	7.36391	6.92164	2.77192	2.20419	7.80441	7.86702	4.93975	3.9155	5.27132	7.12244	4.93117	4.5586	5.76945	4.21561	6.41513	4.65149	0.989172	6.4851	5.71591	6.59875	5.74472	3.95674	2.77882	4.66793	
8.70582	1.71386	2.17269	3.44651	2.58624	5.41811	2.53138	6.04998	5.06851	2.54471	3.89802	5.3918	3.02442	2.56804	4.59634	3.24024	5.29035	5.36731	7.91202	4.74612	2.46839	5.84706	3.85492	4.76705	4.60678	3.8981	10.5192	0.560208	5.09089	0.717203	4.50771	5.79382	6.84855	2.05525	3.04165	6.28314	4.86686	0	0.788157	3.1895	3.01455	1.37827	2.05915	6.35733	4.12192	1.73894	5.99691	2.59714	5.83777	5.04225	2.96604	3.46705	0.590442	2.81388	6.01478	6.49684	3.04573	3.50978	3.43987	5.98369	5.65096	4.67207	4.27813	5.38553	0.901175	2.10686	2.43584	1.07613	2.90319	3.60029	5.31962	11.4017	4.25121	3.01251	7.17397	5.57689	3.45093	0.570366	4.19903	2.29992	4.92399	2.99963	1.93077	5.85126	1.97448	0.674374	2.08858	2.90538	7.53762	3.77418	1.71011	5.42691	2.97375	3.57152	2.59133	3.81231	5.05906	6.62006	7.46027	4.11351	2.14484	4.79832	4.9892	2.51196	7.89548	4.61376	4.85626	0.322069	4.51795	3.00444	
3.20708	1.4959	1.82011	2.41186	5.2633	2.53417	2.1788	3.11625	2.43889	3.38659	3.54126	5.96441	2.11609	3.9531	4.26426	1.27095	8.58574	3.4486	4.17385	3.28566	1.85926	2.08881	2.65191	0.738007	3.06355	5.31108	3.99763	1.72204	2.00279	1.21597	1.82699	4.92674	4.87091	4.45158	3.58621	7.05233	2.54456	0.788157	0	2.83693	1.97991	2.18988	2.58542	4.56524	3.61343	1.38636	4.00107	4.80321	4.44514	4.66269	6.54767	7.414	3.2675	2.53768	4.16444	6.51646	4.45879	2.47513	4.22311	5.23718	5.79899	4.14413	3.2534	2.62471	3.19678	1.77964	1.03708	0.216084	6.8025	3.46392	4.96705	10.3814	2.31049	2.54486	2.61246	3.07704	1.88193	0.21779	5.86234	0	3.88935	3.5218	0.896132	1.64922	1.17722	2.70709	1.05394	0.693985	3.33813	1.10526	0.388605	0.904198	6.67514	1.7421	0.788928	4.80355	6.54862	5.60712	7.70218	1.36122	1.21732	2.50531	1.55538	3.1647	6.28212	3.91451	5.82206	1.61111	3.48331	2.95616	
4.80098	1.58802	3.7154	1.12183	0.555792	3.62683	4.58015	1.2668	2.19808	5.25133	3.02701	0.445617	2.22929	1.79363	2.49265	4.07352	3.44049	1.83195	2.62278	1.77549	2.98562	4.67024	2.68309	1.50491	0.721725	2.96925	2.64317	5.29487	3.7817	3.90562	2.84298	5.63481	4.44639	4.71617	4.04569	4.59608	1.99234	3.1895	2.83693	0	2.4654	4.06943	1.79764	4.84075	1.2716	2.66696	4.83367	2.56732	2.10331	2.34906	2.41929	5.59535	2.55159	1.50939	4.23948	4.17463	2.70767	3.19447	2.96586	1.70175	5.41484	1.19087	1.55929	0.282876	5.51869	2.67569	5.92494	3.1249	3.19439	1.88037	3.14162	8.39794	3.72979	4.23152	1.59903	2.63509	3.27918	2.61914	2.40092	1.90881	0.832003	4.46866	3.17752	3.41262	4.60253	3.56939	1.90798	3.1904	3.85422	0.803551	4.0113	4.17571	1.06515	4.28695	4.55145	4.10351	2.36513	2.90065	5.78132	2.51245	4.73867	4.1538	2.01857	4.43447	2.5392	6.1959	5.14746	4.46049	1.66541	1.63174	
2.37044	1.88669	5.12328	0.112624	3.18998	2.37624	5.65622	2.06258	4.10434	5.51489	1.47518	0.788839	2.2111	3.08084	4.71223	6.29096	3.9601	0.700178	3.71372	2.82552	1.418	2.74926	4.95538	1.79554	3.7355	5.38872	4.64573	3.63936	3.28367	1.81188	5.47717	7.19337	4.03764	3.25077	4.21621	2.90892	4.25039	3.01455	1.97991	2.4654	0	4.32537	2.59342	6.01544	3.24576	2.53301	4.52532	4.64706	2.61186	2.48808	2.33998	4.66868	3.14177	1.9844	5.16458	5.21659	2.6967	0.954319	3.62582	3.90899	4.94772	3.44913	4.91393	2.24925	5.86901	3.58396	3.8312	2.65832	6.17885	3.00379	4.28273	6.60475	1.48964	5.87059	3.9722	2.61691	4.0749	3.16409	3.36588	2.87441	4.077	6.15486	0.549497	4.91214	3.44563	4.23404	0.300385	3.08577	1.61407	4.67545	1.77115	2.25474	2.79173	0.645522	3.35985	2.34854	6.97315	1.67772	5.34885	2.13042	2.90461	4.56146	6.74498	1.03676	5.88126	4.10216	8.17698	4.91345	2.35822	2.42752	
6.61031	5.82998	3.57441	4.3448	3.07677	6.97517	3.9331	4.22166	7.85677	3.81617	6.18975	5.11671	4.13663	2.82589	6.29446	3.81264	6.96387	5.89995	5.09963	3.52221	1.70366	2.2924	6.56651	3.61061	4.53856	5.98847	5.35921	0.818062	5.62398	3.93263	1.52145	3.77603	5.21005	2.53107	4.76448	4.07312	1.8806	1.37827	2.18988	4.06943	4.32537	0	2.317	5.20724	4.39445	3.14066	3.21833	3.16954	5.91973	4.27753	3.14304	3.86284	1.16284	4.04778	5.30237	6.51978	2.28101	4.59191	4.81912	7.13673	2.52557	4.4367	4.93711	5.33133	0.876612	1.39374	2.31137	2.27357	4.09117	3.77172	5.33144	5.75928	5.16301	3.27036	3.58113	5.14555	7.2788	1.97209	5.00607	3.17338	8.47531	1.11416	4.55433	2.865	2.23233	2.28743	3.91292	4.93479	6.26406	4.49414	2.28251	4.11281	3.2316	4.27584	3.2695	3.89871	5.45421	4.54759	4.95778	3.40394	2.4027	5.37072	5.94127	2.76981	7.30268	6.01548	3.75787	1.84761	1.96715	3.43074	
5.56202	4.60586	6.81388	4.04106	5.63809	5.64385	7.06334	0.530836	5.41682	3.13178	4.06401	3.54198	4.1843	3.50677	3.39491	3.85637	4.89623	4.54493	5.00831	3.56988	4.50778	3.51415	5.23732	4.41029	5.46495	6.66338	5.60107	1.49894	2.84587	3.64315	3.56828	6.99326	3.59983	3.21195	4.40849	5.12975	4.55203	2.05915	2.58542	1.79764	2.59342	2.317	0	3.27725	6.90253	3.2863	5.26617	2.21779	2.8666	5.13877	3.17936	5.8858	3.46544	1.67481	5.62852	4.23002	6.36096	4.89914	3.91109	3.26134	4.64381	3.59424	4.09644	5.21012	1.83991	4.56847	3.29707	2.41122	5.49206	3.81939	3.75594	7.51264	2.41185	3.95124	5.29854	4.95344	3.52259	2.80321	7.04922	2.58542	5.27939	4.80498	3.48155	2.22473	1.50053	3.9512	3.45477	4.25421	4.94569	4.54181	2.38253	4.25782	3.91248	5.43289	3.06256	6.43685	5.23614	4.04893	5.11676	6.01089	3.08358	5.3644	4.1408	2.8097	6.00885	5.78983	5.51003	2.52849	4.72824	0.895773	
5.41858	4.64347	5.22894	5.08559	4.76684	3.82844	4.60319	3.80809	6.91718	6.64835	6.10848	2.66309	2.02103	5.73474	4.84163	5.5035	6.34295	5.46918	3.53634	1.47786	7.42451	8.12519	2.23352	4.6308	2.99399	5.33082	7.82327	4.26842	6.12312	3.70302	5.10186	3.73681	3.70381	4.56154	3.97293	4.11048	5.79164	6.35733	4.56524	4.84075	6.01544	5.20724	3.27725	0	2.3089	5.30536	1.98892	3.66451	5.30409	3.135	4.36322	5.89962	5.67121	4.74071	2.52275	0.952769	3.66381	5.30138	4.76064	4.70806	7.79416	4.07993	3.68432	4.84453	6.18416	5.65207	6.81365	5.87284	1.43149	1.22834	3.54159	6.56243	5.92843	4.44058	3.35381	1.67619	3.2292	6.56421	8.09766	5.3434	5.67275	8.28198	5.32231	5.50199	4.77778	6.93964	3.43072	6.38661	5.22535	3.14608	4.45633	5.28333	1.60479	3.17689	3.77631	5.6744	5.00104	6.85973	4.6689	3.96431	6.21687	5.49269	6.81638	4.94346	2.08486	5.94093	7.78587	7.29467	3.65722	6.613	
