10
10
3
3
40

6	7
19	44
37	23
35	6
5	8
20	35
8	31
29	43
18	39
19	47

26	20
20	33
15	46
20	26
17	19
15	12
5	30
13	40
38	5
9	40

70

1.79769e+308
1.79769e+308
1.79769e+308
1.79769e+308
1.79769e+308
1.79769e+308
1.79769e+308
1.79769e+308
1.79769e+308
1.79769e+308

16
18
15
11
18
16
15
15
15
16

0
0
0
0
0
0
0
0
0
0

0

0	17.0213	30.6297	8.9179	1.90919	7.51319	25.6014	16.0627	11.3145	18.4839	19.3237	11.0132	13.3044	23.2632	15.0259	4.17096	14.2292	12.5886	33.8954	25.1544	
17.0213	0	11.07	15.5268	17.3879	9.50815	9.58952	2.51247	2.88556	0.87	14.1151	9.2914	1.69462	7.80785	9.01069	16.9717	11.6611	7.42744	19.4707	11.1235	
30.6297	11.07	0	11.8186	26.7747	10.0086	19.3139	10.1241	10.6196	10.2	13.6675	6.50862	11.0246	13.4449	10.3744	20.7561	20.9911	14.6119	7.39138	9.17187	
8.9179	15.5268	11.8186	0	6.8555	13.1748	10.2615	19.8201	16.7677	17.9643	13.6475	18.3949	15.4359	15.684	15.2955	4.59373	20.2431	8.09938	4.42719	13.5394	
1.90919	17.3879	26.7747	6.8555	0	9.42238	14.2174	19.2673	17.8686	12.2198	17.4145	16.5092	11.3952	19.4509	12.9635	2.26177	12.32	11.806	12.8458	17.25	
7.51319	9.50815	10.0086	13.1748	9.42238	0	7.23745	8.01501	3.80132	5.81688	10.6589	3.5	10.2706	14.07	7.36581	11.8374	10.1259	5.07537	17.1186	9.77787	
25.6014	9.58952	19.3139	10.2615	14.2174	7.23745	0	13.8828	8.22192	12.027	11.2011	11.5158	9.49857	13.3853	7.65	11.7063	1.89737	2.16208	14.2053	7.60208	
16.0627	2.51247	10.1241	19.8201	19.2673	8.01501	13.8828	0	4.21369	2.69258	22.9279	8.32465	3.5172	9.63044	10.8333	21.265	10.5382	9.9399	17.5155	10.1902	
11.3145	2.88556	10.6196	16.7677	17.8686	3.80132	8.22192	4.21369	0	2.01556	11.2699	4.11096	2.84019	8.95342	7.97677	18.2126	6.32456	8.66833	17.7944	5.97655	
18.4839	0.87	10.2	17.9643	12.2198	5.81688	12.027	2.69258	2.01556	0	8.97432	6.12653	0.824621	6.93785	8.14069	18.8364	8.34012	8.16111	17.5914	6.67947	
19.3237	14.1151	13.6675	13.6475	17.4145	10.6589	11.2011	22.9279	11.2699	8.97432	0	7.15891	17.417	2.03647	11.0247	18.2413	9.30376	17.4544	18.0747	6.30955	
11.0132	9.2914	6.50862	18.3949	16.5092	3.5	11.5158	8.32465	4.11096	6.12653	7.15891	0	9.24602	9.19538	3.86581	14.2474	10.4355	8.57537	13.9	10.0875	
13.3044	1.69462	11.0246	15.4359	11.3952	10.2706	9.49857	3.5172	2.84019	0.824621	17.417	9.24602	0	7.76247	8.96531	13.657	8.11322	7.33648	17.6727	5.85484	
23.2632	7.80785	13.4449	15.684	19.4509	14.07	13.3853	9.63044	8.95342	6.93785	2.03647	9.19538	7.76247	0	10.8144	19.6232	11.3402	9.71308	16.0909	4.27308	
15.0259	9.01069	10.3744	15.2955	12.9635	7.36581	7.65	10.8333	7.97677	8.14069	11.0247	3.86581	8.96531	10.8144	0	10.7018	7.16268	9.81208	16.1529	15.0875	
4.17096	16.9717	20.7561	4.59373	2.26177	11.8374	11.7063	21.265	18.2126	18.8364	18.2413	14.2474	13.657	19.6232	10.7018	0	14.5818	9.54425	9.02092	14.9843	
14.2292	11.6611	20.9911	20.2431	12.32	10.1259	1.89737	10.5382	6.32456	8.34012	9.30376	10.4355	8.11322	11.3402	7.16268	14.5818	0	4.05945	18.9679	12.0394	
12.5886	7.42744	14.6119	8.09938	11.806	5.07537	2.16208	9.9399	8.66833	8.16111	17.4544	8.57537	7.33648	9.71308	9.81208	9.54425	4.05945	0	12.0433	5.44	
33.8954	19.4707	7.39138	4.42719	12.8458	17.1186	14.2053	17.5155	17.7944	17.5914	18.0747	13.9	17.6727	16.0909	16.1529	9.02092	18.9679	12.0433	0	11.8179	
25.1544	11.1235	9.17187	13.5394	17.25	9.77787	7.60208	10.1902	5.97655	6.67947	6.30955	10.0875	5.85484	4.27308	15.0875	14.9843	12.0394	5.44	11.8179	0	

0	17.8475	10.5179	12.1004	0.975807	14.8427	18.3643	17.7959	14.7582	17.1637	22.0901	18.2264	20.048	10.1138	9.72091	2.36799	11.0958	24.0588	9.59119	27.5029	
17.8475	0	11.1486	12.493	17.0967	8.23371	9.75161	4.82264	3.31436	2.33468	7.5	8.39447	1.38636	10.4015	14.3431	15.4795	11.0619	4.16917	13.647	10.9622	
10.5179	11.1486	0	6.50455	9.54212	5.95042	11.3804	16.4734	10.4326	15.3198	3.64856	6.14042	13.5562	3.97042	5.87436	13.943	17.8972	12.6467	5.76888	15.5433	
12.1004	12.493	6.50455	0	11.1246	22.4576	26.9318	23.7808	16.9371	23.326	4.993	27.8055	21.4185	10.475	17.3083	13.1389	21.2446	19.1512	4.96478	17.6917	
0.975807	17.0967	9.54212	11.1246	0	11.118	11.9225	18.9182	13.7823	19.7484	13.1907	11.308	21.4743	9.13799	11.0419	3.3438	10.12	15.3706	8.61538	20.7109	
14.8427	8.23371	5.95042	22.4576	11.118	0	9.39	2.76957	4.91935	7.22496	10.5501	3.2	6.20584	1.98	3.88394	12.4747	12.6669	8.13173	11.9371	7.63306	
18.3643	9.75161	11.3804	26.9318	11.9225	9.39	0	13.5446	6.09516	6.60161	15.9801	9.58	5.66558	7.41	9.31394	15.9963	1.8025	2.88278	17.3671	9.4176	
17.7959	4.82264	16.4734	23.7808	18.9182	2.76957	13.5446	0	7.68892	4.38459	18.7878	5.96957	3.43628	4.74957	14.4069	15.2443	15.3471	6.21908	19.89	15.6745	
14.7582	3.31436	10.4326	16.9371	13.7823	4.91935	6.09516	7.68892	0	5.96607	10.8144	8.11935	4.70072	6.89935	17.7796	17.3941	7.74758	3.21238	15.384	10.0924	
17.1637	2.33468	15.3198	23.326	19.7484	7.22496	6.60161	4.38459	5.96607	0	10.65	10.0018	0.948314	9.20496	20.0852	14.7957	8.4041	3.73112	17.402	7.8122	
22.0901	7.5	3.64856	4.993	13.1907	10.5501	15.9801	18.7878	10.8144	10.65	0	10.7401	8.88636	7.61898	10.4741	14.3212	21.9533	16.2952	6.147	18.8739	
18.2264	8.39447	6.14042	27.8055	11.308	3.2	9.58	5.96957	8.11935	10.0018	10.7401	0	9.05345	2.17	4.07394	15.6747	13.2381	8.31558	12.1271	4.43306	
20.048	1.38636	13.5562	21.4185	21.4743	6.20584	5.66558	3.43628	4.70072	0.948314	8.88636	9.05345	0	11.2235	21.8088	15.744	8.03337	2.7828	16.4537	8.76051	
10.1138	10.4015	3.97042	10.475	9.13799	1.98	7.41	4.74957	6.89935	9.20496	7.61898	2.17	11.2235	0	1.90394	9.25685	9.2125	10.2928	9.7393	6.60306	
9.72091	14.3431	5.87436	17.3083	11.0419	3.88394	9.31394	14.4069	17.7796	20.0852	10.4741	4.07394	21.8088	1.90394	0	7.35291	10.9068	16.1574	11.8611	13.4769	
2.36799	15.4795	13.943	13.1389	3.3438	12.4747	15.9963	15.2443	17.3941	14.7957	14.3212	15.6747	15.744	9.25685	7.35291	0	14.8257	18.8791	8.17415	20.9011	
11.0958	11.0619	17.8972	21.2446	10.12	12.6669	1.8025	15.3471	7.74758	8.4041	21.9533	13.2381	8.03337	9.2125	10.9068	14.8257	0	4.68527	18.7354	11.2201	
24.0588	4.16917	12.6467	19.1512	15.3706	8.13173	2.88278	6.21908	3.21238	3.73112	16.2952	8.31558	2.7828	10.2928	16.1574	18.8791	4.68527	0	18.4156	6.88	
9.59119	13.647	5.76888	4.96478	8.61538	11.9371	17.3671	19.89	15.384	17.402	6.147	12.1271	16.4537	9.7393	11.8611	8.17415	18.7354	18.4156	0	12.7269	
27.5029	10.9622	15.5433	17.6917	20.7109	7.63306	9.4176	15.6745	10.0924	7.8122	18.8739	4.43306	8.76051	6.60306	13.4769	20.9011	11.2201	6.88	12.7269	0	

0	16.7949	14.3406	19.4293	1.64049	20.4237	8.18828	18.6158	15.7198	18.6295	19.0425	17.875	11.6072	11.0483	7.81383	6.69216	10.1173	16.1538	21.4795	15.342	
16.7949	0	10.2347	11.957	15.9556	2.53551	8.08805	5.05029	4.05603	2.25	6	4.35551	5.18768	5.22805	12.5261	10.4312	6.56472	1.44222	15.0599	5.96222	
14.3406	10.2347	0	14.0409	16.9901	7.6992	14.0267	21.7561	9.21973	15.5896	6.38498	9.5192	16.5504	11.561	6.52674	10.5308	9.9453	13.2047	14.6025	19.5406	
19.4293	11.957	14.0409	0	23.6936	14.4925	26.6414	27.869	21.1352	14.207	7.65593	22.671	13.9199	12.8319	16.7412	12.7372	21.0645	13.3992	4.04772	20.2502	
1.64049	15.9556	16.9901	23.6936	0	20.0188	9.82877	16.9753	20.0203	16.989	16.8914	17.9454	13.2477	11.7154	9.45432	8.33265	19.6358	14.5133	23.858	19.0333	
20.4237	2.53551	7.6992	14.4925	20.0188	0	15.0524	11.7036	1.52053	4.78551	8.53551	1.82	5.63304	7.76356	14.2259	17.0147	10.628	3.97773	22.3017	9.48927	
8.18828	8.08805	14.0267	26.6414	9.82877	15.0524	0	14.7859	13.0511	6.99421	8.03602	9.09	8.93859	2.86	5.34754	8.06312	1.92899	7.05149	18.8108	4.83698	
18.6158	5.05029	21.7561	27.869	16.9753	11.7036	14.7859	0	10.1831	2.80029	12.0049	17.0061	10.0982	11.9259	20.8364	17.1291	7.86551	8.33201	20.6106	18.1518	
15.7198	4.05603	9.21973	21.1352	20.0203	1.52053	13.0511	10.1831	0	11.0387	12.8294	3.34053	4.11252	14.4063	18.6232	17.0162	10.6294	5.50694	13.9848	7.96874	
18.6295	2.25	15.5896	14.207	16.989	4.78551	6.99421	2.80029	11.0387	0	8.25	11.1744	7.2979	7.47805	8.48378	17.041	5.06522	3.69222	17.1701	7.97321	
19.0425	6	6.38498	7.65593	16.8914	8.53551	8.03602	12.0049	12.8294	8.25	0	11.406	11.1877	5.17602	11.2287	10.3791	13.9484	7.44222	11.7036	13.3459	
17.875	4.35551	9.5192	22.671	17.9454	1.82	9.09	17.0061	3.34053	11.1744	11.406	0	6.26777	6.23	15.1405	11.4331	10.7652	5.64271	16.14	10.1627	
11.6072	5.18768	16.5504	13.9199	13.2477	5.63304	8.93859	10.0982	4.11252	7.2979	11.1877	6.26777	0	10.4157	16.4386	18.2994	10.8676	6.6299	9.87223	12.0813	
11.0483	5.22805	11.561	12.8319	11.7154	7.76356	2.86	11.9259	14.4063	7.47805	5.17602	6.23	10.4157	0	8.91045	5.20312	4.78899	6.67027	27.2668	10.0138	
7.81383	12.5261	6.52674	16.7412	9.45432	14.2259	5.34754	20.8364	18.6232	8.48378	11.2287	15.1405	16.4386	8.91045	0	4.00406	3.41855	8.54105	21.1292	6.32654	
6.69216	10.4312	10.5308	12.7372	8.33265	17.0147	8.06312	17.1291	17.0162	17.041	10.3791	11.4331	18.2994	5.20312	4.00406	0	7.42261	11.5092	16.7849	16.0292	
10.1173	6.56472	9.9453	21.0645	19.6358	10.628	1.92899	7.86551	10.6294	5.06522	13.9484	10.7652	10.8676	4.78899	3.41855	7.42261	0	5.1225	27.3363	2.90799	
16.1538	1.44222	13.2047	13.3992	14.5133	3.97773	7.05149	8.33201	5.50694	3.69222	7.44222	5.64271	6.6299	6.67027	8.54105	11.5092	5.1225	0	20.3078	4.52	
21.4795	15.0599	14.6025	4.04772	23.858	22.3017	18.8108	20.6106	13.9848	17.1701	11.7036	16.14	9.87223	27.2668	21.1292	16.7849	27.3363	20.3078	0	22.685	
15.342	5.96222	19.5406	20.2502	19.0333	9.48927	4.83698	18.1518	7.96874	7.97321	13.3459	10.1627	12.0813	10.0138	6.32654	16.0292	2.90799	4.52	22.685	0	

0	17.2556	12.0615	9.57916	2.1496	9.76729	7.70662	19.2195	15.9026	21.6865	9.30295	19.9958	16.6136	7.66722	5.5348	4.41137	10.2364	10.795	6.73311	10.9281	
17.2556	0	15.9839	22.7968	19.4052	7.24431	13.8559	10.676	5.65991	4.86	13.9061	5.19132	6.61876	5.5886	7.72102	13.364	9.29653	10.2843	18.4397	9.86168	
12.0615	15.9839	0	3.76579	12.1844	8.73963	20.3673	16.4463	12.1713	12.2317	6.499	10.9396	16.964	8.65916	6.52674	12.3268	14.6398	17.2559	6.61184	11.9201	
9.57916	22.7968	3.76579	0	8.41865	12.5054	24.2464	18.0852	15.9371	25.6821	10.2648	15.9941	22.3412	17.25	10.2925	8.56105	24.5464	15.7495	2.84605	21.5231	
2.1496	19.4052	12.1844	8.41865	0	8.38144	9.85623	11.7859	18.4047	23.2156	10.1584	18.452	22.4109	21.3651	7.6844	2.26177	18.2992	12.9446	8.88272	17.092	
9.76729	7.24431	8.73963	12.5054	8.38144	0	13.0464	7.70662	5.36228	3.49206	13.5595	2.2	6.93565	6.19	4.23249	6.11967	11.5523	8.5163	11.1954	9.62582	
7.70662	13.8559	20.3673	24.2464	9.85623	13.0464	0	19.7958	6.16644	13.9799	10.6706	11.3583	10.3487	9.22582	13.2414	19.236	2.52982	4.53008	14.4397	9.37008	
19.2195	10.676	16.4463	18.0852	11.7859	7.70662	19.7958	0	9.21641	5.81598	20.2297	6.05413	5.01124	7.5018	9.63422	9.52412	13.3131	10.8298	18.902	11.7749	
15.9026	5.65991	12.1713	15.9371	18.4047	5.36228	6.16644	9.21641	0	8.14288	8.24621	3.16228	7.89793	7.15228	12.1482	14.0354	3.63662	7.2916	19.1111	12.1316	
21.6865	4.86	12.2317	25.6821	23.2156	3.49206	13.9799	5.81598	8.14288	0	16.3891	5.69206	5.64865	10.4486	7.72456	9.61174	11.7795	11.4672	14.6875	13.1157	
9.30295	13.9061	6.499	10.2648	10.1584	13.5595	10.6706	20.2297	8.24621	16.3891	0	11.4085	16.4427	11.4595	9.32705	12.4202	8.14079	15.5378	16.0361	14.7204	
19.9958	5.19132	10.9396	15.9941	18.452	2.2	11.3583	6.05413	3.16228	5.69206	11.4085	0	4.73565	3.99	6.12242	8.31967	6.7989	8.68574	13.3954	8.26308	
16.6136	6.61876	16.964	22.3412	22.4109	6.93565	10.3487	5.01124	7.89793	5.64865	16.4427	4.73565	0	8.72565	12.8604	14.5354	8.3019	5.81859	18.7221	7.46705	
7.66722	5.5886	8.65916	17.25	21.3651	6.19	9.22582	7.5018	7.15228	10.4486	11.4595	3.99	8.72565	0	2.13242	12.6158	7.29636	4.69574	17.5992	4.27308	
5.5348	7.72102	6.52674	10.2925	7.6844	4.23249	13.2414	9.63422	12.1482	7.72456	9.32705	6.12242	12.8604	2.13242	0	10.3522	9.42878	6.82816	12.2679	5.39333	
4.41137	13.364	12.3268	8.56105	2.26177	6.11967	19.236	9.52412	14.0354	9.61174	12.4202	8.31967	14.5354	12.6158	10.3522	0	21.7659	14.636	11.4071	15.8767	
10.2364	9.29653	14.6398	24.5464	18.2992	11.5523	2.52982	13.3131	3.63662	11.7795	8.14079	6.7989	8.3019	7.29636	9.42878	21.7659	0	7.0599	23.9994	11.5694	
10.795	10.2843	17.2559	15.7495	12.9446	8.5163	4.53008	10.8298	7.2916	11.4672	15.5378	8.68574	5.81859	4.69574	6.82816	14.636	7.0599	0	12.9035	4.84	
6.73311	18.4397	6.61184	2.84605	8.88272	11.1954	14.4397	18.902	19.1111	14.6875	16.0361	13.3954	18.7221	17.5992	12.2679	11.4071	23.9994	12.9035	0	17.7435	
10.9281	9.86168	11.9201	21.5231	17.092	9.62582	9.37008	11.7749	12.1316	13.1157	14.7204	8.26308	7.46705	4.27308	5.39333	15.8767	11.5694	4.84	17.7435	0	

0	14.9105	25.1377	8.70517	2.16375	8.13929	18.891	12.3489	14.5792	17.4113	16.2689	11.6393	21.2946	16.0593	12.3719	9.06015	13.8237	15.7973	13.7648	24.3032	
14.9105	0	16.9542	19.7681	12.7467	13.712	4.08705	10.6014	8.26041	4.44	19.6672	14.2295	5.55324	11.8871	18.3083	13.9482	5.35196	7.2111	21.7516	5.49287	
25.1377	16.9542	0	11.9525	24.5505	11.3725	11.2525	11.0348	8.69382	15.5467	16.3045	10.6625	15.1672	3.45254	16.8563	17.1293	14.1642	10.6824	21.4922	20.828	
8.70517	19.7681	11.9525	0	8.11798	16.42	16.3	13.8486	11.5076	18.3606	9.81956	15.71	17.981	8.5	21.0771	17.0283	15.867	13.4963	5.05964	23.6419	
2.16375	12.7467	24.5505	8.11798	0	10.303	12.9249	10.1852	12.5261	17.1867	15.4795	21.4501	19.4549	16.618	14.5357	11.2239	11.66	19.5538	13.1776	18.2396	
8.13929	13.712	11.3725	16.42	10.303	0	10.7517	8.78082	6.43988	9.27203	22.0904	3.5	10.3853	7.92	14.2384	13.2142	12.0167	8.42849	13.6444	15.7551	
18.891	4.08705	11.2525	16.3	12.9249	10.7517	0	12.3298	9.98887	8.52705	7.31236	11.055	10.7953	7.8	21.2038	15.4729	1.26491	9.97316	21.0404	9.57992	
12.3489	10.6014	11.0348	13.8486	10.1852	8.78082	12.3298	0	2.34094	9.19386	18.8334	13.2824	8.81435	8.12824	25.1337	23.0019	21.8452	4.32956	26.4977	13.3477	
14.5792	8.26041	8.69382	11.5076	12.5261	6.43988	9.98887	2.34094	0	6.85292	16.4924	9.51223	3.38002	5.7873	19.1911	8.72574	10.6969	1.98862	16.5673	6.38862	
17.4113	4.44	15.5467	18.3606	17.1867	9.27203	8.52705	9.19386	6.85292	0	23.3453	8.63457	1.11324	12.6402	22.7483	18.5381	18.4718	2.50464	16.1566	7.56205	
16.2689	19.6672	16.3045	9.81956	15.4795	22.0904	7.31236	18.8334	16.4924	23.3453	0	15.8376	20.6232	14.1704	10.9216	7.20878	6.04745	13.9459	14.8792	14.1744	
11.6393	14.2295	10.6625	15.71	21.4501	3.5	11.055	13.2824	9.51223	8.63457	15.8376	0	7.52133	7.21	10.7384	9.71416	9.79012	7.52362	17.1444	11.9236	
21.2946	5.55324	15.1672	17.981	19.4549	10.3853	10.7953	8.81435	3.38002	1.11324	20.6232	7.52133	0	10.6264	18.2597	8.12852	10.0997	1.3914	15.0434	5.7914	
16.0593	11.8871	3.45254	8.5	16.618	7.92	7.8	8.12824	5.7873	12.6402	14.1704	7.21	10.6264	0	13.4038	13.6768	9.06491	7.77591	13.5596	13.635	
12.3719	18.3083	16.8563	21.0771	14.5357	14.2384	21.2038	25.1337	19.1911	22.7483	10.9216	10.7384	18.2597	13.4038	0	3.71286	17.9208	10.45	26.3751	23.8012	
9.06015	13.9482	17.1293	17.0283	11.2239	13.2142	15.4729	23.0019	8.72574	18.5381	7.20878	9.71416	8.12852	13.6768	3.71286	0	13.2562	6.73712	32.4852	11.1371	
13.8237	5.35196	14.1642	15.867	11.66	12.0167	1.26491	21.8452	10.6969	18.4718	6.04745	9.79012	10.0997	9.06491	17.9208	13.2562	0	8.70825	22.3053	13.1082	
15.7973	7.2111	10.6824	13.4963	19.5538	8.42849	9.97316	4.32956	1.98862	2.50464	13.9459	7.52362	1.3914	7.77591	10.45	6.73712	8.70825	0	16.4348	4.4	
13.7648	21.7516	21.4922	5.05964	13.1776	13.6444	21.0404	26.4977	16.5673	16.1566	14.8792	17.1444	15.0434	13.5596	26.3751	32.4852	22.3053	16.4348	0	21.4922	
24.3032	5.49287	20.828	23.6419	18.2396	15.7551	9.57992	13.3477	6.38862	7.56205	14.1744	11.9236	5.7914	13.635	23.8012	11.1371	13.1082	4.4	21.4922	0	

0	15.6422	9.07024	13.3495	0.763675	12.2354	23.7266	15.5324	14.2099	15.1414	18.3534	10.3354	13.9568	16.2846	14.363	5.93343	17.1041	19.6582	14.3495	23.0155	
15.6422	0	15	18.6496	17.9843	2.80717	12.9903	7.74422	4.53813	2.4	6.5	4.70717	5.45601	9.57911	15.0108	12.8996	7.07624	7.8015	22.0354	8.07775	
9.07024	15	0	4.27931	9.83391	11.3993	14.401	6.4622	11.1778	12.6	15.6418	16.9331	15.8617	11.7386	17.0697	19.6774	9.49944	10.5879	5.29124	15.4679	
13.3495	18.6496	4.27931	0	14.5977	19.5981	9.74568	10.7415	15.4571	16.8793	12.1496	20.1676	20.619	16.0179	21.9816	10.1477	13.7787	14.8672	1.01193	23.0344	
0.763675	17.9843	9.83391	14.5977	0	13.5987	21.8983	23.4692	13.4462	15.7381	11.6985	11.0991	15.0298	17.0483	7.28099	5.16976	18.04	16.7096	13.5858	20.1472	
12.2354	2.80717	11.3993	19.5981	13.5987	0	9.17061	4.93705	3.26466	5.20717	9.30717	1.9	5.52138	7.11	12.441	15.7068	4.26907	6.52803	22.1418	9.96564	
23.7266	12.9903	14.401	9.74568	21.8983	9.17061	0	18.3451	8.45212	18.2373	22.2083	14.2075	13.7389	17.8621	13.5293	17.8696	4.90153	8.7434	8.73375	14.5792	
15.5324	7.74422	6.4622	10.7415	23.4692	4.93705	18.3451	0	8.20171	7.97004	10.828	6.83705	11.0478	6.92474	12.2558	18.5384	9.20613	13.7974	29.175	16.5665	
14.2099	4.53813	11.1778	15.4571	13.4462	3.26466	8.45212	8.20171	0	6.93813	11.0381	5.16466	8.14888	10.3747	18.9052	17.4377	7.10525	3.26337	17.1859	6.70099	
15.1414	2.4	12.6	16.8793	15.7381	5.20717	18.2373	7.97004	6.93813	0	8.9	8.94019	5.31881	9.44191	12.6796	10.5683	11.6785	7.83661	19.7042	8.71292	
18.3534	6.5	15.6418	12.1496	11.6985	9.30717	22.2083	10.828	11.0381	8.9	0	8.01798	8.02634	3.90323	8.63994	6.52871	18.4859	13.1382	13.1616	11.8635	
10.3354	4.70717	16.9331	20.1676	11.0991	1.9	14.2075	6.83705	5.16466	8.94019	8.01798	0	3.62138	7.74449	14.711	13.4814	6.16907	9.01872	23.1674	7.01549	
13.9568	5.45601	15.8617	20.619	15.0298	5.52138	13.7389	11.0478	8.14888	5.31881	8.02634	3.62138	0	4.12311	9.45415	9.86	10.2929	6.45105	18.9958	3.39411	
16.2846	9.57911	11.7386	16.0179	17.0483	7.11	17.8621	6.92474	10.3747	9.44191	3.90323	7.74449	4.12311	0	5.33104	7.44227	11.3791	9.23496	23.5119	7.51722	
14.363	15.0108	17.0697	21.9816	7.28099	12.441	13.5293	12.2558	18.9052	12.6796	8.63994	14.711	9.45415	5.33104	0	2.11123	8.62777	12.4696	11.2471	16.3698	
5.93343	12.8996	19.6774	10.1477	5.16976	15.7068	17.8696	18.5384	17.4377	10.5683	6.52871	13.4814	9.86	7.44227	2.11123	0	10.739	16.311	9.13582	13.2541	
17.1041	7.07624	9.49944	13.7787	18.04	4.26907	4.90153	9.20613	7.10525	11.6785	18.4859	6.16907	10.2929	11.3791	8.62777	10.739	0	3.84187	13.6353	8.72187	
19.6582	7.8015	10.5879	14.8672	16.7096	6.52803	8.7434	13.7974	3.26337	7.83661	13.1382	9.01872	6.45105	9.23496	12.4696	16.311	3.84187	0	19.4412	4.88	
14.3495	22.0354	5.29124	1.01193	13.5858	22.1418	8.73375	29.175	17.1859	19.7042	13.1616	23.1674	18.9958	23.5119	11.2471	9.13582	13.6353	19.4412	0	23.3129	
23.0155	8.07775	15.4679	23.0344	20.1472	9.96564	14.5792	16.5665	6.70099	8.71292	11.8635	7.01549	3.39411	7.51722	16.3698	13.2541	8.72187	4.88	23.3129	0	

0	10.4787	8.72138	19.4415	0.438406	16.5305	16.8582	22.5163	23.1333	13.0384	6.72697	16.8745	14.7289	14.1858	6.76407	3.70643	20.5581	20.2297	9.71683	20.7286	
10.4787	0	16.5044	12.7251	18.1888	4.51206	5.29163	3.21596	3.46733	1.02	14.8059	3.0927	2.71047	9.75599	7.53123	6.7723	11.5061	5.04777	11.7131	7.75464	
8.72138	16.5044	0	11.1262	9.15979	10.2572	12.6272	12.9272	15.5572	19.7228	4.21865	13.1772	21.2927	6.00056	8.13882	12.4278	21.8251	17.9406	12.1381	21.6194	
19.4415	12.7251	11.1262	0	15.7753	13.7129	16.24	16.54	15.8148	17.2049	9.48669	13.8991	25.874	10	11.7516	7.02234	22.3125	20.0786	1.01193	19.6335	
0.438406	18.1888	9.15979	15.7753	0	25.9689	17.2966	19.2777	17.6271	13.4768	6.28856	19.3178	26.761	8.07047	14.2754	4.14483	23.76	27.4873	17.427	28.5979	
16.5305	4.51206	10.2572	13.7129	25.9689	0	7.76369	10.41	2.1019	3.49206	5.65191	2.88	4.9959	3.87	5.62163	16.0481	11.2934	5.72221	14.7248	5.92069	
16.8582	5.29163	12.6272	16.24	17.2966	7.76369	0	12.78	6.27506	4.27163	8.02191	12.1132	5.9621	6.24	7.99163	11.9076	3.69986	9.89537	23.4223	10.0515	
22.5163	3.21596	12.9272	16.54	19.2777	10.41	12.78	0	6.68329	4.23596	8.32194	6.30866	8.22475	6.54003	8.29166	9.98826	18.7727	8.26373	14.9291	10.9706	
23.1333	3.46733	15.5572	15.8148	17.6271	2.1019	6.27506	6.68329	0	4.48733	11.3385	4.9819	2.89399	5.9719	12.4055	10.2396	9.97493	3.6203	15.1805	6.06711	
13.0384	1.02	19.7228	17.2049	13.4768	3.49206	4.27163	4.23596	4.48733	0	17.77	4.1127	1.69047	7.36206	13.1216	7.7923	7.97149	5.04249	12.7331	7.69013	
6.72697	14.8059	4.21865	9.48669	6.28856	5.65191	8.02191	8.32194	11.3385	17.77	0	8.57191	14.2325	1.78191	3.53354	14.7391	19.7321	14.9588	10.4986	17.4056	
16.8745	3.0927	13.1772	13.8991	19.3178	2.88	12.1132	6.30866	4.9819	4.1127	8.57191	0	8.10149	6.19015	4.43852	7.49617	8.41338	8.14047	14.8058	8.80069	
14.7289	2.71047	21.2927	25.874	26.761	4.9959	5.9621	8.22475	2.89399	1.69047	14.2325	8.10149	0	13.5479	16.7954	11.7811	11.6453	3.35201	16.7219	8.87201	
14.1858	9.75599	6.00056	10	8.07047	3.87	6.24	6.54003	5.9719	7.36206	1.78191	6.19015	13.5479	0	1.75163	4.80927	9.93986	10.2357	11.0119	9.79069	
6.76407	7.53123	8.13882	11.7516	14.2754	5.62163	7.99163	8.29166	12.4055	13.1216	3.53354	4.43852	16.7954	1.75163	0	3.05765	9.11614	17.2055	9.06805	11.6855	
3.70643	6.7723	12.4278	7.02234	4.14483	16.0481	11.9076	9.98826	10.2396	7.7923	14.7391	7.49617	11.7811	4.80927	3.05765	0	12.1738	11.8201	6.01041	14.5269	
20.5581	11.5061	21.8251	22.3125	23.76	11.2934	3.69986	18.7727	9.97493	7.97149	19.7321	8.41338	11.6453	9.93986	9.11614	12.1738	0	15.2388	23.1012	11.7397	
20.2297	5.04777	17.9406	20.0786	27.4873	5.72221	9.89537	8.26373	3.6203	5.04249	14.9588	8.14047	3.35201	10.2357	17.2055	11.8201	15.2388	0	16.7609	5.52	
9.71683	11.7131	12.1381	1.01193	17.427	14.7248	23.4223	14.9291	15.1805	12.7331	10.4986	14.8058	16.7219	11.0119	9.06805	6.01041	23.1012	16.7609	0	19.4678	
20.7286	7.75464	21.6194	19.6335	28.5979	5.92069	10.0515	10.9706	6.06711	7.69013	17.4056	8.80069	8.87201	9.79069	11.6855	14.5269	11.7397	5.52	19.4678	0	

0	17.0583	12.7172	6.38379	1.99404	12.9137	18.5267	14.0976	17.2629	13.6509	18.441	14.4799	15.159	12.7722	8.50557	12.4577	23.9426	11.807	9.10335	15.887	
17.0583	0	15.81	17.3964	15.0643	6.50296	8.17411	10.6529	3.05941	1.41	15.0774	6.91739	6.52932	16.3641	15.6741	14.4607	7.13591	3.25391	23.4249	10.4429	
12.7172	15.81	0	6.33338	14.262	12.8633	15.2505	14.8631	14.2349	14.4	5.35882	8.7951	10.5031	14.9472	7.75051	13.2106	17.6886	13.8551	9.05294	21.947	
6.38379	17.3964	6.33338	0	8.37783	6.52993	12.1429	9.2995	9.97348	20.7334	11.6922	9.34993	16.8365	15.5	14.0839	8.72997	13.3762	18.1908	2.71956	16.3172	
1.99404	15.0643	14.262	8.37783	0	19.579	14.0115	16.0916	16.1354	16.4743	13.122	19.8833	19.8672	10.7781	6.51153	11.9716	22.9839	13.801	13.2159	19.6804	
12.9137	6.50296	12.8633	6.52993	19.579	0	13.404	2.76957	3.44354	6.10409	6.25628	2.82	7.17527	13.32	18.8628	15.125	16.6652	5.49286	9.24949	9.78727	
18.5267	8.17411	15.2505	12.1429	14.0115	13.404	0	18.2015	11.2335	6.95919	14.0203	10.584	14.7034	8.19	7.5	12.9601	1.23329	13.2569	14.8625	13.8346	
14.0976	10.6529	14.8631	9.2995	16.0916	2.76957	18.2015	0	6.21311	11.2349	16.8899	5.58957	5.29759	15.9654	16.9047	22.3648	18.5725	8.64961	18.8374	12.5568	
17.2629	3.05941	14.2349	9.97348	16.1354	3.44354	11.2335	6.21311	0	2.66055	7.29426	3.85798	3.73173	15.758	15.4192	11.6814	8.38645	4.50445	17.6919	9.05539	
13.6509	1.41	14.4	20.7334	16.4743	6.10409	6.95919	11.2349	2.66055	0	13.6674	4.51677	5.19592	15.7746	17.2103	8.30032	5.72591	1.84391	21.6293	5.92391	
18.441	15.0774	5.35882	11.6922	13.122	6.25628	14.0203	16.8899	7.29426	13.6674	0	3.43628	15.862	9.58837	6.61043	12.0705	19.3933	6.10914	22.8762	11.3897	
14.4799	6.91739	8.7951	9.34993	19.8833	2.82	10.584	5.58957	3.85798	4.51677	3.43628	0	6.02488	11.9	10.0467	9.12927	11.8173	2.67286	22.4582	6.75286	
15.159	6.52932	10.5031	16.8365	19.8672	7.17527	14.7034	5.29759	3.73173	5.19592	15.862	6.02488	0	17.2827	18.2536	9.80842	11.6632	3.35201	23.1374	7.43201	
12.7722	16.3641	14.9472	15.5	10.7781	13.32	8.19	15.9654	15.758	15.7746	9.58837	11.9	17.2827	0	7.3873	8.77098	9.42329	12.9822	14.7814	8.90225	
8.50557	15.6741	7.75051	14.0839	6.51153	18.8628	7.5	16.9047	15.4192	17.2103	6.61043	10.0467	18.2536	7.3873	0	5.46008	8.73329	11.9165	11.4705	16.2895	
12.4577	14.4607	13.2106	8.72997	11.9716	15.125	12.9601	22.3648	11.6814	8.30032	12.0705	9.12927	9.80842	8.77098	5.46008	0	22.898	6.45641	6.01041	10.5364	
23.9426	7.13591	17.6886	13.3762	22.9839	16.6652	1.23329	18.5725	8.38645	5.72591	19.3933	11.8173	11.6632	9.42329	8.73329	22.898	0	7.56981	30.7222	12.6013	
11.807	3.25391	13.8551	18.1908	13.801	5.49286	13.2569	8.64961	4.50445	1.84391	6.10914	2.67286	3.35201	12.9822	11.9165	6.45641	7.56981	0	12.4668	4.08	
9.10335	23.4249	9.05294	2.71956	13.2159	9.24949	14.8625	18.8374	17.6919	21.6293	22.8762	22.4582	23.1374	14.7814	11.4705	6.01041	30.7222	12.4668	0	23.8653	
15.887	10.4429	21.947	16.3172	19.6804	9.78727	13.8346	12.5568	9.05539	5.92391	11.3897	6.75286	7.43201	8.90225	16.2895	10.5364	12.6013	4.08	23.8653	0	

0	9.15807	10.9424	8.86383	1.04652	8.13929	10.3344	14.0624	13.1034	15.7868	17.7354	9.15929	11.0392	6.84425	5.92062	3.80938	8.05761	15.2291	12.1837	11.2809	
9.15807	0	12.78	8.24621	8.11155	5.67266	8.86182	5.83421	1.27475	2.28	6	5.78892	2.77272	11.7154	11.2859	13.3091	11.2097	3.16139	10.1436	10.0237	
10.9424	12.78	0	17.773	16.2878	8.90923	10.5656	14.0542	13.4133	10.5	16.8093	7.88923	12.4791	10.3576	9.24429	7.13306	17.3626	14.1172	17.3066	19.3723	
8.86383	8.24621	17.773	0	7.81731	10.9038	12.5602	24.728	9.52097	10.5262	12.0783	9.8838	11.0189	15.4138	15.0382	14.8252	17.2155	12.2844	1.89737	19.4474	
1.04652	8.11155	16.2878	7.81731	0	9.18581	17.1823	22.1206	9.3863	10.3915	14.1115	14.2969	10.8843	7.89076	11.266	4.8559	9.10412	12.1498	9.71468	13.2221	
8.13929	5.67266	8.90923	10.9038	9.18581	0	3.69642	12.04	4.96407	4.52892	10.5303	1.02	2.89993	6.55	6.17442	8.14372	15.3437	6.85071	20.323	3.14159	
10.3344	8.86182	10.5656	12.5602	17.1823	3.69642	0	8.28167	9.12746	6.18533	5.48471	2.67642	15.212	8.20642	7.83083	9.80014	2.27684	9.44834	15.6657	8.96483	
14.0624	5.83421	14.0542	24.728	22.1206	12.04	8.28167	0	10.5342	3.55421	9.04598	7.06313	5.5333	13.0149	12.3536	15.5317	6.00483	12.4209	19.227	8.89845	
13.1034	1.27475	13.4133	9.52097	9.3863	4.96407	9.12746	10.5342	0	3.55475	5.56619	5.98407	4.04748	11.981	11.3616	13.5748	9.05814	1.88664	15.157	8.10566	
15.7868	2.28	10.5	10.5262	10.3915	4.52892	6.18533	3.55421	3.55475	0	8.28	3.50892	1.97909	9.03892	8.66333	10.6326	9.55904	6.31822	16.1622	12.4527	
17.7354	6	16.8093	12.0783	14.1115	10.5303	5.48471	9.04598	5.56619	8.28	0	8.16112	8.77272	11.1157	5.79545	7.90668	7.76155	7.45283	10.181	14.4495	
9.15929	5.78892	7.88923	9.8838	14.2969	1.02	2.67642	7.06313	5.98407	3.50892	8.16112	0	3.91993	5.53	5.15442	7.12372	4.95326	8.33768	11.7812	4.16159	
11.0392	2.77272	12.4791	11.0189	10.8843	2.89993	15.212	5.5333	4.04748	1.97909	8.77272	3.91993	0	10.7299	13.644	13.26	12.3576	5.18614	16.655	6.04152	
6.84425	11.7154	10.3576	15.4138	7.89076	6.55	8.20642	13.0149	11.981	9.03892	11.1157	5.53	10.7299	0	5.33104	7.44227	11.6798	15.6972	19.028	10.9716	
5.92062	11.2859	9.24429	15.0382	11.266	6.17442	7.83083	12.3536	11.3616	8.66333	5.79545	5.15442	13.644	5.33104	0	2.11123	6.34874	13.5202	15.9764	13.8856	
3.80938	13.3091	7.13306	14.8252	4.8559	8.14372	9.80014	15.5317	13.5748	10.6326	7.90668	7.12372	13.26	7.44227	2.11123	0	8.45997	18.2112	15.9931	13.7451	
8.05761	11.2097	17.3626	17.2155	9.10412	15.3437	2.27684	6.00483	9.05814	9.55904	7.76155	4.95326	12.3576	11.6798	6.34874	8.45997	0	7.1715	15.3182	11.2417	
15.2291	3.16139	14.1172	12.2844	12.1498	6.85071	9.44834	12.4209	1.88664	6.31822	7.45283	8.33768	5.18614	15.6972	13.5202	18.2112	7.1715	0	17.9205	6.6	
12.1837	10.1436	17.3066	1.89737	9.71468	20.323	15.6657	19.227	15.157	16.1622	10.181	11.7812	16.655	19.028	15.9764	15.9931	15.3182	17.9205	0	22.0142	
11.2809	10.0237	19.3723	19.4474	13.2221	3.14159	8.96483	8.89845	8.10566	12.4527	14.4495	4.16159	6.04152	10.9716	13.8856	13.7451	11.2417	6.6	22.0142	0	

0	17.4922	14.3031	17.8809	2.17789	9.70454	11.7764	12.9114	13.6071	18.3583	23.6147	11.1897	23.4792	11.7745	11.9452	12.8695	6.90652	11.3887	26.2014	11.2147	
17.4922	0	14.61	16.2765	15.8144	5.56762	11.2766	4.42195	4.38516	3.51	16.0194	5.96449	6.0821	9.85763	12.8341	13.3738	7.72718	3.245	15.4954	4.325	
14.3031	14.61	0	13.7008	16.481	7.2488	18.8666	21.0729	17.8204	11.1	14.0883	12.2488	16.3776	5.1788	16.7548	13.6525	15.0681	12.0585	11.8983	13.1385	
17.8809	16.2765	13.7008	0	16.8587	8.48891	17.2851	13.5179	12.6213	13.7879	6.32446	10.0489	14.9655	9.5	13.5353	5.01135	14.6554	10.8115	1.8025	19.8946	
2.17789	15.8144	16.481	16.8587	0	11.8824	18.0173	16.5509	11.4293	21.7112	22.5925	17.5641	15.6941	20.321	9.76729	11.8474	9.08441	17.1912	23.9011	19.6697	
9.70454	5.56762	7.2488	8.48891	11.8824	0	11.0363	12.1713	6.84237	8.49972	10.9795	1.56	11.1072	2.07	5.04643	10.5437	5.84318	2.32263	10.2914	3.40263	
11.7764	11.2766	18.8666	17.2851	18.0173	11.0363	0	10.8747	10.5011	7.7666	21.3803	9.15308	11.8301	18.1344	8.25	17.0589	4.86991	4.33994	15.4826	3.25994	
12.9114	4.42195	21.0729	13.5179	16.5509	12.1713	10.8747	0	6.55463	7.93195	11.5974	10.288	9.16341	17.4019	15.2947	17.4211	6.00483	7.66694	11.7154	10.313	
13.6071	4.38516	17.8204	12.6213	11.4293	6.84237	10.5011	6.55463	0	7.89516	18.152	6.13482	4.26483	8.91237	11.8888	10.8665	7.74758	5.76189	14.4238	6.84189	
18.3583	3.51	11.1	13.7879	21.7112	8.49972	7.7666	7.93195	7.89516	0	20.609	9.47449	5.27758	12.3054	12.3514	9.86379	9.67902	6.17709	11.9854	5.37088	
23.6147	16.0194	14.0883	6.32446	22.5925	10.9795	21.3803	11.5974	18.152	20.609	0	15.9384	20.7608	8.90955	13.1303	10.7452	17.6022	16.701	8.12696	21.2615	
11.1897	5.96449	12.2488	10.0489	17.5641	1.56	9.15308	10.288	6.13482	9.47449	15.9384	0	10.3997	3.63	6.60643	13.7993	4.28318	3.88263	24.4963	8.20764	
23.4792	6.0821	16.3776	14.9655	15.6941	11.1072	11.8301	9.16341	4.26483	5.27758	20.7608	10.3997	0	14.0186	16.5151	14.28	12.0124	9.3271	13.163	8.57013	
11.7745	9.85763	5.1788	9.5	20.321	2.07	18.1344	17.4019	8.91237	12.3054	8.90955	3.63	14.0186	0	7.11643	8.47366	8.23644	4.39263	11.3025	17.8919	
11.9452	12.8341	16.7548	13.5353	9.76729	5.04643	8.25	15.2947	11.8888	12.3514	13.1303	6.60643	16.5151	7.11643	0	8.80893	11.2129	7.36906	14.1338	11.5099	
12.8695	13.3738	13.6525	5.01135	11.8474	10.5437	17.0589	17.4211	10.8665	9.86379	10.7452	13.7993	14.28	8.47366	8.80893	0	16.0612	14.562	6.81385	15.2347	
6.90652	7.72718	15.0681	14.6554	9.08441	5.84318	4.86991	6.00483	7.74758	9.67902	17.6022	4.28318	12.0124	8.23644	11.2129	16.0612	0	4.48219	17.7202	4.30813	
11.3887	3.245	12.0585	10.8115	17.1912	2.32263	4.33994	7.66694	5.76189	6.17709	16.701	3.88263	9.3271	4.39263	7.36906	14.562	4.48219	0	18.1625	1.08	
26.2014	15.4954	11.8983	1.8025	23.9011	10.2914	15.4826	11.7154	14.4238	11.9854	8.12696	24.4963	13.163	11.3025	14.1338	6.81385	17.7202	18.1625	0	17.3563	
11.2147	4.325	13.1385	19.8946	19.6697	3.40263	3.25994	10.313	6.84189	5.37088	21.2615	8.20764	8.57013	17.8919	11.5099	15.2347	4.30813	1.08	17.3563	0	

0	15.8666	28.2872	19.3096	0.367696	15.3056	15.021	19.8893	18.8377	21.6992	8.34933	9.11412	23.944	15.8126	5.41413	5.75286	10.0477	14.5512	22.689	20.7829	
15.8666	0	19.9286	22.285	14.0358	8.15051	7.86591	2.51247	6.32278	4.68	8.83117	9.2781	6.0821	8.83068	12.3091	18.1052	4.35578	3.82188	15.5339	4.94188	
28.2872	19.9286	0	12.644	19.3969	12.8305	20.0924	20.6061	16.8908	20.9052	19.725	10.6505	23.7676	15.0185	17.5406	15.496	19.1103	20.0273	7.93221	25.3839	
19.3096	22.285	12.644	0	18.942	12.0804	19.1638	17.04	13.5252	16.3867	16.4769	14.2604	16.4303	10.5	18.3442	15.7709	15.8751	15.5088	4.71179	27.0633	
0.367696	14.0358	19.3969	18.942	0	10.9264	13.1901	18.7021	12.4557	21.94	7.98164	8.74643	11.2734	10.8856	5.04643	5.38516	9.68	12.9909	16.4443	15.3035	
15.3056	8.15051	12.8305	12.0804	10.9264	0	7.30486	5.65955	4.78519	7.81331	10.8242	2.18	4.3499	4.23	10.5769	9.73045	3.79473	9.23879	12.8317	11.0987	
15.021	7.86591	20.0924	19.1638	13.1901	7.30486	0	9.63915	3.20156	9.70824	9.70371	12.7516	9.43518	6.22674	10.6108	17.6242	3.51013	5.28548	14.6883	4.16548	
19.8893	2.51247	20.6061	17.04	18.7021	5.65955	9.63915	0	6.43758	7.19247	16.4837	7.83955	8.59457	6.54003	13.8468	12.0405	6.86825	6.33435	20.6074	6.26936	
18.8377	6.32278	16.8908	13.5252	12.4557	4.78519	3.20156	6.43758	0	8.91184	11.434	6.96519	9.13508	3.02518	7.40924	8.52562	6.71169	6.42476	14.9895	7.36704	
21.6992	4.68	20.9052	16.3867	21.94	7.81331	9.70824	7.19247	8.91184	0	14.2253	11.1367	3.46341	5.88666	9.69042	11.3871	9.03578	8.50188	23.5882	13.8737	
8.34933	8.83117	19.725	16.4769	7.98164	10.8242	9.70371	16.4837	11.434	14.2253	0	13.0042	10.2587	10.0181	13.0281	12.2413	13.2138	5.00928	21.1887	6.12928	
9.11412	9.2781	10.6505	14.2604	8.74643	2.18	12.7516	7.83955	6.96519	11.1367	13.0042	0	6.5299	5.25	13.0942	9.71416	5.97473	10.2588	10.6517	14.7334	
23.944	6.0821	23.7676	16.4303	11.2734	4.3499	9.43518	8.59457	9.13508	3.46341	10.2587	6.5299	0	8.5799	6.22701	11.5415	8.14463	5.24938	24.8587	6.36938	
15.8126	8.83068	15.0185	10.5	10.8856	4.23	6.22674	6.54003	3.02518	5.88666	10.0181	5.25	8.5799	0	7.84425	5.50045	8.02473	5.00879	15.2118	6.12879	
5.41413	12.3091	17.5406	18.3442	5.04643	10.5769	10.6108	13.8468	7.40924	9.69042	13.0281	13.0942	6.22701	7.84425	0	5.31448	14.7264	11.4764	16.3736	18.7732	
5.75286	18.1052	15.496	15.7709	5.38516	9.73045	17.6242	12.0405	8.52562	11.3871	12.2413	9.71416	11.5415	5.50045	5.31448	0	15.0652	10.5092	11.0592	13.4588	
10.0477	4.35578	19.1103	15.8751	9.68	3.79473	3.51013	6.86825	6.71169	9.03578	13.2138	5.97473	8.14463	8.02473	14.7264	15.0652	0	8.17766	11.1781	7.67561	
14.5512	3.82188	20.0273	15.5088	12.9909	9.23879	5.28548	6.33435	6.42476	8.50188	5.00928	10.2588	5.24938	5.00879	11.4764	10.5092	8.17766	0	21.4143	1.12	
22.689	15.5339	7.93221	4.71179	16.4443	12.8317	14.6883	20.6074	14.9895	23.5882	21.1887	10.6517	24.8587	15.2118	16.3736	11.0592	11.1781	21.4143	0	24.3179	
20.7829	4.94188	25.3839	27.0633	15.3035	11.0987	4.16548	6.26936	7.36704	13.8737	6.12928	14.7334	6.36938	6.12879	18.7732	13.4588	7.67561	1.12	24.3179	0	

0	14.1432	18.5663	8.12483	1.03238	6.88709	10.5423	13.3395	8.42778	19.3439	14.6417	9.16709	9.28407	9.04709	9.16437	4.9419	6.53238	12.3076	11.3503	19.8159	
14.1432	0	11.0845	17.5923	11.6276	4.48907	5.4494	8.32883	4.23219	1.77	6.36124	2.20907	5.94794	7.39138	8.52716	12.7496	6.2716	5.8266	14.1832	9.77135	
18.5663	11.0845	0	10.4415	17.6706	10.377	19.7359	17.8787	14.6307	16.9974	2.6224	6.77457	17.1035	8.73181	13.3078	19.453	14.5353	11.9254	8.00103	14.6608	
8.12483	17.5923	10.4415	0	9.1572	15.0119	11.9593	26.4384	16.369	26.5111	8.60415	13.8053	22.383	15.7625	20.3385	13.0667	12.9651	18.938	3.22552	24.096	
1.03238	11.6276	17.6706	9.1572	0	7.91947	6.32219	11.492	7.3954	14.1477	20.293	11.1599	8.25169	16.9236	18.9599	5.97428	5.5	9.79194	17.2308	15.6339	
6.88709	4.48907	10.377	15.0119	7.91947	0	5.40749	5.8855	1.78885	8.43348	6.43217	2.28	2.53744	2.16	5.69759	9.92005	4.5853	4.18539	13.1333	9.84227	
10.5423	5.4494	19.7359	11.9593	6.32219	5.40749	0	8.32271	4.22606	7.2194	14.1124	6.4821	7.19621	9.62298	9.45	13.6725	0.822192	5.30438	8.73375	8.51512	
13.3395	8.32883	17.8787	26.4384	11.492	5.8855	8.32271	0	4.09664	10.0164	10.7259	9.85199	7.0668	4.61649	9.87138	17.9072	14.7378	6.49318	26.581	11.9757	
8.42778	4.23219	14.6307	16.369	7.3954	1.78885	4.22606	4.09664	0	6.00219	9.54349	4.06885	2.97015	3.94885	7.0996	14.8529	5.04825	2.39654	12.9598	4.11654	
19.3439	1.77	16.9974	26.5111	14.1477	8.43348	7.2194	10.0164	6.00219	0	13.3596	3.97907	5.89604	9.16138	8.75966	14.9921	8.53879	4.0566	23.102	5.7766	
14.6417	6.36124	2.6224	8.60415	20.293	6.43217	14.1124	10.7259	9.54349	13.3596	0	4.15217	10.2921	6.1094	10.6854	14.7298	9.81208	8.21096	5.37862	11.023	
9.16709	2.20907	6.77457	13.8053	11.1599	2.28	6.4821	9.85199	4.06885	3.97907	4.15217	0	4.81744	4.44	7.97759	10.5776	5.65991	4.05879	9.53079	5.77879	
9.28407	5.94794	17.1035	22.383	8.25169	2.53744	7.19621	7.0668	2.97015	5.89604	10.2921	4.81744	0	4.69744	8.23503	19.17	7.12274	5.36669	18.281	7.38219	
9.04709	7.39138	8.73181	15.7625	16.9236	2.16	9.62298	4.61649	3.94885	9.16138	6.1094	4.44	4.69744	0	5.25488	9.47735	6.7453	7.66971	11.488	9.38971	
9.16437	8.52716	13.3078	20.3385	18.9599	5.69759	9.45	9.87138	7.0996	8.75966	10.6854	7.97759	8.23503	5.25488	0	4.22246	9.18525	4.70306	16.064	6.42306	
4.9419	12.7496	19.453	13.0667	5.97428	9.92005	13.6725	17.9072	14.8529	14.9921	14.7298	10.5776	19.17	9.47735	4.22246	0	16.2376	8.92553	24.4207	18.1399	
6.53238	6.2716	14.5353	12.9651	5.5	4.5853	0.822192	14.7378	5.04825	8.53879	9.81208	5.65991	7.12274	6.7453	9.18525	16.2376	0	4.48219	9.55594	6.20219	
12.3076	5.8266	11.9254	18.938	9.79194	4.18539	5.30438	6.49318	2.39654	4.0566	8.21096	4.05879	5.36669	7.66971	4.70306	8.92553	4.48219	0	14.6816	1.72	
11.3503	14.1832	8.00103	3.22552	17.2308	13.1333	8.73375	26.581	12.9598	23.102	5.37862	9.53079	18.281	11.488	16.064	24.4207	9.55594	14.6816	0	20.6869	
19.8159	9.77135	14.6608	24.096	15.6339	9.84227	8.51512	11.9757	4.11654	5.7766	11.023	5.77879	7.38219	9.38971	6.42306	18.1399	6.20219	1.72	20.6869	0	

0	17.9052	19.3084	19.5662	2.12132	16.5916	16.8403	25.1874	22.3211	19.6174	13.9454	12.0403	17.8388	8.2603	5.37708	10.8104	12.9013	16.2512	18.0229	16.7496	
17.9052	0	11.8419	25.1948	17.9728	5.51542	7.40508	9.04489	7.8015	4.5	7.62123	3.75542	6.4846	7.53542	7.90759	7.09479	9.10939	7.12125	14.3073	8.69077	
19.3084	11.8419	0	7.70276	17.1251	5.20216	11.7361	14.8133	9.6874	9.41672	11.9523	6.96216	8.75751	11.0481	12.2386	18.0291	13.4404	8.55134	10.8167	6.55134	
19.5662	25.1948	7.70276	0	11.9152	12.9049	13.6148	25.2926	17.3902	17.3028	13.4811	12.8116	20.0305	18.7509	8.65941	10.5645	13.5431	14.0038	3.35201	13.8063	
2.12132	17.9728	17.1251	11.9152	0	18.3951	12.1398	20.879	14.67	19.685	19.2838	7.40793	14.6268	10.3816	3.25576	10.3175	8.13941	8.60015	18.0905	9.09854	
16.5916	5.51542	5.20216	12.9049	18.3951	0	5.40966	8.48681	5.80772	4.21456	5.62581	1.76	8.30634	5.54	5.91217	13.0215	7.11397	5.12583	16.0188	11.7535	
16.8403	7.40508	11.7361	13.6148	12.1398	5.40966	0	10.3765	5.44302	11.895	7.51547	3.64966	5.53319	7.42966	6.24343	7.8969	1.35978	4.0153	15.1094	6.0153	
25.1874	9.04489	14.8133	25.2926	20.879	8.48681	10.3765	0	5.61826	10.2137	10.5926	6.72681	9.59294	10.5068	10.879	16.1397	10.099	7.04598	21.7796	11.3253	
22.3211	7.8015	9.6874	17.3902	14.67	5.80772	5.44302	5.61826	0	4.59549	7.91353	4.04772	2.94562	7.82772	6.77212	13.4024	7.06247	1.42773	19.6002	3.42773	
19.6174	4.5	9.41672	17.3028	19.685	4.21456	11.895	10.2137	4.59549	0	8.64672	5.97456	5.60742	14.3319	14.5639	8.80696	13.7014	6.02321	16.0194	7.8136	
13.9454	7.62123	11.9523	13.4811	19.2838	5.62581	7.51547	10.5926	7.91353	8.64672	0	3.86581	10.4122	5.68514	8.01798	17.4537	9.21978	7.23164	10.7572	19.2511	
12.0403	3.75542	6.96216	12.8116	7.40793	1.76	3.64966	6.72681	4.04772	5.97456	3.86581	0	4.88372	3.78	4.15217	10.8502	5.00944	3.36583	14.6231	5.36583	
17.8388	6.4846	8.75751	20.0305	14.6268	8.30634	5.53319	9.59294	2.94562	5.60742	10.4122	4.88372	0	10.3263	6.86228	7.14	7.15264	1.51789	12.6604	2.20617	
8.2603	7.53542	11.0481	18.7509	10.3816	5.54	7.42966	10.5068	7.82772	14.3319	5.68514	3.78	10.3263	0	7.93217	16.4769	9.13397	7.14583	16.4424	12.3306	
5.37708	7.90759	12.2386	8.65941	3.25576	5.91217	6.24343	10.879	6.77212	14.5639	8.01798	4.15217	6.86228	7.93217	0	7.06171	4.88365	5.34439	12.0114	5.84277	
10.8104	7.09479	18.0291	10.5645	10.3175	13.0215	7.8969	16.1397	13.4024	8.80696	17.4537	10.8502	7.14	16.4769	7.06171	0	9.25668	8.65789	7.21249	9.34617	
12.9013	9.10939	13.4404	13.5431	8.13941	7.11397	1.35978	10.099	7.06247	13.7014	9.21978	5.00944	7.15264	9.13397	4.88365	9.25668	0	5.37508	18.8273	7.63475	
16.2512	7.12125	8.55134	14.0038	8.60015	5.12583	4.0153	7.04598	1.42773	6.02321	7.23164	3.36583	1.51789	7.14583	5.34439	8.65789	5.37508	0	12.4543	2	
18.0229	14.3073	10.8167	3.35201	18.0905	16.0188	15.1094	21.7796	19.6002	16.0194	10.7572	14.6231	12.6604	16.4424	12.0114	7.21249	18.8273	12.4543	0	10.4543	
16.7496	8.69077	6.55134	13.8063	9.09854	11.7535	6.0153	11.3253	3.42773	7.8136	19.2511	5.36583	2.20617	12.3306	5.84277	9.34617	7.63475	2	10.4543	0	

0	14.1653	12.2099	18.2809	2.2486	18.3805	24.5371	20.0085	15.1088	16.1084	10.714	9.53729	10.0062	12.9805	13.837	7.61877	15.8553	19.2415	19.6406	21.0775	
14.1653	0	15.0319	13.5067	16.4654	8.18776	12.5193	5.97191	1.12178	2.31	8	5.67856	4.15909	5.72532	8.02556	8.38475	12.7464	2.49852	12.147	4.09273	
12.2099	15.0319	0	12.8975	11.2333	6.82462	11.6089	14.1694	13.9101	7.31318	18.3568	3.94462	16.6194	12.947	11.8194	19.8287	22.6993	14.5371	11.5378	24.0238	
