10
10
3
3
40

6	7
19	44
37	23
35	6
5	8
20	35
8	31
29	43
18	39
19	47

26	20
20	33
15	46
20	26
17	19
15	12
5	30
13	40
38	5
9	40

70

1.79769e+308
1.79769e+308
1.79769e+308
1.79769e+308
1.79769e+308
1.79769e+308
1.79769e+308
1.79769e+308
1.79769e+308
1.79769e+308

16
18
15
11
18
16
15
15
15
16

0
0
0
0
0
0
0
0
0
0

0

0	6.44152	2.07939	8.72888	1.15459	3.08179	3.86908	7.44079	3.73973	7.7037	5.20579	7.41494	8.02708	7.05663	6.02314	6.44655	5.02091	7.73126	5.32559	9.88499	
6.44152	0	5.87771	9.46962	6.26426	4.33706	5.36225	2.6122	2.70179	4.77722	8.92799	3.44896	6.74518	5.36104	5.56382	5.40861	4.75951	4.00088	8.30412	3.91232	
2.07939	5.87771	0	5.65903	3.23397	1.54065	5.94847	6.51757	5.81911	5.98255	6.64759	2.75972	9.58006	2.56464	5.58331	6.04086	4.68724	7.08702	3.24621	6.19088	
8.72888	9.46962	5.65903	0	7.57054	9.0987	4.8598	12.899	5.76194	14.7759	10.824	7.76675	8.21305	8.04735	10.2147	5.25061	3.70422	5.46874	2.41282	5.20786	
1.15459	6.26426	3.23397	7.57054	0	1.9272	5.02367	6.90412	4.62497	7.27894	6.36038	3.14628	8.91232	2.95119	5.96986	6.42741	3.86632	6.2661	8.028	5.36996	
3.08179	4.33706	1.54065	9.0987	1.9272	0	4.21153	3.51664	4.89429	5.35174	5.10694	1.21907	8.03941	1.02399	4.04266	4.50021	5.39448	4.4208	4.78686	4.24048	
3.86908	5.36225	5.94847	4.8598	5.02367	4.21153	0	6.36152	2.66046	9.02645	9.07487	5.17233	4.71271	3.18755	6.69545	5.36728	2.43515	4.83493	7.27262	3.93879	
7.44079	2.6122	6.51757	12.899	6.90412	3.51664	6.36152	0	3.70107	5.88429	7.77659	2.29756	7.98842	4.28235	2.95162	5.62404	5.75878	6.61307	7.65149	5.31897	
3.73973	2.70179	5.81911	5.76194	4.62497	4.89429	2.66046	3.70107	0	7.47901	8.94552	3.67522	4.28735	5.66	5.37923	2.70682	2.05772	3.99153	5.54461	3.56136	
7.7037	4.77722	5.98255	14.7759	7.27894	5.35174	9.02645	5.88429	7.47901	0	10.4587	6.57081	4.31374	6.37573	8.83591	9.85195	5.94285	6.1681	9.22876	4.43922	
5.20579	8.92799	6.64759	10.824	6.36038	5.10694	9.07487	7.77659	8.94552	10.4587	0	5.47903	8.09956	6.13093	9.1496	9.60715	7.75503	5.35525	10.833	7.08414	
7.41494	3.44896	2.75972	7.76675	3.14628	1.21907	5.17233	2.29756	3.67522	6.57081	5.47903	0	7.59092	1.98478	5.24918	5.71928	4.24399	4.75029	5.35393	3.02141	
8.02708	6.74518	9.58006	8.21305	8.91232	8.03941	4.71271	7.98842	4.28735	4.31374	8.09956	7.59092	0	6.14112	9.10361	6.99417	5.14409	2.74431	16.5852	4.47319	
7.05663	5.36104	2.56464	8.04735	2.95119	1.02399	3.18755	4.28235	5.66	6.37573	6.13093	1.98478	6.14112	0	3.50791	5.52419	5.62269	3.39681	7.33871	5.00619	
6.02314	5.56382	5.58331	10.2147	5.96986	4.04266	6.69545	2.95162	5.37923	8.83591	9.1496	5.24918	9.10361	3.50791	0	2.67241	6.31852	6.35931	5.5102	8.0882	
6.44655	5.40861	6.04086	5.25061	6.42741	4.50021	5.36728	5.62404	2.70682	9.85195	9.60715	5.71928	6.99417	5.52419	2.67241	0	3.64611	6.04589	2.83779	5.14974	
5.02091	4.75951	4.68724	3.70422	3.86632	5.39448	2.43515	5.75878	2.05772	5.94285	7.75503	4.24399	5.14409	5.62269	6.31852	3.64611	0	2.39978	6.11705	1.50364	
7.73126	4.00088	7.08702	5.46874	6.2661	4.4208	4.83493	6.61307	3.99153	6.1681	5.35525	4.75029	2.74431	3.39681	6.35931	6.04589	2.39978	0	7.88157	1.72889	
5.32559	8.30412	3.24621	2.41282	8.028	4.78686	7.27262	7.65149	5.54461	9.22876	10.833	5.35393	16.5852	7.33871	5.5102	2.83779	6.11705	7.88157	0	8.37533	
9.88499	3.91232	6.19088	5.20786	5.36996	4.24048	3.93879	5.31897	3.56136	4.43922	7.08414	3.02141	4.47319	5.00619	8.0882	5.14974	1.50364	1.72889	8.37533	0	

0	7.57244	12.2647	4.93734	0.466771	4.73305	2.08872	4.17254	6.04577	5.07083	2.00483	3.52114	7.96024	0.988609	3.83538	1.65202	9.49102	4.12737	3.32998	4.89296	
7.57244	0	5.58595	5.84982	10.464	5.34114	3.23786	1.09066	0.337944	1.39593	4.42712	2.19176	4.31463	4.27459	4.86591	11.9419	7.21245	2.59181	4.24246	3.65482	
12.2647	5.58595	0	13.0523	12.7315	7.57997	6.42375	5.42222	5.9239	5.27479	10.7699	10.6661	8.56395	7.05982	8.69631	13.9725	8.34693	3.92107	9.82841	6.6361	
4.93734	5.84982	13.0523	0	17.4621	9.72308	12.3555	8.55698	7.80427	8.86226	5.656	9.23777	11.781	6.67222	7.72957	14.653	10.0222	14.4149	1.60736	11.1212	
0.466771	10.464	12.7315	17.4621	0	9.45821	6.24027	8.89771	10.7709	9.79599	6.72999	8.2463	12.6854	1.45538	8.56054	1.73881	9.9578	8.85253	3.79675	9.61812	
4.73305	5.34114	7.57997	9.72308	9.45821	0	4.84455	4.88939	2.33913	5.01263	4.76066	0.485314	8.30179	3.01784	4.80178	4.40785	0.615138	3.65891	8.82069	3.65516	
2.08872	3.23786	6.42375	12.3555	6.24027	4.84455	0	3.26386	3.56673	1.84193	2.11633	3.63264	5.13792	1.10011	3.94688	1.76352	6.92854	2.50268	13.806	3.90377	
4.17254	1.09066	5.42222	8.55698	8.89771	4.88939	3.26386	0	1.4286	2.48659	4.20015	4.40407	4.44714	3.18394	5.99838	3.84735	5.92702	1.50116	5.33311	4.21619	
6.04577	0.337944	5.9239	7.80427	10.7709	2.33913	3.56673	1.4286	0	1.73388	4.08917	1.85381	4.65257	4.38634	5.24567	5.72057	5.61833	6.06941	4.5804	3.99277	
5.07083	1.39593	5.27479	8.86226	9.79599	5.01263	1.84193	2.48659	1.73388	0	5.09844	6.10068	4.33995	2.94204	6.30366	4.74563	5.77959	1.35372	5.63839	4.06875	
2.00483	4.42712	10.7699	5.656	6.72999	4.76066	2.11633	4.20015	4.08917	5.09844	0	3.54874	7.98785	1.01622	2.07357	1.67963	5.05044	4.15497	7.26336	3.28466	
3.52114	2.19176	10.6661	9.23777	8.2463	0.485314	3.63264	4.40407	1.85381	6.10068	3.54874	0	8.67338	2.53253	4.38094	3.19594	1.10045	4.14422	8.33538	3.16985	
7.96024	4.31463	8.56395	11.781	12.6854	8.30179	5.13792	4.44714	4.65257	4.33995	7.98785	8.67338	0	6.23802	9.22235	7.63504	9.06875	4.64288	8.55708	7.35791	
0.988609	4.27459	7.05982	6.67222	1.45538	3.01784	1.10011	3.18394	4.38634	2.94204	1.01622	2.53253	6.23802	0	2.84677	0.663412	4.35958	3.13876	4.31859	3.90435	
3.83538	4.86591	8.69631	7.72957	8.56054	4.80178	3.94688	5.99838	5.24567	6.30366	2.07357	4.38094	9.22235	2.84677	0	3.51018	4.18664	3.92612	9.15018	1.21109	
1.65202	11.9419	13.9725	14.653	1.73881	4.40785	1.76352	3.84735	5.72057	4.74563	1.67963	3.19594	7.63504	0.663412	3.51018	0	11.1988	3.80217	5.03771	4.56776	
9.49102	7.21245	8.34693	10.0222	9.9578	0.615138	6.92854	5.92702	5.61833	5.77959	5.05044	1.10045	9.06875	4.35958	4.18664	11.1988	0	4.27404	8.41483	5.39773	
4.12737	2.59181	3.92107	14.4149	8.85253	3.65891	2.50268	1.50116	6.06941	1.35372	4.15497	4.14422	4.64288	3.13876	3.92612	3.80217	4.27404	0	12.8407	2.71503	
3.32998	4.24246	9.82841	1.60736	3.79675	8.82069	13.806	5.33311	4.5804	5.63839	7.26336	8.33538	8.55708	4.31859	9.15018	5.03771	8.41483	12.8407	0	7.89728	
4.89296	3.65482	6.6361	11.1212	9.61812	3.65516	3.90377	4.21619	3.99277	4.06875	3.28466	3.16985	7.35791	3.90435	1.21109	4.56776	5.39773	2.71503	7.89728	0	

0	8.95672	7.90172	1.48529	1.35814	3.1134	5.80748	8.82066	6.59375	4.48872	4.09285	2.63715	3.71269	11.3106	2.1178	5.31031	5.5617	4.32572	0.985046	8.28657	
8.95672	0	9.16163	6.83127	5.25145	3.49619	4.26941	4.53637	5.10213	2.52556	4.80315	4.14958	3.30159	10.0973	6.17952	4.82023	5.48015	5.21558	5.80169	6.3234	
7.90172	9.16163	0	10.5971	6.54359	8.28583	5.42781	10.0554	6.21408	6.83432	10.7565	9.03275	5.87893	11.3257	5.6025	7.66727	5.79072	3.94605	6.73526	8.82095	
1.48529	6.83127	10.5971	0	5.73854	3.35241	9.97151	7.51892	5.44809	4.38204	3.60805	2.15235	5.65615	9.25379	1.633	4.1169	4.91938	7.73243	0.500245	4.8555	
1.35814	5.25145	6.54359	5.73854	0	1.75526	6.89656	9.19898	3.3612	8.42046	3.06222	2.42599	5.07083	9.95248	4.43859	4.5701	3.73922	5.68386	2.34318	8.9604	
3.1134	3.49619	8.28583	3.35241	1.75526	0	3.77221	3.66047	1.60594	2.37108	1.30696	0.670724	3.64518	5.39534	2.68333	2.81484	1.98396	3.82863	2.32283	2.84454	
5.80748	4.26941	5.42781	9.97151	6.89656	3.77221	0	3.75465	3.74979	1.74384	6.44826	3.4442	2.51987	2.2371	5.55498	4.0385	1.78825	1.48176	6.68773	8.77342	
8.82066	4.53637	10.0554	7.51892	9.19898	3.66047	3.75465	0	2.05453	2.01081	2.88675	3.71116	2.78684	5.84393	4.45286	4.30547	7.36994	4.32256	5.58562	6.30619	
6.59375	5.10213	6.21408	5.44809	3.3612	1.60594	3.74979	2.05453	0	4.06534	2.9129	2.27667	4.20091	3.7894	4.28927	4.42078	3.5899	2.26803	4.41851	4.94022	
4.48872	2.52556	6.83432	4.38204	8.42046	2.37108	1.74384	2.01081	4.06534	0	4.89756	1.70036	0.776028	3.98095	4.35943	2.29466	3.53209	2.7089	3.35246	3.87417	
4.09285	4.80315	10.7565	3.60805	3.06222	1.30696	6.44826	2.88675	2.9129	4.89756	0	1.97769	7.99331	11.5822	3.99029	4.1218	3.29092	6.74678	3.10781	3.41944	
2.63715	4.14958	9.03275	2.15235	2.42599	0.670724	3.4442	3.71116	2.27667	1.70036	1.97769	0	2.47638	6.5558	2.78486	3.48556	2.23769	4.08236	1.65211	2.17382	
3.71269	3.30159	5.87893	5.65615	5.07083	3.64518	2.51987	2.78684	4.20091	0.776028	7.99331	2.47638	0	10.5582	4.83495	3.07069	3.77755	1.93288	4.62656	4.57387	
11.3106	10.0973	11.3257	9.25379	9.95248	5.39534	2.2371	5.84393	3.7894	3.98095	11.5822	6.5558	10.5582	0	5.72321	7.78798	4.02535	3.71886	6.85597	8.94166	
2.1178	6.17952	5.6025	1.633	4.43859	2.68333	5.55498	4.45286	4.28927	4.35943	3.99029	2.78486	4.83495	5.72321	0	2.06477	4.66729	6.76783	1.13276	3.21845	
5.31031	4.82023	7.66727	4.1169	4.5701	2.81484	4.0385	4.30547	4.42078	2.29466	4.1218	3.48556	3.07069	7.78798	2.06477	0	4.7988	9.63603	3.19753	4.83942	
5.5617	5.48015	5.79072	4.91938	3.73922	1.98396	1.78825	7.36994	3.5899	3.53209	3.29092	2.23769	3.77755	4.02535	4.66729	4.7988	0	1.84467	3.8898	4.41151	
4.32572	5.21558	3.94605	7.73243	5.68386	3.82863	1.48176	4.32256	2.26803	2.7089	6.74678	4.08236	1.93288	3.71886	6.76783	9.63603	1.84467	0	5.31077	6.50675	
0.985046	5.80169	6.73526	0.500245	2.34318	2.32283	6.68773	5.58562	4.41851	3.35246	3.10781	1.65211	4.62656	6.85597	1.13276	3.19753	3.8898	5.31077	0	3.82592	
8.28657	6.3234	8.82095	4.8555	8.9604	2.84454	8.77342	6.30619	4.94022	3.87417	3.41944	2.17382	4.57387	8.94166	3.21845	4.83942	4.41151	6.50675	3.82592	0	

0	4.79465	5.31143	15.136	1.32972	5.69335	8.46655	6.74012	4.42583	7.8407	6.2895	3.77992	2.40697	3.8674	1.70007	2.58838	4.25602	1.7717	3.3844	12.5156	
4.79465	0	8.02747	5.72401	15.9906	3.49266	8.32441	4.44843	3.04317	2.35406	3.34936	2.36579	3.05375	0.92726	6.44494	5.88315	3.74419	3.68902	5.00961	4.15565	
5.31143	8.02747	0	11.5961	9.78593	3.26427	8.91031	3.89686	4.31204	11.2323	9.03588	11.337	5.62373	9.12904	3.61136	4.49967	13.6112	12.5977	8.00422	2.60128	
15.136	5.72401	11.5961	0	18.6414	2.53603	7.36778	7.44546	3.66703	9.24329	5.26944	3.25493	5.92494	7.81649	8.35551	12.7724	12.5474	2.2238	0.611107	3.19902	
1.32972	15.9906	9.78593	18.6414	0	11.0389	9.49648	12.1051	11.4503	14.2307	8.3055	5.10964	16.0891	5.19711	3.02979	7.71147	5.58574	3.10142	19.2525	12.3872	
5.69335	3.49266	3.26427	2.53603	11.0389	0	3.92439	1.95856	1.131	3.42975	2.73341	5.00822	2.8972	4.41992	5.81948	6.70779	2.96027	3.78513	3.14714	0.662989	
8.46655	8.32441	8.91031	7.36778	9.49648	3.92439	0	5.52316	5.96276	8.35054	1.19098	9.83997	9.17123	3.61308	6.6155	7.6548	8.00726	8.7534	10.5777	5.49475	
6.74012	4.44843	3.89686	7.44546	12.1051	1.95856	5.52316	0	3.00633	6.80249	5.29732	5.64135	4.31802	5.30102	4.2351	3.34679	2.4841	6.46906	6.69851	1.29557	
4.42583	3.04317	4.31204	3.66703	11.4503	1.131	5.96276	3.00633	0	2.29875	3.86441	5.40896	1.7662	3.97043	5.91947	6.80778	1.82927	2.40147	4.26682	1.71076	
7.8407	2.35406	11.2323	9.24329	14.2307	3.42975	8.35054	6.80249	2.29875	0	7.15956	4.71985	3.70811	3.28132	8.21822	8.23721	4.12802	4.34338	7.46696	4.00951	
6.2895	3.34936	9.03588	5.26944	8.3055	2.73341	1.19098	5.29732	3.86441	7.15956	0	7.74163	9.15293	2.4221	5.42452	6.31284	5.23903	6.65505	18.3881	3.3964	
3.77992	2.36579	11.337	3.25493	5.10964	5.00822	9.83997	5.64135	5.40896	4.71985	7.74163	0	3.80591	3.29305	5.47999	8.24894	7.1556	3.17064	2.64382	5.67121	
2.40697	3.05375	5.62373	5.92494	16.0891	2.8972	9.17123	4.31802	1.7662	3.70811	9.15293	3.80591	0	3.98101	7.68567	8.9369	3.59547	0.635271	2.24797	3.02245	
3.8674	0.92726	9.12904	7.81649	5.19711	4.41992	3.61308	5.30102	3.97043	3.28132	2.4221	3.29305	3.98101	0	5.51768	6.406	2.81693	5.6391	6.04016	6.35345	
1.70007	6.44494	3.61136	8.35551	3.02979	5.81948	6.6155	4.2351	5.91947	8.21822	5.42452	5.47999	7.68567	5.51768	0	0.888314	5.95609	3.47177	13.2473	6.21264	
2.58838	5.88315	4.49967	12.7724	7.71147	6.70779	7.6548	3.34679	6.80778	8.23721	6.31284	8.24894	8.9369	6.406	0.888314	0	5.83089	8.15345	10.9961	4.64236	
4.25602	3.74419	13.6112	12.5474	5.58574	2.96027	8.00726	2.4841	1.82927	4.12802	5.23903	7.1556	3.59547	2.81693	5.95609	5.83089	0	3.98496	5.59765	3.54003	
1.7717	3.68902	12.5977	2.2238	3.10142	3.78513	8.7534	6.46906	2.40147	4.34338	6.65505	3.17064	0.635271	5.6391	3.47177	8.15345	3.98496	0	1.61269	3.65772	
3.3844	5.00961	8.00422	0.611107	19.2525	3.14714	10.5777	6.69851	4.26682	7.46696	18.3881	2.64382	2.24797	6.04016	13.2473	10.9961	5.59765	1.61269	0	5.40294	
12.5156	4.15565	2.60128	3.19902	12.3872	0.662989	5.49475	1.29557	1.71076	4.00951	3.3964	5.67121	3.02245	6.35345	6.21264	4.64236	3.54003	3.65772	5.40294	0	

0	11.0836	8.75037	2.71282	1.20514	6.79826	9.57403	8.11494	10.9501	12.3403	3.96169	11.0925	9.07145	4.45838	2.03349	7.25325	5.58714	10.6336	3.9618	12.2246	
11.0836	0	10.3378	10.2355	7.18478	2.7673	2.67295	2.18197	0.922189	1.31516	7.82803	5.30436	2.71827	3.93154	6.0891	2.14144	7.46106	1.27137	11.7121	2.83717	
8.75037	10.3378	0	6.03755	10.9584	5.65974	3.19519	10.3338	8.42656	14.7158	10.3677	9.18934	8.94349	6.68375	10.13	4.64276	7.18207	4.59676	7.28652	5.32268	
2.71282	10.2355	6.03755	0	3.91796	8.38051	9.23273	8.06543	8.32423	11.6459	2.71594	10.5958	10.6537	6.58142	9.79033	4.54042	8.29996	5.41049	1.24898	11.0099	
1.20514	7.18478	10.9584	3.91796	0	9.21164	13.0382	5.02126	10.197	10.7168	5.16683	6.12552	5.51356	2.98591	0.828349	5.29423	6.79228	6.26759	7.87557	14.8915	
6.79826	2.7673	5.65974	8.38051	9.21164	0	2.46455	3.67396	1.84511	4.19895	2.83658	4.84844	6.88252	5.95841	8.11596	5.62892	6.45144	3.86613	4.30354	4.59205	
9.57403	2.67295	3.19519	9.23273	13.0382	2.46455	0	2.31218	4.30966	5.14552	5.30113	5.63158	3.87276	6.6275	6.84082	2.27165	3.98689	1.40158	15.341	2.1275	
8.11494	2.18197	10.3338	8.06543	5.02126	3.67396	2.31218	0	1.82885	4.1827	4.15325	5.1406	4.02836	1.76803	3.92559	1.78067	11.3009	0.910599	5.62021	2.4764	
10.9501	0.922189	8.42656	8.32423	10.197	1.84511	4.30966	1.82885	0	2.23735	4.68169	4.38217	3.64045	3.59688	9.67934	3.78381	12.0778	2.19356	12.7508	3.83039	
12.3403	1.31516	14.7158	11.6459	10.7168	4.19895	5.14552	4.1827	2.23735	0	7.10083	6.73601	1.99106	4.25139	9.18318	4.61401	6.73386	2.58653	10.397	3.73632	
3.96169	7.82803	10.3677	2.71594	5.16683	2.83658	5.30113	4.15325	4.68169	7.10083	0	7.13083	5.10977	5.92128	5.95279	5.7249	9.54883	5.06385	1.46696	6.85503	
11.0925	5.30436	9.18934	10.5958	6.12552	4.84844	5.63158	5.1406	4.38217	6.73601	7.13083	0	9.93958	7.45473	5.29717	5.10007	9.98104	4.23001	8.59779	5.79581	
9.07145	2.71827	8.94349	10.6537	5.51356	6.88252	3.87276	4.02836	3.64045	1.99106	5.10977	9.93958	0	2.26033	4.41789	4.30132	4.7428	3.31106	6.57673	1.74526	
4.45838	3.93154	6.68375	6.58142	2.98591	5.95841	6.6275	1.76803	3.59688	4.25139	5.92128	7.45473	2.26033	0	2.15756	2.04099	7.00313	2.67863	11.1288	4.00559	
2.03349	6.0891	10.13	9.79033	0.828349	8.11596	6.84082	3.92559	9.67934	9.18318	5.95279	5.29717	4.41789	2.15756	0	4.19855	11.6905	5.43924	7.41975	7.00504	
7.25325	2.14144	4.64276	4.54042	5.29423	5.62892	2.27165	1.78067	3.78381	4.61401	5.7249	5.10007	4.30132	2.04099	4.19855	0	11.5739	0.870068	5.7894	2.43587	
5.58714	7.46106	7.18207	8.29996	6.79228	6.45144	3.98689	11.3009	12.0778	6.73386	9.54883	9.98104	4.7428	7.00313	11.6905	11.5739	0	5.38846	11.045	6.11438	
10.6336	1.27137	4.59676	5.41049	6.26759	3.86613	1.40158	0.910599	2.19356	2.58653	5.06385	4.23001	3.31106	2.67863	5.43924	0.870068	5.38846	0	13.5768	1.5658	
3.9618	11.7121	7.28652	1.24898	7.87557	4.30354	15.341	5.62021	12.7508	10.397	1.46696	8.59779	6.57673	11.1288	7.41975	5.7894	11.045	13.5768	0	12.2589	
12.2246	2.83717	5.32268	11.0099	14.8915	4.59205	2.1275	2.4764	3.83039	3.73632	6.85503	5.79581	1.74526	4.00559	7.00504	2.43587	6.11438	1.5658	12.2589	0	

0	7.58333	9.05843	19.055	0.518309	13.6872	6.50962	20.7645	5.83752	16.7827	4.67137	9.01788	6.17151	14.2666	9.53669	2.03006	7.68629	6.93412	5.29268	8.01944	
7.58333	0	6.42246	7.62345	7.06502	2.69566	5.4558	5.41979	3.1389	1.3219	4.41096	4.73576	5.44085	2.66961	5.76614	6.94636	8.78102	4.23962	4.90276	3.83931	
9.05843	6.42246	0	6.45451	9.3724	8.56096	7.11444	9.07179	6.36189	5.10056	7.73454	8.51442	9.21952	9.57987	7.09971	7.02837	9.28529	8.00986	4.59803	13.0178	
19.055	7.62345	6.45451	0	6.63085	14.6772	4.37288	10.0927	3.62034	16.9233	5.69896	6.57017	24.7139	12.896	9.18659	11.3968	6.54373	8.33618	1.85648	16.3309	
0.518309	7.06502	9.3724	6.63085	0	9.76067	5.99131	8.58871	6.53823	8.38692	8.61685	8.49957	8.57528	7.98582	10.0451	2.54837	7.16798	6.41581	4.77437	9.38975	
13.6872	2.69566	8.56096	14.6772	9.76067	0	3.36557	7.07729	4.62369	3.4604	4.8143	2.37271	2.90561	0.579382	4.28875	7.04706	5.00762	2.14939	7.08641	4.14311	
6.50962	5.4558	7.11444	4.37288	5.99131	3.36557	0	5.13583	4.28026	13.4554	6.35889	6.35001	7.55177	2.78619	5.38754	9.38782	3.7151	4.3562	2.5164	3.39844	
20.7645	5.41979	9.07179	10.0927	8.58871	7.07729	5.13583	0	8.63302	4.09789	1.33725	3.77884	8.21685	7.65667	4.29786	3.97856	1.42073	2.7924	5.17973	11.2204	
5.83752	3.1389	6.36189	3.62034	6.53823	4.62369	4.28026	8.63302	0	4.4608	4.69257	2.25098	4.87975	5.80852	2.62723	3.80746	4.88589	4.42144	1.76386	3.97622	
16.7827	1.3219	5.10056	16.9233	8.38692	3.4604	13.4554	4.09789	4.4608	0	5.43514	3.41386	4.11896	3.99151	7.51191	8.26041	5.51862	6.27843	6.64853	5.16121	
4.67137	4.41096	7.73454	5.69896	8.61685	4.8143	6.35889	1.33725	4.69257	5.43514	0	2.44159	6.78277	6.03167	3.76218	2.64131	2.75797	5.68807	3.84248	8.25027	
9.01788	4.73576	8.51442	6.57017	8.49957	2.37271	6.35001	3.77884	2.25098	3.41386	2.44159	0	5.27832	2.95209	4.87821	5.0829	2.6349	3.24649	4.01484	6.2272	
6.17151	5.44085	9.21952	24.7139	8.57528	2.90561	7.55177	8.21685	4.87975	4.11896	6.78277	5.27832	0	3.48499	7.50698	4.14145	3.53114	2.15947	6.64361	4.15333	
14.2666	2.66961	9.57987	12.896	7.98582	0.579382	2.78619	7.65667	5.80852	3.99151	6.03167	2.95209	3.48499	0	3.70937	11.216	2.94168	1.57001	5.30259	4.72249	
9.53669	5.76614	7.09971	9.18659	10.0451	4.28875	5.38754	4.29786	2.62723	7.51191	3.76218	4.87821	7.50698	3.70937	0	6.4035	2.87713	4.2488	4.39109	6.60346	
2.03006	6.94636	7.02837	11.3968	2.54837	7.04706	9.38782	3.97856	3.80746	8.26041	2.64131	5.0829	4.14145	11.216	6.4035	0	5.97503	6.30092	5.57132	5.98938	
7.68629	8.78102	9.28529	6.54373	7.16798	5.00762	3.7151	1.42073	4.88589	5.51862	2.75797	2.6349	3.53114	2.94168	2.87713	5.97503	0	1.37167	4.68725	6.67597	
6.93412	4.23962	8.00986	8.33618	6.41581	2.14939	4.3562	2.7924	4.42144	6.27843	5.68807	3.24649	2.15947	1.57001	4.2488	6.30092	1.37167	0	6.05893	5.30429	
5.29268	4.90276	4.59803	1.85648	4.77437	7.08641	2.5164	5.17973	1.76386	6.64853	3.84248	4.01484	6.64361	5.30259	4.39109	5.57132	4.68725	6.05893	0	5.74008	
8.01944	3.83931	13.0178	16.3309	9.38975	4.14311	3.39844	11.2204	3.97622	5.16121	8.25027	6.2272	4.15333	4.72249	6.60346	5.98938	6.67597	5.30429	5.74008	0	

0	12.5864	10.1848	7.26609	1.19126	10.2149	2.71431	14.5886	5.51672	9.18258	9.27354	5.75726	10.1599	6.73398	3.27457	8.75925	1.26348	4.62774	9.17794	3.15058	
12.5864	0	4.51098	12.833	5.72435	1.32629	5.19934	2.81387	1.39888	2.45359	7.22422	1.7864	0.989832	5.85114	13.5913	11.6162	8.65216	2.19561	5.18393	3.13642	
10.1848	4.51098	0	7.15081	7.43756	9.04529	11.214	10.6653	3.1121	6.61558	8.82156	3.49961	6.63036	6.60201	5.73989	4.31246	7.75098	5.25078	6.30733	4.84964	
7.26609	12.833	7.15081	0	7.55364	5.99265	6.34297	8.79309	6.46317	5.37545	4.23047	6.0805	5.91146	2.01092	6.65128	4.8631	7.77334	4.70569	2.86824	6.75321	
1.19126	5.72435	7.43756	7.55364	0	9.52446	10.8991	14.209	4.32546	7.82894	7.76228	4.71298	7.84373	5.54273	5.6362	10.4771	2.45474	6.46414	8.11051	6.063	
10.2149	1.32629	9.04529	5.99265	9.52446	0	4.54596	1.69962	1.26912	1.80021	6.20128	0.881602	0.336454	3.98173	7.07474	10.9628	4.78662	1.42236	9.53624	3.46988	
2.71431	5.19934	11.214	6.34297	10.8991	4.54596	0	6.96139	4.93688	2.37134	5.25253	5.9446	3.8351	5.73587	3.46191	6.90152	1.45083	4.81509	6.1735	3.19935	
14.5886	2.81387	10.6653	8.79309	14.209	1.69962	6.96139	0	1.20553	5.40599	5.81522	0.818017	3.80371	5.12316	10.6578	7.91972	5.31179	2.19283	5.92485	3.76204	
5.51672	1.39888	3.1121	6.46317	4.32546	1.26912	4.93688	1.20553	0	3.50348	3.79071	0.387514	2.38872	4.45225	7.79107	5.77991	3.62464	1.76233	3.78505	1.73754	
9.18258	2.45359	6.61558	5.37545	7.82894	1.80021	2.37134	5.40599	3.50348	0	5.58408	3.89099	1.46375	3.36453	8.0049	7.48353	3.82217	2.66953	5.48866	4.37572	
9.27354	7.22422	8.82156	4.23047	7.76228	6.20128	5.25253	5.81522	3.79071	5.58408	0	6.21285	7.15511	2.21955	6.85992	8.14019	3.94028	4.1007	7.54726	2.05318	
5.75726	1.7864	3.49961	6.0805	4.71298	0.881602	5.9446	0.818017	0.387514	3.89099	6.21285	0	1.21806	4.30514	6.50486	11.9895	4.49377	1.37482	4.17256	2.12505	
10.1599	0.989832	6.63036	5.91146	7.84373	0.336454	3.8351	3.80371	2.38872	1.46375	7.15511	1.21806	0	4.31819	6.85816	10.6264	4.57004	1.20578	6.95242	3.2533	
6.73398	5.85114	6.60201	2.01092	5.54273	3.98173	5.73587	5.12316	4.45225	3.36453	2.21955	4.30514	4.31819	0	4.64037	9.96137	5.76242	4.41037	4.87915	4.27273	
3.27457	13.5913	5.73989	6.65128	5.6362	7.07474	3.46191	10.6578	7.79107	8.0049	6.85992	6.50486	6.85816	4.64037	0	5.321	2.01109	5.37535	4.73299	3.89819	
8.75925	11.6162	4.31246	4.8631	10.4771	10.9628	6.90152	7.91972	5.77991	7.48353	8.14019	11.9895	10.6264	9.96137	5.321	0	7.33209	10.1087	1.99486	9.38287	
1.26348	8.65216	7.75098	7.77334	2.45474	4.78662	1.45083	5.31179	3.62464	3.82217	3.94028	4.49377	4.57004	5.76242	2.01109	7.33209	0	3.36426	6.74408	1.8871	
4.62774	2.19561	5.25078	4.70569	6.46414	1.42236	4.81509	2.19283	1.76233	2.66953	4.1007	1.37482	1.20578	4.41037	5.37535	10.1087	3.36426	0	5.92373	2.04752	
9.17794	5.18393	6.30733	2.86824	8.11051	9.53624	6.1735	5.92485	3.78505	5.48866	7.54726	4.17256	6.95242	4.87915	4.73299	1.99486	6.74408	5.92373	0	5.52258	
3.15058	3.13642	4.84964	6.75321	6.063	3.46988	3.19935	3.76204	1.73754	4.37572	2.05318	2.12505	3.2533	4.27273	3.89819	9.38287	1.8871	2.04752	5.52258	0	

0	9.40662	18.1528	8.7321	0.143208	9.39315	3.93117	12.1438	6.62036	10.0985	10.8426	8.90491	14.0702	7.48987	5.59534	4.0586	7.97089	12.0609	9.13839	6.00019	
9.40662	0	9.30135	3.34974	10.9641	1.90779	6.07635	3.29207	7.04615	3.98109	2.75936	1.58342	6.08045	2.02303	3.81128	7.35849	1.85344	3.80428	7.35434	3.95443	
18.1528	9.30135	0	8.32544	15.7556	5.25703	11.6834	8.17769	12.9334	14.2283	4.40546	7.71794	6.50897	11.365	8.22794	11.8402	12.9433	9.9388	4.68488	10.1055	
8.7321	3.34974	8.32544	0	8.87531	5.55228	11.3744	2.59576	5.67454	7.97459	8.87253	4.97378	10.5394	1.32671	3.22124	12.2833	10.645	3.39546	3.64056	3.79504	
0.143208	10.9641	15.7556	8.87531	0	7.90363	3.78797	12.287	5.3159	9.97982	10.1015	10.4623	8.26589	9.0473	5.73855	3.9154	8.01088	6.25657	10.6958	5.36586	
9.39315	1.90779	5.25703	5.55228	7.90363	0	3.62453	4.09182	4.87455	4.41079	0.851571	2.2521	2.95508	3.93082	5.56167	8.83193	2.28314	2.44623	6.08354	2.04664	
3.93117	6.07635	11.6834	11.3744	3.78797	3.62453	0	8.61738	1.52794	5.70073	10.7694	8.35286	3.98679	8.13643	6.74901	7.70336	4.22291	1.97747	10.2921	1.57789	
12.1438	3.29207	8.17769	2.59576	12.287	4.09182	8.61738	0	7.47063	9.60572	3.77223	3.00841	3.60283	1.26904	3.16358	11.7526	6.37495	5.22928	9.0042	6.01173	
6.62036	7.04615	12.9334	5.67454	5.3159	4.87455	1.52794	7.47063	0	6.85821	5.97132	4.49995	3.8678	9.36393	8.27695	8.53911	5.66571	2.27908	13.487	2.67866	
10.0985	3.98109	14.2283	7.97459	9.97982	4.41079	5.70073	9.60572	6.85821	0	6.36689	6.79999	6.0029	9.33409	11.1223	11.6795	2.12765	4.52242	14.3986	4.12284	
10.8426	2.75936	4.40546	8.87253	10.1015	0.851571	10.7694	3.77223	5.97132	6.36689	0	3.10367	2.10351	5.04127	5.24722	7.98036	3.13471	6.12736	5.23197	2.89821	
8.90491	1.58342	7.71794	4.97378	10.4623	2.2521	8.35286	3.00841	4.49995	6.79999	3.10367	0	6.42477	3.60644	3.30957	6.85678	3.43685	2.22087	6.85263	2.62045	
14.0702	6.08045	6.50897	10.5394	8.26589	2.95508	3.98679	3.60283	3.8678	6.0029	2.10351	6.42477	0	4.87187	7.35073	10.0839	5.2467	2.80848	7.33548	2.4089	
7.48987	2.02303	11.365	1.32671	9.0473	3.93082	8.13643	1.26904	9.36393	9.33409	5.04127	3.60644	4.87187	0	1.89453	5.44174	3.87646	4.72217	4.96727	6.27221	
5.59534	3.81128	8.22794	3.22124	5.73855	5.56167	6.74901	3.16358	8.27695	11.1223	5.24722	3.30957	7.35073	1.89453	0	3.54721	5.66472	5.53044	3.54306	8.3269	
4.0586	7.35849	11.8402	12.2833	3.9154	8.83193	7.70336	11.7526	8.53911	11.6795	7.98036	6.85678	10.0839	5.44174	3.54721	0	9.66018	8.71345	7.09027	8.31387	
7.97089	1.85344	12.9433	10.645	8.01088	2.28314	4.22291	6.37495	5.66571	2.12765	3.13471	3.43685	5.2467	3.87646	5.66472	9.66018	0	3.23738	13.8905	2.8378	
12.0609	3.80428	9.9388	3.39546	6.25657	2.44623	1.97747	5.22928	2.27908	4.52242	6.12736	2.22087	2.80848	4.72217	5.53044	8.71345	3.23738	0	7.03602	0.399583	
9.13839	7.35434	4.68488	3.64056	10.6958	6.08354	10.2921	9.0042	13.487	14.3986	5.23197	6.85263	7.33548	4.96727	3.54306	7.09027	13.8905	7.03602	0	13.654	
6.00019	3.95443	10.1055	3.79504	5.36586	2.04664	1.57789	6.01173	2.67866	4.12284	2.89821	2.62045	2.4089	6.27221	8.3269	8.31387	2.8378	0.399583	13.654	0	

0	5.88087	6.7378	5.72851	2.07549	6.30911	8.03284	8.24459	6.62488	6.58347	3.10192	7.6454	5.58128	4.41912	4.62035	7.5616	5.90318	6.86779	12.3833	5.80482	
5.88087	0	6.41482	8.30283	7.27872	1.4413	5.42929	4.19245	2.57275	3.11489	2.77894	5.83151	2.16914	8.47351	7.49553	1.70264	7.43031	3.01247	3.59286	2.97334	
6.7378	6.41482	0	8.86402	5.211	10.0089	15.897	10.3487	8.90861	8.75063	3.63588	8.07461	10.471	9.33045	8.72007	5.89523	13.7916	9.80017	7.78545	11.5551	
5.72851	8.30283	8.86402	0	3.65302	6.86153	12.0263	7.15784	8.77755	14.1279	12.1001	11.7895	7.58936	13.5864	7.16209	6.68287	10.2013	8.4327	4.79266	11.13	
2.07549	7.27872	5.211	3.65302	0	5.83742	7.79762	10.4047	8.70037	10.7465	5.17741	8.73594	6.56525	6.49461	3.50907	9.30197	8.32398	7.40859	8.44567	7.88031	
6.30911	1.4413	10.0089	6.86153	5.83742	0	3.17939	4.56728	2.01622	2.37523	4.22025	4.57864	0.727835	4.01984	9.34649	3.14394	7.61069	1.57117	10.0887	1.72153	
8.03284	5.42929	15.897	12.0263	7.79762	3.17939	0	3.64707	5.71777	5.11216	9.6056	6.30237	2.45156	2.08771	4.28855	7.02729	0.603653	3.82434	9.67108	3.44525	
8.24459	4.19245	10.3487	7.15784	10.4047	4.56728	3.64707	0	1.61971	6.03563	6.71277	4.87847	5.29511	4.52747	7.85833	9.8921	3.04342	2.06476	11.9505	3.00396	
6.62488	2.57275	8.90861	8.77755	8.70037	2.01622	5.71777	1.61971	0	1.24911	5.27273	3.25877	1.81783	2.89372	7.27377	4.27538	4.66312	0.44505	10.2884	1.38426	
6.58347	3.11489	8.75063	14.1279	10.7465	2.37523	5.11216	6.03563	1.24911	0	5.11475	7.67469	1.77233	3.25273	6.66816	4.709	10.3127	0.804064	13.9775	0.778642	
3.10192	2.77894	3.63588	12.1001	5.17741	4.22025	9.6056	6.71277	5.27273	5.11475	0	5.8757	5.75667	5.69457	7.72227	4.45967	7.17862	5.71778	6.34989	5.75229	
7.6454	5.83151	8.07461	11.7895	8.73594	4.57864	6.30237	4.87847	3.25877	7.67469	5.8757	0	3.85081	3.22628	7.32062	8.42654	4.71033	3.70382	7.0296	4.64302	
5.58128	2.16914	10.471	7.58936	6.56525	0.727835	2.45156	5.29511	1.81783	1.77233	5.75667	3.85081	0	3.82144	6.74011	4.57573	3.05521	1.37278	6.46595	0.993692	
4.41912	8.47351	9.33045	13.5864	6.49461	4.01984	2.08771	4.52747	2.89372	3.25273	5.69457	3.22628	3.82144	0	4.09434	6.3536	1.48405	2.44867	10.2559	6.73941	
4.62035	7.49553	8.72007	7.16209	3.50907	9.34649	4.28855	7.85833	7.27377	6.66816	7.72227	7.32062	6.74011	4.09434	0	5.79289	4.81491	6.54301	7.68311	5.88952	
7.5616	1.70264	5.89523	6.68287	9.30197	3.14394	7.02729	9.8921	4.27538	4.709	4.45967	8.42654	4.57573	6.3536	5.79289	0	10.6078	3.90493	1.89022	4.67598	
5.90318	7.43031	13.7916	10.2013	8.32398	7.61069	0.603653	3.04342	4.66312	10.3127	7.17862	4.71033	3.05521	1.48405	4.81491	10.6078	0	3.93272	10.2747	4.93717	
6.86779	3.01247	9.80017	8.4327	7.40859	1.57117	3.82434	2.06476	0.44505	0.804064	5.71778	3.70382	1.37278	2.44867	6.54301	3.90493	3.93272	0	5.79515	1.58271	
12.3833	3.59286	7.78545	4.79266	8.44567	10.0887	9.67108	11.9505	10.2884	13.9775	6.34989	7.0296	6.46595	10.2559	7.68311	1.89022	10.2747	5.79515	0	13.1417	
5.80482	2.97334	11.5551	11.13	7.88031	1.72153	3.44525	3.00396	1.38426	0.778642	5.75229	4.64302	0.993692	6.73941	5.88952	4.67598	4.93717	1.58271	13.1417	0	

0	7.3274	8.84663	9.2416	0.619495	4.6886	5.40104	6.60522	6.58514	9.70158	9.12274	8.81353	8.05286	2.15333	2.80867	5.40877	7.43704	5.54941	13.9816	10.5687	
7.3274	0	3.58206	7.58448	7.29046	3.53529	5.64959	3.36109	1.18838	2.34185	8.41506	5.04256	1.48256	5.6202	5.28797	10.1834	10.7654	1.90334	8.19351	6.04678	
8.84663	3.58206	0	4.00242	10.8725	2.13694	9.56618	7.91396	4.48385	5.56645	4.56145	6.17115	5.06463	4.67221	6.03795	8.98824	7.69872	5.87397	5.20811	10.7848	
9.2416	7.58448	4.00242	0	12.7762	5.28067	9.1249	5.06731	7.62758	5.98134	5.5764	9.31488	6.84063	7.81594	6.43293	12.9907	10.7658	9.17366	1.20569	7.43587	
0.619495	7.29046	10.8725	12.7762	0	10.9277	4.78154	6.09924	8.47885	7.9251	8.50324	8.87401	8.77302	2.77283	3.42817	6.02827	10.9717	8.47376	15.2694	13.8092	
4.6886	3.53529	2.13694	5.28067	10.9277	0	6.57306	4.51962	2.34691	3.42951	2.42451	4.03421	4.2888	2.53527	4.14642	8.66231	8.21394	3.06187	6.48637	8.12835	
5.40104	5.64959	9.56618	9.1249	4.78154	6.57306	0	1.3177	3.49041	3.14355	9.93983	4.58953	4.00284	5.76958	5.58861	1.91552	7.92799	3.69221	5.17932	7.37451	
6.60522	3.36109	7.91396	5.06731	6.09924	4.51962	1.3177	0	2.17271	4.46125	9.4472	5.90723	4.65819	4.45188	6.06303	3.23322	6.77578	2.88766	3.86162	6.05681	
6.58514	1.18838	4.48385	7.62758	8.47885	2.34691	3.49041	2.17271	0	3.34478	4.77141	4.08798	2.48549	4.43181	3.45569	8.71608	8.94849	0.714956	6.03433	5.62578	
9.70158	2.34185	5.56645	5.98134	7.9251	3.42951	3.14355	4.46125	3.34478	0	5.85401	4.41928	0.859289	5.96478	8.73217	5.05908	4.78443	6.72504	7.18703	4.69884	
9.12274	8.41506	4.56145	5.5764	8.50324	2.42451	9.93983	9.4472	4.77141	5.85401	0	5.3503	8.73673	4.95978	7.60516	9.9784	9.8715	7.98945	6.78209	13.0123	
8.81353	5.04256	6.17115	9.31488	8.87401	4.03421	4.58953	5.90723	4.08798	4.41928	5.3503	0	3.55999	6.56948	6.00486	4.62811	5.67581	4.80293	15.7891	8.12421	
8.05286	1.48256	5.06463	6.84063	8.77302	4.2888	4.00284	4.65819	2.48549	0.859289	8.73673	3.55999	0	5.89953	7.51067	8.1881	5.64372	3.20044	19.3491	4.56421	
2.15333	5.6202	4.67221	7.81594	2.77283	2.53527	5.76958	4.45188	4.43181	5.96478	4.95978	6.56948	5.89953	0	1.61115	7.5621	6.23952	4.35188	8.31351	9.37115	
2.80867	5.28797	6.03795	6.43293	3.42817	4.14642	5.58861	6.06303	3.45569	8.73217	7.60516	6.00486	7.51067	1.61115	0	7.50414	4.62837	2.74074	7.63862	7.65156	
5.40877	10.1834	8.98824	12.9907	6.02827	8.66231	1.91552	3.23322	8.71608	5.05908	9.9784	4.62811	8.1881	7.5621	7.50414	0	10.3039	5.60774	15.3062	8.29085	
7.43704	10.7654	7.69872	10.7658	10.9717	8.21394	7.92799	6.77578	8.94849	4.78443	9.8715	5.67581	5.64372	6.23952	4.62837	10.3039	0	7.36911	10.6374	9.48328	
5.54941	1.90334	5.87397	9.17366	8.47376	3.06187	3.69221	2.88766	0.714956	6.72504	7.98945	4.80293	3.20044	4.35188	2.74074	5.60774	7.36911	0	8.97658	4.91083	
13.9816	8.19351	5.20811	1.20569	15.2694	6.48637	5.17932	3.86162	6.03433	7.18703	6.78209	15.7891	19.3491	8.31351	7.63862	15.3062	10.6374	8.97658	0	8.64156	
10.5687	6.04678	10.7848	7.43587	13.8092	8.12835	7.37451	6.05681	5.62578	4.69884	13.0123	8.12421	4.56421	9.37115	7.65156	8.29085	9.48328	4.91083	8.64156	0	

0	4.40918	4.23248	19.8018	0.560404	4.89829	6.70597	4.21852	11.9158	8.41174	4.9351	2.41776	5.02605	3.98534	6.01177	12.7889	4.98154	2.93599	9.27838	3.80607	
4.40918	0	5.46407	2.58901	8.80753	2.66443	2.69118	1.91302	3.74925	1.77124	2.5246	1.99142	1.67091	3.559	2.4011	3.91807	3.48677	3.76097	5.7807	4.14287	
4.23248	5.46407	0	6.30387	3.67208	7.10466	6.19972	6.42489	7.42496	7.23531	7.98867	4.62412	7.13498	6.1917	6.55732	4.97283	8.09322	9.9975	3.18455	12.6176	
19.8018	2.58901	6.30387	0	9.97595	4.80568	10.4295	14.2284	2.99644	2.15661	16.2985	10.928	0.918099	9.60178	11.7972	11.2767	7.35022	3.00816	5.02789	8.40832	
0.560404	8.80753	3.67208	9.97595	0	11.4552	5.21672	12.7048	9.73977	14.3266	5.4955	2.97816	10.8533	6.88541	6.40643	7.99092	4.42114	3.49639	6.85663	5.95593	
4.89829	2.66443	7.10466	4.80568	11.4552	0	1.25378	1.88309	0.63402	0.893194	4.00956	2.48054	2.1317	3.81462	3.97196	2.48066	2.04936	2.4355	5.66576	2.70547	
6.70597	2.69118	6.19972	10.4295	5.21672	1.25378	0	3.13686	1.8878	2.14697	2.3111	3.73431	4.36209	3.25986	2.71818	1.22689	0.795585	2.32177	3.75	1.45169	
4.21852	1.91302	6.42489	14.2284	12.7048	1.88309	3.13686	0	2.51711	2.77628	4.43762	1.80077	3.58393	2.65915	4.31412	5.02573	5.12342	4.31859	3.98679	4.69736	
11.9158	3.74925	7.42496	2.99644	9.73977	0.63402	1.8878	2.51711	0	1.52721	4.64358	3.11455	2.07834	3.1806	4.03663	2.45213	4.8232	3.06952	4.97525	3.4483	
8.41174	1.77124	7.23531	2.15661	14.3266	0.893194	2.14697	2.77628	1.52721	0	4.29584	3.37373	1.23851	7.4696	4.17234	4.03583	7.67063	3.32858	5.3483	3.70747	
4.9351	2.5246	7.98867	16.2985	5.4955	4.00956	2.3111	4.43762	4.64358	4.29584	0	4.51602	4.19551	3.97979	1.95292	3.53742	1.51551	6.44506	7.17941	6.82384	
2.41776	1.99142	4.62412	10.928	2.97816	2.48054	3.73431	1.80077	3.11455	3.37373	4.51602	0	3.66233	1.56758	3.59402	5.17851	4.03186	4.91603	5.78756	5.29481	
5.02605	1.67091	7.13498	0.918099	10.8533	2.1317	4.36209	3.58393	2.07834	1.23851	4.19551	3.66233	0	5.25894	4.07201	4.53047	6.43212	2.09007	4.10979	2.96015	
3.98534	3.559	6.1917	9.60178	6.88541	3.81462	3.25986	2.65915	3.1806	7.4696	3.97979	1.56758	5.25894	0	2.17042	3.75491	2.46427	6.01146	6.64594	5.14138	
6.01177	2.4011	6.55732	11.7972	6.40643	3.97196	2.71818	4.31412	4.03663	4.17234	1.95292	3.59402	4.07201	2.17042	0	1.58449	3.46844	6.75301	4.10761	4.16987	
12.7889	3.91807	4.97283	11.2767	7.99092	2.48066	1.22689	5.02573	2.45213	4.03583	3.53742	5.17851	4.53047	3.75491	1.58449	0	2.02247	5.26171	2.52311	2.67858	
4.98154	3.48677	8.09322	7.35022	4.42114	2.04936	0.795585	5.12342	4.8232	7.67063	1.51551	4.03186	6.43212	2.46427	3.46844	2.02247	0	4.83041	5.66389	2.24727	
2.93599	3.76097	9.9975	3.00816	3.49639	2.4355	2.32177	4.31859	3.06952	3.32858	6.44506	4.91603	2.09007	6.01146	6.75301	5.26171	4.83041	0	6.19985	0.870083	
9.27838	5.7807	3.18455	5.02789	6.85663	5.66576	3.75	3.98679	4.97525	5.3483	7.17941	5.78756	4.10979	6.64594	4.10761	2.52311	5.66389	6.19985	0	10.1679	
3.80607	4.14287	12.6176	8.40832	5.95593	2.70547	1.45169	4.69736	3.4483	3.70747	6.82384	5.29481	2.96015	5.14138	4.16987	2.67858	2.24727	0.870083	10.1679	0	

0	11.7693	11.1137	12.6506	0.109811	7.16126	6.77467	14.3872	5.94938	7.87816	8.23213	4.78676	10.9603	3.13455	3.95004	3.54786	10.0837	2.60485	6.09587	11.0448	
11.7693	0	9.15314	9.21498	6.83914	3.62199	6.03425	4.3426	2.71787	3.97529	5.76952	2.95976	3.52966	3.54727	3.97008	11.6836	9.6696	4.3441	9.30647	4.92275	
11.1137	9.15314	0	9.11696	9.31887	6.91757	8.24925	2.85781	5.25794	4.33867	2.2096	2.70503	8.01875	6.29413	1.69471	2.09689	14.5534	2.42419	8.65088	1.84554	
12.6506	9.21498	9.11696	0	6.39462	3.3416	9.3297	7.63805	6.80277	5.19456	7.25465	4.88939	10.8729	2.76531	7.26554	9.52713	16.6419	7.63663	0.408562	7.27142	
0.109811	6.83914	9.31887	6.39462	0	5.33918	4.97986	6.05978	4.15457	4.18697	6.43732	3.61225	9.16551	3.02474	4.18332	3.65767	7.82055	2.49504	5.38149	3.07369	
7.16126	3.62199	6.91757	3.3416	5.33918	0	3.7367	2.04506	1.20977	0.96739	3.02749	0.662224	1.41302	1.24973	1.67254	8.09715	8.73497	2.65932	2.93303	3.98811	
6.77467	6.03425	8.24925	9.3297	4.97986	3.7367	0	4.45731	3.08495	5.01373	5.3677	2.54263	7.6922	1.95512	4.0848	9.388	2.8522	5.89082	4.31187	8.18036	
14.3872	4.3426	2.85781	7.63805	6.05978	2.04506	4.45731	0	1.93038	1.48086	6.50021	1.38283	1.92649	1.97034	2.39315	6.3875	16.4745	3.17279	6.9928	4.70335	
5.94938	2.71787	5.25794	6.80277	4.15457	1.20977	3.08495	1.93038	0	4.18843	4.54241	0.54755	5.16527	1.12983	1.55787	12.4921	9.70908	3.36388	3.48658	3.4124	
7.87816	3.97529	4.33867	5.19456	4.18697	0.96739	5.01373	1.48086	4.18843	0	3.99488	1.62961	0.44563	3.05861	4.79713	7.40885	7.01743	1.69193	3.90042	2.27058	
8.23213	5.76952	2.2096	7.25465	6.43732	3.02749	5.3677	6.50021	4.54241	3.99488	0	1.52521	4.81897	3.41258	0.514891	0.917072	10.6556	4.4869	5.76933	1.92486	
4.78676	2.95976	2.70503	4.88939	3.61225	0.662224	2.54263	1.38283	0.54755	1.62961	1.52521	0	4.61772	0.587508	1.01032	1.4125	5.92668	2.81633	2.94426	2.42029	
10.9603	3.52966	8.01875	10.8729	9.16551	1.41302	7.6922	1.92649	5.16527	0.44563	4.81897	4.61772	0	3.50424	5.33386	8.61738	12.1328	2.13756	8.49752	3.83279	
3.13455	3.54727	6.29413	2.76531	3.02474	1.24973	1.95512	1.97034	1.12983	3.05861	3.41258	0.587508	3.50424	0	1.59783	6.80588	4.80732	3.40384	2.35675	4.54223	
3.95004	3.97008	1.69471	7.26554	4.18332	1.67254	4.0848	2.39315	1.55787	4.79713	0.514891	1.01032	5.33386	1.59783	0	0.402181	6.93799	1.98862	9.53351	1.40997	
3.54786	11.6836	2.09689	9.52713	3.65767	8.09715	9.388	6.3875	12.4921	7.40885	0.917072	1.4125	8.61738	6.80588	0.402181	0	6.53581	6.27618	9.7672	1.81215	
10.0837	9.6696	14.5534	16.6419	7.82055	8.73497	2.8522	16.4745	9.70908	7.01743	10.6556	5.92668	12.1328	4.80732	6.93799	6.53581	0	5.3255	15.3478	5.90415	
2.60485	4.3441	2.42419	7.63663	2.49504	2.65932	5.89082	3.17279	3.36388	1.69193	4.4869	2.81633	2.13756	3.40384	1.98862	6.27618	5.3255	0	6.3425	0.578647	
6.09587	9.30647	8.65088	0.408562	5.38149	2.93303	4.31187	6.9928	3.48658	3.90042	5.76933	2.94426	8.49752	2.35675	9.53351	9.7672	15.3478	6.3425	0	7.67999	
11.0448	4.92275	1.84554	7.27142	3.07369	3.98811	8.18036	4.70335	3.4124	2.27058	1.92486	2.42029	3.83279	4.54223	1.40997	1.81215	5.90415	0.578647	7.67999	0	

0	2.33678	12.9923	5.74369	1.4837	10.8933	13.3552	15.4759	4.15473	5.18481	3.96688	5.00865	6.49791	9.555	5.08296	6.16293	6.27009	5.84007	4.73056	10.6712	
2.33678	0	11.5816	9.06579	3.82048	4.09919	4.07075	3.19226	1.81795	2.84802	5.41716	2.67187	4.16113	4.83241	8.37264	8.54371	3.93331	2.40376	4.2396	3.12465	
12.9923	11.5816	0	1.691	14.9802	4.96608	5.57022	2.95559	4.32991	7.90877	9.02538	9.51335	4.29558	2.87018	4.93631	10.3383	7.33361	4.5911	2.70413	3.24713	
5.74369	9.06579	1.691	0	13.3266	3.56792	9.82892	4.64659	10.7995	5.78716	2.86521	2.58086	8.95902	1.17918	2.08303	4.30356	7.15208	2.46761	1.01313	4.93813	
1.4837	3.82048	14.9802	13.3266	0	12.421	11.01	13.5523	5.68243	6.71251	5.45058	6.53635	8.02561	11.0387	5.73747	4.67923	7.79779	7.40847	6.21425	11.733	
10.8933	4.09919	4.96608	3.56792	12.421	0	2.8262	6.14482	3.02565	5.3114	8.06004	1.42732	2.7674	2.38873	3.29258	11.8213	6.54415	3.06292	2.99505	1.71895	
13.3552	4.07075	5.57022	9.82892	11.01	2.8262	0	6.21372	3.50192	5.47508	4.25936	1.39888	2.73383	4.20454	9.36345	10.3769	1.83571	2.91611	2.96661	2.32309	
15.4759	3.19226	2.95559	4.64659	13.5523	6.14482	6.21372	0	1.37431	6.20597	6.80167	8.39022	5.63183	8.66521	10.1638	9.63506	3.99357	1.96012	13.1349	2.68101	
4.15473	1.81795	4.32991	10.7995	5.68243	3.02565	3.50192	1.37431	0	4.66597	2.45899	4.24868	1.59509	1.87424	8.10422	11.0094	2.61926	0.585809	8.58364	1.3067	
5.18481	2.84802	7.90877	5.78716	6.71251	5.3114	5.47508	6.20597	4.66597	0	4.22257	5.51989	2.74125	4.60797	5.33865	7.3748	6.64622	3.75054	6.07465	3.78971	
3.96688	5.41716	9.02538	2.86521	5.45058	8.06004	4.25936	6.80167	2.45899	4.22257	0	3.41981	2.88247	2.01993	1.11608	2.17432	2.42365	1.87318	1.85208	3.21715	
5.00865	2.67187	9.51335	2.58086	6.53635	1.42732	1.39888	8.39022	4.24868	5.51989	3.41981	0	4.13271	3.81605	7.7488	10.394	3.23459	3.66288	1.56773	3.14627	
6.49791	4.16113	4.29558	8.95902	8.02561	2.7674	2.73383	5.63183	1.59509	2.74125	2.88247	4.13271	0	2.29771	5.05578	9.04159	4.54774	1.00928	5.79178	1.04845	
9.555	4.83241	2.87018	1.17918	11.0387	2.38873	4.20454	8.66521	1.87424	4.60797	2.01993	3.81605	2.29771	0	0.903847	1.96209	4.82688	1.28843	2.19231	2.63239	
5.08296	8.37264	4.93631	2.08303	5.73747	3.29258	9.36345	10.1638	8.10422	5.33865	1.11608	7.7488	5.05578	0.903847	0	1.05824	3.53973	2.19227	2.96816	8.86238	
6.16293	8.54371	10.3383	4.30356	4.67923	11.8213	10.3769	9.63506	11.0094	7.3748	2.17432	10.394	9.04159	1.96209	1.05824	0	8.58599	8.57665	9.66047	10.09	
6.27009	3.93331	7.33361	7.15208	7.79779	6.54415	1.83571	3.99357	2.61926	6.64622	2.42365	3.23459	4.54774	4.82688	3.53973	8.58599	0	3.20507	4.27574	3.92596	
5.84007	2.40376	4.5911	2.46761	7.40847	3.06292	2.91611	1.96012	0.585809	3.75054	1.87318	3.66288	1.00928	1.28843	2.19227	8.57665	3.20507	0	3.72526	1.34397	
