20
5
2
3
20

6	11
10	43
1	33
14	23
27	48

12	21
1	2
11	28
2	10
14	5
10	12
23	24
24	11
8	30
11	27
29	42
26	47
30	36
37	28
31	27
42	35
42	47
41	23
36	45
43	34

150

1.79769e+308
1.79769e+308
1.79769e+308
1.79769e+308
1.79769e+308

11
15
11
14
17
13
14
15
13
17
16
18
12
19
18
15
16
14
20
14

0
0
0
0
0

0
																								
0	16.4448	6.31709	4.61511	13.8428	5.36448	2.16208	5.35687	3.38095	7.90577	2.02032	9.81116	14.76	4.20309	7.55478	13.47	13.7023	12.8623	21.9705	8.2826	15.8864	10.1823	15.8293	16.1907	12.0876
16.4448	0	14.2844	10.7712	23.8623	14.3479	22.203	6.99124	13.273	25.7766	16.2945	13.5828	18.127	9.12293	5.77124	13.7139	13.1947	14.8327	21.4628	15.4972	17.9547	9.67471	17.5748	15.683	16.9762
6.31709	14.2844	0	6.7245	17.7983	10.3732	8.47917	8.41548	9.69803	17.6171	8.33741	15.8704	21.0771	10.5202	8.51319	16.4701	17.0132	20.1806	25.3492	10.392	17.9958	16.4994	20.3167	18.0694	15.0989
4.61511	10.7712	6.7245	0	8.15678	3.64867	6.77719	1.69098	7.99605	11.2696	5.38416	8.09536	15.4044	2.84475	2.91098	11.7542	13.5	10.2779	11.3318	3.66749	9.633	14.7974	14.1135	14.5098	8.37435
13.8428	23.8623	17.7983	8.15678	0	9.43371	14.5112	18.0314	10.4618	11.2305	17.116	6.64078	10.1203	14.927	10.791	1.32816	2.29103	5.03864	8.72067	4.48929	5.95483	5.36739	12.4573	2.92747	7.21348
5.36448	14.3479	10.3732	3.64867	9.43371	0	7.52656	5.33965	8.74542	9.67471	7.3848	4.44668	10.7051	7.52088	8.5767	8.10555	16.2764	7.49784	14.3011	7.31616	7.98174	12.1448	10.4648	9.70487	6.72309
2.16208	22.203	8.47917	6.77719	14.5112	7.52656	0	12.0642	5.54303	13.4621	4.1824	13.6676	15.0659	6.36518	15.3732	13.1831	19.728	15.6407	22.444	14.0407	21.6446	12.3444	19.6857	14.7824	15.944
5.35687	6.99124	8.41548	1.69098	18.0314	5.33965	12.0642	0	8.7218	15.0232	7.07514	10.8369	18.6546	1.15378	1.22	15.9544	9.72	13.9237	15.2594	5.35847	9.72364	15.7665	13.0235	17.8526	8.46499
3.38095	13.273	9.69803	7.99605	10.4618	8.74542	5.54303	8.7218	0	14.6809	5.40127	17.5288	18.1409	7.58404	7.5018	11.79	12.7529	17.8235	19.1825	14.9511	16.4167	13.5633	13.5662	23.9433	19.8052
7.90577	25.7766	17.6171	11.2696	11.2305	9.67471	13.4621	15.0232	14.6809	0	5.88545	12.1938	17.7261	15.5031	16.2966	12.5587	13.5216	17.1725	19.9512	15.7198	17.1854	17.1624	20.1395	20.5359	16.3978
2.02032	16.2945	8.33741	5.38416	17.116	7.3848	4.1824	7.07514	5.40127	5.88545	0	14.5301	16.7803	6.22342	10.3578	20.1737	19.0233	20.0364	29.4229	9.05165	16.6555	12.2027	22.3268	23.3997	13.7585
9.81116	13.5828	15.8704	8.09536	6.64078	4.44668	13.6676	10.8369	17.5288	12.1938	14.5301	0	6.25843	10.9857	13.0234	5.31263	15.8083	9.02311	17.9091	11.6198	20.4173	9.35186	14.9115	6.91194	11.1698
14.76	18.127	21.0771	15.4044	10.1203	10.7051	15.0659	18.6546	18.1409	17.7261	16.7803	6.25843	0	17.2442	21.5964	8.79218	11.9723	12.5027	20.2405	17.8783	16.7323	8.45234	21.4329	10.3915	15.7538
4.20309	9.12293	10.5202	2.84475	14.927	7.52088	6.36518	1.15378	7.58404	15.5031	6.22342	10.9857	17.2442	0	2.37378	15.9846	11.8517	12.77	18.102	7.5397	13.2304	14.3854	15.1552	18.7402	9.61876
7.55478	5.77124	8.51319	2.91098	10.791	8.5767	15.3732	1.22	7.5018	16.2966	10.3578	13.0234	21.5964	2.37378	0	16.6822	8.5	16.0609	20.0636	8.66749	13.2966	12.02	11.8035	18.2901	9.68499
13.47	13.7139	16.4701	11.7542	1.32816	8.10555	13.1831	15.9544	11.79	12.5587	20.1737	5.31263	8.79218	15.9846	16.6822	0	3.61918	3.71049	10.0488	5.81744	7.28299	4.03923	7.96783	1.59931	10.987
13.7023	13.1947	17.0132	13.5	2.29103	16.2764	19.728	9.72	12.7529	13.5216	19.0233	15.8083	11.9723	11.8517	8.5	3.61918	0	8.77852	11.0117	6.78031	8.24586	3.52	13.0359	9.52833	9.63042
12.8623	14.8327	20.1806	10.2779	5.03864	7.49784	15.6407	13.9237	17.8235	17.1725	20.0364	9.02311	12.5027	12.77	16.0609	3.71049	8.77852	0	6.80329	6.61043	9.98615	7.74972	4.25735	5.3098	13.8724
21.9705	21.4628	25.3492	11.3318	8.72067	14.3011	22.444	15.2594	19.1825	19.9512	29.4229	17.9091	20.2405	18.102	20.0636	10.0488	11.0117	6.80329	0	7.66428	3.18286	11.4629	8.26003	17.4487	4.44151
8.2826	15.4972	10.392	3.66749	4.48929	7.31616	14.0407	5.35847	14.9511	15.7198	9.05165	11.6198	17.8783	7.5397	8.66749	5.81744	6.78031	6.61043	7.66428	0	10.4441	16.0521	10.4472	21.4707	12.0418
15.8864	17.9547	17.9958	9.633	5.95483	7.98174	21.6446	9.72364	16.4167	17.1854	16.6555	20.4173	16.7323	13.2304	13.2966	7.28299	8.24586	9.98615	3.18286	10.4441	0	8.28	6.50246	10.6463	1.25865
10.1823	9.67471	16.4994	14.7974	5.36739	12.1448	12.3444	15.7665	13.5633	17.1624	12.2027	9.35186	8.45234	14.3854	12.02	4.03923	3.52	7.74972	11.4629	16.0521	8.28	0	13.6991	5.63854	7.30151
15.8293	17.5748	20.3167	14.1135	12.4573	10.4648	19.6857	13.0235	13.5662	20.1395	22.3268	14.9115	21.4329	15.1552	11.8035	7.96783	13.0359	4.25735	8.26003	10.4472	6.50246	13.6991	0	12.4086	7.76111
16.1907	15.683	18.0694	14.5098	2.92747	9.70487	14.7824	17.8526	23.9433	20.5359	23.3997	6.91194	10.3915	18.7402	18.2901	1.59931	9.52833	5.3098	17.4487	21.4707	10.6463	5.63854	12.4086	0	9.38765
12.0876	16.9762	15.0989	8.37435	7.21348	6.72309	15.944	8.46499	19.8052	16.3978	13.7585	11.1698	15.7538	9.61876	9.68499	10.987	9.63042	13.8724	4.44151	12.0418	1.25865	7.30151	7.76111	9.38765	0
																								
0	21.4251	25.2684	15.727	16.5922	14.2275	11.4281	11.172	0.865852	4.2	2.51509	13.9901	18.3109	7.94833	11.0841	19.6921	17.2145	17.286	19.3638	9.74105	17.3066	12.7279	22.4845	18.5465	17.9829
21.4251	0	9.68661	10.6977	14.3532	9.0572	29.6652	7.66698	19.6079	26.7743	12.9304	14.4406	17.6814	7.49718	9.30698	17.7578	14.1835	18.2801	17.027	18.7445	16.8833	20.8176	14.7567	18.5507	18.4462
25.2684	9.68661	0	15.7371	14.3757	15.6981	30.8886	8.27345	17.8782	19.6808	13.4298	4.75395	17.01	7.99656	9.91345	16.2655	13.7535	13.4112	17.6335	10.0512	9.03073	17.9693	14.2086	12.8792	10.2469
15.727	10.6977	15.7371	0	8.73518	1.64049	27.7038	7.46362	14.8611	21.96	13.2263	11.0476	11.403	9.30245	8.05	14.1743	9.35744	22.0252	16.8236	16.3449	14.7733	15.1995	20.4589	16.2352	21.3335
16.5922	14.3532	14.3757	8.73518	0	9.18585	28.0203	8.12656	17.458	15.4737	19.1073	14.0753	20.1381	8.29749	10.8723	5.43912	0.622254	4.7189	10.5095	13.1251	12.6739	6.46432	16.6565	11.7602	13.3401
14.2275	9.0572	15.6981	1.64049	9.18585	0	25.6557	7.42462	15.0934	18.4275	12.1698	12.0859	13.0435	8.76548	8.5767	14.9193	8.5636	12.6602	16.7846	17.3831	15.3	20.4133	20.9855	14.5947	22.0462
11.4281	29.6652	30.8886	27.7038	28.0203	25.6557	0	24.4914	12.294	9.73941	13.9432	18.5747	16.3008	21.9812	25.1169	24.0631	24.5908	21.4273	15.893	13.2774	20.0864	23.5606	14.9086	17.742	18.5981
11.172	7.66698	8.27345	7.46362	8.12656	7.42462	24.4914	0	12.78	20.1859	7.27206	13.0274	12.023	1.83883	1.64	9.13784	7.50431	11.601	9.36	11.214	8.36328	16.7023	14.0489	10.8837	10.4326
0.865852	19.6079	17.8782	14.8611	17.458	15.0934	12.294	12.78	0	5.06585	3.38095	13.1242	20.2641	9.55634	12.6921	26.3628	19.786	26.5109	18.4979	11.3491	18.1725	13.5938	24.6449	21.47	19.5909
4.2	26.7743	19.6808	21.96	15.4737	18.4275	9.73941	20.1859	5.06585	0	6.71509	14.9269	14.1109	16.9623	20.098	21.2072	14.8514	18.9481	31.6349	18.755	21.5066	16.9279	24.648	25.5471	25.1491
2.51509	12.9304	13.4298	13.2263	19.1073	12.1698	13.9432	7.27206	3.38095	6.71509	0	12.5232	15.6174	5.43323	8.56898	16.0668	13.1085	15.3758	9.84154	7.22595	15.2923	15.243	19.1573	19.5405	15.4678
13.9901	14.4406	4.75395	11.0476	14.0753	12.0859	18.5747	13.0274	13.1242	14.9269	12.5232	0	12.2561	12.7505	16.3275	16.9413	13.453	13.4471	7.91287	5.29728	11.5021	16.4388	13.9754	10.6202	10.2859
18.3109	17.6814	17.01	11.403	20.1381	13.0435	16.3008	12.023	20.2641	14.1109	15.6174	12.2561	0	10.1842	14.9086	18.9392	17.8594	16.8255	14.6659	12.0503	12.2544	24.3373	14.7277	22.8763	11.0382
7.94833	7.49718	7.99656	9.30245	8.29749	8.76548	21.9812	1.83883	9.55634	16.9623	5.43323	12.7505	10.1842	0	3.47883	14.031	7.67524	11.7719	11.1988	12.6592	10.3097	20.4304	15.4876	12.7225	11.5259
11.0841	9.30698	9.91345	8.05	10.8723	8.5767	25.1169	1.64	12.6921	20.098	8.56898	16.3275	14.9086	3.47883	0	7.49784	9.14431	13.3373	11	12.854	6.72328	14.462	11.9012	10.5717	7.9395
19.6921	17.7578	16.2655	14.1743	5.43912	14.9193	24.0631	9.13784	26.3628	21.2072	16.0668	16.9413	18.9392	14.031	7.49784	0	6.06137	5.83945	14.4499	13.9893	7.23476	6.96419	11.5905	6.32109	7.90101
17.2145	14.1835	13.7535	9.35744	0.622254	8.5636	24.5908	7.50431	19.786	14.8514	13.1085	13.453	17.8594	7.67524	9.14431	6.06137	0	4.09664	11.1318	12.2465	13.5905	7.08657	17.1721	11.0193	9.88394
17.286	18.2801	13.4112	22.0252	4.7189	12.6602	21.4273	11.601	26.5109	18.9481	15.3758	13.4471	16.8255	11.7719	13.3373	5.83945	4.09664	0	8.61042	8.14985	7.00352	4.55807	9.47681	6.92266	5.7873
19.3638	17.027	17.6335	16.8236	10.5095	16.7846	15.893	9.36	18.4979	31.6349	9.84154	7.91287	14.6659	11.1988	11	14.4499	11.1318	8.61042	0	2.61559	11.0485	13.1685	6.147	15.0315	9.83651
9.74105	18.7445	10.0512	16.3449	13.1251	17.3831	13.2774	11.214	11.3491	18.755	7.22595	5.29728	12.0503	12.6592	12.854	13.9893	12.2465	8.14985	2.61559	0	8.43291	12.7079	8.76259	12.2813	9.64914
17.3066	16.8833	9.03073	14.7733	12.6739	15.3	20.0864	8.36328	18.1725	21.5066	15.2923	11.5021	12.2544	10.3097	6.72328	7.23476	13.5905	7.00352	11.0485	8.43291	0	9.66702	4.90574	3.84843	1.21622
12.7279	20.8176	17.9693	15.1995	6.46432	20.4133	23.5606	16.7023	13.5938	16.9279	15.243	16.4388	24.3373	20.4304	14.462	6.96419	7.08657	4.55807	13.1685	12.7079	9.66702	0	15.5198	5.81859	10.3454
22.4845	14.7567	14.2086	20.4589	16.6565	20.9855	14.9086	14.0489	24.6449	24.648	19.1573	13.9754	14.7277	15.4876	11.9012	11.5905	17.1721	9.47681	6.147	8.76259	4.90574	15.5198	0	9.02631	3.68951
18.5465	18.5507	12.8792	16.2352	11.7602	14.5947	17.742	10.8837	21.47	25.5471	19.5405	10.6202	22.8763	12.7225	10.5717	6.32109	11.0193	6.92266	15.0315	12.2813	3.84843	5.81859	9.02631	0	5.06465
17.9829	18.4462	10.2469	21.3335	13.3401	22.0462	18.5981	10.4326	19.5909	25.1491	15.4678	10.2859	11.0382	11.5259	7.9395	7.90101	9.88394	5.7873	9.83651	9.64914	1.21622	10.3454	3.68951	5.06465	0
																								
0	10.1644	14.2709	15.9442	19.9668	13.0613	8.13216	6.55642	3.13356	9	5.23634	11.3425	7.92	7.89047	7.13642	17.9833	22.46	14.3475	12.4142	14.2475	13.118	22.8968	24.813	16.7761	21.9414
10.1644	0	11.3224	7.13863	18.3401	5.96449	11.4531	3.60799	15.7107	21.5771	14.9996	9.95511	20.2598	4.94205	4.18799	16.4039	17.1521	26.2851	14.008	12.3059	13.4599	10.3197	19.928	13.6717	20.4896
14.2709	11.3224	0	17.1023	17.2337	10.8838	19.2721	7.71443	14.2735	21.1635	19.1006	6.89322	13.944	9.04849	8.29443	13.534	16.0457	13.5616	9.44985	9.79818	12.8048	21.482	17.6458	12.3268	18.2972
15.9442	7.13863	17.1023	0	13.7994	4.07294	9.56156	8.78	16.6303	22.4507	13.1081	8.06355	13.1212	9.86491	8.2	18.6397	12.6114	19.5487	17.6154	15.1997	19.2398	17.4583	25.3814	16.2095	25.2587
19.9668	18.3401	17.2337	13.7994	0	16.9878	21.7792	18.1331	20.9151	26.3487	14.7305	14.541	15.3334	20.1846	17.1169	10.7517	1.18794	8.90591	15.4584	15.3918	15.4826	12.4594	17.4934	5.26716	17.8302
13.0613	5.96449	10.8838	4.07294	16.9878	0	5.48862	6.2978	10.4872	22.0613	9.03515	3.99061	17.1942	11.106	5.7178	10.6314	16.6844	10.659	20.0198	6.89558	16.9168	16.2842	18.0523	9.42421	15.3946
8.13216	11.4531	19.2721	9.56156	21.7792	5.48862	0	16.955	4.9986	11.8886	11.1833	9.47924	18.3186	21.1483	11.2064	28.5131	20.5913	26.68	16.5126	19.2784	13.1577	16.6377	23.5135	24.6705	15.5053
6.55642	3.60799	7.71443	8.78	18.1331	6.2978	16.955	0	9.68998	15.5564	11.7928	12.4813	14.4764	1.33405	0.58	10.7669	16.9452	22.6771	10.4	6.66886	9.85195	13.332	18.596	8.58952	12.1995
3.13356	15.7107	14.2735	16.6303	20.9151	10.4872	4.9986	9.68998	0	6.89	6.18466	14.4761	11.0536	24.7832	18.3616	32.1074	25.5899	24.3328	17.1693	23.0157	14.0663	30.1895	31.2536	26.8375	28.8375
9	21.5771	21.1635	22.4507	26.3487	22.0613	11.8886	15.5564	6.89	0	13.0747	19.0306	9.32952	21.4605	18.207	25.1679	28.7963	15.757	13.8237	16.1257	21.9906	26.8536	28.0573	21.2278	20.5713
5.23634	14.9996	19.1006	13.1081	14.7305	9.03515	11.1833	11.7928	6.18466	13.0747	0	12.2073	13.1563	17.5651	12.177	18.8481	15.9184	18.8757	10.9846	14.0023	7.88162	11.3616	18.2374	17.6409	10.2292
11.3425	9.95511	6.89322	8.06355	14.541	3.99061	9.47924	12.4813	14.4761	19.0306	12.2073	0	13.0959	8.23977	9.70841	6.64078	9.51281	6.66837	7.22372	2.90496	9.02562	8.78561	13.3824	5.4336	7.35054
7.92	20.2598	13.944	13.1212	15.3334	17.1942	18.3186	14.4764	11.0536	9.32952	13.1563	13.0959	0	22.9861	19.9078	14.1526	15.9775	6.42748	4.4942	8.81296	7.8491	15.2503	12.6902	11.8983	14.0214
7.89047	4.94205	9.04849	9.86491	20.1846	11.106	21.1483	1.33405	24.7832	21.4605	17.5651	8.23977	22.9861	0	1.91405	9.43284	18.2793	15.0241	9.65357	5.33481	10.3097	13.7897	16.1745	13.3977	9.78039
7.13642	4.18799	8.29443	8.2	17.1169	5.7178	11.2064	0.58	18.3616	18.207	12.177	9.70841	19.9078	1.91405	0	14.821	12.0887	23.2571	10.98	10.723	10.432	11.3615	18.1593	8.00952	21.5134
17.9833	16.4039	13.534	18.6397	10.7517	10.6314	28.5131	10.7669	32.1074	25.1679	18.8481	6.64078	14.1526	9.43284	14.821	0	10.1459	7.72511	14.9377	9.54574	12.3942	8.91417	6.74166	12.0744	10.0958
22.46	17.1521	16.0457	12.6114	1.18794	16.6844	20.5913	16.9452	25.5899	28.7963	15.9184	9.51281	15.9775	18.2793	12.0887	10.1459	0	10.0938	14.2704	13.0464	16.6705	7.43123	16.8875	4.07922	18.1607
14.3475	26.2851	13.5616	19.5487	8.90591	10.659	26.68	22.6771	24.3328	15.757	18.8757	6.66837	6.42748	15.0241	23.2571	7.72511	10.0938	0	10.9217	9.57333	15.8099	16.6393	14.4668	12.102	14.1348
12.4142	14.008	9.44985	17.6154	15.4584	20.0198	16.5126	10.4	17.1693	13.8237	10.9846	7.22372	4.4942	9.65357	10.98	14.9377	14.2704	10.9217	0	4.31876	3.35491	6.83491	8.196	13.2859	5.7025
14.2475	12.3059	9.79818	15.1997	15.3918	6.89558	19.2784	6.66886	23.0157	16.1257	14.0023	2.90496	8.81296	5.33481	10.723	9.54574	13.0464	9.57333	4.31876	0	6.12066	9.60066	7.79968	8.33856	4.44558
13.118	13.4599	12.8048	19.2398	15.4826	16.9168	13.1577	9.85195	14.0663	21.9906	7.88162	9.02562	7.8491	10.3097	10.432	12.3942	16.6705	15.8099	3.35491	6.12066	0	3.48	5.7017	6.83201	2.34759
22.8968	10.3197	21.482	17.4583	12.4594	16.2842	16.6377	13.332	30.1895	26.8536	11.3616	8.78561	15.2503	13.7897	11.3615	8.91417	7.43123	16.6393	6.83491	9.60066	3.48	0	9.60833	3.35201	5.82759
24.813	19.928	17.6458	25.3814	17.4934	18.0523	23.5135	18.596	31.2536	28.0573	18.2374	13.3824	12.6902	16.1745	18.1593	6.74166	16.8875	14.4668	8.196	7.79968	5.7017	9.60833	0	12.9603	3.3541
16.7761	13.6717	12.3268	16.2095	5.26716	9.42421	24.6705	8.58952	26.8375	21.2278	17.6409	5.4336	11.8983	13.3977	8.00952	12.0744	4.07922	12.102	13.2859	8.33856	6.83201	3.35201	12.9603	0	13.4127
21.9414	20.4896	18.2972	25.2587	17.8302	15.3946	15.5053	12.1995	28.8375	20.5713	10.2292	7.35054	14.0214	9.78039	21.5134	10.0958	18.1607	14.1348	5.7025	4.44558	2.34759	5.82759	3.3541	13.4127	0
																								
0	13.7667	9.80982	6.20155	11.1484	5.06966	6.297	3.54401	2.18525	9.01901	3.13356	6.83278	10.4321	8.87522	5.30401	8.49211	16.5971	9.52251	18.0312	19.3877	16.1698	18.7834	11.2294	16.9456	27.5058
13.7667	0	18.6636	19.5094	9.71679	16.4354	29.303	10.2226	20.9514	30.0314	18.7251	13.5114	24.7992	16.5684	11.9826	16.846	8.74098	16.2011	16.3701	22.1766	20.4506	21.061	19.8918	18.1232	21.9638
9.80982	18.6636	0	3.60827	22.0675	4.29	19.2959	8.17356	12.1121	21.9269	13.0604	11.3595	12.512	1.82779	3.48242	18.419	14.6097	16.5961	10.9037	18.1036	20.0583	25.2459	14.4254	19.6869	22.9528
6.20155	19.5094	3.60827	0	11.9773	4.58205	14.373	9.01944	8.38679	15.6676	6.51816	7.20446	8.90368	2.67367	4.3283	14.6937	11.0015	12.9878	14.5119	14.4953	16.4501	16.9535	10.6865	18.674	17.9633
11.1484	9.71679	22.0675	11.9773	0	20.1701	34.4438	10.245	21.7038	24.1266	23.6812	6.54257	19.6744	16.5908	12.005	2.65631	0.975807	5.57604	9.31852	13.5519	10.334	13.2958	17.6089	10.358	21.6832
5.06966	16.4354	4.29	4.58205	20.1701	0	8.27425	5.91117	4.1625	7.82155	1.9361	2.6224	9.23465	2.46221	4.11684	18.75	8.18916	14.5699	9.62618	12.6744	21.0321	12.1689	6.10447	14.0008	12.4611
6.297	29.303	19.2959	14.373	34.4438	8.27425	0	12.913	4.11175	11.5218	12.5026	13.1977	21.789	14.9763	14.4989	17.8611	24.8398	22.5381	27.014	29.8494	28.9469	28.7906	13.1559	31.3886	30.4601
3.54401	10.2226	8.17356	9.01944	10.245	5.91117	12.913	0	5.72926	15.544	6.67757	3.28877	15.964	3.41463	1.76	8.89823	8.85553	5.9785	14.9078	13.8833	15.0097	12.8353	13.5635	12.234	13.1275
2.18525	20.9514	12.1121	8.38679	21.7038	4.1625	4.11175	5.72926	0	7.41	5.31881	6.7849	14.1739	6.62471	10.3871	10.6774	14.6527	15.3543	12.5658	15.614	26.7113	18.6325	9.04411	16.9405	18.9247
9.01901	30.0314	21.9269	15.6676	24.1266	7.82155	11.5218	15.544	7.41	0	5.88545	16.496	6.7639	19.3119	17.7971	20.4921	22.004	19.8848	13.6613	23.7042	25.9626	14.8137	16.4541	17.9411	25.7104
3.13356	18.7251	13.0604	6.51816	23.6812	1.9361	12.5026	6.67757	5.31881	5.88545	0	4.55851	7.29855	4.39832	11.851	11.6257	21.1304	14.0584	17.8893	23.6139	23.0896	15.3484	8.04057	18.4758	28.3952
6.83278	13.5114	11.3595	7.20446	6.54257	2.6224	13.1977	3.28877	6.7849	16.496	4.55851	0	14.4726	5.08462	5.04877	13.6718	5.56676	9.26727	13.9095	10.5946	11.3519	9.54652	8.72687	14.6694	9.8387
10.4321	24.7992	12.512	8.90368	19.6744	9.23465	21.789	15.964	14.1739	6.7639	7.29855	14.4726	0	11.5774	17.1037	19.6307	19.9051	21.0821	12.8406	16.9403	19.0898	8.04984	16.3623	11.1772	23.2696
8.87522	16.5684	1.82779	2.67367	16.5908	2.46221	14.9763	3.41463	6.62471	19.3119	4.39832	5.08462	11.5774	0	1.65463	21.239	13.6751	12.3243	12.7315	15.0546	19.1237	18.7387	8.56668	12.1286	19.3704
5.30401	11.9826	3.48242	4.3283	12.005	4.11684	14.4989	1.76	10.3871	17.7971	11.851	5.04877	17.1037	1.65463	0	15.1135	15.3385	7.7385	15.3253	13.4	19.8035	15.5969	11.8035	10.474	19.6105
8.49211	16.846	18.419	14.6937	2.65631	18.75	17.8611	8.89823	10.6774	20.4921	11.6257	13.6718	19.6307	21.239	15.1135	0	3.63212	2.91973	11.849	10.8956	7.67771	13.5764	16.3499	8.45351	9.19092
16.5971	8.74098	14.6097	11.0015	0.975807	8.18916	24.8398	8.85553	14.6527	22.004	21.1304	5.56676	19.9051	13.6751	15.3385	3.63212	0	11.0247	8.34271	16.1613	15.7827	12.32	11.8644	9.3822	15.4055
9.52251	16.2011	16.5961	12.9878	5.57604	14.5699	22.5381	5.9785	15.3543	19.8848	14.0584	9.26727	21.0821	12.3243	7.7385	2.91973	11.0247	0	8.92932	13.6736	9.0312	16.3722	12.451	11.2493	10.5444
18.0312	16.3701	10.9037	14.5119	9.31852	9.62618	27.014	14.9078	12.5658	13.6613	17.8893	13.9095	12.8406	12.7315	15.3253	11.849	8.34271	8.92932	0	10.0916	12.3013	14.3422	3.52172	11.4181	12.0491
19.3877	22.1766	18.1036	14.4953	13.5519	12.6744	29.8494	13.8833	15.614	23.7042	23.6139	10.5946	16.9403	15.0546	13.4	10.8956	16.1613	13.6736	10.0916	0	12.6272	20.1411	6.5699	14.4663	11.114
16.1698	20.4506	20.0583	16.4501	10.334	21.0321	28.9469	15.0097	26.7113	25.9626	23.0896	11.3519	19.0898	19.1237	19.8035	7.67771	15.7827	9.0312	12.3013	12.6272	0	11.04	15.823	9.32952	1.51321
18.7834	21.061	25.2459	16.9535	13.2958	12.1689	28.7906	12.8353	18.6325	14.8137	15.3484	9.54652	8.04984	18.7387	15.5969	13.5764	12.32	16.3722	14.3422	20.1411	11.04	0	13.0192	5.12289	12.5532
11.2294	19.8918	14.4254	10.6865	17.6089	6.10447	13.1559	13.5635	9.04411	16.4541	8.04057	8.72687	16.3623	8.56668	11.8035	16.3499	11.8644	12.451	3.52172	6.5699	15.823	13.0192	0	7.89636	15.5708
16.9456	18.1232	19.6869	18.674	10.358	14.0008	31.3886	12.234	16.9405	17.9411	18.4758	14.6694	11.1772	12.1286	10.474	8.45351	9.3822	11.2493	11.4181	14.4663	9.32952	5.12289	7.89636	0	10.8427
27.5058	21.9638	22.9528	17.9633	21.6832	12.4611	30.4601	13.1275	18.9247	25.7104	28.3952	9.8387	23.2696	19.3704	19.6105	9.19092	15.4055	10.5444	12.0491	11.114	1.51321	12.5532	15.5708	10.8427	0
																								
0	14.7227	10.9525	12.26	17.6078	7.23215	6.07442	10.3501	1.7317	2	5.11265	21.1257	9	12.1354	9.8902	18.7939	17.2967	16.9812	12.4086	22.4144	25.8	13.1051	19.5752	28.7498	19.7172
14.7227	0	12.0105	8.97999	16.834	12.3583	12.3007	3.30733	20.5775	11.6575	9.61	12.8922	14.3207	7.27343	4.98733	14.0337	17.1452	16.9136	17.1146	24.7683	20.3342	23.1755	9.39009	15.4003	14.957
10.9525	12.0105	0	10.7305	10.2057	10.2557	8.8788	6.78394	10.59	8.9525	13.6455	15.7285	10.5031	2.81784	6.88052	15.7842	10.5168	9.32952	12.5186	14.7628	22.1738	19.358	16.5655	13.2415	14.0907
12.26	8.97999	10.7305	0	16.0455	3.13955	10.767	5.53	8.64	10.26	8.07624	8.6124	14.2147	9.40394	3.85	12.7537	18.6399	5.77235	8.96139	9.95462	8.64499	13.3605	10.1161	12.5782	7.75403
17.6078	16.834	10.2057	16.0455	0	19.8282	20.208	15.0777	19.2751	18.2348	12.6259	7.26958	16.1726	13.0235	16.6196	7.71596	0.311127	11.0153	7.80401	11.4425	9.18247	9.77164	10.0297	3.03579	7.86
7.23215	12.3583	10.2557	3.13955	19.8282	0	8.68343	9.05097	5.50045	12.2006	5.9927	5.47284	12.184	12.5435	6.98955	15.3391	12.4313	5.62338	8.81242	11.0566	10.7094	19.7456	6.97653	13.9705	10.8936
6.07442	12.3007	8.8788	10.767	20.208	8.68343	0	10.0271	7.80613	8.07442	2.69072	17.7674	14.078	6.06097	9.45571	19.0422	15.0055	17.9179	19.7478	18.3542	24.1236	16.4436	19.2711	18.7669	17.3339
10.3501	3.30733	6.78394	5.53	15.0777	9.05097	10.0271	0	14.5514	8.35014	8.44498	14.5238	12.6266	3.96611	1.68	10.5837	14.7665	13.6062	16.776	16.0929	9.81566	17.1124	6.08276	12.093	11.507
1.7317	20.5775	10.59	8.64	19.2751	5.50045	7.80613	14.5514	0	3.7317	6.84436	10.9733	10.7317	13.4078	11.6219	20.4225	18.9639	11.1238	18.4812	22.7008	17.4186	14.7119	12.477	23.1236	20.3184
2	11.6575	8.9525	10.26	18.2348	12.2006	8.07442	8.35014	3.7317	0	6.20794	14.6311	7.69686	11.7703	10.0301	16.8157	18.5227	13.5977	10.4086	19.094	14.3657	11.1051	14.4329	15.1768	16.7116
5.11265	9.61	13.6455	8.07624	12.6259	5.9927	2.69072	8.44498	6.84436	6.20794	0	11.4655	13.9048	8.75169	6.76498	15.6687	12.3148	11.6161	16.6166	18.0309	17.9108	13.7529	12.9692	20.5531	15.8303
21.1257	12.8922	15.7285	8.6124	7.26958	5.47284	17.7674	14.5238	10.9733	14.6311	11.4655	0	12.1257	18.6391	13.3589	9.86631	6.95845	7.41151	4.22246	11.8762	8.17953	15.5769	12.4494	8.99069	12.5268
9	14.3207	10.5031	14.2147	16.1726	12.184	14.078	12.6266	10.7317	7.69686	13.9048	12.1257	0	9.19061	12.1632	14.5655	19.0842	11.5354	8.34636	16.8437	12.3034	8.85483	18.7093	13.1146	14.4613
12.1354	7.27343	2.81784	9.40394	13.0235	12.5435	6.06097	3.96611	13.4078	11.7703	8.75169	18.6391	9.19061	0	5.64611	15.2252	13.9925	12.1474	17.4741	12.2933	12.1639	16.8794	10.0489	12.7059	11.2729
9.8902	4.98733	6.88052	3.85	16.6196	6.98955	9.45571	1.68	11.6219	10.0301	6.76498	13.3589	12.1632	5.64611	0	8.90368	16.4465	9.62235	15.8033	13.5948	10.718	14.6143	7.76276	13.773	9.827
18.7939	14.0337	15.7842	12.7537	7.71596	15.3391	19.0422	10.5837	20.4225	16.8157	15.6687	9.86631	14.5655	15.2252	8.90368	0	8.02708	10.1244	9.5677	4.69115	5.61063	5.71064	9.34353	7.84425	6.50159
17.2967	17.1452	10.5168	18.6399	0.311127	12.4313	15.0055	14.7665	18.9639	18.5227	12.3148	6.95845	19.0842	13.9925	16.4465	8.02708	0	17.9993	8.13736	13.7874	14.4876	10.0828	10.7547	3.34691	8.60264
16.9812	16.9136	9.32952	5.77235	11.0153	5.62338	17.9179	13.6062	11.1238	13.5977	11.6161	7.41151	11.5354	12.1474	9.62235	10.1244	17.9993	0	3.18904	5.43323	7.14611	13.4221	12.5999	7.95727	13.5264
12.4086	17.1146	12.5186	8.96139	7.80401	8.81242	19.7478	16.776	18.4812	10.4086	16.6166	4.22246	8.34636	17.4741	15.8033	9.5677	8.13736	3.18904	0	8.62227	3.95707	13.1799	7.68996	4.76823	4.84802
22.4144	24.7683	14.7628	9.95462	11.4425	11.0566	18.3542	16.0929	22.7008	19.094	18.0309	11.8762	16.8437	12.2933	13.5948	4.69115	13.7874	5.43323	8.62227	0	9.65704	7.9889	13.3899	8.40669	10.4193
25.8	20.3342	22.1738	8.64499	9.18247	10.7094	24.1236	9.81566	17.4186	14.3657	17.9108	8.17953	12.3034	12.1639	10.718	5.61063	14.4876	7.14611	3.95707	9.65704	0	6.49747	3.73289	5.71516	0.890955
13.1051	23.1755	19.358	13.3605	9.77164	19.7456	16.4436	17.1124	14.7119	11.1051	13.7529	15.5769	8.85483	16.8794	14.6143	5.71064	10.0828	13.4221	13.1799	7.9889	6.49747	0	15.4056	8.41166	5.60651
19.5752	9.39009	16.5655	10.1161	10.0297	6.97653	19.2711	6.08276	12.477	14.4329	12.9692	12.4494	18.7093	10.0489	7.76276	9.34353	10.7547	12.5999	7.68996	13.3899	3.73289	15.4056	0	6.99392	4.62385
28.7498	15.4003	13.2415	12.5782	3.03579	13.9705	18.7669	12.093	23.1236	15.1768	20.5531	8.99069	13.1146	12.7059	13.773	7.84425	3.34691	7.95727	4.76823	8.40669	5.71516	8.41166	6.99392	0	4.82421
19.7172	14.957	14.0907	7.75403	7.86	10.8936	17.3339	11.507	20.3184	16.7116	15.8303	12.5268	14.4613	11.2729	9.827	6.50159	8.60264	13.5264	4.84802	10.4193	0.890955	5.60651	4.62385	4.82421	0
																								
0	10.9049	14.4391	8.1568	14.3904	6.99714	5.55964	9.61344	6.88559	5.7	2.84494	11.6719	6.2135	8.45928	9.61273	14.5623	21.8895	18.6076	26.7279	16.2646	29.1781	15.3339	24.9321	30.4165	28.2641
10.9049	0	13.2355	6.95624	7.21027	5.82183	11.0147	3.73624	15.8939	13.3005	8.06	12.7306	11.4286	10.7157	3.20624	13.7225	5.4425	15.2969	10.4701	15.9564	14.2425	10.6422	8.4851	7.58409	15.9813
14.4391	13.2355	0	13.7792	13.8021	12.6044	17.8377	10.5592	14.5037	20.1391	15.3625	16.8566	18.6878	9.74819	10.0292	15.553	12.0343	25.9629	19.6316	19.49	20.8343	17.3508	16.6876	14.1759	22.8043
8.1568	6.95624	13.7792	0	19.3887	1.15966	10.161	2.74055	9.03867	12.9811	11.335	5.83437	7.96645	4.01582	3.27055	8.72484	16.9632	16.6986	13.9205	12.3176	17.364	9.49642	10.4084	23.8762	16.5251
14.3904	7.21027	13.8021	19.3887	0	13.194	17.3471	16.6481	19.3794	16.172	11.5455	21.8979	14.9141	10.4334	17.1099	5.22537	1.76777	3.33972	13.5299	11.9846	10.5678	10.5024	10.1515	3.90936	12.1522
6.99714	5.82183	12.6044	1.15966	13.194	0	9.00134	2.6163	7.87902	12.6971	8.47051	4.67472	9.12611	2.85617	2.61559	7.56518	11.5218	9.45084	12.7396	11.1579	15.2429	8.33676	9.274	13.0802	15.3907
5.55964	11.0147	17.8377	10.161	17.3471	9.00134	0	8.33849	5.40171	11.2596	8.40458	13.0673	16.467	11.8575	7.80849	11.7183	19.9982	13.6039	19.6193	18.074	19.396	17.3381	14.4669	18.7248	20.5836
9.61344	3.73624	10.5592	2.74055	16.6481	2.6163	8.33849	0	10.4953	16.8059	9.18383	7.29101	9.18852	3.5695	0.53	9.37432	12.2351	17.1525	11.18	13.3113	15.2231	10.9531	7.18841	21.478	13.3051
6.88559	15.8939	14.5037	9.03867	19.3794	7.87902	5.40171	10.4953	0	11.83	7.8339	12.5537	11.2025	10.7352	10.4946	15.4442	26.538	17.5766	26.894	19.0369	23.1887	16.2158	24.3883	31.2056	21.3786
5.7	13.3005	20.1391	12.9811	16.172	12.6971	11.2596	16.8059	11.83	0	5.24047	14.4023	5.01462	10.8548	13.6731	14.7933	17.9397	12.9076	19.5673	13.2228	15.2146	14.6744	18.1241	26.5366	21.7201
2.84494	8.06	15.3625	11.335	11.5455	8.47051	8.40458	9.18383	7.8339	5.24047	0	12.7228	3.36856	5.61434	11.2662	11.4192	13.3133	14.8852	15.4978	11.5768	13.5686	13.0284	16.478	26.7244	27.9469
11.6719	12.7306	16.8566	5.83437	21.8979	4.67472	13.0673	7.29101	12.5537	14.4023	12.7228	0	9.38765	7.10842	7.29031	12.2399	15.774	17.0075	15.1426	10.5091	17.9899	9.84485	16.1828	14.5883	16.7705
6.2135	11.4286	18.6878	7.96645	14.9141	9.12611	16.467	9.18852	11.2025	5.01462	3.36856	9.38765	0	8.9829	8.65852	14.564	18.7221	16.8225	14.2431	8.2082	10.2	9.65981	13.1095	14.4032	12.0102
8.45928	10.7157	9.74819	4.01582	10.4334	2.85617	11.8575	3.5695	10.7352	10.8548	5.61434	7.10842	8.9829	0	4.0995	5.80483	8.66559	7.69048	9.88342	9.74183	13.4825	7.60263	11.8684	10.8072	15.3989
9.61273	3.20624	10.0292	3.27055	17.1099	2.61559	7.80849	0.53	10.4946	13.6731	11.2662	7.29031	8.65852	4.0995	0	10.1808	8.64874	13.3667	8.64338	13.7735	14.5853	10.6986	6.65841	15.442	12.7751
14.5623	13.7225	15.553	8.72484	5.22537	7.56518	11.7183	9.37432	15.4442	14.7933	11.4192	12.2399	14.564	5.80483	10.1808	0	7.39662	1.88566	7.90101	6.35575	7.67771	6.96419	8.69741	7.00651	9.4879
21.8895	5.4425	12.0343	16.9632	1.76777	11.5218	19.9982	12.2351	26.538	17.9397	13.3133	15.774	18.7221	8.66559	8.64874	7.39662	0	5.10748	12.8431	10.5139	8.8	6.885	13.9276	2.14159	10.6102
18.6076	15.2969	25.9629	16.6986	3.33972	9.45084	13.6039	17.1525	17.5766	12.9076	14.8852	17.0075	16.8225	7.69048	13.3667	1.88566	5.10748	0	8.79672	8.24141	9.56336	7.16268	6.81175	8.89217	8.81247
26.7279	10.4701	19.6316	13.9205	13.5299	12.7396	19.6193	11.18	26.894	19.5673	15.4978	15.1426	14.2431	9.88342	8.64338	7.90101	12.8431	8.79672	0	6.26525	4.04309	14.8652	1.98497	12.772	5.51543
16.2646	15.9564	19.49	12.3176	11.9846	11.1579	18.074	13.3113	19.0369	13.2228	11.5768	10.5091	8.2082	9.74183	13.7735	6.35575	10.5139	8.24141	6.26525	0	7.48081	13.3199	8.25021	12.6555	9.291
29.1781	14.2425	20.8343	17.364	10.5678	15.2429	19.396	15.2231	23.1887	15.2146	13.5686	17.9899	10.2	13.4825	14.5853	7.67771	8.8	9.56336	4.04309	7.48081	0	14.6419	6.02806	10.9416	1.81019
15.3339	10.6422	17.3508	9.49642	10.5024	8.33676	17.3381	10.9531	16.2158	14.6744	13.0284	9.84485	9.65981	7.60263	10.6986	6.96419	6.885	7.16268	14.8652	13.3199	14.6419	0	13.9744	4.74342	15.6461
24.9321	8.4851	16.6876	10.4084	10.1515	9.274	14.4669	7.18841	24.3883	18.1241	16.478	16.1828	13.1095	11.8684	6.65841	8.69741	13.9276	6.81175	1.98497	8.25021	6.02806	13.9744	0	14.757	7.5004
30.4165	7.58409	14.1759	23.8762	3.90936	13.0802	18.7248	21.478	31.2056	26.5366	26.7244	14.5883	14.4032	10.8072	15.442	7.00651	2.14159	8.89217	12.772	12.6555	10.9416	4.74342	14.757	0	13.822
28.2641	15.9813	22.8043	16.5251	12.1522	15.3907	20.5836	13.3051	21.3786	21.7201	27.9469	16.7705	12.0102	15.3989	12.7751	9.4879	10.6102	8.81247	5.51543	9.291	1.81019	15.6461	7.5004	13.822	0
																								
0	18.7799	17.0915	14.2351	25.2546	4.87969	11.3752	5.13881	0.865852	13.0633	4.41172	10.9145	15.7605	9.64575	6.39881	20.478	14.1286	11.9467	13.0666	14.4175	15.1433	18.0233	20.6824	14.5286	17.1656
18.7799	0	9.283	19.7512	7.79682	14.0643	21.8276	12.1612	19.0121	30.2407	21.3921	20.5195	24.5603	12.7863	10.9012	10.0839	8.92819	13.6119	14.2814	15.947	12.968	13.5534	20.3372	14.3427	10.9457
17.0915	9.283	0	9.49596	15.7959	8.92013	16.1452	8.01019	13.9436	15.3298	12.1091	12.8293	15.2773	3.50326	9.2129	14.7054	15.4629	17.7952	15.0056	17.3227	8.20975	11.0898	13.7489	9.25	10.2321
14.2351	19.7512	9.49596	0	20.6025	0.876812	13.868	6.03869	4.89065	15.5562	5.94756	3.61323	18.2533	5.9927	4.03985	13.0111	15.1	9.48314	16.0053	14.3731	14.3122	11.4322	20.382	16.5551	14.0399
25.2546	7.79682	15.7959	20.6025	0	18.3083	21.9515	19.2869	17.4492	16.8932	17.9154	12.0541	13.5469	17.7198	7.38137	6.83052	1.13137	10.3585	6.4846	8.55102	12.0503	9.17031	17.9462	6.54591	11.778
4.87969	14.0643	8.92013	0.876812	18.3083	0	9.10684	4.42304	4.01384	10.795	5.07075	2.73642	13.4922	5.41687	3.16304	13.1719	9.41304	10.36	16.2146	6.23946	15.2287	12.309	17.8797	10.1459	17.251
11.3752	21.8276	16.1452	13.868	21.9515	9.10684	0	12.5326	7.58196	9.76029	4.03609	10.5783	12.4575	20.1101	21.4689	17.175	27.9744	21.6923	26.3097	14.0814	22.2548	15.892	16.7156	17.9878	24.6598
5.13881	12.1612	8.01019	6.03869	19.2869	4.42304	12.5326	0	5.03115	14.2207	8.49655	7.8983	16.9179	4.50694	1.26	18.4708	7.51	16.112	17.2319	12.1044	15.504	20.3525	16.9981	9.57758	24.9266
0.865852	19.0121	13.9436	4.89065	17.4492	4.01384	7.58196	5.03115	0	9.27007	3.54587	6.75026	11.9673	9.43071	6.29115	14.6089	16.3178	11.0809	12.2008	15.9708	16.0092	15.4018	21.9797	13.6627	19.6604
13.0633	30.2407	15.3298	15.5562	16.8932	10.795	9.76029	14.2207	9.27007	0	5.7242	12.2702	13.4112	11.8266	17.9976	18.8631	26.6773	23.2711	10.4086	17.2821	17.2044	16.1529	21.8702	21.2758	18.7606
4.41172	21.3921	12.1091	5.94756	17.9154	5.07075	4.03609	8.49655	3.54587	5.7242	0	6.54597	8.4214	10.4876	8.23379	13.1389	19.0468	14.6268	15.4837	10.049	14.7359	11.8559	18.8257	13.9554	14.4636
10.9145	20.5195	12.8293	3.61323	12.0541	2.73642	10.5783	7.8983	6.75026	12.2702	6.54597	0	14.9674	8.15329	5.89946	10.4355	15.058	8.39295	10.3766	3.50304	12.616	12.5323	15.1433	7.40945	8.50432
15.7605	24.5603	15.2773	18.2533	13.5469	13.4922	12.4575	16.9179	11.9673	13.4112	8.4214	14.9674	0	18.6296	23.303	21.5603	21.2728	19.9248	7.06231	13.9358	13.8581	18.18	10.4043	19.1532	16.7355
9.64575	12.7863	3.50326	5.9927	17.7198	5.41687	20.1101	4.50694	9.43071	11.8266	10.4876	8.15329	18.6296	0	5.76694	14.5121	12.614	15.4758	17.7929	13.0348	10.997	13.877	16.5362	12.7533	13.0193
6.39881	10.9012	9.2129	4.03985	7.38137	3.16304	21.4689	1.26	6.29115	17.9976	8.23379	5.89946	23.303	5.76694	0	14.9964	6.25	16.1883	20.4084	18.841	16.1311	13.4405	15.7381	8.31758	14.3152
20.478	10.0839	14.7054	13.0111	6.83052	13.1719	17.175	18.4708	14.6089	18.8631	13.1389	10.4355	21.5603	14.5121	14.9964	0	7.96189	3.528	13.3151	8.41791	7.75494	4.87494	14.4268	9.99783	7.48262
14.1286	8.92819	15.4629	15.1	1.13137	9.41304	27.9744	7.51	16.3178	26.6773	19.0468	15.058	21.2728	12.614	6.25	7.96189	0	11.7047	7.61597	9.68239	15.462	10.3017	19.8315	7.64853	13.6462
11.9467	13.6119	17.7952	9.48314	10.3585	10.36	21.6923	16.112	11.0809	23.2711	14.6268	8.39295	19.9248	15.4758	16.1883	3.528	11.7047	0	11.7634	4.88991	14.0029	8.40294	10.8988	8.54516	9.89119
13.0666	14.2814	15.0056	16.0053	6.4846	16.2146	26.3097	17.2319	12.2008	10.4086	15.4837	10.3766	7.06231	17.7929	20.4084	13.3151	7.61597	11.7634	0	6.87352	6.79584	9.67584	11.4616	12.0909	8.81816
14.4175	15.947	17.3227	14.3731	8.55102	6.23946	14.0814	12.1044	15.9708	17.2821	10.049	3.50304	13.9358	13.0348	18.841	8.41791	9.68239	4.88991	6.87352	0	7.02361	7.60896	13.8937	10.9125	5.00128
15.1433	12.968	8.20975	14.3122	12.0503	15.2287	22.2548	15.504	16.0092	17.2044	14.7359	12.616	13.8581	10.997	16.1311	7.75494	15.462	14.0029	6.79584	7.02361	0	2.88	5.53913	7.81348	2.02233
18.0233	13.5534	11.0898	11.4322	9.17031	12.309	15.892	20.3525	15.4018	16.1529	11.8559	12.5323	18.18	13.877	13.4405	4.87494	10.3017	8.40294	9.67584	7.60896	2.88	0	8.41913	5.12289	2.60768
20.6824	20.3372	13.7489	20.382	17.9462	17.8797	16.7156	16.9981	21.9797	21.8702	18.8257	15.1433	10.4043	16.5362	15.7381	14.4268	19.8315	10.8988	11.4616	13.8937	5.53913	8.41913	0	12.183	7.56146
14.5286	14.3427	9.25	16.5551	6.54591	10.1459	17.9878	9.57758	13.6627	21.2758	13.9554	7.40945	19.1532	12.7533	8.31758	9.99783	7.64853	8.54516	12.0909	10.9125	7.81348	5.12289	12.183	0	5.99767
17.1656	10.9457	10.2321	14.0399	11.778	17.251	24.6598	24.9266	19.6604	18.7606	14.4636	8.50432	16.7355	13.0193	14.3152	7.48262	13.6462	9.89119	8.81816	5.00128	2.02233	2.60768	7.56146	5.99767	0
																								
0	13.5921	10.6751	6.43317	9.75158	3.26533	8.81025	13.9426	4.61788	11.2	1.60801	6.42028	4.86	6.31681	8.43568	15.5362	16.2584	12.1294	12.1363	8.47084	14.2186	23.6621	11.1472	17.5345	10.8924
13.5921	0	20.2283	13.1059	12.9356	19.4219	22.2474	15.8597	24.913	27.5078	13.6446	11.6079	8.73212	11.5028	15.2297	15.0024	13.3232	4.66172	16.0084	11.1816	8.24621	14.4862	15.9011	14.7769	8.68462
10.6751	20.2283	0	3.60827	20.2333	6.77611	11.4482	5.14296	13.1224	14.5092	8.36437	10.6715	7.98201	3.65557	5.77296	14.0175	12.9998	10.4966	12.423	10.402	18.173	20.2034	11.1324	14.43	16.3376
6.43317	13.1059	3.60827	0	9.65409	3.16784	10.3741	4.58	9.26293	15.84	7.29027	7.0632	4.37374	2.58147	3.95	10.4092	9.39149	9.42252	11.6501	9.11376	14.5915	16.5952	14.7407	16.8826	11.5353
9.75158	12.9356	20.2333	9.65409	0	6.48625	30.3263	15.8522	12.5813	20.6642	14.5073	14.6955	19.3409	19.2065	11.6566	3.96047	1.56978	10.2313	25.5002	13.3206	6.76978	3.15699	20.3502	12.0746	13.7181
3.26533	19.4219	6.77611	3.16784	6.48625	0	10.2875	5.80035	6.09509	14.4653	4.87334	8.20926	7.54158	5.74931	5.17035	13.577	8.05602	13.8921	14.9148	7.3722	18.193	9.64324	17.5602	12.7898	12.6814
8.81025	22.2474	11.4482	10.3741	30.3263	10.2875	0	13.5616	4.19237	14.6758	12.5015	9.64494	20.4064	7.79267	15.387	20.1025	26.6845	14.6337	21.767	11.6955	26.1108	33.6162	15.8121	20.7591	14.1171
13.9426	15.8597	5.14296	4.58	15.8522	5.80035	13.5616	0	16.7724	11.8294	10.4777	15.9262	13.2368	5.76888	0.63	16.6731	14.2824	12.6099	7.28	10.43	13.03	19.27	13.2349	19.5607	13.4684
4.61788	24.913	13.1224	9.26293	12.5813	6.09509	4.19237	16.7724	0	15.8179	6.22589	11.0382	9.47788	11.985	11.2654	15.9102	18.3009	16.7473	18.6989	13.4673	26.4642	27.61	12.744	22.3836	23.5889
11.2	27.5078	14.5092	15.84	20.6642	14.4653	14.6758	11.8294	15.8179	0	10.7228	17.6203	15.6353	15.4316	12.4594	26.2492	22.234	23.3294	19.1094	24.9112	23.3334	23.8212	20.262	28.9392	29.9389
1.60801	13.6446	8.36437	7.29027	14.5073	4.87334	12.5015	10.4777	6.22589	10.7228	0	8.02829	4.91248	4.7088	12.3031	15.5887	17.8106	11.5499	12.1888	12.8426	12.6106	18.8506	9.53919	19.1413	13.049
6.42028	11.6079	10.6715	7.0632	14.6955	8.20926	9.64494	15.9262	11.0382	17.6203	8.02829	0	11.2803	9.64467	11.0132	17.1833	13.8014	6.94622	9.59319	2.05056	4.91054	14.8328	15.3171	7.46821	4.47214
4.86	8.73212	7.98201	4.37374	19.3409	7.54158	20.4064	13.2368	9.47788	15.6353	4.91248	11.2803	0	6.95521	8.32374	10.6762	13.0669	13.3938	7.27632	14.8189	16.9783	19.3196	13.2312	17.1496	18.5536
6.31681	11.5028	3.65557	2.58147	19.2065	5.74931	7.79267	5.76888	11.985	15.4316	4.7088	9.64467	6.95521	0	6.39888	12.9907	11.973	6.84105	13.0489	13.3609	13.1204	19.1767	14.248	18.0856	12.682
8.43568	15.2297	5.77296	3.95	11.6566	5.17035	15.387	0.63	11.2654	12.4594	12.3031	11.0132	8.32374	6.39888	0	14.3592	13.3415	14.4354	7.91	9.8	13.66	20.5452	21.0073	15.2176	13.7578
15.5362	15.0024	14.0175	10.4092	3.96047	13.577	20.1025	16.6731	15.9102	26.2492	15.5887	17.1833	10.6762	12.9907	14.3592	0	2.39069	10.3407	17.6405	11.8911	7.59069	11.6998	11.6855	6.47341	20.7955
16.2584	13.3232	12.9998	9.39149	1.56978	8.05602	26.6845	14.2824	18.3009	22.234	17.8106	13.8014	13.0669	11.973	13.3415	2.39069	0	8.66148	16.297	11.7509	5.2	4.72677	14.0762	8.8641	5.63841
12.1294	4.66172	10.4966	9.42252	10.2313	13.8921	14.6337	12.6099	16.7473	23.3294	11.5499	6.94622	13.3938	6.84105	14.4354	10.3407	8.66148	0	13.9255	6.51988	12.9079	18.2323	11.2394	11.9375	11.4184
12.1363	16.0084	12.423	11.6501	25.5002	14.9148	21.767	7.28	18.6989	19.1094	12.1888	9.59319	7.27632	13.0489	7.91	17.6405	16.297	13.9255	0	7.54263	11.097	17.337	5.95491	12.9603	11.5354
8.47084	11.1816	10.402	9.11376	13.3206	7.3722	11.6955	10.43	13.4673	24.9112	12.8426	2.05056	14.8189	13.3609	9.8	11.8911	11.7509	6.51988	7.54263	0	11.9483	12.7822	13.3552	5.41765	6.5227
14.2186	8.24621	18.173	14.5915	6.76978	18.193	26.1108	13.03	26.4642	23.3334	12.6106	4.91054	16.9783	13.1204	13.66	7.59069	5.2	12.9079	11.097	11.9483	0	6.24	11.2833	6.53067	0.438406
23.6621	14.4862	20.2034	16.5952	3.15699	9.64324	33.6162	19.27	27.61	23.8212	18.8506	14.8328	19.3196	19.1767	20.5452	11.6998	4.72677	18.2323	17.337	12.7822	6.24	0	20.9307	8.91762	6.67841
11.1472	15.9011	11.1324	14.7407	20.3502	17.5602	15.8121	13.2349	12.744	20.262	9.53919	15.3171	13.2312	14.248	21.0073	11.6855	14.0762	11.2394	5.95491	13.3552	11.2833	20.9307	0	18.159	10.8449
17.5345	14.7769	14.43	16.8826	12.0746	12.7898	20.7591	19.5607	22.3836	28.9392	19.1413	7.46821	17.1496	18.0856	15.2176	6.47341	8.8641	11.9375	12.9603	5.41765	6.53067	8.91762	18.159	0	6.96907
10.8924	8.68462	16.3376	11.5353	13.7181	12.6814	14.1171	13.4684	23.5889	29.9389	13.049	4.47214	18.5536	12.682	13.7578	20.7955	5.63841	11.4184	11.5354	6.5227	0.438406	6.67841	10.8449	6.96907	0
																								
0	26.1303	23.9894	12.003	22.5804	7.93009	5.04486	16.0618	5.4425	9.3425	2.51509	12.0687	12.1476	17.9128	17.5409	15.0542	16.7263	9.70353	13.1224	17.7628	15.1222	22.5752	26.8565	16.4099	14.81
26.1303	0	12.6202	13.8693	3.89841	16.4425	25.0394	12.9274	20.3303	16.19	23.5827	17.2663	12.225	10.2593	14.3322	11.4246	5.73689	17.2066	14.8257	16.2418	9.65475	18.0297	13.0674	8.83156	11.2877
23.9894	12.6202	0	12.0759	17.083	10.7032	21.5141	2.57148	20.2811	13.6733	18.2984	10.4139	10.8063	2.36089	3.53148	16.9377	21.3087	10.5702	18.7505	11.3825	19.7045	24.3345	18.554	20.35	9.75873
12.003	13.8693	12.0759	0	12.3033	4.07294	16.3675	8.16	12.72	8.82	14.03	9.96092	8.29047	11.2729	7.2	18.7447	10.4648	13.9138	9.26524	12.0115	16.6859	10.3259	16.5713	14.3104	18.458
22.5804	3.89841	17.083	12.3033	0	20.7214	25.4473	21.8924	13.305	15.7228	28.6224	15.5234	16.1234	14.1577	10.5885	7.52622	1.83848	8.8613	15.477	11.5385	5.75634	8.91762	9.16899	4.93315	8.23121
7.93009	16.4425	10.7032	4.07294	20.7214	0	12.2945	8.13173	8.8986	4.9986	9.95711	6.15695	4.21753	10.7998	8.95911	15.0746	14.5377	9.65696	5.1923	8.20751	14.9129	14.3988	11.9796	16.5472	13.5079
5.04486	25.0394	21.5141	16.3675	25.4473	12.2945	0	18.9426	10.4874	14.7449	7.55995	13.0673	16.5121	20.7805	19.9026	20.0991	23.7212	14.6783	10.2137	15.1179	17.2593	24.4986	17.001	20.5142	14.7844
16.0618	12.9274	2.57148	8.16	21.8924	8.13173	18.9426	0	17.7097	13.1303	17.396	7.84245	5.70157	2.66811	0.96	14.3662	9.71	10.8774	13.324	7.56	17.5159	15.2021	11.1805	20.8396	10.066
