20
5
2
3
30

6	11
10	43
1	33
14	23
27	48

12	21
1	2
11	28
2	10
14	5
10	12
23	24
24	11
8	30
11	27
29	42
26	47
30	36
37	28
31	27
42	35
42	47
41	23
36	45
43	34

150

1.79769e+308
1.79769e+308
1.79769e+308
1.79769e+308
1.79769e+308

11
15
11
14
17
13
14
15
13
17
16
18
12
19
18
15
16
14
20
14

0
0
0
0
0

0

0	22.5896	10.6021	5.46802	8.93426	3.14871	4.42712	6.82567	4.82403	4.48575	2.30894	6.20627	3.6	11.0518	6.49423	10.5786	9.30196	11.6243	16.4595	5.93633	15.3953	12.8429	8.62891	17.5157	13.6115	
22.5896	0	5.91959	16.3049	13.528	21.4916	22.3496	12.8514	23.3901	29.9723	25.8507	16.2248	12.9217	10.1278	11.0508	13.8605	15.1321	10.8067	19.6297	17.236	11.2876	11.0719	14.7235	8.60535	14.4052	
10.6021	5.91959	0	11.2196	8.5522	8.47676	16.43	5.39124	18.1872	17.4978	17.6692	11.249	7.00209	10.8258	5.13124	7.94094	10.8564	5.83095	12.2946	12.2603	9.44343	13.373	9.74771	11.2924	13.7689	
5.46802	16.3049	11.2196	0	13.4362	2.31931	17.0706	5.01462	13.9399	10.8	5.45396	11.7828	4.21753	6.17709	5.27462	11.8855	14.2214	10.6207	7.53191	4.19142	15.7995	23.2494	6.884	13.2612	11.8517	
8.93426	13.528	8.5522	13.4362	0	9.6817	13.3614	6.59618	13.7583	21.1343	11.2432	6.3878	11.1843	12.2335	6.33618	1.64438	0.367696	2.72125	5.998	9.15057	5.22881	3.90866	6.63801	6.37523	4.67726	
3.14871	21.4916	8.47676	2.31931	9.6817	0	7.57583	3.60552	7.97275	5.31145	3.13465	9.35499	6.53685	7.57095	3.34552	14.2069	16.5407	13.403	9.85122	6.51073	15.8316	24.9117	9.66628	9.50669	10.5141	
4.42712	22.3496	16.43	17.0706	13.3614	7.57583	0	19.3773	8.86848	6.27058	6.73606	10.6334	8.02712	23.6937	19.1173	24.3709	32.3041	16.21	17.0045	10.3634	31.4752	28.3556	29.2474	25.2785	40.0667	
6.82567	12.8514	5.39124	5.01462	6.59618	3.60552	19.3773	0	14.7834	15.8146	6.8116	7.96894	9.23215	3.894	0.26	12.7124	18.7493	12.3693	12.5465	9.20604	7.38865	20.3037	16.2861	6.42117	6.8371	
4.82403	23.3901	18.1872	13.9399	13.7583	7.97275	8.86848	14.7834	0	5.98	7.13297	6.81449	8.42403	14.8252	16.8736	11.5579	23.5609	12.2325	16.7139	9.74849	17.1331	28.7525	12.4411	21.3989	28.9164	
4.48575	29.9723	17.4978	10.8	21.1343	5.31145	6.27058	15.8146	5.98	0	2.17681	12.7945	10.4957	16.9771	17.9	15.0875	21.3124	19.504	10.7339	14.9914	22.5191	26.4514	15.9204	23.1653	21.5102	
2.30894	25.8507	17.6692	5.45396	11.2432	3.13465	6.73606	6.8116	7.13297	2.17681	0	8.51521	5.90894	16.4808	6.48016	29.4174	21.4838	14.0918	12.9107	8.24527	24.3224	26.2374	26.6931	23.1488	23.5096	
6.20627	16.2248	11.249	11.7828	6.3878	9.35499	10.6334	7.96894	6.81449	12.7945	8.51521	0	9.80627	11.8629	8.22894	4.74342	7.65889	5.41805	9.09704	10.0819	9.03053	10.1755	9.33481	11.1509	10.8702	
3.6	12.9217	7.00209	4.21753	11.1843	6.53685	8.02712	9.23215	8.42403	10.4957	5.90894	9.80627	0	7.45185	11.3175	13.7321	10.8167	12.833	11.7494	8.40895	17.0742	25.44	21.3737	14.7577	17.9515	
11.0518	10.1278	10.8258	6.17709	12.2335	7.57095	23.6937	3.894	14.8252	16.9771	16.4808	11.8629	7.45185	0	4.154	14.2702	13.8326	13.0387	13.709	10.3685	9.62239	9.77247	13.5961	7.30589	10.1739	
6.49423	11.0508	5.13124	5.27462	6.33618	3.34552	19.1173	0.26	16.8736	17.9	6.48016	8.22894	11.3175	4.154	0	7.98057	6.70388	9.05743	12.7494	10.3192	8.84341	8.62775	16.4598	6.16117	7.0971	
10.5786	13.8605	7.94094	11.8855	1.64438	14.2069	24.3709	12.7124	11.5579	15.0875	29.4174	4.74342	13.7321	14.2702	7.98057	0	2.01208	4.36563	4.35362	9.07965	10.4252	5.43207	9.54015	7.89865	6.32165	
9.30196	15.1321	10.8564	14.2214	0.367696	16.5407	32.3041	18.7493	23.5609	21.3124	21.4838	7.65889	10.8167	13.8326	6.70388	2.01208	0	3.08895	7.2691	11.9951	9.20898	4.27635	13.4774	6.52674	5.04496	
11.6243	10.8067	5.83095	10.6207	2.72125	13.403	16.21	12.3693	12.2325	19.504	14.0918	5.41805	12.833	13.0387	9.05743	4.36563	3.08895	0	8.82302	6.42932	3.61248	6.62991	3.91676	5.73283	4.16402	
16.4595	19.6297	12.2946	7.53191	5.998	9.85122	17.0045	12.5465	16.7139	10.7339	12.9107	9.09704	11.7494	13.709	12.7494	4.35362	7.2691	8.82302	0	7.87911	9.16026	9.78569	5.18653	12.4315	10.7763	
5.93633	17.236	12.2603	4.19142	9.15057	6.51073	10.3634	9.20604	9.74849	14.9914	8.24527	10.0819	8.40895	10.3685	10.3192	9.07965	11.9951	6.42932	7.87911	0	6.66631	14.5117	2.69258	12.1621	12.7549	
15.3953	11.2876	9.44343	15.7995	5.22881	15.8316	31.4752	7.38865	17.1331	22.5191	24.3224	9.03053	17.0742	9.62239	8.84341	10.4252	9.20898	3.61248	9.16026	6.66631	0	5.14881	3.97373	2.68224	0.551543	
12.8429	11.0719	13.373	23.2494	3.90866	24.9117	28.3556	20.3037	28.7525	26.4514	26.2374	10.1755	25.44	9.77247	8.62775	5.43207	4.27635	6.62991	9.78569	14.5117	5.14881	0	12.0137	2.46658	8.58592	
8.62891	14.7235	9.74771	6.884	6.63801	9.66628	29.2474	16.2861	12.4411	15.9204	26.6931	9.33481	21.3737	13.5961	16.4598	9.54015	13.4774	3.91676	5.18653	2.69258	3.97373	12.0137	0	6.65596	4.52527	
17.5157	8.60535	11.2924	13.2612	6.37523	9.50669	25.2785	6.42117	21.3989	23.1653	23.1488	11.1509	14.7577	7.30589	6.16117	7.89865	6.52674	5.73283	12.4315	12.1621	2.68224	2.46658	6.65596	0	3.23378	
13.6115	14.4052	13.7689	11.8517	4.67726	10.5141	40.0667	6.8371	28.9164	21.5102	23.5096	10.8702	17.9515	10.1739	7.0971	6.32165	5.04496	4.16402	10.7763	12.7549	0.551543	8.58592	4.52527	3.23378	0	

0	16.2131	13.9878	7.36707	21.4067	6.88897	4.11825	6.64707	3.75203	6.87203	4.12311	9.07681	13.86	7.74526	5.86707	15.976	19.0469	10.2821	11.8515	10.9822	17.7393	22.6809	25.4145	22.4147	18.2909	
16.2131	0	13.8297	5.50694	15.0875	6.1292	17.3589	10.7548	16.2131	15.9599	10.9394	5.98565	6.9857	8.54942	7.00694	13.5087	15.8411	19.0445	24.1859	16.6657	20.6952	18.3819	9.95176	22.1767	12.4702	
13.9878	13.8297	0	8.11051	23.5552	7.48826	18.1061	14.2702	13.616	10.496	10.2541	7.84401	18.7783	7.99656	11.0771	15.5938	19.8808	16.6182	21.7207	18.524	20.3448	15.825	11.8101	24.4588	14.3286	
7.36707	5.50694	8.11051	0	9.58052	0.622254	12.0386	2.28	10.6815	20.8171	3.38812	6.32403	12.4262	4.59713	1.5	8.72781	10.4998	5.915	7.48442	7.3	18.9135	8.95902	13.8365	17.5928	16.2405	
21.4067	15.0875	23.5552	9.58052	0	10.2028	15.8479	9.63392	22.4232	16.0661	25.8206	10.8428	11.8789	12.8035	11.0805	2.46658	0.919239	6.77159	18.0211	7.46038	8.41785	4.96099	6.87674	8.75572	7.86631	
6.88897	6.1292	7.48826	0.622254	10.2028	0	11.4163	4.36883	6.88897	6.63575	2.76586	7.71957	14.5151	6.38802	2.12225	8.10555	10.4379	8.00383	9.57325	9.38883	13.8568	8.33676	17.4202	12.1315	18.3293	
4.11825	17.3589	18.1061	12.0386	15.8479	11.4163	0	10.7547	5.32109	8.27183	8.24136	19.6332	10.3732	17.9063	9.98532	17.261	14.9287	19.2242	18.2555	15.1005	18.1206	19.3769	24.315	18.2964	17.2945	
6.64707	10.7548	14.2702	2.28	9.63392	4.36883	10.7547	0	5.43365	8.55365	9.55675	5.60403	11.7062	3.87713	0.78	10.8011	8.71468	5.195	5.72	5.80725	10.6233	16.1149	12.5675	14.7456	14.2172	
3.75203	16.2131	13.616	10.6815	22.4232	6.88897	5.32109	5.43365	0	3.12	4.12311	9.07681	15.6943	7.74526	6.21365	16.0869	14.1483	14.4174	11.1536	11.0931	12.9688	14.2251	21.292	23.6175	12.1427	
6.87203	15.9599	10.496	20.8171	16.0661	6.63575	8.27183	8.55365	3.12	0	3.86988	8.82359	17.2596	7.49204	13.1224	13.8907	15.2882	17.309	14.7521	8.89692	9.57423	11.1051	17.4079	14.8998	9.02268	
4.12311	10.9394	10.2541	3.38812	25.8206	2.76586	8.24136	9.55675	4.12311	3.86988	0	4.95371	17.9831	3.62215	6.35469	10.8714	15.5064	18.0126	23.154	12.7668	13.7187	11.1026	8.91981	19.7364	11.4383	
9.07681	5.98565	7.84401	6.32403	10.8428	7.71957	19.6332	5.60403	9.07681	8.82359	4.95371	0	12.9713	4.20043	4.82403	15.6738	16.0847	9.23903	10.8085	10.624	7.03614	20.2295	3.96611	15.0899	6.4846	
13.86	6.9857	18.7783	12.4262	11.8789	14.5151	10.3732	11.7062	15.6943	17.2596	17.9831	12.9713	0	14.0234	10.9262	14.3454	12.7981	15.3412	16.9107	11.5264	23.8212	16.8398	13.9418	28.6696	19.7452	
7.74526	8.54942	7.99656	4.59713	12.8035	6.38802	17.9063	3.87713	7.74526	7.49204	3.62215	4.20043	14.0234	0	3.09713	14.2166	11.8842	7.51212	9.08155	8.89713	18.9099	15.034	8.16653	20.3486	10.685	
5.86707	7.00694	11.0771	1.5	11.0805	2.12225	9.98532	0.78	6.21365	13.1224	6.35469	4.82403	10.9262	3.09713	0	10.7938	9.49468	4.415	5.98442	5.8	10.8877	11.9256	8.79014	12.5275	11.3086	
15.976	13.5087	15.5938	8.72781	2.46658	8.10555	17.261	10.8011	16.0869	13.8907	10.8714	15.6738	14.3454	14.2166	10.7938	0	2.33238	8.18473	11.6848	4.99381	11.9595	7.42756	9.34332	10.7968	10.3329	
19.0469	15.8411	19.8808	10.4998	0.919239	10.4379	14.9287	8.71468	14.1483	15.2882	15.5064	16.0847	12.7981	11.8842	9.49468	2.33238	0	5.85235	10.9548	7.32619	13.6061	5.88023	7.79598	8.46437	8.78555	
10.2821	19.0445	16.6182	5.915	6.77159	8.00383	19.2242	5.195	14.4174	17.309	18.0126	9.23903	15.3412	7.51212	4.415	8.18473	5.85235	0	5.10247	10.215	8.8379	11.9072	16.5641	8.11249	8.28636	
11.8515	24.1859	21.7207	7.48442	18.0211	9.57325	18.2555	5.72	11.1536	14.7521	23.154	10.8085	16.9107	9.08155	5.98442	11.6848	10.9548	5.10247	0	6.69104	4.90333	10.4233	11.4616	9.02557	5.45487	
10.9822	16.6657	18.524	7.3	7.46038	9.38883	15.1005	5.80725	11.0931	8.89692	12.7668	10.624	11.5264	8.89713	5.8	4.99381	7.32619	10.215	6.69104	0	11.5944	16.2911	14.4322	15.7166	15.2411	
17.7393	20.6952	20.3448	18.9135	8.41785	13.8568	18.1206	10.6233	12.9688	9.57423	13.7187	7.03614	23.8212	18.9099	10.8877	11.9595	13.6061	8.8379	4.90333	11.5944	0	5.52	8.9368	9.15689	0.551543	
22.6809	18.3819	15.825	8.95902	4.96099	8.33676	19.3769	16.1149	14.2251	11.1051	11.1026	20.2295	16.8398	15.034	11.9256	7.42756	5.88023	11.9072	10.4233	16.2911	5.52	0	11.8377	3.79473	6.07154	
25.4145	9.95176	11.8101	13.8365	6.87674	17.4202	24.315	12.5675	21.292	17.4079	8.91981	3.96611	13.9418	8.16653	8.79014	9.34332	7.79598	16.5641	11.4616	14.4322	8.9368	11.8377	0	16.9906	8.38525	
22.4147	22.1767	24.4588	17.5928	8.75572	12.1315	18.2964	14.7456	23.6175	14.8998	19.7364	15.0899	28.6696	20.3486	12.5275	10.7968	8.46437	8.11249	9.02557	15.7166	9.15689	3.79473	16.9906	0	8.60535	
18.2909	12.4702	14.3286	16.2405	7.86631	18.3293	17.2945	14.2172	12.1427	9.02268	11.4383	6.4846	19.7452	10.685	11.3086	10.3329	8.78555	8.28636	5.45487	15.2411	0.551543	6.07154	8.38525	8.60535	0	

0	22.6643	13.1045	4.61511	22.923	3.26533	4.0153	9.17502	3.62833	9.2	3.13356	6.34381	9.74414	4.77624	9.36511	14.2688	12.9467	15.215	11.9213	12.474	17.4091	13.19	16.4951	11.9561	13.1299	
22.6643	0	22.0639	22.2453	13.183	14.8196	20.3374	17.1006	25.7455	20.9916	15.3417	11.7411	20.4768	17.888	19.3978	10.0839	12.2997	12.9428	24.1123	23.893	18.1439	11.6421	20.2198	6.5192	14.1151	
13.1045	22.0639	0	8.13195	13.2073	11.1071	12.71	5.06195	9.72963	12.3617	14.1812	18.875	14.2591	8.00643	3.38195	15.6827	13.467	23.3648	21.2708	18.0024	29.7372	17.4008	14.1819	18.0722	20.1012	
4.61511	22.2453	8.13195	0	11.3989	4.35578	8.6304	6.43	8.24344	11.5765	7.74867	7.43425	11.7154	9.37448	4.75	12.1439	9.92814	16.3055	8.23802	7.85891	10.3886	14.2805	11.88	15.8675	15.6813	
22.923	13.183	13.2073	11.3989	0	20.9255	13.3525	14.8804	19.5481	12.3909	18.3629	17.2737	8.53793	9.6412	13.2004	3.09903	1.47078	5.95793	16.5469	6.0062	18.6975	13.8306	15.1967	15.2738	7.13016	
3.26533	14.8196	11.1071	4.35578	20.9255	0	7.28063	7.21249	6.89367	8.2235	6.39889	3.07847	11.8142	8.04158	7.72511	14.8086	14.2839	11.5529	12.5938	12.2147	23.9116	9.92472	13.9035	15.0476	16.0271	
4.0153	20.3374	12.71	8.6304	13.3525	7.28063	0	13.9432	2.90241	9.07233	7.14886	18.3228	25.2553	8.79154	9.25009	10.2535	12.4693	13.1124	17.3188	21.5275	19.4694	14.6105	21.0961	19.7334	12.404	
9.17502	17.1006	5.06195	6.43	14.8804	7.21249	13.9432	0	8.02768	4.87091	9.28868	10.291	9.36667	4.39877	1.68	13.226	12.5692	15.874	13.78	10.7838	10.1831	13.1767	6.69104	10.5814	10.4924	
3.62833	25.7455	9.72963	8.24344	19.5481	6.89367	2.90241	8.02768	0	9.1	6.76189	11.8495	17.2739	8.40458	6.34768	13.1559	16.1359	13.579	18.3533	21.1405	11.2269	17.5129	13.3029	18.3881	9.50158	
9.2	20.9916	12.3617	11.5765	12.3909	8.2235	9.07233	4.87091	9.1	0	7.4979	9.25047	12.6809	7.71298	6.55091	13.1359	10.9202	17.7249	16.2856	15.4556	20.7382	18.1482	11.562	15.4523	17.5545	
3.13356	15.3417	14.1812	7.74867	18.3629	6.39889	7.14886	9.28868	6.76189	7.4979	0	6.19213	9.82497	4.88991	9.51439	21.6932	13.0603	14.6665	8.78772	16.6345	10.9383	13.9454	16.4837	8.8225	18.8173	
6.34381	11.7411	18.875	7.43425	17.2737	3.07847	18.3228	10.291	11.8495	9.25047	6.19213	0	8.73573	11.082	10.8036	11.3333	17.3961	8.47439	14.9799	13.4995	18.6681	13.0032	15.3945	15.0146	12.5518	
9.74414	20.4768	14.2591	11.7154	8.53793	11.8142	25.2553	9.36667	17.2739	12.6809	9.82497	8.73573	0	4.9679	9.59238	11.637	10.0087	17.2101	9.2024	10.7515	10.1508	13.1444	6.65877	18.6475	10.4601	
4.77624	17.888	8.00643	9.37448	9.6412	8.04158	8.79154	4.39877	8.40458	7.71298	4.88991	11.082	4.9679	0	4.62448	10.3862	8.17042	18.4706	13.6776	12.5252	17.6938	18.6433	11.0898	13.7124	14.8047	
9.36511	19.3978	3.38195	4.75	13.2004	7.72511	9.25009	1.68	6.34768	6.55091	9.51439	10.8036	9.59238	4.62448	0	14.906	12.7949	17.554	12.988	12.6089	23.9263	14.0189	8.37104	12.2614	15.8493	
14.2688	10.0839	15.6827	12.1439	3.09903	14.8086	10.2535	13.226	13.1559	13.1359	21.6932	11.3333	11.637	10.3862	14.906	0	2.21576	2.8589	14.0283	6.75118	5.75647	16.7141	7.83244	12.8707	4.03113	
12.9467	12.2997	13.467	9.92814	1.47078	14.2839	12.4693	12.5692	16.1359	10.9202	13.0603	17.3961	10.0087	8.17042	12.7949	2.21576	0	5.07466	12.3822	4.53542	8.35963	15.3014	8.62814	14.4812	6.24689	
15.215	12.9428	23.3648	16.3055	5.95793	11.5529	13.1124	15.874	13.579	17.7249	14.6665	8.47439	17.2101	18.4706	17.554	2.8589	5.07466	0	12.5436	14.8356	5.80275	16.6044	7.87873	13.7372	4.07741	
11.9213	24.1123	21.2708	8.23802	16.5469	12.5938	17.3188	13.78	18.3533	16.2856	8.78772	14.9799	9.2024	13.6776	12.988	14.0283	12.3822	12.5436	0	7.31914	2.15058	17.3069	5.64264	17.6102	3.87592	
12.474	23.893	18.0024	7.85891	6.0062	12.2147	21.5275	10.7838	21.1405	15.4556	16.6345	13.4995	10.7515	12.5252	12.6089	6.75118	4.53542	14.8356	7.31914	0	5.16856	10.5783	4.09273	17.3738	6.8939	
17.4091	18.1439	29.7372	10.3886	18.6975	23.9116	19.4694	10.1831	11.2269	20.7382	10.9383	18.6681	10.1508	17.6938	23.9263	5.75647	8.35963	5.80275	2.15058	5.16856	0	9.97768	3.49206	18.0233	1.72534	
13.19	11.6421	17.4008	14.2805	13.8306	9.92472	14.6105	13.1767	17.5129	18.1482	13.9454	13.0032	13.1444	18.6433	14.0189	16.7141	15.3014	16.6044	17.3069	10.5783	9.97768	0	6.48562	5.12289	10.2869	
16.4951	20.2198	14.1819	11.88	15.1967	13.9035	21.0961	6.69104	13.3029	11.562	16.4837	15.3945	6.65877	11.0898	8.37104	7.83244	8.62814	7.87873	5.64264	4.09273	3.49206	6.48562	0	11.6085	3.80132	
11.9561	6.5192	18.0722	15.8675	15.2738	15.0476	19.7334	10.5814	18.3881	15.4523	8.8225	15.0146	18.6475	13.7124	12.2614	12.8707	14.4812	13.7372	17.6102	17.3738	18.0233	5.12289	11.6085	0	16.298	
13.1299	14.1151	20.1012	15.6813	7.13016	16.0271	12.404	10.4924	9.50158	17.5545	18.8173	12.5518	10.4601	14.8047	15.8493	4.03113	6.24689	4.07741	3.87592	6.8939	1.72534	10.2869	3.80132	16.298	0	

0	18.6468	6.93861	9.32313	14.0396	11.1924	9.36902	5.31313	1.44309	7	5.27758	10.0841	13.5	8.35063	4.02313	20.1111	14.8174	16.9812	9.74736	9.84696	22.6171	11.4015	17.02	19.0095	16.8429	
18.6468	0	13.4536	19.5426	4.60721	18.0088	13.0126	9.80986	21.8005	21.6776	14.9337	7.13674	12.0913	11.3115	13.1977	10.6788	5.38503	4.44982	18.8005	8.79641	12.4058	12.7252	20.1167	18.5529	17.0766	
6.93861	13.4536	0	8.21548	16.9536	9.44172	11.16	4.20548	19.4169	13.6341	9.25783	8.97644	22.5265	5.63567	2.91548	10.882	19.7451	14.6397	8.63971	15.8262	14.9314	9.53136	15.4517	14.9705	16.8329	
9.32313	19.5426	8.21548	0	17.2861	1.21622	8.9003	2.91548	15.2149	5.4086	10.8967	5.95126	17.3605	5.40331	4.20548	12.5475	15.981	8.27551	6.40853	6.81106	8.8343	12.6783	6.48	12.5661	9.69697	
14.0396	4.60721	16.9536	17.2861	0	15.5426	12.1531	17.8777	15.4826	17.0704	19.2472	9.8238	19.6265	15.9187	15.4963	6.07157	0.777817	7.80064	14.3071	10.475	13.518	8.11798	12.1391	3.02139	15.4195	
11.1924	18.0088	9.44172	1.21622	15.5426	0	7.68407	2.54558	13.2216	4.19237	6.36918	5.58137	20.4294	5.03341	3.83558	20.3237	14.7648	7.90562	5.1923	8.02728	10.0505	16.9283	7.69622	17.0084	14.0353	
9.36902	13.0126	11.16	8.9003	12.1531	7.68407	0	10.2297	8.78786	11.8764	14.6466	11.8228	16.7774	14.3813	13.3922	15.5548	12.9309	17.4624	12.8764	16.1803	13.684	19.084	9.48726	17.4158	14.5467	
5.31313	9.80986	4.20548	2.91548	17.8777	2.54558	10.2297	0	13.3155	6.73796	6.10998	3.03579	7.99038	2.48783	1.29	7.20999	12.0818	5.36004	7.01423	7.39323	8.30487	8.66835	9.39548	21.1524	11.7208	
1.44309	21.8005	19.4169	15.2149	15.4826	13.2216	8.78786	13.3155	0	8.44309	6.72066	12.7613	14.9431	11.2911	5.46622	25.2583	19.8099	12.7505	12.236	8.40387	17.6529	22.826	18.2751	15.8765	24.797	
7	21.6776	13.6341	5.4086	17.0704	4.19237	11.8764	6.73796	8.44309	0	2.17681	18.5369	18.076	5.79896	11.0231	20.1626	17.8482	18.5261	9.38468	14.1795	10.7056	17.1444	17.781	21.4559	9.84293	
5.27758	14.9337	9.25783	10.8967	19.2472	6.36918	14.6466	6.10998	6.72066	2.17681	0	11.8615	18.5271	3.62215	7.94965	27.3505	23.4292	19.6818	14.8728	16.0728	17.3396	22.7396	21.2279	21.0714	12.0197	
10.0841	7.13674	8.97644	5.95126	9.8238	5.58137	11.8228	3.03579	12.7613	18.5369	11.8615	0	4.95459	5.52362	4.32579	4.17421	9.04598	8.39582	8.18958	4.35744	5.26908	10.6691	10.2417	9.00089	6.13175	
13.5	12.0913	22.5265	17.3605	19.6265	20.4294	16.7774	7.99038	14.9431	18.076	18.5271	4.95459	0	13.1939	11.0156	9.1288	14.0006	19.4691	17.8156	9.31204	9.5142	15.953	16.5896	21.1684	8.65153	
8.35063	11.3115	5.63567	5.40331	15.9187	5.03341	14.3813	2.48783	11.2911	5.79896	3.62215	5.52362	13.1939	0	3.77783	12.4135	17.2853	7.84787	10.0517	12.5967	13.5084	11.7058	17.7014	22.0506	14.0911	
4.02313	13.1977	2.91548	4.20548	15.4963	3.83558	13.3922	1.29	5.46622	11.0231	7.94965	4.32579	11.0156	3.77783	0	10.2352	15.1069	6.65004	5.72423	9.55637	11.33	7.37835	9.18192	12.8175	13.0108	
20.1111	10.6788	10.882	12.5475	6.07157	20.3237	15.5548	7.20999	25.2583	20.1626	27.3505	4.17421	9.1288	12.4135	10.2352	0	6.84939	10.3407	9.52518	8.53165	9.44329	13.131	6.0675	7.69193	10.3197	
14.8174	5.38503	19.7451	15.981	0.777817	14.7648	12.9309	12.0818	19.8099	17.8482	23.4292	9.04598	14.0006	17.2853	15.1069	6.84939	0	7.02282	15.3681	9.71619	5.97538	7.68269	14.9305	2.24357	14.7604	
16.9812	4.44982	14.6397	8.27551	7.80064	7.90562	17.4624	5.36004	12.7505	18.5261	19.6818	8.39582	19.4691	7.84787	6.65004	10.3407	7.02282	0	8.17873	4.34658	8.3087	13.7087	16.4082	9.26639	9.17137	
9.74736	18.8005	8.63971	6.40853	14.3071	5.1923	12.8764	7.01423	12.236	9.38468	14.8728	8.18958	17.8156	10.0517	5.72423	9.52518	15.3681	8.17873	0	3.83214	7.31198	12.712	3.45769	11.0438	8.17465	
9.84696	8.79641	15.8262	6.81106	10.475	8.02728	16.1803	7.39323	8.40387	14.1795	16.0728	4.35744	9.31204	12.5967	9.55637	8.53165	9.71619	4.34658	3.83214	0	9.249	12.9117	7.28983	7.47262	10.1117	
22.6171	12.4058	14.9314	8.8343	13.518	10.0505	13.684	8.30487	17.6529	10.7056	17.3396	5.26908	9.5142	13.5084	11.33	9.44329	5.97538	8.3087	7.31198	9.249	0	5.4	8.54953	3.73181	0.86267	
11.4015	12.7252	9.53136	12.6783	8.11798	16.9283	19.084	8.66835	22.826	17.1444	22.7396	10.6691	15.953	11.7058	7.37835	13.131	7.68269	13.7087	12.712	12.9117	5.4	0	13.9495	5.43912	6.26267	
17.02	20.1167	15.4517	6.48	12.1391	7.69622	9.48726	9.39548	18.2751	17.781	21.2279	10.2417	16.5896	17.7014	9.18192	6.0675	14.9305	16.4082	3.45769	7.28983	8.54953	13.9495	0	12.2813	7.93804	
19.0095	18.5529	14.9705	12.5661	3.02139	17.0084	17.4158	21.1524	15.8765	21.4559	21.0714	9.00089	21.1684	22.0506	12.8175	7.69193	2.24357	9.26639	11.0438	7.47262	3.73181	5.43912	12.2813	0	4.59448	
16.8429	17.0766	16.8329	9.69697	15.4195	14.0353	14.5467	11.7208	24.797	9.84293	12.0197	6.13175	8.65153	14.0911	13.0108	10.3197	14.7604	9.17137	8.17465	10.1117	0.86267	6.26267	7.93804	4.59448	0	

0	17.2244	11.1052	8.54803	10.6424	8.20255	6.03901	7.26522	5.23634	3.695	1.1957	6.85708	11.16	7.06884	5.70569	8.87812	8.64833	12.7549	13.4357	6.61517	18.9182	18.0709	15.7379	21.8249	15.3279	
17.2244	0	14.0367	11.8903	6.73362	14.232	24.2521	6.5603	16.663	11.463	9.80029	14.9408	14.4951	8.76927	5.2903	9.57967	8.57606	18.2363	15.3061	11.3523	16.1128	10.9647	22.0142	10.813	13.807	
11.1052	14.0367	0	9.84154	19.2164	6.02316	13.7072	10.0164	12.2669	12.5206	10.9667	7.36862	13.2359	4.03636	7.51533	21.5989	17.9013	21.0188	18.8712	10.9571	24.3407	27.5691	27.9203	17.2479	12.8433	
8.54803	11.8903	9.84154	0	20.2882	3.81838	10.3732	1.28281	10.0621	10.7519	10.5513	4.88991	10.7572	7.09905	2.55281	10.9595	16.8114	4.32926	15.5346	5.28781	13.0416	17.7015	11.6235	8.65592	13.2733	
10.6424	6.73362	19.2164	20.2882	0	14.9871	23.4846	20.6795	21.372	16.172	18.6713	13.9586	19.2041	15.1801	12.0239	2.84605	1.99404	8.406	16.0999	15.3941	9.87732	12.0388	13.8574	4.07934	9.14193	
8.20255	14.232	6.02316	3.81838	14.9871	0	7.68407	5.10119	6.24375	6.93354	7.00685	8.70828	9.96564	6.59873	8.94166	18.1826	12.993	8.14764	19.2469	12.4263	18.9827	20.3775	17.1713	12.2188	15.4057	
6.03901	24.2521	13.7072	10.3732	23.4846	7.68407	0	9.4713	8.88395	7.3426	4.8433	10.5047	14.0652	14.2828	9.35329	20.4986	20.6771	14.7025	17.0833	10.2628	21.2301	15.2192	9.48726	19.4053	18.3484	
7.26522	6.5603	10.0164	1.28281	20.6795	5.10119	9.4713	0	10.666	7.70904	5.77999	6.17272	14.9186	4.74897	1.27	16.1433	15.9135	5.61207	7.95879	4.005	8.76551	11.9939	10.3407	16.981	9.78674	
5.23634	16.663	12.2669	10.0621	21.372	6.24375	8.88395	10.666	0	5.2	4.04064	5.55255	8.23209	12.7587	8.55063	14.568	14.3382	15.5998	16.2807	9.14103	22.4248	26.7483	19.9938	15.4318	25.296	
3.695	11.463	12.5206	10.7519	16.172	6.93354	7.3426	7.70904	5.2	0	2.4993	8.16068	3.03209	8.48427	6.43904	19.018	18.166	14.0585	14.7393	7.91876	20.8314	22.4277	7.61	19.1523	14.9558	
1.1957	9.80029	10.9667	10.5513	18.6713	7.00685	4.8433	5.77999	4.04064	2.4993	0	5.66138	5.53139	7.98895	4.50999	10.0738	9.84403	11.5592	9.37326	5.41946	10.18	13.4084	14.3306	15.5406	13.0267	
6.85708	14.9408	7.36862	4.88991	13.9586	8.70828	10.5047	6.17272	5.55255	8.16068	5.66138	0	5.86728	11.405	10.1714	14.2302	16.9886	9.21917	7.54228	3.58848	8.349	11.5774	10.4452	9.87927	18.4605	
11.16	14.4951	13.2359	10.7572	19.2041	9.96564	14.0652	14.9186	8.23209	3.03209	5.53139	5.86728	0	11.5164	9.47114	15.5893	19.8083	21.5657	12.5178	9.45576	17.5828	15.6275	4.5779	15.7466	18.2179	
7.06884	8.76927	4.03636	7.09905	15.1801	6.59873	14.2828	4.74897	12.7587	8.48427	7.98895	11.405	11.5164	0	3.47897	15.2568	13.8649	11.4283	15.7649	10.495	9.54235	11.9362	16.8307	18.8175	8.80696	
5.70569	5.2903	7.51533	2.55281	12.0239	8.94166	9.35329	1.27	8.55063	6.43904	4.50999	10.1714	9.47114	3.47897	0	14.9665	13.8664	10.9293	15.4747	5.275	9.25213	11.646	11.6107	15.711	8.51674	
8.87812	9.57967	21.5989	10.9595	2.84605	18.1826	20.4986	16.1433	14.568	19.018	10.0738	14.2302	15.5893	15.2568	14.9665	0	4.84009	6.63021	13.4077	14.1462	7.1852	9.19274	11.0114	6.92539	6.44981	
8.64833	8.57606	17.9013	16.8114	1.99404	12.993	20.6771	15.9135	14.3382	18.166	9.84403	16.9886	19.8083	13.8649	13.8664	4.84009	0	11.8198	17.3539	13.4001	14.218	14.3823	16.2009	6.07338	11.136	
12.7549	18.2363	21.0188	4.32926	8.406	8.14764	14.7025	5.61207	15.5998	14.0585	11.5592	9.21917	21.5657	11.4283	10.9293	6.63021	11.8198	0	11.4698	7.51597	9.67939	12.0732	17.6416	4.32666	8.944	
13.4357	15.3061	18.8712	15.5346	16.0999	19.2469	17.0833	7.95879	16.2807	14.7393	9.37326	7.54228	12.5178	15.7649	15.4747	13.4077	17.3539	11.4698	0	3.9538	7.69332	10.0871	7.93987	15.3662	6.95793	
6.61517	11.3523	10.9571	5.28781	15.3941	12.4263	10.2628	4.005	9.14103	7.91876	5.41946	3.58848	9.45576	10.495	5.275	14.1462	13.4001	7.51597	3.9538	0	4.76051	7.9889	11.8937	11.5244	5.49591	
18.9182	16.1128	24.3407	13.0416	9.87732	18.9827	21.2301	8.76551	22.4248	20.8314	10.18	8.349	17.5828	9.54235	9.25213	7.1852	14.218	9.67939	7.69332	4.76051	0	3.86461	13.0049	6.7639	0.735391	
18.0709	10.9647	27.5691	17.7015	12.0388	20.3775	15.2192	11.9939	26.7483	22.4277	13.4084	11.5774	15.6275	11.9362	11.646	9.19274	14.3823	12.0732	10.0871	7.9889	3.86461	0	11.0496	8.15868	3.12922	
15.7379	22.0142	27.9203	11.6235	13.8574	17.1713	9.48726	10.3407	19.9938	7.61	14.3306	10.4452	4.5779	16.8307	11.6107	11.0114	16.2009	17.6416	7.93987	11.8937	13.0049	11.0496	0	18.7257	13.64	
21.8249	10.813	17.2479	8.65592	4.07934	12.2188	19.4053	16.981	15.4318	19.1523	15.5406	9.87927	15.7466	18.8175	15.711	6.92539	6.07338	4.32666	15.3662	11.5244	6.7639	8.15868	18.7257	0	7.4993	
15.3279	13.807	12.8433	13.2733	9.14193	15.4057	18.3484	9.78674	25.296	14.9558	13.0267	18.4605	18.2179	8.80696	8.51674	6.44981	11.136	8.944	6.95793	5.49591	0.735391	3.12922	13.64	7.4993	0	

0	13.1742	18.7786	6.63073	15.6416	4.19829	3.50051	8.34168	4.53542	7.50301	4.49419	13.6617	6.84	12.8003	14.2816	18.6268	16.0612	21.7713	12.4042	15.0482	22.6219	16.2847	12.0469	18.5087	25.0496	
13.1742	0	9.95568	18.5012	6.93699	20.1056	24.9589	11.3612	23.1933	17.9365	8.68	12.3966	25.8035	8.68094	10.9012	7.67827	5.11265	6.14499	10.397	20.9958	15.9127	17.5927	20.1091	7.56018	14.101	
18.7786	9.95568	0	18.2588	16.134	19.0396	13.8811	7.93804	15.885	9.87862	11.7855	22.0309	23.4064	11.7283	8.39804	20.1132	15.0683	16.1007	22.328	12.9443	16.009	30.7603	30.9645	22.7519	16.5606	
6.63073	18.5012	18.2588	0	18.1886	2.43245	8.36016	8.06	18.8134	14.58	13.8647	11.8626	17.0263	11.7154	7.6	17.9786	19.588	18.1142	17.8883	15.327	27.3508	11.4322	10.281	20.7293	25.6099	
15.6416	6.93699	16.134	18.1886	0	15.7895	21.3568	8.196	14.1007	18.4159	11.1474	6.32607	21.8898	9.16038	8.656	2.40333	1.82434	6.06097	10.313	11.1107	12.6243	8.94967	10.833	4.27186	10.8127	
4.19829	20.1056	19.0396	2.43245	15.7895	0	5.92771	11.044	8.7337	9.93021	8.69247	9.46346	11.0383	11.4247	10.0324	15.9145	20.2595	15.7151	12.5229	14.2481	26.2722	13.8647	7.8486	17.7755	18.6935	
3.50051	24.9589	13.8811	8.36016	21.3568	5.92771	0	16.5277	7.25603	4.0025	7.9947	15.3912	10.3405	13.2581	14.8823	19.3305	19.5617	22.8407	27.1264	16.4015	28.0083	12.7842	13.7763	22.0813	27.4568	
8.34168	11.3612	7.93804	8.06	8.196	11.044	16.5277	0	9.65981	11.3398	3.84749	9.79089	13.2144	4.57536	0.46	10.5993	10.0203	14.257	11.9085	5.00625	21.2966	10.9409	15.1304	14.8139	20.7396	
4.53542	23.1933	15.885	18.8134	14.1007	8.7337	7.25603	9.65981	0	11.2585	9.0296	19.1815	11.3754	15.4648	10.1198	16.5041	15.9251	20.1617	24.4069	14.6661	23.8304	16.8914	19.7326	15.6146	23.2789	
7.50301	17.9365	9.87862	14.58	18.4159	9.93021	4.0025	11.3398	11.2585	0	13.3942	20.1828	13.5278	9.25557	10.8798	26.6339	24.1298	18.8382	19.0921	17.5315	25.8876	16.7867	21.227	27.3391	26.5172	
4.49419	8.68	11.7855	13.8647	11.1474	8.69247	7.9947	3.84749	9.0296	13.3942	0	17.4734	11.3342	9.65243	4.30749	13.5507	12.9717	14.825	22.6878	8.85374	18.1277	22.8224	19.2808	18.642	18.6793	
13.6617	12.3966	22.0309	11.8626	6.32607	9.46346	15.3912	9.79089	19.1815	20.1828	17.4734	0	12.2061	14.1345	10.0191	6.45105	8.15041	6.2516	9.18122	4.78464	17.9929	10.7193	4.50694	9.34504	15.3519	
6.84	25.8035	23.4064	17.0263	21.8898	11.0383	10.3405	13.2144	11.3754	13.5278	11.3342	12.2061	0	19.6403	17.0127	14.4327	14.7851	9.8163	5.56424	8.2082	15.0268	14.1428	7.6992	17.6261	13.2858	
12.8003	8.68094	11.7283	11.7154	9.16038	11.4247	13.2581	4.57536	15.4648	9.25557	9.65243	14.1345	19.6403	0	4.11536	11.5637	10.9847	14.8259	15.5638	10.8112	17.8132	24.063	19.2733	16.655	17.2616	
14.2816	10.9012	8.39804	7.6	8.656	10.0324	14.8823	0.46	10.1198	10.8798	4.30749	10.0191	17.0127	4.11536	0	15.8156	13.25	14.5064	11.4485	5.46625	20.911	19.0322	14.5261	15.2739	19.1701	
18.6268	7.67827	20.1132	17.9786	2.40333	15.9145	19.3305	10.5993	16.5041	26.6339	13.5507	6.45105	14.4327	11.5637	15.8156	0	2.56562	8.4643	8.86848	11.2357	12.4025	6.54634	10.958	2.89399	11.554	
16.0612	5.11265	15.0683	19.588	1.82434	20.2595	19.5617	10.0203	15.9251	24.1298	12.9717	8.15041	14.7851	10.9847	13.25	2.56562	0	7.8853	9.22089	15.506	9.53994	9.11196	12.3744	2.44753	8.98839	
21.7713	6.14499	16.1007	18.1142	6.06097	15.7151	22.8407	14.257	20.1617	18.8382	14.825	6.2516	9.8163	14.8259	14.5064	8.4643	7.8853	0	4.25206	11.0362	12.5207	16.0355	8.92634	12.3831	11.9692	
12.4042	10.397	22.328	17.8883	10.313	12.5229	27.1264	11.9085	24.4069	19.0921	22.6878	9.18122	5.56424	15.5638	11.4485	8.86848	9.22089	4.25206	0	10.7665	8.27315	14.3422	4.67428	11.6684	7.72161	
15.0482	20.9958	12.9443	15.327	11.1107	14.2481	16.4015	5.00625	14.6661	17.5315	8.85374	4.78464	8.2082	10.8112	5.46625	11.2357	15.506	11.0362	10.7665	0	19.1781	5.93461	9.29158	15.2317	18.4881	
22.6219	15.9127	16.009	27.3508	12.6243	26.2722	28.0083	21.2966	23.8304	25.8876	18.1277	17.9929	15.0268	17.8132	20.911	12.4025	9.53994	12.5207	8.27315	19.1781	0	18.8053	11.3965	13.2475	0.551543	
16.2847	17.5927	30.7603	11.4322	8.94967	13.8647	12.7842	10.9409	16.8914	16.7867	22.8224	10.7193	14.1428	24.063	19.0322	6.54634	9.11196	16.0355	14.3422	5.93461	18.8053	0	16.0587	9.2971	18.2538	
12.0469	20.1091	30.9645	10.281	10.833	7.8486	13.7763	15.1304	19.7326	21.227	19.2808	4.50694	7.6992	19.2733	14.5261	10.958	12.3744	8.92634	4.67428	9.29158	11.3965	16.0587	0	9.92685	10.8449	
18.5087	7.56018	22.7519	20.7293	4.27186	17.7755	22.0813	14.8139	15.6146	27.3391	18.642	9.34504	17.6261	16.655	15.2739	2.89399	2.44753	12.3831	11.6684	15.2317	13.2475	9.2971	9.92685	0	11.4359	
25.0496	14.101	16.5606	25.6099	10.8127	18.6935	27.4568	20.7396	23.2789	26.5172	18.6793	15.3519	13.2858	17.2616	19.1701	11.554	8.98839	11.9692	7.72161	18.4881	0.551543	18.2538	10.8449	11.4359	0	

0	8.92432	8.33851	4.52754	10.5029	8.67556	7.67299	9.28885	5.48373	3.9	1.48432	11.5565	12.0633	14.8798	11.64	7.7201	11.5311	12.1605	19.0073	13.3555	12.5826	10.969	15.94	14.422	15.8113	
8.92432	0	6.59228	10.4832	6.58806	7.06903	13.6287	8.56898	11.3802	15.1798	7.44	8.97847	15.8849	8.26775	9.65898	3.80526	10.9773	8.24568	15.0924	10.0097	19.013	7.73977	12.7735	10.5071	10.6082	
8.33851	6.59228	0	9.89742	25.0936	11.2289	13.0429	7.55252	13.1224	14.594	6.8542	15.5708	20.3284	1.67547	8.08186	10.3975	22.243	7.60438	16.2099	13.0409	10.2669	14.332	26.6713	24.8637	20.6314	
4.52754	10.4832	9.89742	0	16.2383	3.93151	9.23189	2.79886	8.24267	10.39	3.04322	6.4671	11.403	8.38979	3.88886	8.04366	15.3914	9.07083	16.5014	11.9272	6.09262	12.5279	9.45	11.2239	8.52507	
10.5029	6.58806	25.0936	16.2383	0	16.6845	21.9733	8.02761	19.7442	14.361	19.3865	13.8913	25.0341	17.4947	11.0883	2.7828	1.59806	7.22322	9.94077	8.98723	15.1873	6.07806	8.67355	9.48468	5.87825	
8.67556	7.06903	11.2289	3.93151	16.6845	0	13.3799	5.86899	4.31116	8.08116	6.97474	9.53723	12.8088	9.55339	5.59614	10.8743	15.946	13.0023	24.0878	17.3653	10.0241	13.3434	13.3815	21.3071	20.2262	
7.67299	13.6287	13.0429	9.23189	21.9733	13.3799	0	17.999	14.3508	13.9284	6.18867	19.1332	19.6629	12.1219	18.5283	22.074	17.0145	18.0508	14.2103	12.4162	20.7134	15.6734	9.93903	15.8049	16.9256	
9.28885	8.56898	7.55252	2.79886	8.02761	5.86899	17.999	0	9.74592	11.5257	5.84208	3.66824	14.2018	5.87705	1.09	5.24481	12.4169	9.68522	16.532	11.4492	8.89148	8.83726	12.2489	11.9467	10.6001	
5.48373	11.3802	13.1224	8.24267	19.7442	4.31116	14.3508	9.74592	0	3.77	6.96805	15.9638	11.9333	13.3636	8.65592	13.2038	17.0148	19.2925	27.898	20.6947	21.955	16.4032	24.2899	24.3669	16.0737	
3.9	15.1798	14.594	10.39	14.361	8.08116	13.9284	11.5257	3.77	0	5.38432	12.1938	8.16333	14.9118	10.4357	11.5782	15.4311	16.0186	15.0189	13.7519	14.7361	15.1721	21.388	18.2801	12.3037	
1.48432	7.44	6.8542	3.04322	19.3865	6.97474	6.18867	5.84208	6.96805	5.38432	0	11.3742	13.4742	8.52967	8.19322	9.20442	13.0154	12.1141	20.0829	11.8712	9.13584	9.48472	12.4932	19.9202	12.3532	
11.5565	8.97847	15.5708	6.4671	13.8913	9.53723	19.1332	3.66824	15.9638	12.1938	11.3742	0	15.6705	9.54529	4.75824	8.91305	11.212	16.2396	9.6471	10.0819	9.36426	9.80026	9.19416	15.06	6.93181	
12.0633	15.8849	20.3284	11.403	25.0341	12.8088	19.6629	14.2018	11.9333	8.16333	13.4742	15.6705	0	16.954	16.553	11.793	13.4225	11.7462	13.8003	5.58856	17.4956	22.959	8.06574	23.5532	13.5073	
14.8798	8.26775	1.67547	8.38979	17.4947	9.55339	12.1219	5.87705	13.3636	14.9118	8.52967	9.54529	16.954	0	6.40639	10.3693	12.2495	5.92891	14.5344	11.3655	8.59142	14.1537	13.8426	13.7227	11.0239	
11.64	9.65898	8.08186	3.88886	11.0883	5.59614	18.5283	1.09	8.65592	10.4357	8.19322	4.75824	16.553	6.40639	0	6.33481	12.2273	12.3353	18.553	17.7719	11.2426	7.74726	14.6	15.711	10.6157	
7.7201	3.80526	10.3975	8.04366	2.7828	10.8743	22.074	5.24481	13.2038	11.5782	9.20442	8.91305	11.793	10.3693	6.33481	0	4.38087	4.44042	11.2872	6.20443	10.702	11.0034	8.6816	6.70188	11.4523	
11.5311	10.9773	22.243	15.3914	1.59806	15.946	17.0145	12.4169	17.0148	15.4311	13.0154	11.212	13.4225	12.2495	12.2273	4.38087	0	6.32054	6.99548	7.8339	6.71263	4.48	7.07549	11.6541	4.28019	
12.1605	8.24568	7.60438	9.07083	7.22322	13.0023	18.0508	9.68522	19.2925	16.0186	12.1141	16.2396	11.7462	5.92891	12.3353	4.44042	6.32054	0	13.2376	6.15766	6.26163	10.8005	8.63484	9.41049	8.69408	
19.0073	15.0924	16.2099	16.5014	9.94077	24.0878	14.2103	16.532	27.898	15.0189	20.0829	9.6471	13.8003	14.5344	18.553	11.2872	6.99548	13.2376	0	8.21173	5.14774	5.58374	9.47662	15.3425	2.71529	
13.3555	10.0097	13.0409	11.9272	8.98723	17.3653	12.4162	11.4492	20.6947	13.7519	11.8712	10.0819	5.58856	11.3655	17.7719	6.20443	7.8339	6.15766	8.21173	0	10.3511	10.7871	2.47718	8.34304	7.91869	
12.5826	19.013	10.2669	6.09262	15.1873	10.0241	20.7134	8.89148	21.955	14.7361	9.13584	9.36426	17.4956	8.59142	11.2426	10.702	6.71263	6.26163	5.14774	10.3511	0	5.3009	10.9971	5.13124	2.43245	
10.969	7.73977	14.332	12.5279	6.07806	13.3434	15.6734	8.83726	16.4032	15.1721	9.48472	9.80026	22.959	14.1537	7.74726	11.0034	4.48	10.8005	5.58374	10.7871	5.3009	0	11.5555	10.4355	2.86845	
15.94	12.7735	26.6713	9.45	8.67355	13.3815	9.93903	12.2489	24.2899	21.388	12.4932	9.19416	8.06574	13.8426	14.6	8.6816	7.07549	8.63484	9.47662	2.47718	10.9971	11.5555	0	5.86587	10.3959	
14.422	10.5071	24.8637	11.2239	9.48468	21.3071	15.8049	11.9467	24.3669	18.2801	19.9202	15.06	23.5532	13.7227	15.711	6.70188	11.6541	9.41049	15.3425	8.34304	5.13124	10.4355	5.86587	0	7.56368	
15.8113	10.6082	20.6314	8.52507	5.87825	20.2262	16.9256	10.6001	16.0737	12.3037	12.3532	6.93181	13.5073	11.0239	10.6157	11.4523	4.28019	8.69408	2.71529	7.91869	2.43245	2.86845	10.3959	7.56368	0	

0	17.9929	19.1162	10.0955	10.9818	11.5663	9.67789	8.16502	4.9065	7.3808	1.97909	16.4864	15.4774	6.68674	8.2139	13.459	8.64833	22.1087	17.1073	15.6568	13.0134	14.6695	23.36	12.3196	17.4227	
17.9929	0	4.97784	13.879	12.0496	16.1051	18.0498	7.21391	20.8491	21.7854	27.3328	11.8516	20.8917	12.2398	9.77904	10.845	14.3831	13.1376	8.64833	16.2928	16.1822	13.56	11.0815	17.2422	16.8791	
19.1162	4.97784	0	5.67633	17.0275	10.4915	18.91	2.23607	8.87719	9.65841	17.3054	18.0761	15.9138	3.71434	3.33607	15.8228	20.1509	16.2546	13.6262	19.3246	19.7153	18.5978	19.3786	25.1611	14.608	
10.0955	13.879	5.67633	0	10.1191	1.47078	13.4557	3.44026	10.0814	9.72	11.2435	3.75113	17.1836	4.91854	4.1	15.7517	18.7439	12.6674	12.2586	10.3039	10.5031	17.7015	17.55	23.8363	15.8122	
10.9818	12.0496	17.0275	10.1191	0	8.64833	28.4853	21.3763	18.6494	13.2536	18.421	10.9287	19.9106	11.0097	14.9744	4.23745	2.33345	9.77277	14.6388	9.68524	12.3066	12.3013	16.9053	6.00475	11.1078	
11.5663	16.1051	10.4915	1.47078	8.64833	0	12.2817	4.91104	14.5555	8.54599	9.77272	2.28035	10.7553	8.7868	5.57078	12.8858	10.9818	5.89239	5.4836	4.41635	9.26965	11.6696	15.9332	14.8148	10.9101	
9.67789	18.0498	18.91	13.4557	28.4853	12.2817	0	11.158	9.83595	3.73567	9.13738	12.3554	11.1993	16.3646	17.8918	28.8947	14.6558	31.1873	19.0233	22.9607	19.3296	41.7767	19.3116	27.0176	29.5733	
8.16502	7.21391	2.23607	3.44026	21.3763	4.91104	11.158	0	6.64112	7.42234	11.4239	12.3025	14.3386	1.47828	1.1	8.25057	18.3425	14.0186	15.6	11.2201	7.50312	9.46104	18.0332	22.4965	12.3719	
4.9065	20.8491	8.87719	10.0814	18.6494	14.5555	9.83595	6.64112	0	10.1845	4.7828	15.404	10.5709	8.1194	7.74112	16.795	13.5548	20.6597	12.2008	18.4605	15.8171	17.1125	14.634	24.8158	19.013	
7.3808	21.7854	9.65841	9.72	13.2536	8.54599	3.73567	7.42234	10.1845	0	5.40171	8.61976	7.46362	8.90062	8.52234	21.0077	10.9202	12.2318	11.823	10.7558	15.5939	17.9939	15.576	14.5915	17.2344	
1.97909	27.3328	17.3054	11.2435	18.421	9.77272	9.13738	11.4239	4.7828	5.40171	0	12.0531	12.8653	8.66583	10.193	19.1255	10.6274	18.1193	16.9836	13.6777	11.0343	13.4343	20.9777	27.9161	12.6748	
16.4864	11.8516	18.0761	3.75113	10.9287	2.28035	12.3554	12.3025	15.404	8.61976	12.0531	0	8.47496	10.8242	8.60642	7.58379	13.769	3.61204	3.20325	2.136	11.2894	8.11497	5.63644	17.602	11.434	
15.4774	20.8917	15.9138	17.1836	19.9106	10.7553	11.1993	14.3386	10.5709	7.46362	12.8653	8.47496	0	15.8169	15.4386	17.8761	18.3838	12.087	11.6782	10.611	23.0575	22.4336	23.0396	18.0278	22.673	
6.68674	12.2398	3.71434	4.91854	11.0097	8.7868	16.3646	1.47828	8.1194	8.90062	8.66583	10.8242	15.8169	0	2.46073	6.7723	15.3351	12.3076	12.8945	9.74183	8.86386	7.98276	22.7739	13.1695	13.8502	
8.2139	9.77904	3.33607	4.1	14.9744	5.57078	17.8918	1.1	7.74112	8.52234	10.193	8.60642	15.4386	2.46073	0	9.23303	16.8622	15.1186	14.4893	12.2026	6.40312	8.80312	17.8426	23.4295	8.04361	
13.459	10.845	15.8228	15.7517	4.23745	12.8858	28.8947	8.25057	16.795	21.0077	19.1255	7.58379	17.8761	6.7723	9.23303	0	6.5709	5.53531	11.2872	5.44779	16.5441	12.5321	13.7203	6.39725	18.8619	
8.64833	14.3831	20.1509	18.7439	2.33345	10.9818	14.6558	18.3425	13.5548	10.9202	10.6274	13.769	18.3838	15.3351	16.8622	6.5709	0	13.4604	14.7095	15.5353	10.4149	9.80611	17.1427	3.67129	8.77438	
22.1087	13.1376	16.2546	12.6674	9.77277	5.89239	31.1873	14.0186	20.6597	12.2318	18.1193	3.61204	12.087	12.3076	15.1186	5.53531	13.4604	0	6.81528	5.74804	11.1987	10.0929	16.0076	11.9326	12.8392	
17.1073	8.64833	13.6262	12.2586	14.6388	5.4836	19.0233	15.6	12.2008	11.823	16.9836	3.20325	11.6782	12.8945	14.4893	11.2872	14.7095	6.81528	0	5.33925	7.31172	4.91172	2.43319	11.0465	8.23072	
15.6568	16.2928	19.3246	10.3039	9.68524	4.41635	22.9607	11.2201	18.4605	10.7558	13.6777	2.136	10.611	9.74183	12.2026	5.44779	15.5353	5.74804	5.33925	0	10.1606	7.76064	12.4697	11.845	13.4738	
13.0134	16.1822	19.7153	10.5031	12.3066	9.26965	19.3296	7.50312	15.8171	15.5939	11.0343	11.2894	23.0575	8.86386	6.40312	16.5441	10.4149	11.1987	7.31172	10.1606	0	2.4	10.5194	8.53482	1.64049	
14.6695	13.56	18.5978	17.7015	12.3013	11.6696	41.7767	9.46104	17.1125	17.9939	13.4343	8.11497	22.4336	7.98276	8.80312	12.5321	9.80611	10.0929	4.91172	7.76064	2.4	0	7.34491	6.13482	4.04049	
23.36	11.0815	19.3786	17.55	16.9053	15.9332	19.3116	18.0332	14.634	15.576	20.9777	5.63644	23.0396	22.7739	17.8426	13.7203	17.1427	16.0076	2.43319	12.4697	10.5194	7.34491	0	18.4408	10.6639	
12.3196	17.2422	25.1611	23.8363	6.00475	14.8148	27.0176	22.4965	24.8158	14.5915	27.9161	17.602	18.0278	13.1695	23.4295	6.39725	3.67129	11.9326	11.0465	11.845	8.53482	6.13482	18.4408	0	12.3933	
17.4227	16.8791	14.608	15.8122	11.1078	10.9101	29.5733	12.3719	19.013	17.2344	12.6748	11.434	22.673	13.8502	8.04361	18.8619	8.77438	12.8392	8.23072	13.4738	1.64049	4.04049	10.6639	12.3933	0	

0	12.4354	8.71489	13.5569	18.294	12.2465	11.4141	5.67041	5.68989	2.8	3.91695	8.69374	7.28551	7.36502	6.34041	16.6824	13.1747	18.6874	12.7279	23.1294	20.8141	18.0326	10.2635	27.4515	13.039	
12.4354	0	15.945	12.5523	18.6038	8.39447	8.815	6.76498	12.1512	21.1328	12.5362	13.9813	23.4086	8.45959	7.43498	23.3166	14.2693	20.3592	21.61	19.5347	13.5238	25.4696	17.3771	18.7716	15.8714	
8.71489	15.945	0	7.70857	19.9952	11.8664	7.13	6.5687	12.8542	7.13599	4.79794	9.57472	8.1665	4.87409	11.3653	9.71145	16.2951	24.1843	13.4479	13.2468	21.534	18.7525	18.4423	29.0561	13.92	
13.5569	12.5523	7.70857	0	9.37846	4.15779	14.8386	7.77	10.2612	16.3569	12.5065	9.14594	10.6219	7.46783	7.1	12.3052	8.5865	17.4821	10.8271	14.6387	15.2315	16.1318	15.8216	20.4794	14.5606	
18.294	18.6038	19.9952	9.37846	0	20.7127	26.572	8.29627	23.9838	19.4572	13.4916	5.43092	10.7652	7.17744	18.9759	2.34009	0.79196	4.04326	16.7705	9.45048	11.3142	7.35431	14.9429	11.1945	13.6618	
12.2465	8.39447	11.8664	4.15779	20.7127	0	17.2095	6.57609	14.419	12.7384	10.3636	5.58686	14.7797	7.58362	7.24609	12.421	10.2258	17.5731	14.9849	13.96	19.3893	23.3868	16.2232	26.0101	19.1608	
11.4141	8.815	7.13	14.8386	26.572	17.2095	0	15.5482	5.7242	12.4842	11.9279	18.8618	15.8068	12.0041	10.3407	18.691	26.6268	30.4284	20.5779	19.8236	22.3388	30.304	22.1369	31.5018	26.4772	
5.67041	6.76498	6.5687	7.77	8.29627	6.57609	15.5482	0	5.28649	8.10929	5.77124	6.70281	9.1398	1.69461	0.67	6.53196	7.50431	13.4945	17.3918	12.67	20.2888	18.8005	17.64	23.4132	14.8933	
