100
10
3
26
20

2	10
18	44
49	8
24	29
18	24
14	12
4	39
32	30
7	29
40	48

12	38
32	17
29	12
25	20
2	30
31	46
5	13
13	36
38	6
29	11
38	47
9	47
11	18
17	31
19	6
12	7
5	14
40	36
9	45
24	43
48	45
50	13
8	43
42	23
43	14
43	6
49	4
35	41
31	42
19	24
26	29
43	47
37	36
30	3
8	34
18	40
40	10
4	27
24	26
41	17
36	22
6	6
39	40
18	29
20	3
27	3
8	26
13	37
9	6
3	28
5	50
5	28
40	5
16	28
46	41
36	46
50	47
29	41
31	2
30	11
44	17
1	3
25	26
49	11
34	6
30	12
15	17
30	40
16	35
31	42
4	17
3	50
25	33
43	30
30	38
37	49
26	30
21	47
22	8
22	17
29	43
3	42
33	8
31	20
44	32
14	39
6	35
9	34
7	1
49	32
22	1
50	21
45	11
36	45
25	4
50	18
21	50
32	49
38	1
43	28

70

1.79769e+308
1.79769e+308
1.79769e+308
1.79769e+308
1.79769e+308
1.79769e+308
1.79769e+308
1.79769e+308
1.79769e+308
1.79769e+308

14
19
16
18
16
14
18
12
14
20
19
20
19
18
19
18
20
20
19
15
19
18
12
19
20
19
11
16
20
17
15
19
19
11
20
12
14
19
12
20
12
20
15
16
13
15
18
19
12
19
18
20
13
17
17
11
16
16
17
16
18
16
18
19
18
17
16
13
16
15
11
15
13
16
18
15
11
14
12
16
17
17
12
14
14
15
19
16
19
12
16
11
11
14
17
15
17
20
15
12

0
0
0
0
0
0
0
0
0
0

0

0	2.93704	7.08331	3.67279	4.04144	1.55858	3.38334	1.50899	3.2507	4.32293	3.7435	1.95004	3.27722	2.127	4.77914	2.92265	0.770072	3.55976	3.50186	4.83485	4.57389	6.92449	1.49984	4.42999	3.64474	4.04358	1.25129	4.57366	4.02739	3.4213	8.21099	7.66144	3.45724	5.0768	8.33791	6.772	9.07216	4.20871	3.76026	2.24104	5.36214	11.0645	2.49017	6.68472	3.65763	5.19224	4.45268	1.80489	2.52267	6.14531	5.91571	2.62666	5.80359	1.79474	1.53558	4.33258	2.91162	4.40042	1.9023	3.74856	4.98856	2.36887	5.40655	4.28395	4.35071	6.98909	10.6099	3.36458	3.26968	4.24086	2.97689	2.26379	2.23394	6.29353	5.3538	5.27292	1.5973	5.49683	4.59086	5.75046	1.12907	3.91806	3.45666	9.76052	3.50714	3.86794	3.0094	3.9533	2.72437	4.75543	4.17864	4.06612	5.26371	4.60384	5.15132	3.15031	4.8435	4.59557	3.11764	3.99381	4.20082	7.35451	8.02227	3.85955	5.6436	2.56105	6.68083	4.7566	4.52561	4.77022	
2.93704	0	9.39958	5.22126	2.9948	5.20939	4.25481	3.57299	3.43838	5.04305	2.39391	4.95322	5.67958	2.84151	3.93228	1.4743	2.44493	2.58911	5.41238	3.95224	5.47868	3.34527	2.17874	0.882819	4.78618	3.92821	3.36582	4.66983	3.63868	1.66069	4.37778	6.39027	2.28156	2.98041	6.16984	5.65411	6.80195	5.92355	4.38226	4.2844	2.08751	4.59235	3.94282	5.7954	4.93158	1.57573	5.57294	4.10188	4.67089	4.44265	3.97614	5.85334	2.77859	3.04643	3.65211	6.55707	4.14596	2.69566	8.23156	3.45366	2.09239	3.04776	6.05848	3.28084	5.92825	3.78342	3.78805	3.03858	5.08156	4.92491	4.54651	7.03444	4.40722	5.9654	3.79812	4.58762	2.2762	1.31727	3.0428	2.53539	1.80797	3.91249	3.38117	3.63331	4.59	4.04008	3.45217	0.443653	6.28698	4.29172	5.51976	4.83301	5.67787	3.34322	6.38035	1.69086	3.99487	3.64543	6.35039	5.94572	7.21405	4.21533	4.17806	4.80489	7.57824	4.95935	2.25269	1.79446	6.73797	2.95223	
7.08331	9.39958	0	5.73015	5.26594	3.80189	5.21917	5.63689	5.0276	7.21905	7.85508	4.92703	3.84174	7.21375	7.35354	6.70156	6.107	4.78426	3.26088	3.78087	4.41412	9.87688	4.15391	5.65449	4.9351	4.91743	6.34499	3.62432	5.25189	9.80436	7.37067	0.949225	6.39774	5.67019	1.11243	2.90042	1.93786	9.25244	7.59717	4.74864	3.20672	3.06036	2.23678	4.38078	4.02224	10.1319	3.40515	5.93183	5.68986	4.30082	6.96111	7.31522	4.87412	7.12481	6.59077	4.91413	5.68447	6.54548	5.31	7.15799	10.9001	6.61241	1.46577	6.06084	7.5416	6.99841	4.59238	7.2099	3.97616	4.16909	1.86564	5.19392	7.38568	3.33068	2.20866	5.61785	4.43595	5.2128	2.23662	6.66855	4.52467	10.0661	3.95832	5.44772	4.8187	4.90764	6.04597	7.33417	4.42151	5.16721	5.93105	8.4526	5.72491	3.93905	5.09225	6.31417	7.46711	8.77811	2.24283	2.42579	5.8693	5.85526	4.53755	5.6037	3.52868	2.15593	5.81342	5.87965	5.4204	9.75873	
3.67279	5.22126	5.73015	0	1.70217	2.58756	5.48103	1.44334	1.04695	2.92631	1.7234	4.45182	2.48212	1.71314	4.17702	5.21394	3.79987	0.687039	7.41757	4.08493	6.13951	3.92069	1.3174	3.07683	2.72657	2.00729	3.76733	1.14213	2.67423	4.12293	1.95381	2.44908	4.39658	4.64145	2.67053	4.1304	4.12411	4.56167	4.65306	1.32121	2.02318	4.80733	2.59423	3.34203	1.43007	1.70041	3.93759	3.35417	0.214238	3.93221	4.26069	4.70285	3.34489	4.31267	4.51529	2.68126	2.95282	3.16515	3.63849	4.65564	3.54236	1.0321	4.30598	2.27215	5.42711	4.23722	2.54354	2.94112	2.90433	4.21578	1.53267	2.61626	0.502967	3.70068	4.00064	3.27063	2.15915	4.07355	1.9271	4.26479	1.94701	4.97546	1.84009	3.2856	2.75179	3.13237	2.21431	4.75651	2.78782	2.6986	4.21213	3.1363	4.65235	1.54191	4.45156	1.87189	5.82352	1.45143	4.68189	5.35605	5.52483	5.01195	4.69455	3.90983	2.82954	5.81817	5.14152	6.221	6.69089	3.02954	
4.04144	2.9948	5.26594	1.70217	0	1.64731	1.16134	1.113	1.91869	1.98605	2.33393	4.34769	2.09207	4.44026	2.91712	3.24223	2.99745	1.74239	5.31749	3.46703	4.08583	1.56143	1.11203	0.747831	2.26236	5.0255	2.43256	2.66929	1.86263	5.08537	6.63535	2.5649	2.65924	2.14117	2.51018	3.5243	3.18386	3.82808	2.40462	0.380955	1.56611	4.75101	1.27734	3.945	1.23779	2.85306	4.60541	2.88996	2.33363	3.60341	2.17648	4.96428	4.31015	2.90364	5.30234	4.45831	2.16779	2.22489	4.89963	2.75901	3.75938	3.56258	5.22133	0.885448	5.69188	5.11775	5.97529	4.77346	3.58243	1.77029	3.30643	2.15205	1.45257	1.96335	2.29898	1.56499	0.858075	2.14154	1.38599	2.40462	1.32631	3.17423	2.03148	2.34535	4.17152	2.27384	1.50564	1.187	6.61776	3.54641	3.75897	2.5952	3.27865	3.85707	3.07786	2.47543	0.666983	1.95447	5.60943	4.45596	4.41865	3.46686	4.69191	3.16257	2.0105	5.12078	3.86643	4.2064	5.92636	3.75308	
1.55858	5.20939	3.80189	2.58756	1.64731	0	5.07919	1.94964	2.62186	2.87145	2.46389	4.46761	3.15099	1.33163	3.11145	3.18593	2.02284	2.65396	8.03682	3.27877	5.78835	5.09644	1.57094	3.52418	2.19422	2.46117	1.54162	3.01508	3.12159	5.09656	3.20536	2.33473	2.78919	6.35067	2.55618	3.98481	4.06926	4.30889	4.31286	1.26635	1.69606	6.29999	3.69334	3.43478	2.10903	2.59741	4.056	1.36348	2.66862	4.53782	5.42559	4.07278	4.90633	3.35332	3.09415	2.17325	3.4558	3.11029	2.56912	2.0117	5.99674	3.23076	2.68242	3.65511	5.13587	6.81221	8.03847	4.80417	2.78998	2.89943	1.41831	3.06362	2.33797	2.0933	3.48497	3.15975	0.988028	4.18873	3.08669	4.91484	1.45626	7.66042	3.26415	3.23075	3.96441	3.15924	2.39104	5.20386	1.68063	1.70229	5.66062	4.03867	4.4705	2.18117	4.25098	3.93619	3.62884	3.037	1.55906	4.3604	4.04496	4.8976	4.5802	7.42933	2.14045	7.16658	5.89561	5.58397	5.73089	3.01259	
3.38334	4.25481	5.21917	5.48103	1.16134	5.07919	0	3.12146	2.98277	5.40052	2.39241	3.1078	5.9294	2.48729	2.4384	7.54682	4.13461	1.85691	6.58978	5.84845	5.65738	1.3888	3.55042	5.1771	5.05512	4.30094	3.5996	7.74483	1.69	5.03377	6.06199	4.26995	1.19665	5.46134	4.46437	8.63813	3.49958	5.12094	5.07856	3.42118	2.43945	7.03242	5.55751	4.85328	1.06516	3.02533	6.72588	1.85944	2.96542	5.49044	7.14259	4.14787	5.18777	1.5886	7.57909	3.91751	1.8599	1.57725	5.91436	2.65522	2.30264	3.11126	3.80144	4.27538	5.0286	3.77858	7.13954	2.2329	3.85204	5.85333	3.83933	2.50091	3.74372	4.79204	6.32919	3.14549	2.99782	1.96891	1.50868	4.21705	4.27556	1.24772	5.01459	6.39553	3.301	3.6618	3.23141	6.01638	4.33684	6.33917	3.81429	0.299475	7.94806	1.63774	2.51515	1.78736	0.494354	1.30115	2.89329	6.91602	7.02284	5.75241	2.47258	4.33492	5.24358	5.47666	5.24674	4.9721	9.29652	4.37085	
1.50899	3.57299	5.63689	1.44334	1.113	1.94964	3.12146	0	2.06182	2.33714	4.32637	4.00236	1.92494	0.618009	4.42081	2.47231	2.27907	2.51443	5.66087	3.12009	3.31762	4.56213	4.4384	5.24794	1.72896	1.99591	3.24725	2.157	5.57389	1.9123	4.30657	5.96974	4.31812	6.09856	4.36825	5.41971	3.53495	5.01501	3.1085	0.732044	3.58256	3.99003	3.15903	3.71341	3.90414	1.88379	3.59075	3.30919	1.17039	4.07256	4.56343	4.10909	4.29459	3.30374	3.04457	1.70799	3.42943	2.57598	2.10387	4.00346	4.55723	5.5342	2.21717	4.07631	6.15099	2.90689	9.25763	3.2902	3.8556	2.73187	7.33335	3.77278	0.881661	5.44431	3.5171	2.93716	4.56118	3.65442	3.73372	4.24147	2.63806	4.36919	2.72984	2.69644	2.23168	2.62493	1.65712	5.45601	1.21538	0.988669	2.94591	3.42094	3.75688	1.46755	3.62852	3.22257	3.61582	4.89342	7.3461	5.27706	3.33134	5.86702	5.93849	2.35055	2.08697	6.70133	4.06887	5.69724	5.01727	3.41794	
3.2507	3.43838	5.0276	1.04695	1.91869	2.62186	2.98277	2.06182	0	3.98748	2.47589	3.86281	6.7499	2.33162	2.60902	5.46581	3.85963	1.92987	6.38772	3.9106	4.94296	4.17774	2.69199	1.1914	3.64979	5.21707	4.16349	1.76061	2.87899	3.5602	5.6944	5.57334	2.29847	5.68131	2.46435	6.48457	8.47492	3.4635	4.06612	3.88822	1.95629	8.08795	3.0255	10.0173	1.86889	2.80723	5.55986	2.61445	0.832711	8.35601	6.47068	2.47752	3.07137	3.72002	3.56861	4.67252	2.61491	4.5013	3.9398	2.1304	3.40446	1.58481	4.79738	1.03325	2.514	5.56132	7.05873	2.18231	4.026	3.86935	4.04018	5.51449	1.12144	2.99064	2.74256	3.8891	3.60989	3.00241	1.34016	4.06945	2.82461	3.1528	3.8405	5.1098	3.37026	2.54543	3.99199	1.63057	4.30249	3.60196	2.62328	2.54936	6.19404	2.16039	3.27015	2.62323	2.4397	2.51612	3.6483	3.51501	3.86086	5.58746	7.41311	9.11617	4.48951	5.65061	5.05022	5.48289	4.22271	5.49503	
4.32293	5.04305	7.21905	2.92631	1.98605	2.87145	5.40052	2.33714	3.98748	0	3.41546	2.45958	3.48973	3.25458	4.96537	1.40028	6.37375	3.13422	5.87098	5.32679	1.36893	5.43519	4.29667	2.79608	5.91862	8.77926	5.64201	2.61782	2.48268	4.95444	4.20324	5.94121	4.88677	4.40788	5.2413	4.18441	4.408	2.40744	0.71806	1.60509	5.17413	2.69108	4.03208	5.72803	4.77719	6.03748	5.42043	4.70725	5.09045	5.87012	5.88345	6.2729	3.32902	2.917	8.02779	7.96195	4.18395	3.44903	8.08295	2.72275	5.05249	2.78917	5.1834	4.94936	2.62758	1.91983	4.79916	2.72613	5.63067	5.47402	6.62177	7.83833	2.67671	4.77116	4.34723	5.31126	4.89131	1.21131	2.04907	0.71806	4.02896	7.67265	3.14276	3.56949	3.20185	0.843803	2.72978	2.43093	6.43221	4.82799	1.03254	7.40101	2.64325	3.76277	3.13688	4.11851	9.72703	4.74883	8.49775	2.47144	3.62876	2.26618	3.45989	2.47617	7.47429	4.8943	4.06782	2.67677	6.65029	6.01979	
3.7435	2.39391	7.85508	1.7234	2.33393	2.46389	2.39241	4.32637	2.47589	3.41546	0	1.61013	4.48798	3.17435	2.02205	4.81573	5.45057	1.03636	3.84956	5.18443	5.62291	4.2858	1.66672	3.91712	5.72687	4.66109	2.23813	6.40504	3.88407	4.23395	5.52182	5.28347	1.29375	2.72112	5.97502	4.04204	5.18124	4.99595	2.89718	1.61588	0.591003	5.33096	3.02851	4.72795	1.77939	1.74179	4.56164	2.55417	3.73344	1.03502	5.74108	2.00567	1.40669	1.94876	5.99715	4.77424	2.28587	0.815162	6.27451	1.90594	3.59776	0.89108	3.03936	2.29303	2.64828	5.33529	5.39945	2.85606	3.97107	3.38726	4.69606	8.22948	1.26666	2.58113	6.13637	3.74348	1.47586	3.67616	3.05518	4.13351	1.94409	3.16036	1.28221	5.30207	3.66115	3.78489	0.491195	3.40463	6.16899	4.54751	0.878317	3.03969	6.80729	3.75499	3.37187	0.70305	2.54142	1.80075	3.75002	7.28795	5.03643	4.04681	3.31752	7.23381	2.62828	4.75193	5.49084	3.13485	4.21314	3.60877	
1.95004	4.95322	4.92703	4.45182	4.34769	4.46761	3.1078	4.00236	3.86281	2.45958	1.61013	0	1.26008	2.45955	3.38706	2.83998	1.17996	2.73695	1.24764	1.19922	2.39238	4.30911	5.08393	3.91842	3.30057	3.56752	1.66119	3.64127	3.50613	5.11925	3.19462	3.83698	5.64141	4.67817	3.39609	4.61314	5.38589	3.27947	1.74152	2.24362	1.21874	3.56311	2.90007	2.55349	1.99392	4.3834	1.95972	2.21478	2.93768	1.66276	2.56008	2.63341	2.03443	3.78903	1.66373	3.2796	2.73993	3.97207	2.31219	3.45905	5.64058	3.99129	2.46701	3.85583	3.65104	2.9377	3.78435	3.74959	3.67957	1.58744	4.71936	4.05388	1.8944	7.8655	2.37457	1.79462	3.50073	2.23476	2.9211	1.74152	1.81692	8.20592	1.90996	4.91561	4.66396	1.71583	1.11894	3.83325	2.78698	2.58555	1.50606	3.30825	1.05397	1.61	3.39518	3.32944	2.56473	2.64343	2.91892	4.2879	3.21831	3.1382	2.44484	3.97609	3.65857	2.97094	2.92633	3.70023	3.8951	5.33114	
3.27722	5.67958	3.84174	2.48212	2.09207	3.15099	5.9294	1.92494	6.7499	3.48973	4.48798	1.26008	0	3.07603	8.46973	5.0134	4.30019	2.67604	4.50857	0.0608654	3.04792	5.71473	4.08193	2.78006	2.58763	1.69186	3.42733	2.46346	7.15038	4.08374	7.86224	5.31478	2.47591	3.66909	3.66551	3.19876	4.68754	4.73609	5.74431	1.88464	1.11577	4.32452	4.31162	1.48972	5.05673	4.41005	1.87963	4.16786	1.332	2.14188	1.13856	2.8816	5.81383	4.32071	3.47266	1.10564	5.78878	3.20975	2.96253	4.67727	5.28729	5.69582	3.07583	4.45844	6.44637	6.46256	6.56562	4.37653	1.43916	0.174938	2.26851	5.9385	1.04327	1.64252	0.960176	0.38023	2.02203	1.4928	4.88631	5.47928	3.96725	5.24458	3.88243	3.45362	6.20499	3.77752	1.81874	7.17279	1.7412	1.4472	6.85434	6.33081	3.6992	4.64416	4.04795	3.75963	5.42794	7.33248	1.78057	2.87351	1.53732	4.99477	1.92777	5.90622	0.869607	3.66945	1.51194	5.85885	1.73946	3.57955	
2.127	2.84151	7.21375	1.71314	4.44026	1.33163	2.48729	0.618009	2.33162	3.25458	3.17435	2.45955	3.07603	0	4.67894	1.8543	4.35602	2.13799	8.60019	1.757	3.50555	4.25633	2.76835	4.71041	3.09263	4.65293	2.87325	2.4268	5.50732	2.53031	5.31344	4.05321	3.19527	5.79683	3.67617	5.9249	4.51271	3.14037	2.69192	1.35005	3.00121	4.96836	4.47711	3.0954	2.88102	1.26578	6.22606	2.69511	1.4989	4.60692	4.8406	2.37491	4.70902	3.65864	5.12629	3.75617	2.81142	3.60936	3.94212	2.69859	4.82703	2.48305	4.45614	4.19455	4.80611	3.27882	6.50038	4.39207	3.23759	2.49274	2.74994	3.91024	1.49967	5.22519	3.68633	2.78175	2.31966	1.99981	2.73285	2.98123	3.96583	3.81786	2.6438	5.24397	2.84969	2.97846	3.17082	2.88495	1.83339	0.37066	3.02609	5.96084	3.13887	0.849543	3.01051	2.30452	3.79676	2.90238	2.89069	2.92546	2.71333	5.25685	1.68438	2.96856	3.38105	5.0597	4.23809	3.68825	4.39926	4.93163	
4.77914	3.93228	7.35354	4.17702	2.91712	3.11145	2.4384	4.42081	2.60902	4.96537	2.02205	3.38706	8.46973	4.67894	0	5.36022	2.78279	2.13618	8.02449	4.88849	3.95624	2.4562	2.13761	2.16929	3.06939	5.6499	4.61191	4.54949	1.03962	6.19489	4.61867	6.67855	1.62015	7.89305	6.9	7.12818	5.90414	4.97246	4.24039	3.05083	4.54734	3.94747	5.0833	5.11968	1.39315	3.66553	4.50223	1.12684	4.39126	6.83686	3.90254	6.41899	5.7748	3.90153	5.17856	4.19677	1.31556	1.20689	7.22892	0.478618	4.25394	2.04897	3.43109	6.1401	7.19208	3.47115	9.63619	4.07235	4.13131	4.84723	4.11859	4.02671	3.37337	4.42169	3.72044	4.51403	3.78255	4.37346	3.34813	2.80424	3.5704	2.87396	4.12482	5.9007	2.18913	2.35756	4.06003	2.60846	3.58298	4.66832	2.90335	2.13892	5.60427	2.32766	2.79441	2.21169	1.96396	2.04266	3.17256	7.21913	4.4288	6.03167	5.89594	4.22112	5.86247	7.96663	5.7424	4.25544	5.0785	3.6756	
2.92265	1.4743	6.70156	5.21394	3.24223	3.18593	7.54682	2.47231	5.46581	1.40028	4.81573	2.83998	5.0134	1.8543	5.36022	0	3.69272	3.99229	4.50955	4.00611	1.65124	3.69129	4.21091	1.46982	6.56597	4.5152	4.6609	2.41648	7.22322	4.038	5.02654	3.71723	4.8903	5.80816	2.38451	5.99726	7.37407	1.28606	0.837612	3.00537	3.4739	2.97143	3.99669	3.33469	4.96335	3.12008	5.46032	6.68607	3.35321	7.44711	6.75531	7.26511	4.26894	3.19735	4.45823	6.20403	4.59375	4.2901	4.74323	3.00309	2.67939	4.18944	4.0301	3.91367	2.95181	2.34602	4.76969	1.69696	5.0919	3.76973	8.40688	5.18644	4.24966	3.37088	4.82615	4.17208	4.47616	1.90427	2.32942	0.837612	4.05172	5.60019	3.62804	4.63281	1.97021	1.12415	1.64311	1.03065	5.64073	2.22496	1.25599	6.98877	2.92359	2.70385	2.7059	4.45887	4.04874	2.83565	6.40426	1.07116	4.56764	2.54652	4.86017	1.59556	6.46571	4.07125	2.29942	1.83394	6.25356	8.25384	
0.770072	2.44493	6.107	3.79987	2.99745	2.02284	4.13461	2.27907	3.85963	6.37375	5.45057	1.17996	4.30019	4.35602	2.78279	3.69272	0	4.84859	2.4276	2.37918	9.04076	7.04812	1.00773	5.05104	6.57491	3.91494	0.481223	3.11205	6.52257	3.97241	4.37458	2.99768	4.65264	4.30673	3.40977	3.96706	6.89334	4.58939	5.41015	4.13698	4.11275	6.91656	1.7201	2.90423	1.78038	6.70135	3.44387	1.03482	3.58563	3.75634	3.74004	2.59451	3.48358	2.56481	2.30565	4.96847	3.12714	3.9893	1.13223	1.68304	5.92493	1.87675	4.50039	3.90362	3.58064	6.89352	5.86802	2.59451	2.49961	2.76929	3.87128	2.50348	3.00401	3.81791	3.15631	4.82727	1.10519	3.14261	3.40544	2.92148	0.636959	5.99454	2.47424	5.522	2.90401	2.8958	2.22815	6.78664	2.02072	3.98536	3.03548	4.52794	2.23393	2.78997	3.52062	5.49361	3.30018	6.76921	5.0453	4.95407	3.85067	2.53499	3.22539	5.15606	3.06916	1.79097	9.54622	4.1057	3.94386	4.52661	
3.55976	2.58911	4.78426	0.687039	1.74239	2.65396	1.85691	2.51443	1.92987	3.13422	1.03636	2.73695	2.67604	2.13799	2.13618	3.99229	4.84859	0	4.88592	5.83414	5.07689	3.05822	0.630357	2.13094	1.78069	2.69432	2.82145	2.92702	1.72835	3.63197	2.64085	6.54979	1.77555	3.75748	3.43043	4.81744	4.14489	2.31397	3.81991	2.00825	1.33614	5.49437	3.33808	4.65935	0.743032	1.01338	4.98593	1.48859	0.901277	7.98982	4.94773	4.4826	3.14314	2.54042	7.80149	3.3683	1.48905	1.85152	4.48749	1.91541	4.07956	0.34506	4.80919	2.25919	2.10226	5.5912	5.76586	2.25408	3.48119	2.27698	2.2197	1.67037	1.63277	6.19238	3.05476	6.5481	1.21327	1.74741	1.94035	4.26215	1.00113	3.64216	1.52052	5.18157	4.02765	3.86136	1.43595	3.55411	3.99123	2.50865	2.69505	1.76606	3.85282	2.98753	2.14429	1.18485	1.31384	0.764388	2.52244	6.04309	4.04704	5.00445	4.35388	5.93465	3.37933	7.26219	4.45448	4.99127	4.24918	3.71658	
3.50186	5.41238	3.26088	7.41757	5.31749	8.03682	6.58978	5.66087	6.38772	5.87098	3.84956	1.24764	4.50857	8.60019	8.02449	4.50955	2.4276	4.88592	0	2.44686	6.50234	7.16206	5.54268	4.66943	6.15082	2.64239	3.21301	4.52504	12.8766	7.72342	3.00295	3.16801	5.93033	2.48679	2.14845	3.13561	2.77884	7.95297	6.47594	5.78465	4.18043	1.97382	4.45189	4.44551	3.24156	6.07704	0.712081	3.76661	5.43923	1.02455	3.80772	5.5506	2.6338	5.79832	2.91137	2.30208	7.71989	4.66472	3.86401	4.7357	9.29964	4.74064	1.76288	6.63541	4.66969	4.04299	3.51107	3.52286	4.17257	2.83697	3.28631	6.46275	6.45987	3.76487	3.11827	3.9815	5.32542	4.58107	3.27264	2.98916	3.36875	9.84099	4.13859	6.51213	5.67228	2.96347	1.56837	6.65552	3.08745	4.59432	6.68844	4.7732	2.30161	2.85764	4.83886	4.55261	10.1611	9.50256	6.06775	3.43839	4.46595	2.25525	2.41109	4.6601	2.31869	3.76725	9.02113	5.30472	3.85813	6.57879	
4.83485	3.95224	3.78087	4.08493	3.46703	3.27877	5.84845	3.12009	3.9106	5.32679	5.18443	1.19922	0.0608654	1.757	4.88849	4.00611	2.37918	5.83414	2.44686	0	6.06929	7.20623	3.82072	2.7192	4.10831	2.59671	3.64061	6.29287	7.18304	7.2794	4.05941	4.27469	3.74805	3.54325	2.80328	2.59142	3.88553	4.94937	5.41842	1.9455	1.32906	3.08051	2.85444	1.703	3.19313	2.16596	1.81877	3.82854	4.15559	2.08101	3.07804	3.39059	3.3792	4.25985	2.86295	2.56755	4.18714	5.47682	4.752	4.73038	8.77801	7.31404	2.86957	4.9649	7.32794	2.69504	4.61776	2.25203	2.76134	0.235803	4.77456	4.02546	1.10414	1.70338	1.17346	0.587944	2.29962	1.43193	4.16092	1.92518	5.25593	5.30544	3.65948	3.71451	5.57371	2.91505	2.31815	2.30555	2.13491	1.38634	4.51878	4.72478	2.25318	2.70174	5.42348	5.61542	2.90649	8.07159	1.71971	3.0868	2.08843	3.23326	1.8669	5.17531	0.930472	3.30131	1.72522	7.37713	4.23471	5.40407	
4.57389	5.47868	4.41412	6.13951	4.08583	5.78835	5.65738	3.31762	4.94296	1.36893	5.62291	2.39238	3.04792	3.50555	3.95624	1.65124	9.04076	5.07689	6.50234	6.06929	0	6.71391	6.8088	5.30821	4.25337	5.22787	4.18989	2.55063	2.41549	4.88725	2.92308	4.11623	3.36807	3.88028	4.5801	6.36808	5.18642	2.79439	0.650869	3.12364	4.36414	1.35377	4.16522	4.90085	6.65243	4.78138	2.6155	6.96103	3.70117	6.41484	3.13233	6.26849	2.99337	3.30395	6.25818	5.41416	6.12662	4.54892	7.83004	3.10969	2.26208	4.73183	7.107	7.56137	2.56039	1.5234	2.88579	2.65894	8.1428	2.72613	4.26228	4.28695	6.214	3.59422	5.65174	2.52084	4.78846	1.14411	2.43602	0.650869	5.97162	6.46392	3.07557	3.74113	1.76711	1.23075	4.59933	2.68189	8.43157	4.78696	0.965349	4.37709	3.03019	4.77312	3.06969	5.15679	7.28094	6.69149	8.48954	2.7224	3.56157	2.65312	4.33965	0.967067	4.80868	5.72249	4.10683	2.60958	8.83111	5.49275	
6.92449	3.34527	9.87688	3.92069	1.56143	5.09644	1.3888	4.56213	4.17774	5.43519	4.2858	4.30911	5.71473	4.25633	2.4562	3.69129	7.04812	3.05822	7.16206	7.20623	6.71391	0	2.51456	3.34078	7.11924	6.38617	3.99969	8.52736	1.41657	4.36344	8.43037	5.0897	1.99709	7.08293	5.78125	6.06385	3.89968	4.80218	3.65913	3.83009	2.26497	4.67663	2.83474	7.35172	1.46526	3.42542	7.76709	3.06075	5.75523	8.25528	7.76289	3.76964	3.5854	4.70336	4.86073	5.11882	3.06121	4.692	4.83082	3.05531	4.55036	4.31257	7.06284	3.1445	4.82623	4.34128	11.175	4.7918	5.05335	7.15741	5.04064	5.0598	4.90171	4.66483	7.65175	7.51729	6.81436	2.369	4.06757	3.18119	4.40819	4.36248	2.0806	5.79449	5.37367	5.72298	2.87162	2.90162	6.66335	4.35374	4.32802	2.85837	7.3952	4.7525	3.71645	4.73448	0.894446	2.18194	4.0946	8.03946	5.15299	6.95372	5.33933	6.74822	5.78164	6.05869	4.71065	1.85734	8.52973	4.05255	
1.49984	2.17874	4.15391	1.3174	1.11203	1.57094	3.55042	4.4384	2.69199	4.29667	1.66672	5.08393	4.08193	2.76835	2.13761	4.21091	1.00773	0.630357	5.54268	3.82072	6.8088	2.51456	0	1.50059	1.15033	3.58353	1.92862	2.63043	1.09799	4.27583	3.53005	5.01353	1.67851	3.25321	3.52063	5.3524	4.77524	5.37732	3.51666	1.49299	1.29094	6.38357	2.38938	5.40713	1.37339	1.64373	4.13574	1.77793	1.79048	6.2766	5.83693	3.85224	5.54475	3.19515	2.21491	4.2575	3.09954	3.60794	2.41127	2.42615	4.829	0.975416	5.3036	1.99748	5.3576	5.34254	9.86117	2.88443	3.4787	2.49431	3.10891	1.04002	2.26313	1.68818	2.4244	2.67703	0.582909	4.05388	2.49803	2.86261	0.370769	4.85866	2.69836	6.49153	3.55986	5.26835	3.93802	1.93975	1.66392	2.43438	5.99456	3.24145	4.03993	4.96911	5.35039	1.8152	1.77902	1.39474	3.58266	5.45981	2.97705	5.47967	6.38779	8.60625	1.73533	6.04756	4.9893	4.53107	3.30183	3.73397	
4.42999	0.882819	5.65449	3.07683	0.747831	3.52418	5.1771	5.24794	1.1914	2.79608	3.91712	3.91842	2.78006	4.71041	2.16929	1.46982	5.05104	2.13094	4.66943	2.7192	5.30821	3.34078	1.50059	0	2.65091	3.92372	3.69168	3.3611	2.59857	3.90766	6.15123	6.07559	3.48987	2.88901	2.64738	4.47915	6.08275	5.01312	3.15245	1.12879	2.37805	6.66198	2.02518	3.23922	2.645	3.41274	4.53797	2.6594	2.02412	4.80021	5.27928	3.66893	5.02556	3.65147	6.131	5.30346	1.89899	3.37618	5.91566	2.01118	2.08791	2.77622	4.43035	1.63328	3.70541	4.36992	6.03502	3.37371	2.60545	2.33639	4.20626	2.5406	2.79274	6.77466	1.55115	2.31282	1.60591	1.31278	1.94567	2.5309	1.87135	2.90543	2.56242	6.00423	4.35842	3.15094	2.47786	0.439166	5.46951	3.93496	4.59596	3.15487	4.89473	3.86022	6.88627	2.7747	1.41481	3.12164	4.4389	5.37652	4.65201	4.60642	4.5861	4.92625	3.40415	5.78765	2.2482	1.78997	4.27884	5.1992	
3.64474	4.78618	4.9351	2.72657	2.26236	2.19422	5.05512	1.72896	3.64979	5.91862	5.72687	3.30057	2.58763	3.09263	3.06939	6.56597	6.57491	1.78069	6.15082	4.10831	4.25337	7.11924	1.15033	2.65091	0	1.29413	3.34142	1.4801	2.24832	3.1255	5.00481	4.72617	7.63142	6.58851	3.99199	6.34101	6.27129	2.77391	5.23578	4.0228	3.07097	6.24798	2.87205	3.55683	4.46254	5.43796	2.88896	2.6074	2.40799	3.37077	6.63295	3.20025	3.37134	4.34548	2.10917	1.00621	4.93691	4.27628	1.40208	3.54801	8.82478	6.61795	1.51538	6.3662	5.75554	5.63013	8.97428	4.50339	3.36263	4.84405	5.24745	2.19035	2.95118	2.30104	3.57473	5.13306	1.73324	5.60208	6.57005	3.37986	1.5211	10.3715	4.99511	5.97382	5.25852	6.76242	3.72664	4.33059	0.513588	2.72197	5.30998	5.20831	5.62267	5.85972	2.716	5.66754	5.9683	6.73378	4.07893	2.82542	3.46079	5.64125	5.61649	9.15431	1.38518	4.89723	4.36062	5.84054	3.66293	5.48746	
4.04358	3.92821	4.91743	2.00729	5.0255	2.46117	4.30094	1.99591	5.21707	8.77926	4.66109	3.56752	1.69186	4.65293	5.6499	4.5152	3.91494	2.69432	2.64239	2.59671	5.22787	6.38617	3.58353	3.92372	1.29413	0	5.46088	5.31226	5.51413	7.25439	3.02354	4.38623	4.37483	3.97458	5.61516	5.10035	3.99707	6.24409	5.51203	3.3285	3.14933	3.19204	4.65833	1.81996	4.1535	6.23941	1.93031	2.87435	2.22152	3.63772	4.45415	2.83424	4.81778	2.71233	2.50801	1.05828	6.11624	4.57124	1.66903	5.95392	5.1333	5.88286	1.78233	4.27944	6.49684	4.74279	3.61327	5.00495	1.39181	2.20849	2.787	4.64499	3.44614	3.91708	2.46963	2.41378	1.97468	4.35817	3.93438	5.57629	4.35214	6.98274	3.84737	4.56996	3.46077	4.78553	5.76256	3.48455	0.780538	3.41657	4.17499	6.48776	5.83343	5.52143	4.0006	4.0679	6.68264	6.68634	2.1081	4.90707	1.48997	4.74038	5.43077	4.97955	0.822252	3.99636	3.54549	4.83536	1.6921	5.03683	
1.25129	3.36582	6.34499	3.76733	2.43256	1.54162	3.5996	3.24725	4.16349	5.64201	2.23813	1.66119	3.42733	2.87325	4.61191	4.6609	0.481223	2.82145	3.21301	3.64061	4.18989	3.99969	1.92862	3.69168	3.34142	5.46088	0	4.5567	3.28908	5.74724	9.85208	7.92334	3.37565	4.78795	6.74296	5.29848	6.11047	5.20611	4.15292	2.80798	1.84674	4.18113	2.20132	4.56717	3.67605	5.01139	5.32283	1.51604	4.06685	2.29075	5.94221	2.88567	2.66243	3.53299	3.27383	4.31563	4.24763	4.60007	1.61345	4.18884	8.00974	2.79765	6.9429	4.38485	4.06186	3.70481	10.6988	3.07573	2.98083	3.25239	2.95994	3.23111	2.52239	2.67976	4.03763	3.45768	1.57449	4.5798	4.62832	5.34522	1.11818	4.90111	2.53795	6.5578	2.42278	10.2679	1.74693	5.37135	3.22225	4.46658	2.13405	3.95286	6.90592	5.29113	7.57677	5.52314	3.10524	4.39273	3.10068	5.95097	3.36945	7.42948	6.12959	4.45477	2.72691	2.2722	4.58939	4.39059	5.46888	6.82862	
4.57366	4.66983	3.62432	1.14213	2.66929	3.01508	7.74483	2.157	1.76061	2.61782	6.40504	3.64127	2.46346	2.4268	4.54949	2.41648	3.11205	2.92702	4.52504	6.29287	2.55063	8.52736	2.63043	3.3611	1.4801	5.31226	4.5567	0	3.66438	4.6056	3.52471	2.67951	4.46816	4.83846	2.51189	3.44732	3.33732	1.29381	1.89976	3.4916	1.59087	3.70501	1.39195	5.73341	2.63716	5.33448	3.87373	4.37856	0.927895	5.50311	4.7448	4.64721	1.89124	5.02633	3.58927	3.65409	3.66648	4.03574	4.35214	4.30009	4.25602	3.7545	2.79131	2.51392	3.26731	3.21268	4.11444	2.78031	4.79332	2.53171	3.64976	4.88888	1.21662	0.820944	3.60812	3.98428	1.92622	2.393	3.07729	1.89976	4.48526	6.29316	1.77525	3.46936	3.46545	2.85745	1.69068	3.99149	1.99369	3.69715	2.21424	4.45046	3.39326	2.25557	1.2359	1.98752	3.53597	2.84339	4.57414	1.34532	4.81046	5.0097	2.97553	3.74034	3.91577	2.84788	2.88052	3.85847	6.3924	4.19845	
4.02739	3.63868	5.25189	2.67423	1.86263	3.12159	1.69	5.57389	2.87899	2.48268	3.88407	3.50613	7.15038	5.50732	1.03962	7.22322	6.52257	1.72835	12.8766	7.18304	2.41549	1.41657	1.09799	2.59857	2.24832	5.51413	3.28908	3.66438	0	5.35806	10.3431	6.0943	0.580522	4.24789	5.46589	9.23461	4.20088	4.79124	1.76462	5.083	3.14075	9.98294	3.83934	8.38531	1.76646	3.72662	10.499	2.7876	6.39584	8.53494	4.94217	4.95023	4.59	2.24302	10.5475	9.0085	2.90714	2.24652	8.96183	1.51824	1.68651	4.87272	6.09706	4.40873	3.67414	6.22072	7.48542	3.77269	6.10049	6.34863	4.23026	2.13801	5.17225	5.66943	3.52239	2.52936	1.6809	2.25786	4.3417	1.76462	1.46876	1.43486	3.0852	3.31706	3.22875	5.54697	3.87622	3.85635	7.87203	3.53237	2.0791	2.7519	6.01644	4.09017	3.90271	1.17123	1.19564	2.48314	8.40166	6.65691	4.67532	7.5944	6.7559	5.24493	7.28227	7.06329	7.69917	3.27392	6.11812	2.63598	
3.4213	1.66069	9.80436	4.12293	5.08537	5.09656	5.03377	1.9123	3.5602	4.95444	4.23395	5.11925	4.08374	2.53031	6.19489	4.038	3.97241	3.63197	7.72342	7.2794	4.88725	4.36344	4.27583	3.90766	3.1255	7.25439	5.74724	4.6056	5.35806	0	7.45369	5.29194	4.71884	4.64109	5.59838	7.55186	11.2704	4.59028	3.20039	2.64435	2.46721	6.74414	3.03698	5.69746	7.86369	3.23642	9.12168	5.3176	3.14141	4.54413	5.63682	5.51478	2.26696	5.26668	5.23466	7.25815	6.57635	5.20695	5.89519	5.11435	6.09812	6.02477	6.21689	5.0901	4.26757	5.74029	5.44873	1.3779	7.00252	4.64417	6.79488	6.75132	2.79397	4.86707	7.976	5.05344	6.20522	2.198	4.97979	3.20039	3.46865	6.59002	2.28284	4.30539	4.14399	6.63725	3.07386	2.10434	3.12768	4.13559	1.81887	3.31132	6.9038	4.61447	5.55463	3.35155	6.04369	4.92454	10.1487	4.28503	6.11572	5.87601	8.74199	3.95833	5.91857	6.26093	4.46101	3.92485	7.72225	4.61292	
8.21099	4.37778	7.37067	1.95381	6.63535	3.20536	6.06199	4.30657	5.6944	4.20324	5.52182	3.19462	7.86224	5.31344	4.61867	5.02654	4.37458	2.64085	3.00295	4.05941	2.92308	8.43037	3.53005	6.15123	5.00481	3.02354	9.85208	3.52471	10.3431	7.45369	0	2.70346	7.84948	3.44064	2.92492	6.08421	5.28363	3.74048	2.71396	3.27502	5.11558	2.12175	4.60485	5.39936	4.5125	5.23748	3.21687	4.78828	2.16805	1.9784	4.6478	8.05539	1.79424	5.73587	4.85835	4.63507	4.977	10.7089	6.7474	4.14005	11.5596	5.2305	4.26767	4.22596	3.4733	2.28341	0.589734	2.68331	3.15872	4.78395	1.78705	7.79088	3.39266	4.34565	5.85415	3.52849	4.54922	3.54652	3.88091	4.93614	6.98184	6.92927	3.29904	4.18146	3.56543	3.50528	2.52222	6.50809	3.80407	4.65241	3.61786	6.72018	3.44645	4.80462	4.52729	5.28613	6.30092	5.29007	5.69814	4.63324	6.41293	3.20909	4.74426	1.95602	3.84579	4.04437	6.40523	4.50916	6.52846	3.38133	
7.66144	6.39027	0.949225	2.44908	2.5649	2.33473	4.26995	5.96974	5.57334	5.94121	5.28347	3.83698	5.31478	4.05321	6.67855	3.71723	2.99768	6.54979	3.16801	4.27469	4.11623	5.0897	5.01353	6.07559	4.72617	4.38623	7.92334	2.67951	6.0943	5.29194	2.70346	0	5.4666	5.3723	2.05428	2.85429	3.51796	4.8977	3.70904	3.71454	3.19347	2.76247	1.28756	1.87729	3.64186	6.40368	1.56735	6.04386	4.53135	4.04331	3.97945	5.7138	4.5139	5.85855	5.37303	4.04593	5.41395	2.74075	8.16488	5.05272	7.20666	7.54135	0.51655	3.53735	4.56806	6.31628	4.29449	4.78367	2.28808	5.30968	0.916412	4.78448	3.69298	3.23364	3.39575	2.65785	4.77754	2.71006	2.9729	5.29631	5.33669	5.51767	2.0417	3.31082	4.18173	4.60975	3.80012	6.55519	1.51834	5.28224	4.98182	4.56942	1.9296	3.20367	2.07196	5.36494	4.7643	5.65079	3.19205	2.64607	6.60523	1.95072	2.24006	5.30581	4.06253	1.20671	5.51553	4.85752	1.09123	2.51069	
3.45724	2.28156	6.39774	4.39658	2.65924	2.78919	1.19665	4.31812	2.29847	4.88677	1.29375	5.64141	2.47591	3.19527	1.62015	4.8903	4.65264	1.77555	5.93033	3.74805	3.36807	1.99709	1.67851	3.48987	7.63142	4.37483	3.37565	4.46816	0.580522	4.71884	7.84948	5.4666	0	2.7242	5.28531	7.07329	6.11074	6.84928	4.16871	4.38251	0.987353	6.96335	3.73863	4.32884	2.31054	1.62944	9.33026	4.39305	3.13118	5.18267	2.56032	4.77599	4.26339	1.6625	5.41814	4.84215	1.86078	1.5955	5.98826	4.30636	1.10599	3.88328	4.76277	2.18069	4.81247	3.57923	5.2871	3.13622	5.69448	2.15413	3.69027	6.14636	3.30706	2.90644	5.07973	1.94884	1.80117	2.31612	2.94284	2.34514	2.2694	0.854337	3.26078	4.87538	3.3749	3.7357	3.79474	2.75473	7.40461	4.35992	4.48319	1.49613	5.12095	2.8344	3.32219	0.590704	1.69101	3.74077	5.4269	4.95693	5.36174	4.11746	6.16902	6.57665	2.95359	6.40399	5.87078	5.13329	6.52117	3.2165	
5.0768	2.98041	5.67019	4.64145	2.14117	6.35067	5.46134	6.09856	5.68131	4.40788	2.72112	4.67817	3.66909	5.79683	7.89305	5.80816	4.30673	3.75748	2.48679	3.54325	3.88028	7.08293	3.25321	2.88901	6.58851	3.97458	4.78795	4.83846	4.24789	4.64109	3.44064	5.3723	2.7242	0	4.46169	2.6737	3.40344	5.04158	4.5458	2.52213	3.24759	2.60983	3.41852	2.96387	4.69173	4.55614	3.87157	5.34155	4.94633	1.46224	4.38677	7.19392	4.4236	4.66988	7.21228	3.57667	4.30896	3.53628	5.43895	4.62707	1.6182	3.6122	4.35986	3.02662	4.39914	4.43414	4.14185	5.57718	2.55924	3.84403	3.20619	6.047	4.14818	5.19838	3.61354	3.70617	2.99925	3.12702	3.52717	5.12594	4.78838	7.51498	3.43196	2.29299	4.36818	2.74806	2.00606	3.26695	4.06928	7.33504	5.4655	3.73322	2.93029	5.18497	4.14688	3.42417	2.80816	5.51712	5.09945	4.99576	5.94828	1.32569	3.39822	4.93084	3.1288	2.0697	5.36289	5.42912	3.78518	1.61191	
8.33791	6.16984	1.11243	2.67053	2.51018	2.55618	4.46437	4.36825	2.46435	5.2413	5.97502	3.39609	3.66551	3.67617	6.9	2.38451	3.40977	3.43043	2.14845	2.80328	4.5801	5.78125	3.52063	2.64738	3.99199	5.61516	6.74296	2.51189	5.46589	5.59838	2.92492	2.05428	5.28531	4.46169	0	1.55517	0.825434	3.8057	3.85015	3.62834	2.09429	4.17279	2.80953	4.80535	3.86332	2.59126	2.86053	3.21772	3.43978	3.173	3.65125	4.97833	4.40313	5.63572	7.15631	5.14886	5.6354	5.48014	7.39887	4.67567	6.3913	7.4381	3.97543	3.01733	3.23534	4.13306	5.69584	5.79108	2.15052	1.88147	1.13787	6.55554	4.70782	3.33283	1.09623	2.8793	2.80232	5.82962	1.12419	4.41165	6.02824	6.13964	2.27866	3.53228	5.53952	2.32946	2.1941	5.7871	5.01459	4.96749	4.3122	2.3334	4.61097	2.82662	2.94809	2.49094	3.83066	2.30016	3.35526	1.31335	4.19709	2.36282	2.51251	4.77442	3.03672	1.6188	4.82757	5.74942	5.07765	2.73215	
6.772	5.65411	2.90042	4.1304	3.5243	3.98481	8.63813	5.41971	6.48457	4.18441	4.04204	4.61314	3.19876	5.9249	7.12818	5.99726	3.96706	4.81744	3.13561	2.59142	6.36808	6.06385	5.3524	4.47915	6.34101	5.10035	5.29848	3.44732	9.23461	7.55186	6.08421	2.85429	7.07329	2.6737	1.55517	0	0.729733	5.85709	5.53023	3.53263	3.65135	5.28354	2.24696	3.69849	4.20516	6.81601	2.79649	5.04949	4.34464	4.09537	3.14808	4.65792	4.46704	7.30774	7.06537	3.36088	5.86739	4.56194	7.39278	6.85443	4.29191	8.85496	2.33774	4.49675	7.32345	3.18537	6.9449	5.74307	3.98229	3.02382	2.92585	5.21161	4.32701	2.62638	2.88422	3.22911	3.73165	3.66946	2.91218	6.18528	8.67283	9.10585	3.00109	6.3501	4.43133	8.05211	3.55155	8.33434	3.33953	4.87178	3.93867	6.93613	3.75079	1.55936	3.89315	7.00173	3.73496	6.77223	2.42575	3.10134	3.27458	3.99939	0.72452	6.5624	3.59691	2.15893	4.36082	5.81692	2.91242	4.28561	
9.07216	6.80195	1.93786	4.12411	3.18386	4.06926	3.49958	3.53495	8.47492	4.408	5.18124	5.38589	4.68754	4.51271	5.90414	7.37407	6.89334	4.14489	2.77884	3.88553	5.18642	3.89968	4.77524	6.08275	6.27129	3.99707	6.11047	3.33732	4.20088	11.2704	5.28363	3.51796	6.11074	3.40344	0.825434	0.729733	0	5.22649	7.73954	2.8029	2.91972	3.3285	2.97669	4.79836	3.57604	5.15826	2.06676	5.27059	6.79391	4.01382	2.82581	6.1463	4.71682	6.38247	4.98387	3.65676	6.70704	4.64684	7.45353	5.1661	6.58446	4.48995	3.06748	6.14717	9.33142	3.30762	4.86575	6.39896	4.39373	3.75355	1.9633	6.51403	3.87452	3.35611	1.92166	3.4373	6.18089	4.47979	1.94963	7.76373	5.83174	10.5015	4.52608	4.7673	4.58965	4.52949	3.92759	8.23321	4.44213	4.14205	4.64208	5.30914	4.52754	3.65206	4.80525	5.32973	3.00523	4.29272	3.15548	2.13879	4.00431	6.77485	1.45425	3.86396	3.67337	2.44423	8.59937	5.79156	4.25222	5.45118	
4.20871	5.92355	9.25244	4.56167	3.82808	4.30889	5.12094	5.01501	3.4635	2.40744	4.99595	3.27947	4.73609	3.14037	4.97246	1.28606	4.58939	2.31397	7.95297	4.94937	2.79439	4.80218	5.37732	5.01312	2.77391	6.24409	5.20611	1.29381	4.79124	4.59028	3.74048	4.8977	6.84928	5.04158	3.8057	5.85709	5.22649	0	1.42346	3.45653	2.88468	3.41092	2.68576	3.92053	2.1991	3.82872	6.74638	4.75262	2.2217	4.94659	6.87113	4.91945	3.18505	3.63683	6.20513	6.81069	4.75308	4.16142	3.45717	3.44258	6.24355	3.50924	4.61595	5.15073	4.23787	1.91887	4.33022	2.82852	6.74522	4.56115	5.52753	4.82842	6.1245	2.11475	5.34639	4.76644	5.12336	3.18198	2.72555	1.42346	5.04917	7.02876	2.72158	4.53069	2.78333	1.56364	2.77467	2.31671	4.34565	4.82703	2.38755	2.55125	3.36308	4.56409	2.52971	4.69965	2.83707	1.54958	5.78647	2.35722	5.93732	2.98601	4.37972	2.1814	6.91865	4.45991	2.88527	3.12001	6.23853	5.21177	
3.76026	4.38226	7.59717	4.65306	2.40462	4.31286	5.07856	3.1085	4.06612	0.71806	2.89718	1.74152	5.74431	2.69192	4.24039	0.837612	5.41015	3.81991	6.47594	5.41842	0.650869	3.65913	3.51666	3.15245	5.23578	5.51203	4.15292	1.89976	1.76462	3.20039	2.71396	3.70904	4.16871	4.5458	3.85015	5.53023	7.73954	1.42346	0	2.78558	2.50579	3.30128	3.68197	2.49708	5.43052	2.80653	4.24329	6.27058	4.48014	2.94981	6.57402	3.92046	2.78425	3.48996	7.62858	3.15785	4.57241	3.89805	4.77526	3.1273	6.2266	5.35618	3.19249	3.29007	1.90952	1.31428	6.71191	1.79532	2.9017	2.79881	6.18961	4.5711	3.18145	4.2085	4.92451	3.96962	3.2627	0.493245	2.72596	0	6.59598	8.47213	2.4247	3.7952	2.05126	1.96176	1.74147	1.86826	4.19428	3.35189	0.31448	3.93516	3.9966	3.5309	2.41883	3.72694	3.0716	2.97304	8.31853	1.90877	2.9107	4.3631	4.916	0.757944	3.7771	4.90886	1.46181	1.80178	3.76717	4.47628	
2.24104	4.2844	4.74864	1.32121	0.380955	1.26635	3.42118	0.732044	3.88822	1.60509	1.61588	2.24362	1.88464	1.35005	3.05083	3.00537	4.13698	2.00825	5.78465	1.9455	3.12364	3.83009	1.49299	1.12879	4.0228	3.3285	2.80798	3.4916	5.083	2.64435	3.27502	3.71454	4.38251	2.52213	3.62834	3.53263	2.8029	3.45653	2.78558	0	1.2245	3.74017	1.6583	5.75673	3.17209	3.65641	4.86966	2.62983	1.36035	1.66851	4.68682	2.63916	2.04018	3.2846	5.42782	4.00247	2.54874	1.84394	3.87685	3.75038	8.32581	4.31563	4.06814	1.2664	4.8966	3.11475	6.40425	3.74247	4.99984	2.05957	2.68467	5.3809	1.07162	3.52715	4.73243	1.94595	1.23903	2.92237	1.76695	2.32315	4.32539	4.91058	1.91571	1.96439	2.96373	1.89289	1.12469	3.79599	1.94742	4.01981	1.51181	4.21088	3.69233	4.23803	4.19785	2.84874	1.04794	3.82161	2.82541	4.94956	5.83067	3.04075	5.06498	3.0826	2.75424	5.255	5.1169	3.76835	4.84663	2.64547	
5.36214	2.08751	3.20672	2.02318	1.56611	1.69606	2.43945	3.58256	1.95629	5.17413	0.591003	1.21874	1.11577	3.00121	4.54734	3.4739	4.11275	1.33614	4.18043	1.32906	4.36414	2.26497	1.29094	2.37805	3.07097	3.14933	1.84674	1.59087	3.14075	2.46721	5.11558	3.19347	0.987353	3.24759	2.09429	3.65135	2.91972	2.88468	2.50579	1.2245	0	5.85742	0.938513	2.25561	2.07918	1.43539	6.14368	3.21914	2.35346	0.643631	3.63065	1.61428	1.0153	1.75222	4.59652	4.26092	3.95599	1.40145	4.6568	3.92003	3.29136	1.6812	3.92972	0.923042	3.87172	3.55237	5.09304	2.65888	5.21264	0.940835	3.23216	5.06102	0.87527	1.8133	1.72607	1.14613	0.708032	3.41966	2.74878	2.53239	1.17627	2.85396	0.184374	4.26712	2.93213	4.31612	0.099808	2.81722	3.76831	2.45751	0.48693	2.85959	2.51668	3.68113	2.82677	0.39665	1.9451	2.10053	5.12032	2.93619	4.01725	4.57327	4.985	4.08823	1.86046	3.71309	2.27784	2.74347	3.82175	4.73004	
11.0645	4.59235	3.06036	4.80733	4.75101	6.29999	7.03242	3.99003	8.08795	2.69108	5.33096	3.56311	4.32452	4.96836	3.94747	2.97143	6.91656	5.49437	1.97382	3.08051	1.35377	4.67663	6.38357	6.66198	6.24798	3.19204	4.18113	3.70501	9.98294	6.74414	2.12175	2.76247	6.96335	2.60983	4.17279	5.28354	3.3285	3.41092	3.30128	3.74017	5.85742	0	4.05003	4.73493	7.47138	4.77261	1.26174	6.81797	4.29589	4.07207	4.66732	5.4669	1.81376	3.47074	4.17884	2.85174	7.77978	6.83352	5.79277	3.72622	3.61584	6.08559	2.31254	7.07948	5.78818	3.04036	1.53202	2.70283	4.02446	4.09006	3.67888	4.27818	6.24618	4.31452	5.3954	3.87461	4.60733	3.76103	3.05255	2.00464	5.02671	8.89402	3.31856	2.38736	1.75834	1.84728	2.72926	4.17009	3.63711	5.33902	2.47256	8.40449	3.64672	5.81791	4.62082	6.22842	6.98597	6.53349	4.74076	5.40853	4.12263	3.26965	5.46515	2.32083	2.86834	3.96918	2.75306	2.81929	4.32476	3.06844	
2.49017	3.94282	2.23678	2.59423	1.27734	3.69334	5.55751	3.15903	3.0255	4.03208	3.02851	2.90007	4.31162	4.47711	5.0833	3.99669	1.7201	3.33808	4.45189	2.85444	4.16522	2.83474	2.38938	2.02518	2.87205	4.65833	2.20132	1.39195	3.83934	3.03698	4.60485	1.28756	3.73863	3.41852	2.80953	2.24696	2.97669	2.68576	3.68197	1.6583	0.938513	4.05003	0	3.50083	3.20178	2.15654	3.74348	2.75492	2.31984	3.46935	3.70304	6.09515	2.25894	4.18099	7.41342	5.3323	3.44513	4.27092	2.85233	4.48979	10.1831	5.21202	1.80411	2.16279	5.15595	2.68561	4.69794	2.2426	4.21971	5.27077	2.20397	3.49693	3.32225	2.21289	5.17495	2.84234	2.13542	1.4225	1.68534	1.91575	2.35706	5.06132	0.754139	3.48758	2.89417	2.89061	1.54516	2.29612	5.54097	3.02728	3.12619	2.89455	2.00131	4.49123	1.80051	3.42422	1.94433	2.86131	4.6727	2.73727	4.58702	3.22384	2.97148	4.56044	4.95121	2.49427	4.27247	3.56996	5.75874	2.8065	
6.68472	5.7954	4.38078	3.34203	3.945	3.43478	4.85328	3.71341	10.0173	5.72803	4.72795	2.55349	1.48972	3.0954	5.11968	3.33469	2.90423	4.65935	4.44551	1.703	4.90085	7.35172	5.40713	3.23922	3.55683	1.81996	4.56717	5.73341	8.38531	5.69746	5.39936	1.87729	4.32884	2.96387	4.80535	3.69849	4.79836	3.92053	2.49708	5.75673	2.25561	4.73493	3.50083	0	3.14279	4.36118	2.25077	5.13705	4.54321	2.96757	2.99149	3.29201	3.84217	5.46011	5.68883	0.660772	5.90682	3.56053	3.93173	5.06458	6.99925	7.85326	1.36074	5.69453	6.20492	5.25136	6.44225	4.73124	0.404626	1.31478	1.77629	4.49944	4.53717	3.49391	1.45892	1.52007	2.43244	4.89891	5.22303	2.49708	7.06123	6.56185	5.34697	4.64106	4.54834	3.29897	3.96478	7.81846	1.15339	3.43686	3.85143	6.74801	1.49952	3.21554	2.91616	4.10454	6.94289	6.52463	2.56587	4.01335	1.94774	4.65165	3.08425	3.25502	0.896804	5.60249	2.65178	4.29886	1.84887	4.82182	
