10
5
2
2
30

6	25
1	50
11	25
47	42
3	33

40	12
50	19
49	12
45	9
11	8
25	5
17	28
33	35
2	41
7	15

150

1.79769e+308
1.79769e+308
1.79769e+308
1.79769e+308
1.79769e+308

13
15
11
18
13
13
19
18
19
14

0
0
0
0
0

0

0	16.3372	2.84346	10.5452	8.6457	9.29049	7.11924	8.21093	13.6812	6.02218	12.1972	5.76123	3.20121	11.6411	3.52892	
16.3372	0	12.0867	16.0262	8.15081	9.01512	9.67639	10.7681	15.878	14.2895	12.1496	10.8087	12.2211	3.28909	14.1792	
2.84346	12.0867	0	13.2462	3.35986	6.44703	8.02591	6.93422	10.8377	8.86564	5.70546	2.91777	6.04467	8.79762	0.685456	
10.5452	16.0262	13.2462	0	9.78641	9.27132	6.34978	7.44147	2.40846	4.52306	10.6981	13.6577	22.6443	16.0516	20.9092	
8.6457	8.15081	3.35986	9.78641	0	12.2493	3.43663	4.52832	11.0473	18.4266	3.22979	0.442095	5.35524	4.86172	6.4877	
9.29049	9.01512	6.44703	9.27132	12.2493	0	5.49496	4.40327	6.86285	5.27442	3.1345	5.9222	15.8519	12.3042	7.13249	
7.11924	9.67639	8.02591	6.34978	3.43663	5.49496	0	1.09169	7.6107	7.18128	5.75727	3.87872	10.3205	8.29834	8.51036	
8.21093	10.7681	6.93422	7.44147	4.52832	4.40327	1.09169	0	8.70239	6.0896	4.66559	7.45328	16.3391	15.1086	7.41867	
13.6812	15.878	10.8377	2.40846	11.0473	6.86285	7.6107	8.70239	0	6.93153	9.99735	13.1991	20.2358	13.6432	11.5232	
6.02218	14.2895	8.86564	4.52306	18.4266	5.27442	7.18128	6.0896	6.93153	0	6.17502	8.96271	9.22339	21.422	11.3136	
12.1972	12.1496	5.70546	10.6981	3.22979	3.1345	5.75727	4.66559	9.99735	6.17502	0	2.78769	7.70084	22.9829	12.0843	
5.76123	10.8087	2.91777	13.6577	0.442095	5.9222	3.87872	7.45328	13.1991	8.96271	2.78769	0	4.91315	5.30381	3.60322	
3.20121	12.2211	6.04467	22.6443	5.35524	15.8519	10.3205	16.3391	20.2358	9.22339	7.70084	4.91315	0	8.93201	8.4926	
11.6411	3.28909	8.79762	16.0516	4.86172	12.3042	8.29834	15.1086	13.6432	21.422	22.9829	5.30381	8.93201	0	9.48308	
3.52892	14.1792	0.685456	20.9092	6.4877	7.13249	8.51036	7.41867	11.5232	11.3136	12.0843	3.60322	8.4926	9.48308	0	

0	4.22991	3.46216	6.73634	1.52431	13.0348	8.64098	11.7324	9.54754	5.32166	7.09121	9.87279	10.1015	3.06591	2.74494	
4.22991	0	6.44464	12.4412	2.7056	18.7397	9.82227	22.0088	23.4053	16.8048	19.7434	14.4493	15.8064	4.2472	13.0239	
3.46216	6.44464	0	10.9561	3.73905	12.8245	10.8557	12.1766	7.25511	11.0364	4.79878	7.84506	7.59092	5.28065	0.717216	
6.73634	12.4412	10.9561	0	8.26065	6.29846	11.6621	8.40098	16.6349	8.26145	9.41683	15.1269	3.36518	13.3902	9.48128	
1.52431	2.7056	3.73905	8.26065	0	16.5636	7.11667	7.98014	20.0487	6.84597	8.53783	12.9409	11.33	1.5416	4.26925	
13.0348	18.7397	12.8245	6.29846	16.5636	0	2.96598	2.10251	8.28029	8.51329	14.1224	8.82842	9.66364	17.9145	13.5417	
8.64098	9.82227	10.8557	11.6621	7.11667	2.96598	0	0.863466	7.04125	7.27425	14.9493	21.4501	8.89762	8.65827	17.7826	
11.7324	22.0088	12.1766	8.40098	7.98014	2.10251	0.863466	0	6.17778	6.41078	8.63411	10.9309	9.76108	15.812	12.8938	
9.54754	23.4053	7.25511	16.6349	20.0487	8.28029	7.04125	6.17778	0	8.694	2.45633	7.75036	8.50798	18.5071	10.3814	
5.32166	16.8048	11.0364	8.26145	6.84597	8.51329	7.27425	6.41078	8.694	0	6.23766	11.5317	4.89627	14.9213	8.06661	
7.09121	19.7434	4.79878	9.41683	8.53783	14.1224	14.9493	8.63411	2.45633	6.23766	0	5.29403	6.05165	16.0767	5.516	
9.87279	14.4493	7.84506	15.1269	12.9409	8.82842	21.4501	10.9309	7.75036	11.5317	5.29403	0	11.3457	13.0531	7.12785	
10.1015	15.8064	7.59092	3.36518	11.33	9.66364	8.89762	9.76108	8.50798	4.89627	6.05165	11.3457	0	10.025	8.30813	
3.06591	4.2472	5.28065	13.3902	1.5416	17.9145	8.65827	15.812	18.5071	14.9213	16.0767	13.0531	10.025	0	10.8109	
2.74494	13.0239	0.717216	9.48128	4.26925	13.5417	17.7826	12.8938	10.3814	8.06661	5.516	7.12785	8.30813	10.8109	0	

0	11.8165	2.8076	15.6225	6.11771	7.54227	13.1467	4.85773	7.12659	5.97551	6.93795	3.82259	13.551	5.30994	3.70335	
11.8165	0	9.81569	6.46683	9.73991	7.44039	23.3008	19.8377	15.522	15.4153	11.6744	6.63879	2.29011	5.15144	15.2132	
2.8076	9.81569	0	5.98697	3.31011	4.73467	2.54021	2.05013	4.31899	3.16791	5.1434	1.75728	9.88494	3.24463	6.51095	
15.6225	6.46683	5.98697	0	16.125	9.32699	4.42692	3.93684	6.6945	15.9828	13.561	13.6194	4.17672	15.1068	15.2782	
6.11771	9.73991	3.31011	16.125	0	8.04478	20.4384	5.36024	7.6291	6.47802	14.0762	5.0674	21.8196	4.58847	10.8416	
7.54227	7.44039	4.73467	9.32699	8.04478	0	3.89271	5.64849	2.89082	3.19548	0.408729	5.64777	5.15028	7.13512	3.64333	
13.1467	23.3008	2.54021	4.42692	20.4384	3.89271	0	0.490077	3.24774	6.27072	3.48398	10.5571	11.7361	13.6205	6.71858	
4.85773	19.8377	2.05013	3.93684	5.36024	5.64849	0.490077	0	2.75766	5.21804	3.97405	3.80741	8.11356	13.1282	13.6192	
7.12659	15.522	4.31899	6.6945	7.6291	2.89082	3.24774	2.75766	0	7.38047	3.29955	6.07628	8.0411	10.3705	7.82833	
5.97551	15.4153	3.16791	15.9828	6.47802	3.19548	6.27072	5.21804	7.38047	0	2.78675	4.92519	11.4221	8.84426	3.35348	
6.93795	11.6744	5.1434	13.561	14.0762	0.408729	3.48398	3.97405	3.29955	2.78675	0	6.0565	5.55901	8.56042	3.2346	
3.82259	6.63879	1.75728	13.6194	5.0674	5.64777	10.5571	3.80741	6.07628	4.92519	6.0565	0	10.3485	1.48735	7.52594	
13.551	2.29011	9.88494	4.17672	21.8196	5.15028	11.7361	8.11356	8.0411	11.4221	5.55901	10.3485	0	7.44156	12.6188	
5.30994	5.15144	3.24463	15.1068	4.58847	7.13512	13.6205	13.1282	10.3705	8.84426	8.56042	1.48735	7.44156	0	10.0617	
3.70335	15.2132	6.51095	15.2782	10.8416	3.64333	6.71858	13.6192	7.82833	3.35348	3.2346	7.52594	12.6188	10.0617	0	

0	7.93	1.27869	15.4619	4.86376	8.51868	8.63826	8.44558	11.672	3.26444	3.77584	1.85651	17.6025	4.41701	3.52027	
7.93	0	9.19473	24.0428	11.1957	13.7703	12.4962	20.3456	16.9286	9.56044	6.69759	9.78651	37.0302	12.347	7.86186	
1.27869	9.19473	0	13.7272	6.82499	7.23998	8.29576	9.73269	12.7281	1.98574	2.49714	2.38376	25.018	5.6957	3.66141	
15.4619	24.0428	13.7272	0	15.5341	6.48722	10.9324	11.569	8.29158	18.3553	13.5599	13.6054	22.7454	16.6045	14.1906	
4.86376	11.1957	6.82499	15.5341	0	7.98106	6.20925	2.89929	9.49522	6.55465	2.50775	6.78144	8.08624	9.9633	1.34348	
8.51868	13.7703	7.23998	6.48722	7.98106	0	4.44523	5.08177	14.7788	9.22572	7.07272	9.62374	10.2687	14.8804	8.23699	
8.63826	12.4962	8.29576	10.9324	6.20925	4.44523	0	3.30996	16.0296	8.66147	5.79862	6.78175	8.49691	13.6063	6.96289	
8.44558	20.3456	9.73269	11.569	2.89929	5.08177	3.30996	0	19.6407	9.45394	9.10858	9.68073	5.18695	10.5302	4.24277	
11.672	16.9286	12.7281	8.29158	9.49522	14.7788	16.0296	19.6407	0	13.0938	9.316	16.649	14.4538	18.0387	8.15174	
3.26444	9.56044	1.98574	18.3553	6.55465	9.22572	8.66147	9.45394	13.0938	0	2.86284	4.3695	25.315	10.6705	4.02711	
3.77584	6.69759	2.49714	13.5599	2.50775	7.07272	5.79862	9.10858	9.316	2.86284	0	4.8809	15.418	7.80768	1.16426	
1.85651	9.78651	2.38376	13.6054	6.78144	9.62374	6.78175	9.68073	16.649	4.3695	4.8809	0	16.4011	6.27352	5.37679	
17.6025	37.0302	25.018	22.7454	8.08624	10.2687	8.49691	5.18695	14.4538	25.315	15.418	16.4011	0	15.7171	20.1039	
4.41701	12.347	5.6957	16.6045	9.9633	14.8804	13.6063	10.5302	18.0387	10.6705	7.80768	6.27352	15.7171	0	7.93728	
3.52027	7.86186	3.66141	14.1906	1.34348	8.23699	6.96289	4.24277	8.15174	4.02711	1.16426	5.37679	20.1039	7.93728	0	

0	8.41993	0.840641	10.5842	7.79125	6.40681	5.3126	4.27278	5.0576	4.62077	5.88153	6.28435	4.1037	3.98665	1.62711	
8.41993	0	4.24561	8.18501	7.24416	11.9175	9.28915	6.01854	16.8821	3.46797	5.5923	11.5065	8.11793	1.0996	7.72748	
0.840641	4.24561	0	12.5243	8.6319	5.56617	6.15324	5.11343	5.89824	5.51438	7.23171	5.44371	5.45387	3.14601	2.46775	
10.5842	8.18501	12.5243	0	2.79295	8.95738	6.73818	13.1411	11.4178	7.28414	9.13206	7.9139	9.30873	8.93751	11.7853	
7.79125	7.24416	8.6319	2.79295	0	8.43441	6.21521	10.3814	8.62482	4.4912	6.33911	5.12096	7.07986	6.14456	7.48486	
6.40681	11.9175	5.56617	8.95738	8.43441	0	2.2192	3.82287	5.46558	10.4245	13.1524	11.0099	11.3663	8.71218	8.54345	
5.3126	9.28915	6.15324	6.73818	6.21521	2.2192	0	6.04207	7.18376	8.20533	10.9332	11.3362	11.3547	8.18955	6.9397	
4.27278	6.01854	5.11343	13.1411	10.3814	3.82287	6.04207	0	1.75658	7.28731	24.2094	16.8991	7.65729	4.91894	5.89989	
5.0576	16.8821	5.89824	11.4178	8.62482	5.46558	7.18376	1.75658	0	6.21642	12.6074	7.85962	5.90071	6.67552	6.68471	
4.62077	3.46797	5.51438	7.28414	4.4912	10.4245	8.20533	7.28731	6.21642	0	6.39094	9.61215	5.47025	2.36837	2.99366	
5.88153	5.5923	7.23171	9.13206	6.33911	13.1524	10.9332	24.2094	12.6074	6.39094	0	11.4601	6.73102	6.6919	4.25443	
6.28435	11.5065	5.44371	7.9139	5.12096	11.0099	11.3362	16.8991	7.85962	9.61215	11.4601	0	1.95891	8.58972	4.4355	
4.1037	8.11793	5.45387	9.30873	7.07986	11.3663	11.3547	7.65729	5.90071	5.47025	6.73102	1.95891	0	7.01833	2.47659	
3.98665	1.0996	3.14601	8.93751	6.14456	8.71218	8.18955	4.91894	6.67552	2.36837	6.6919	8.58972	7.01833	0	5.36203	
1.62711	7.72748	2.46775	11.7853	7.48486	8.54345	6.9397	5.89989	6.68471	2.99366	4.25443	4.4355	2.47659	5.36203	0	

0	6.55758	8.15706	7.47616	10.8199	12.1295	12.8949	10.0039	9.1523	9.12719	8.98663	6.40702	7.5072	15.2133	5.55791	
6.55758	0	5.48956	7.09016	5.79215	16.3699	19.4687	10.5716	6.4848	13.7836	9.37069	3.73953	9.29841	8.65568	7.46214	
8.15706	5.48956	0	2.33799	2.98924	6.89012	4.54891	2.51499	4.49532	11.615	3.53223	1.75004	4.54625	8.32395	5.47266	
7.47616	7.09016	2.33799	0	5.32723	7.7505	8.3676	4.85298	14.4822	14.0128	12.2089	4.08803	2.20826	10.6619	4.15755	
10.8199	5.79215	2.98924	5.32723	0	16.0986	23.888	4.59578	15.601	8.83125	3.57854	4.73928	7.21126	11.3132	5.26197	
12.1295	16.3699	6.89012	7.7505	16.0986	0	5.32399	4.02555	1.86001	10.6755	5.39238	4.60528	5.54224	18.5943	7.49153	
12.8949	19.4687	4.54891	8.3676	23.888	5.32399	0	2.03393	3.46398	5.68513	3.05117	6.20925	6.15934	16.5478	8.10863	
10.0039	10.5716	2.51499	4.85298	4.59578	4.02555	2.03393	0	2.16554	7.71906	1.01724	4.26503	8.19327	10.8389	10.1037	
9.1523	6.4848	4.49532	14.4822	15.601	1.86001	3.46398	2.16554	0	9.14911	3.18279	2.74528	7.40225	20.0118	6.46789	
9.12719	13.7836	11.615	14.0128	8.83125	10.6755	5.68513	7.71906	9.14911	0	9.20245	7.2919	5.51857	17.5187	3.56928	
8.98663	9.37069	3.53223	12.2089	3.57854	5.39238	3.05117	1.01724	3.18279	9.20245	0	8.21178	11.0358	18.1949	8.84051	
6.40702	3.73953	1.75004	4.08803	4.73928	4.60528	6.20925	4.26503	2.74528	7.2919	8.21178	0	5.67191	10.074	3.72262	
7.5072	9.29841	4.54625	2.20826	7.21126	5.54224	6.15934	8.19327	7.40225	5.51857	11.0358	5.67191	0	13.0521	1.94929	
15.2133	8.65568	8.32395	10.6619	11.3132	18.5943	16.5478	10.8389	20.0118	17.5187	18.1949	10.074	13.0521	0	15.0014	
5.55791	7.46214	5.47266	4.15755	5.26197	7.49153	8.10863	10.1037	6.46789	3.56928	8.84051	3.72262	1.94929	15.0014	0	

0	8.2464	6.13294	10.5914	2.3759	7.95625	12.5991	9.02573	14.6386	13.4834	12.6106	9.47943	9.0361	5.8355	1.61237	
8.2464	0	14.8549	12.8216	7.1358	20.4661	25.1014	23.3283	17.9186	14.8891	11.6604	6.05484	5.61151	2.4109	20.9273	
6.13294	14.8549	0	11.9725	3.75704	12.0002	7.36988	4.10606	11.2483	4.06729	3.19452	2.57247	12.1303	6.21641	6.6023	
10.5914	12.8216	11.9725	0	8.21551	12.4144	15.6101	3.02368	7.18659	10.1734	14.6916	4.55727	4.21525	7.41586	10.437	
2.3759	7.1358	3.75704	8.21551	0	10.3321	11.1269	11.2392	12.2627	7.82433	6.95156	6.32951	7.92551	4.7249	3.98826	
7.95625	20.4661	12.0002	12.4144	10.3321	0	6.76455	9.39075	6.78759	18.0551	8.80573	10.9243	14.591	13.7917	9.48057	
12.5991	25.1014	7.36988	15.6101	11.1269	6.76455	0	8.04136	3.87846	11.4372	10.5644	9.94235	13.1906	18.4346	13.9722	
9.02573	23.3283	4.10606	3.02368	11.2392	9.39075	8.04136	0	4.1629	8.24726	11.6679	1.53359	7.23894	5.17752	7.41336	
14.6386	17.9186	11.2483	7.18659	12.2627	6.78759	3.87846	4.1629	0	12.8272	14.8213	5.69649	9.31219	12.5128	11.5763	
13.4834	14.8891	4.06729	10.1734	7.82433	18.0551	11.4372	8.24726	12.8272	0	7.26182	6.63976	14.3887	10.3576	10.6696	
12.6106	11.6604	3.19452	14.6916	6.95156	8.80573	10.5644	11.6679	14.8213	7.26182	0	5.76699	16.8833	14.0713	9.79682	
9.47943	6.05484	2.57247	4.55727	6.32951	10.9243	9.94235	1.53359	5.69649	6.63976	5.76699	0	6.84454	3.64394	8.64365	
9.0361	5.61151	12.1303	4.21525	7.92551	14.591	13.1906	7.23894	9.31219	14.3887	16.8833	6.84454	0	3.20061	18.2015	
5.8355	2.4109	6.21641	7.41586	4.7249	13.7917	18.4346	5.17752	12.5128	10.3576	14.0713	3.64394	3.20061	0	7.44786	
1.61237	20.9273	6.6023	10.437	3.98826	9.48057	13.9722	7.41336	11.5763	10.6696	9.79682	8.64365	18.2015	7.44786	0	

0	2.51273	0.676021	7.07716	8.67916	6.04415	9.86271	5.98291	6.79134	3.63172	2.69827	4.90932	3.07884	13.6141	4.31058	
2.51273	0	1.83671	17.7237	3.34023	14.6843	17.3087	11.3218	13.7124	4.79241	6.40423	7.32765	8.41777	8.27514	5.47127	
0.676021	1.83671	0	13.0607	5.17694	10.0214	10.4006	6.65893	12.5832	2.9557	3.37429	5.19025	3.75486	5.78911	3.63456	
7.07716	17.7237	13.0607	0	19.4552	6.15776	10.4775	5.91616	5.10773	10.0004	9.07267	10.7242	3.99832	10.545	8.31056	
8.67916	3.34023	5.17694	19.4552	0	11.6534	16.9499	15.4292	13.3139	3.27471	6.3287	12.0403	9.27684	6.10812	13.3318	
6.04415	14.6843	10.0214	6.15776	11.6534	0	9.47611	8.43714	7.62871	8.37865	6.77752	4.56647	2.96531	9.30503	6.12216	
9.86271	17.3087	10.4006	10.4775	16.9499	9.47611	0	3.8798	4.68823	16.0343	7.12069	4.90964	14.2394	9.6482	6.46533	
5.98291	11.3218	6.65893	5.91616	15.4292	8.43714	3.8798	0	0.80843	12.1545	8.68118	8.78943	9.06175	6.24566	10.507	
6.79134	13.7124	12.5832	5.10773	13.3139	7.62871	4.68823	0.80843	0	8.27064	16.9139	10.1758	9.10604	5.43723	9.6986	
3.63172	4.79241	2.9557	10.0004	3.27471	8.37865	16.0343	12.1545	8.27064	0	3.05399	5.26504	6.00213	2.83341	6.59026	
2.69827	6.40423	3.37429	9.07267	6.3287	6.77752	7.12069	8.68118	16.9139	3.05399	0	2.21105	5.07435	5.8874	3.76674	
4.90932	7.32765	5.19025	10.7242	12.0403	4.56647	4.90964	8.78943	10.1758	5.26504	2.21105	0	5.86794	4.73856	1.55569	
3.07884	8.41777	3.75486	3.99832	9.27684	2.96531	14.2394	9.06175	9.10604	6.00213	5.07435	5.86794	0	8.83554	4.31225	
13.6141	8.27514	5.78911	10.545	6.10812	9.30503	9.6482	6.24566	5.43723	2.83341	5.8874	4.73856	8.83554	0	6.29425	
4.31058	5.47127	3.63456	8.31056	13.3318	6.12216	6.46533	10.507	9.6986	6.59026	3.76674	1.55569	4.31225	6.29425	0	

0	12.3157	5.5642	15.8751	6.25022	6.65654	12.6952	9.60365	7.67801	4.56292	5.92729	2.25449	6.24653	6.25672	10.3427	
12.3157	0	10.7831	15.428	3.69934	18.8712	11.5292	23.8618	14.7304	11.4059	13.8456	7.69506	5.76235	6.05895	14.9655	
5.5642	10.7831	0	21.6701	8.11914	7.43634	10.7876	11.4726	4.76733	6.43184	3.01661	4.12342	5.02078	11.8209	6.19082	
15.8751	15.428	21.6701	0	18.4329	13.692	13.9166	11.4003	15.3277	11.6982	17.7773	14.0066	19.4066	9.61843	14.9376	
6.25022	3.69934	8.11914	18.4329	0	8.39777	15.253	11.3449	11.897	6.30415	10.1463	3.99572	7.98776	8.81445	15.4157	
6.65654	18.8712	7.43634	13.692	8.39777	0	4.61518	3.34084	1.63566	6.71048	3.38638	4.40205	8.39408	10.1521	1.24552	
12.6952	11.5292	10.7876	13.9166	15.253	4.61518	0	2.51629	6.25083	19.3588	13.2797	9.01723	5.76685	6.4385	5.8607	
9.60365	23.8618	11.4726	11.4003	11.3449	3.34084	2.51629	0	4.9765	9.65759	6.87127	7.34916	8.28314	8.95479	4.58636	
7.67801	14.7304	4.76733	15.3277	11.897	1.63566	6.25083	4.9765	0	7.82986	1.75072	6.03771	8.96805	18.6818	2.88118	
4.56292	11.4059	6.43184	11.6982	6.30415	6.71048	19.3588	9.65759	7.82986	0	6.07914	2.30843	6.30046	15.7768	7.07023	
5.92729	13.8456	3.01661	17.7773	10.1463	3.38638	13.2797	6.87127	1.75072	6.07914	0	7.14002	8.03739	12.184	7.30183	
2.25449	7.69506	4.12342	14.0066	3.99572	4.40205	9.01723	7.34916	6.03771	2.30843	7.14002	0	3.99203	8.51122	5.64757	
6.24653	5.76235	5.02078	19.4066	7.98776	8.39408	5.76685	8.28314	8.96805	6.30046	8.03739	3.99203	0	11.8213	10.1056	
6.25672	6.05895	11.8209	9.61843	8.81445	10.1521	6.4385	8.95479	18.6818	15.7768	12.184	8.51122	11.8213	0	8.90656	
10.3427	14.9655	6.19082	14.9376	15.4157	1.24552	5.8607	4.58636	2.88118	7.07023	7.30183	5.64757	10.1056	8.90656	0	

0	11.3996	1.75876	6.00543	2.77713	12.3624	6.03442	7.682	12.3647	4.14636	6.9361	2.47697	6.63253	4.09183	2.98946	
11.3996	0	10.6885	10.3237	8.47332	7.22752	12.0256	10.3481	9.41895	14.6539	8.44773	9.91048	8.67584	7.15861	8.8348	
1.75876	10.6885	0	4.5716	2.33115	9.89504	4.27567	5.43059	14.6832	3.98082	5.17734	1.04315	4.87378	5.5088	3.76874	
6.00543	10.3237	4.5716	0	4.81646	6.66915	4.99762	4.78736	7.80464	7.62592	17.4729	3.52846	1.64789	7.99411	14.0789	
2.77713	8.47332	2.33115	4.81646	0	6.94744	6.76756	3.66143	14.3102	0.424408	4.40891	1.28801	7.90272	1.3147	0.212328	
12.3624	7.22752	9.89504	6.66915	6.94744	0	5.83535	4.68042	2.19143	10.0474	6.58078	10.0984	5.02126	5.63274	8.12952	
6.03442	12.0256	4.27567	4.99762	6.76756	5.83535	0	1.15493	5.83758	8.80033	3.05529	5.31881	3.34973	5.45286	4.60403	
7.682	10.3481	5.43059	4.78736	3.66143	4.68042	1.15493	0	4.68265	3.66118	1.90036	9.75419	3.13947	6.60779	3.4491	
12.3647	9.41895	14.6832	7.80464	14.3102	2.19143	5.83758	4.68265	0	12.2388	6.58301	11.3331	7.21269	7.82417	8.13175	
4.14636	14.6539	3.98082	7.62592	0.424408	10.0474	8.80033	3.66118	12.2388	0	8.31101	6.62333	5.97803	11.2969	0.21208	
6.9361	8.44773	5.17734	17.4729	4.40891	6.58078	3.05529	1.90036	6.58301	8.31101	0	5.69692	5.03983	5.72361	4.62124	
2.47697	9.91048	1.04315	3.52846	1.28801	10.0984	5.31881	9.75419	11.3331	6.62333	5.69692	0	5.17634	2.60271	1.50034	
6.63253	8.67584	4.87378	1.64789	7.90272	5.02126	3.34973	3.13947	7.21269	5.97803	5.03983	5.17634	0	8.8026	6.19011	
4.09183	7.15861	5.5088	7.99411	1.3147	5.63274	5.45286	6.60779	7.82417	11.2969	5.72361	2.60271	8.8026	0	1.52703	
2.98946	8.8348	3.76874	14.0789	0.212328	8.12952	4.60403	3.4491	8.13175	0.21208	4.62124	1.50034	6.19011	1.52703	0	

0	7.62701	2.14869	9.55282	3.30968	8.88166	9.23661	8.44308	13.1313	1.03195	4.3523	1.47407	4.26893	7.73486	7.41848	
7.62701	0	16.9975	12.095	8.27822	18.7963	13.9155	20.4238	17.59	10.556	12.2811	6.15294	8.94779	7.78617	12.9963	
2.14869	16.9975	0	9.79601	7.88469	11.0304	14.9844	9.29446	8.41069	3.18064	5.33954	3.62277	9.55722	12.5824	5.26978	
9.55282	12.095	9.79601	0	3.81682	14.3349	14.324	14.2367	16.5309	6.09455	15.1356	7.09376	7.89539	15.0098	14.0235	
3.30968	8.27822	7.88469	3.81682	0	10.5181	11.0395	9.68886	14.7677	2.27773	5.59808	3.27694	6.0718	9.53772	10.2067	
8.88166	18.7963	11.0304	14.3349	10.5181	0	7.00872	6.54386	4.24961	9.91361	7.32076	10.3557	19.0644	14.2568	8.84331	
9.23661	13.9155	14.9844	14.324	11.0395	7.00872	0	3.98549	2.7591	11.3966	5.83025	7.76254	10.3025	14.0233	7.3528	
8.44308	20.4238	9.29446	14.2367	9.68886	6.54386	3.98549	0	2.29424	7.27527	3.95492	10.0831	14.288	18.2101	6.88794	
13.1313	17.59	8.41069	16.5309	14.7677	4.24961	2.7591	2.29424	0	6.39149	3.07115	9.1993	13.0616	18.5064	4.5937	
1.03195	10.556	3.18064	6.09455	2.27773	9.91361	11.3966	7.27527	6.39149	0	3.32035	2.50602	8.07269	10.799	9.50064	
4.3523	12.2811	5.33954	15.1356	5.59808	7.32076	5.83025	3.95492	3.07115	3.32035	0	6.12816	8.92301	12.3889	7.61055	
1.47407	6.15294	3.62277	7.09376	3.27694	10.3557	7.76254	10.0831	9.1993	2.50602	6.12816	0	2.79486	6.26078	9.71923	
4.26893	8.94779	9.55722	7.89539	6.0718	19.0644	10.3025	14.288	13.0616	8.07269	8.92301	2.79486	0	9.05564	12.5141	
7.73486	7.78617	12.5824	15.0098	9.53772	14.2568	14.0233	18.2101	18.5064	10.799	12.3889	6.26078	9.05564	0	15.98	
7.41848	12.9963	5.26978	14.0235	10.2067	8.84331	7.3528	6.88794	4.5937	9.50064	7.61055	9.71923	12.5141	15.98	0	

0	6.32212	4.10427	4.51543	2.24599	0.290168	9.41989	5.93571	1.01558	7.43389	8.08192	2.68315	12.4603	4.69586	2.61282	
6.32212	0	4.01277	8.4134	5.87105	6.61229	4.3715	11.868	9.08338	10.7817	9.12524	6.58112	24.1375	11.1774	8.93494	
4.10427	4.01277	0	8.67929	1.85828	8.7209	8.38427	14.4274	5.06207	10.3454	12.9554	6.33733	13.4279	11.9581	4.24643	
4.51543	8.4134	8.67929	0	6.31134	5.91178	6.50674	8.60079	6.90933	10.1482	4.10329	1.83228	4.13648	7.41016	5.32711	
2.24599	5.87105	1.85828	6.31134	0	2.53616	7.1739	5.17131	3.20379	7.20922	10.3279	4.47905	12.2356	4.4712	2.38815	
0.290168	6.61229	8.7209	5.91178	2.53616	0	5.43729	2.69293	0.725408	6.62151	8.37209	2.97331	10.3204	17.2656	2.90299	
9.41989	4.3715	8.38427	6.50674	7.1739	5.43729	0	6.6794	4.71188	10.608	4.75375	8.33902	10.6432	14.0132	9.56205	
5.93571	11.868	14.4274	8.60079	5.17131	2.69293	6.6794	0	1.96752	5.76251	4.49751	7.58042	15.3095	8.91299	6.82995	
1.01558	9.08338	5.06207	6.90933	3.20379	0.725408	4.71188	1.96752	0	5.89611	6.46503	4.8049	13.3419	11.5611	5.59195	
7.43389	10.7817	10.3454	10.1482	7.20922	6.62151	10.608	5.76251	5.89611	0	9.11736	13.3429	14.6685	5.66495	4.82107	
8.08192	9.12524	12.9554	4.10329	10.3279	8.37209	4.75375	4.49751	6.46503	9.11736	0	5.93557	8.23977	14.7823	9.4304	
2.68315	6.58112	6.33733	1.83228	4.47905	2.97331	8.33902	7.58042	4.8049	13.3429	5.93557	0	5.96876	14.5788	5.29597	
12.4603	24.1375	13.4279	4.13648	12.2356	10.3204	10.6432	15.3095	13.3419	14.6685	8.23977	5.96876	0	11.9305	9.46359	
4.69586	11.1774	11.9581	7.41016	4.4712	17.2656	14.0132	8.91299	11.5611	5.66495	14.7823	14.5788	11.9305	0	2.08304	
2.61282	8.93494	4.24643	5.32711	2.38815	2.90299	9.56205	6.82995	5.59195	4.82107	9.4304	5.29597	9.46359	2.08304	0	

0	7.89256	2.94948	9.46247	6.93643	9.06809	12.4852	5.30004	3.9976	9.27528	7.4723	4.57304	17.6574	11.4719	9.76367	
7.89256	0	11.3566	12.5705	6.32144	6.96506	13.1613	5.19739	3.89496	14.2296	16.0326	8.4074	23.5511	1.78599	7.25712	
2.94948	11.3566	0	6.98353	5.14793	3.0659	13.9301	8.76408	6.94708	4.64776	9.52326	1.62356	11.6552	9.68339	3.76147	
9.46247	12.5705	6.98353	0	16.3989	6.80231	5.38638	9.97797	8.67554	7.22824	10.3993	5.35997	13.0209	20.6254	7.49788	
6.93643	6.32144	5.14793	16.3989	0	13.6898	13.7772	4.5938	5.89624	18.1653	14.4087	6.77149	11.5917	4.53546	7.21277	
9.06809	6.96506	3.0659	6.80231	13.6898	0	13.7489	10.4589	10.86	4.46653	14.6193	1.44234	11.474	8.75105	3.58025	
12.4852	13.1613	13.9301	5.38638	13.7772	13.7489	0	9.18345	9.26639	1.84186	3.64484	4.86606	9.70959	27.1473	11.8024	
5.30004	5.19739	8.76408	9.97797	4.5938	10.4589	9.18345	0	1.30244	11.0253	14.1964	4.75688	6.99786	8.0901	2.61897	
3.9976	3.89496	6.94708	8.67554	5.89624	10.86	9.26639	1.30244	0	11.1083	11.4699	9.0852	8.3003	5.68094	3.92141	
9.27528	14.2296	4.64776	7.22824	18.1653	4.46653	1.84186	11.0253	11.1083	0	1.80297	3.0242	11.5515	16.0156	5.16211	
7.4723	16.0326	9.52326	10.3993	14.4087	14.6193	3.64484	14.1964	11.4699	1.80297	0	4.82717	14.7225	20.8601	14.0597	
4.57304	8.4074	1.62356	5.35997	6.77149	1.44234	4.86606	4.75688	9.0852	3.0242	4.82717	0	10.0316	7.60904	2.13791	
17.6574	23.5511	11.6552	13.0209	11.5917	11.474	9.70959	6.99786	8.3003	11.5515	14.7225	10.0316	0	25.0538	9.61683	
11.4719	1.78599	9.68339	20.6254	4.53546	8.75105	27.1473	8.0901	5.68094	16.0156	20.8601	7.60904	25.0538	0	5.47113	
9.76367	7.25712	3.76147	7.49788	7.21277	3.58025	11.8024	2.61897	3.92141	5.16211	14.0597	2.13791	9.61683	5.47113	0	

0	14.0542	1.95989	5.06831	10.4278	9.86551	7.01287	8.89449	6.38285	10.4922	13.7369	5.97853	7.79626	7.56563	9.30359	
14.0542	0	12.0943	15.9971	18.8737	15.3924	11.4515	13.2602	16.0347	14.0834	17.4643	8.22459	12.7226	9.17282	12.803	
1.95989	12.0943	0	3.90274	8.46788	9.3259	7.24555	9.05422	8.34274	9.87742	12.005	4.01864	6.6307	4.96687	7.3437	
5.06831	15.9971	3.90274	0	5.04635	13.2286	9.64829	9.95691	11.4512	10.2123	8.32562	7.22597	2.72796	13.8114	7.41926	
10.4278	18.8737	8.46788	5.04635	0	11.2207	9.23873	9.54735	7.73803	9.80275	7.91606	6.8164	2.31839	11.5974	7.0097	
9.86551	15.3924	9.3259	13.2286	11.2207	0	9.33069	6.59046	3.48266	19.0679	9.76347	4.7691	9.79346	3.82087	5.10216	
7.01287	11.4515	7.24555	9.64829	9.23873	9.33069	0	1.88162	4.98943	8.3062	4.51895	3.22691	6.92034	4.17514	9.84589	
8.89449	13.2602	9.05422	9.95691	9.54735	6.59046	1.88162	0	3.1078	10.1878	2.63733	5.03558	7.22896	5.9838	7.29864	
6.38285	16.0347	8.34274	11.4512	7.73803	3.48266	4.98943	3.1078	0	13.6689	5.74513	7.8101	10.0564	7.30353	8.58482	
10.4922	14.0834	9.87742	10.2123	9.80275	19.0679	8.3062	10.1878	13.6689	0	13.082	5.85878	7.48436	6.80701	12.1757	
13.7369	17.4643	12.005	8.32562	7.91606	9.76347	4.51895	2.63733	5.74513	13.082	0	7.6729	5.59766	13.4016	4.66131	
5.97853	8.22459	4.01864	7.22597	6.8164	4.7691	3.22691	5.03558	7.8101	5.85878	7.6729	0	4.49801	0.94823	6.61898	
7.79626	12.7226	6.6307	2.72796	2.31839	9.79346	6.92034	7.22896	10.0564	7.48436	5.59766	4.49801	0	5.44624	4.6913	
7.56563	9.17282	4.96687	13.8114	11.5974	3.82087	4.17514	5.9838	7.30353	6.80701	13.4016	0.94823	5.44624	0	7.56721	
9.30359	12.803	7.3437	7.41926	7.0097	5.10216	9.84589	7.29864	8.58482	12.1757	4.66131	6.61898	4.6913	7.56721	0	

0	4.09029	1.82833	15.3895	2.80206	10.5654	16.6518	11.7012	10.5088	4.69964	3.52005	4.18678	11.9125	6.37533	4.98269	
4.09029	0	6.59007	23.7925	1.28822	7.55447	10.516	14.6722	10.4513	10.2625	4.39126	8.94852	17.4754	1.53598	3.46885	
1.82833	6.59007	0	17.2024	4.6304	8.7371	11.6987	8.46211	11.3772	7.78431	5.34838	2.35845	17.2499	8.12605	5.3314	
15.3895	23.7925	17.2024	0	17.8345	10.5097	5.58619	3.3815	6.57634	17.2575	10.3476	9.48516	1.95511	16.5178	17.7135	
2.80206	1.28822	4.6304	17.8345	0	8.8427	16.6577	14.453	9.23311	6.36002	6.32211	5.15357	16.0031	2.82421	2.18062	
10.5654	7.55447	8.7371	10.5097	8.8427	0	2.96155	5.16624	2.89687	17.8357	9.8856	11.0955	8.76954	9.09045	9.94936	
16.6518	10.516	11.6987	5.58619	16.6577	2.96155	0	2.20469	5.39953	14.3113	13.1317	8.30835	9.50327	15.3409	18.6032	
11.7012	14.6722	8.46211	3.3815	14.453	5.16624	2.20469	0	3.19484	13.8388	10.1836	6.10366	5.33661	13.1363	9.07661	
10.5088	10.4513	11.3772	6.57634	9.23311	2.89687	5.39953	3.19484	0	8.16833	6.98874	9.2985	5.87268	9.84401	7.05249	
4.69964	10.2625	7.78431	17.2575	6.36002	17.8357	14.3113	13.8388	8.16833	0	1.17959	7.15235	9.57205	4.03486	4.1794	
3.52005	4.39126	5.34838	10.3476	6.32211	9.8856	13.1317	10.1836	6.98874	1.17959	0	8.91477	8.39246	2.85528	5.35898	
4.18678	8.94852	2.35845	9.48516	5.15357	11.0955	8.30835	6.10366	9.2985	7.15235	8.91477	0	15.4701	15.0569	2.97295	
11.9125	17.4754	17.2499	1.95511	16.0031	8.76954	9.50327	5.33661	5.87268	9.57205	8.39246	15.4701	0	11.2477	12.9252	
6.37533	1.53598	8.12605	16.5178	2.82421	9.09045	15.3409	13.1363	9.84401	4.03486	2.85528	15.0569	11.2477	0	9.714	
4.98269	3.46885	5.3314	17.7135	2.18062	9.94936	18.6032	9.07661	7.05249	4.1794	5.35898	2.97295	12.9252	9.714	0	

0	2.22721	2.89602	6.0913	0.411988	2.13106	4.70077	5.58206	5.74078	2.07791	3.8642	8.25679	6.17146	3.3369	7.63268	
2.22721	0	4.05524	8.3185	2.6392	4.35827	6.89552	12.8742	7.27628	4.30512	12.3512	6.50777	18.6116	1.10969	11.1334	
2.89602	4.05524	0	9.29084	2.48403	5.12407	7.0536	9.40864	2.54123	5.27746	12.0164	7.36758	14.9107	2.94555	6.39838	
6.0913	8.3185	9.29084	0	6.50328	6.46917	3.89946	15.1192	8.41184	7.2688	16.426	12.731	10.2117	7.3329	19.9155	
0.411988	2.6392	2.48403	6.50328	0	2.54305	5.20975	6.09104	5.02526	2.4899	4.37317	7.8448	6.68044	5.42958	11.7589	
2.13106	4.35827	5.12407	6.46917	2.54305	0	2.56971	3.451	5.76579	3.74558	1.73314	10.4848	4.0404	8.35554	9.62294	
4.70077	6.89552	7.0536	3.89946	5.20975	2.56971	0	6.02071	4.51237	3.36934	4.30285	11.1839	6.31224	5.78583	8.36952	
5.58206	12.8742	9.40864	15.1192	6.09104	3.451	6.02071	0	6.86741	5.09601	5.18414	13.4038	4.41228	11.7645	10.5163	
5.74078	7.27628	2.54123	8.41184	5.02526	5.76579	4.51237	6.86741	0	7.88171	7.49893	9.90881	9.8062	5.48679	3.85714	
2.07791	4.30512	5.27746	7.2688	2.4899	3.74558	3.36934	5.09601	7.88171	0	2.01244	12.1682	9.50829	9.15517	5.55476	
3.8642	12.3512	12.0164	16.426	4.37317	1.73314	4.30285	5.18414	7.49893	2.01244	0	11.3872	5.77354	13.4609	7.56721	
8.25679	6.50777	7.36758	12.731	7.8448	10.4848	11.1839	13.4038	9.90881	12.1682	11.3872	0	8.99155	5.39808	10.024	
6.17146	18.6116	14.9107	10.2117	6.68044	4.0404	6.31224	4.41228	9.8062	9.50829	5.77354	8.99155	0	12.0981	6.104	
3.3369	1.10969	2.94555	7.3329	5.42958	8.35554	5.78583	11.7645	5.48679	9.15517	13.4609	5.39808	12.0981	0	13.21	
7.63268	11.1334	6.39838	19.9155	11.7589	9.62294	8.36952	10.5163	3.85714	5.55476	7.56721	10.024	6.104	13.21	0	

0	7.44157	5.49036	21.555	3.57075	6.61916	10.9223	17.9785	9.47497	11.1589	13.6498	6.83171	8.25712	6.88529	10.5115	
7.44157	0	11.4302	19.2414	3.87083	15.3784	11.2224	46.1533	17.8815	12.162	13.0864	16.2968	10.567	7.18538	8.08983	
5.49036	11.4302	0	12.2089	5.51336	5.2767	7.82181	13.2451	4.35266	5.66858	8.15945	2.09833	3.37392	2.19881	5.02114	
21.555	19.2414	12.2089	0	9.47457	6.71679	2.12296	4.47525	13.265	4.27619	22.802	17.4266	9.01492	10.01	22.224	
3.57075	3.87083	5.51336	9.47457	0	9.95837	7.3516	9.70388	7.67487	9.50483	18.4149	8.12153	6.69612	3.31455	11.9607	
6.61916	15.3784	5.2767	6.71679	9.95837	0	4.59382	6.94611	3.36636	6.74705	8.27903	3.17836	3.26225	14.8221	11.3853	
10.9223	11.2224	7.82181	2.12296	7.3516	4.59382	0	2.35228	7.8707	2.15323	15.7006	7.77219	6.89195	10.6661	6.22538	
17.9785	46.1533	13.2451	4.47525	9.70388	6.94611	2.35228	0	6.98513	4.50551	11.8978	11.1468	7.96387	16.2899	19.3537	
9.47497	17.8815	4.35266	13.265	7.67487	3.36636	7.8707	6.98513	0	8.99277	4.91267	2.40415	0.978743	27.8994	9.90926	
11.1589	12.162	5.66858	4.27619	9.50483	6.74705	2.15323	4.50551	8.99277	0	9.06875	7.76691	9.0425	7.86739	4.07215	
13.6498	13.0864	8.15945	22.802	18.4149	8.27903	15.7006	11.8978	4.91267	9.06875	0	10.2578	5.89141	10.3583	4.9966	
6.83171	16.2968	2.09833	17.4266	8.12153	3.17836	7.77219	11.1468	2.40415	7.76691	10.2578	0	1.42541	4.29715	7.11948	
8.25712	10.567	3.37392	9.01492	6.69612	3.26225	6.89195	7.96387	0.978743	9.0425	5.89141	1.42541	0	5.57273	8.39507	
6.88529	7.18538	2.19881	10.01	3.31455	14.8221	10.6661	16.2899	27.8994	7.86739	10.3583	4.29715	5.57273	0	7.21996	
10.5115	8.08983	5.02114	22.224	11.9607	11.3853	6.22538	19.3537	9.90926	4.07215	4.9966	7.11948	8.39507	7.21996	0	

0	19.9807	1.22392	11.8121	2.72839	3.05478	12.8843	17.2041	15.0733	5.00054	10.4058	1.01113	9.16498	2.47118	4.30118	
19.9807	0	8.24365	16.6398	23.75	12.1311	13.7189	30.0958	22.4094	14.2373	11.2404	9.64499	6.02094	6.99639	12.3267	
1.22392	8.24365	0	10.8971	1.50447	4.2787	17.4198	19.727	9.84069	3.77662	6.77348	2.23505	23.3307	1.24726	6.57758	
11.8121	16.6398	10.8971	0	9.39267	8.75736	13.491	11.7049	12.7878	15.8661	21.9022	17.0557	10.6189	14.4071	19.7374	
2.72839	23.75	1.50447	9.39267	0	15.8118	14.9881	17.7015	12.5375	5.28109	9.47025	9.93871	20.0115	2.75173	10.7537	
3.05478	12.1311	4.2787	8.75736	15.8118	0	13.1085	13.1014	12.0185	9.33843	12.3353	4.06591	6.11019	16.0391	14.2443	
12.8843	13.7189	17.4198	13.491	14.9881	13.1085	0	1.78614	2.86906	5.47534	2.47849	16.0042	14.7076	17.9369	14.1944	
17.2041	30.0958	19.727	11.7049	17.7015	13.1014	1.78614	0	1.08292	7.147	4.26462	19.5142	16.4938	21.1462	28.4297	
15.0733	22.4094	9.84069	12.7878	12.5375	12.0185	2.86906	1.08292	0	6.06407	8.37911	22.7118	18.1287	20.0632	10.97	
5.00054	14.2373	3.77662	15.8661	5.28109	9.33843	5.47534	7.147	6.06407	0	2.99686	8.19594	15.4486	5.02388	4.90589	
10.4058	11.2404	6.77348	21.9022	9.47025	12.3353	2.47849	4.26462	8.37911	2.99686	0	11.4169	17.1861	15.4584	7.90275	
1.01113	9.64499	2.23505	17.0557	9.93871	4.06591	16.0042	19.5142	22.7118	8.19594	11.4169	0	12.5244	2.6486	3.29005	
9.16498	6.02094	23.3307	10.6189	20.0115	6.11019	14.7076	16.4938	18.1287	15.4486	17.1861	12.5244	0	13.0173	15.8144	
2.47118	6.99639	1.24726	14.4071	2.75173	16.0391	17.9369	21.1462	20.0632	5.02388	15.4584	2.6486	13.0173	0	5.33032	
4.30118	12.3267	6.57758	19.7374	10.7537	14.2443	14.1944	28.4297	10.97	4.90589	7.90275	3.29005	15.8144	5.33032	0	

0	6.22989	1.05328	7.70778	1.74554	11.0036	14.8947	12.7205	4.05114	5.40015	9.29975	4.86905	7.1341	7.69321	10.9331	
6.22989	0	9.40231	9.84385	7.3526	7.19659	27.1826	20.9254	12.5607	8.97861	3.23916	1.36083	14.3556	8.7624	9.59002	
1.05328	9.40231	0	7.22289	2.79882	9.78979	13.8414	16.4726	2.99786	4.34687	10.353	5.92233	6.08082	10.4035	9.87985	
7.70778	9.84385	7.22289	0	9.45333	7.38564	7.64394	5.01273	4.22503	8.18963	6.60468	12.5768	22.5896	14.0261	14.3191	
1.74554	7.3526	2.79882	9.45333	0	27.334	13.3215	15.9527	5.95722	11.2459	11.0453	5.99177	11.5409	5.94767	13.3723	
11.0036	7.19659	9.78979	7.38564	27.334	0	5.00412	2.37291	6.79193	16.0882	3.95743	14.5324	6.40551	11.3788	20.1311	
14.8947	27.1826	13.8414	7.64394	13.3215	5.00412	0	2.63121	12.8994	14.3421	20.3175	19.3133	19.9222	19.2692	20.4716	
12.7205	20.9254	16.4726	5.01273	15.9527	2.37291	2.63121	0	9.16484	13.2024	6.33034	17.7757	8.77842	19.9702	27.3666	
4.05114	12.5607	2.99786	4.22503	5.95722	6.79193	12.8994	9.16484	0	7.34474	10.7494	9.08073	9.07869	13.5619	12.8777	
5.40015	8.97861	4.34687	8.18963	11.2459	16.0882	14.3421	13.2024	7.34474	0	14.7943	7.61778	10.4277	17.1935	6.12949	
9.29975	3.23916	10.353	6.60468	11.0453	3.95743	20.3175	6.33034	10.7494	14.7943	0	4.6	10.3629	7.42141	14.9568	
4.86905	1.36083	5.92233	12.5768	5.99177	14.5324	19.3133	17.7757	9.08073	7.61778	4.6	0	14.3694	10.1232	8.22918	
7.1341	14.3556	6.08082	22.5896	11.5409	6.40551	19.9222	8.77842	9.07869	10.4277	10.3629	14.3694	0	5.59322	15.9607	
7.69321	8.7624	10.4035	14.0261	5.94767	11.3788	19.2692	19.9702	13.5619	17.1935	7.42141	10.1232	5.59322	0	14.0955	
10.9331	9.59002	9.87985	14.3191	13.3723	20.1311	20.4716	27.3666	12.8777	6.12949	14.9568	8.22918	15.9607	14.0955	0	

0	8.1292	5.96411	5.91695	4.52249	6.87887	5.39998	1.7119	2.7246	7.37772	11.0794	6.11829	8.01947	5.65049	4.57713	
8.1292	0	5.04834	15.4294	3.60671	12.5798	14.0851	11.2244	9.41779	5.68734	7.95175	5.20252	6.29919	3.85649	15.0276	
5.96411	5.04834	0	17.5421	1.44163	14.4927	10.1517	9.67867	13.5361	9.44034	8.8592	3.03743	5.7379	2.56963	1.57047	
5.91695	15.4294	17.5421	0	15.919	10.206	7.89312	4.20505	5.21775	9.87087	27.3971	25.8403	10.6375	13.0802	14.8049	
4.52249	3.60671	1.44163	15.919	0	11.4014	4.72212	6.23439	9.92854	4.78091	10.2631	1.5958	3.5707	1.12801	3.01209	
6.87887	12.5798	14.4927	10.206	11.4014	0	9.57875	1.96929	0.956594	4.68704	4.20055	9.28933	14.8983	16.4363	11.456	
5.39998	14.0851	10.1517	7.89312	4.72212	9.57875	0	3.68807	4.70077	6.31143	13.7793	3.12632	21.5882	15.2713	8.86202	
1.7119	11.2244	9.67867	4.20505	6.23439	1.96929	3.68807	0	1.0127	4.74314	7.10205	6.81439	9.73137	15.0808	6.28903	
2.7246	9.41779	13.5361	5.21775	9.92854	0.956594	4.70077	1.0127	0	3.73045	5.15715	6.91556	20.3833	18.0935	13.3781	
7.37772	5.68734	9.44034	9.87087	4.78091	4.68704	6.31143	4.74314	3.73045	0	2.2644	3.18511	27.1495	9.12672	8.92082	
11.0794	7.95175	8.8592	27.3971	10.2631	4.20055	13.7793	7.10205	5.15715	2.2644	0	5.44951	11.4562	17.7828	7.28873	
6.11829	5.20252	3.03743	25.8403	1.5958	9.28933	3.12632	6.81439	6.91556	3.18511	5.44951	0	9.90314	2.72381	5.73571	
8.01947	6.29919	5.7379	10.6375	3.5707	14.8983	21.5882	9.73137	20.3833	27.1495	11.4562	9.90314	0	2.44269	4.16744	
5.65049	3.85649	2.56963	13.0802	1.12801	16.4363	15.2713	15.0808	18.0935	9.12672	17.7828	2.72381	2.44269	0	6.61013	
4.57713	15.0276	1.57047	14.8049	3.01209	11.456	8.86202	6.28903	13.3781	8.92082	7.28873	5.73571	4.16744	6.61013	0	

0	4.26523	1.43535	18.2361	9.53958	5.14423	1.34951	4.18788	9.75462	4.2612	5.88738	2.30725	22.2568	10.724	4.02528	
4.26523	0	5.70058	19.8819	5.27435	9.82082	5.61474	10.4095	8.50354	11.2983	8.01046	6.5625	21.0057	6.45877	6.14836	
1.43535	5.70058	0	25.2436	9.45822	10.5016	2.78486	22.7883	6.82729	2.82585	5.7863	0.871902	19.8499	11.6607	3.9242	
18.2361	19.8819	25.2436	0	20.3992	12.6956	16.8866	13.2843	11.3783	18.1635	12.0429	17.3337	8.82563	16.4784	24.2149	
9.53958	5.27435	9.45822	20.3992	0	22.1139	12.4447	19.5661	11.639	12.3469	8.80077	8.58631	14.0267	3.92077	7.8756	
5.14423	9.82082	10.5016	12.6956	22.1139	0	3.79472	2.41359	1.31729	7.67575	9.89472	7.27267	13.0585	9.03553	13.1666	
1.34951	5.61474	2.78486	16.8866	12.4447	3.79472	0	2.83837	4.74438	8.38257	6.1	7.69498	9.31732	10.98	5.37479	
4.18788	10.4095	22.7883	13.2843	19.5661	2.41359	2.83837	0	1.90601	8.69115	8.75667	7.86139	10.6449	9.62425	10.6188	
9.75462	8.50354	6.82729	11.3783	11.639	1.31729	4.74438	1.90601	0	6.78514	9.98481	5.95539	12.5022	7.71824	12.2104	
4.2612	11.2983	2.82585	18.1635	12.3469	7.67575	8.38257	8.69115	6.78514	0	3.19967	3.69775	6.41698	8.07966	5.06177	
5.88738	8.01046	5.7863	12.0429	8.80077	9.89472	6.1	8.75667	9.98481	3.19967	0	7.81122	3.21731	4.88	1.8621	
2.30725	6.5625	0.871902	17.3337	8.58631	7.27267	7.69498	7.86139	5.95539	3.69775	7.81122	0	11.0285	12.5071	4.7961	
22.2568	21.0057	19.8499	8.82563	14.0267	13.0585	9.31732	10.6449	12.5022	6.41698	3.21731	11.0285	0	8.09731	5.07941	
10.724	6.45877	11.6607	16.4784	3.92077	9.03553	10.98	9.62425	7.71824	8.07966	4.88	12.5071	8.09731	0	6.7421	
4.02528	6.14836	3.9242	24.2149	7.8756	13.1666	5.37479	10.6188	12.2104	5.06177	1.8621	4.7961	5.07941	6.7421	0	

0	11.0288	1.93233	9.68047	7.75345	15.8409	12.1413	13.2268	10.8543	10.1215	11.0547	6.9039	8.51542	5.33423	8.68767	
11.0288	0	9.09643	16.2953	14.1953	18.1968	24.1122	17.9126	18.0184	17.5132	12.8634	14.068	11.839	12.4725	19.1496	
1.93233	9.09643	0	7.74815	5.82113	10.4158	14.0737	10.6236	8.92196	11.0562	7.23109	4.97157	6.58309	7.26656	9.61352	
9.68047	16.2953	7.74815	0	5.8846	9.97002	6.56233	9.73575	8.03409	11.1934	6.54362	8.80314	4.45629	10.8497	1.86538	
7.75345	14.1953	5.82113	5.8846	0	11.3859	12.4469	11.1018	13.9187	10.7023	6.05258	8.3121	2.35629	4.96513	7.74998	
15.8409	18.1968	10.4158	9.97002	11.3859	0	3.69954	3.63758	1.93593	8.86733	5.33337	5.44423	12.1887	12.2962	10.8832	
12.1413	24.1122	14.0737	6.56233	12.4469	3.69954	0	8.82817	5.63546	15.0257	9.0329	9.14377	11.0186	16.7207	7.18367	
13.2268	17.9126	10.6236	9.73575	11.1018	3.63758	8.82817	0	1.70166	8.63306	5.04917	7.30868	11.4408	7.89256	12.0984	
10.8543	18.0184	8.92196	8.03409	13.9187	1.93593	5.63546	1.70166	0	6.9314	6.75082	7.38016	12.4904	9.59421	9.89947	
10.1215	17.5132	11.0562	11.1934	10.7023	8.86733	15.0257	8.63306	6.9314	0	4.64976	6.90928	17.6393	15.4557	17.6869	
11.0547	12.8634	7.23109	6.54362	6.05258	5.33337	9.0329	5.04917	6.75082	4.64976	0	2.25952	8.40888	9.11145	8.409	
6.9039	14.068	4.97157	8.80314	8.3121	5.44423	9.14377	7.30868	7.38016	6.90928	2.25952	0	6.74447	6.85194	14.0551	
8.51542	11.839	6.58309	4.45629	2.35629	12.1887	11.0186	11.4408	12.4904	17.6393	8.40888	6.74447	0	7.32143	6.32167	
5.33423	12.4725	7.26656	10.8497	4.96513	12.2962	16.7207	7.89256	9.59421	15.4557	9.11145	6.85194	7.32143	0	14.0219	
8.68767	19.1496	9.61352	1.86538	7.74998	10.8832	7.18367	12.0984	9.89947	17.6869	8.409	14.0551	6.32167	14.0219	0	

0	6.84078	1.47798	6.88433	4.58851	4.46028	11.7282	8.64189	7.0915	5.71644	8.51534	17.5408	8.54352	11.4047	8.26143	
6.84078	0	5.7058	6.27736	3.91601	9.43644	14.6259	14.2461	23.9502	11.9184	16.338	9.2054	3.40562	5.82128	17.256	
1.47798	5.7058	0	8.36231	3.11053	3.73064	10.9986	12.545	6.36186	6.21263	7.7857	13.3108	9.11142	9.92671	8.75762	
6.88433	6.27736	8.36231	0	7.6211	6.42943	3.18233	1.75756	5.07212	10.7363	4.68882	13.1102	2.87174	9.72605	10.7413	
4.58851	3.91601	3.11053	7.6211	0	6.84117	16.1189	9.37866	13.6425	9.32316	13.7427	10.6984	7.32163	7.31432	14.6607	
4.46028	9.43644	3.73064	6.42943	6.84117	0	6.86944	5.94578	2.63122	9.94327	4.05506	20.1431	9.30117	13.6574	9.24262	
11.7282	14.6259	10.9986	3.18233	16.1189	6.86944	0	1.42477	4.23822	18.9299	4.35603	12.1887	12.2652	8.8046	16.5105	
8.64189	14.2461	12.545	1.75756	9.37866	5.94578	1.42477	0	3.31456	12.4939	2.93125	14.2999	4.6293	10.2294	12.4988	
7.0915	23.9502	6.36186	5.07212	13.6425	2.63122	4.23822	3.31456	0	14.2933	6.24582	17.1134	8.89315	13.0428	11.8738	
5.71644	11.9184	6.21263	10.7363	9.32316	9.94327	18.9299	12.4939	14.2933	0	15.7171	12.8654	13.608	10.9806	2.54499	
8.51534	16.338	7.7857	4.68882	13.7427	4.05506	4.35603	2.93125	6.24582	15.7171	0	19.5023	13.6226	15.4317	13.2977	
17.5408	9.2054	13.3108	13.1102	10.6984	20.1431	12.1887	14.2999	17.1134	12.8654	19.5023	0	14.1056	3.38411	11.2306	
8.54352	3.40562	9.11142	2.87174	7.32163	9.30117	12.2652	4.6293	8.89315	13.608	13.6226	14.1056	0	9.2269	13.613	
11.4047	5.82128	9.92671	9.72605	7.31432	13.6574	8.8046	10.2294	13.0428	10.9806	15.4317	3.38411	9.2269	0	13.5255	
8.26143	17.256	8.75762	10.7413	14.6607	9.24262	16.5105	12.4988	11.8738	2.54499	13.2977	11.2306	13.613	13.5255	0	

0	15.3519	4.30331	19.7219	1.31068	18.2213	13.3056	12.0332	16.877	7.74474	8.59729	8.50725	4.1411	6.05597	2.15423	
15.3519	0	7.39055	18.7263	14.0591	17.8334	7.79241	12.3753	28.7742	24.2732	9.16142	3.18661	9.62388	9.31383	11.2771	
4.30331	7.39055	0	8.98833	5.61399	16.8339	8.80974	7.94934	6.51053	3.44143	6.66304	4.20394	8.62444	6.82569	6.45753	
19.7219	18.7263	8.98833	0	21.0326	11.6423	22.0806	10.0548	8.61599	5.54689	8.7685	20.1642	19.8518	17.9661	21.8762	
1.31068	14.0591	5.61399	21.0326	0	10.1406	20.0773	13.3438	13.4604	10.5082	7.28661	13.2614	18.1824	4.74529	3.4649	
