10
10
2
2
30

6	11
10	43
1	33
14	23
27	48
42	35
42	47
41	23
36	45
43	34

12	21
1	2
11	28
2	10
14	5
10	12
23	24
24	11
8	30
11	27

150

1.79769e+308
1.79769e+308
1.79769e+308
1.79769e+308
1.79769e+308
1.79769e+308
1.79769e+308
1.79769e+308
1.79769e+308
1.79769e+308

11
15
11
14
17
13
14
15
13
17

0
0
0
0
0
0
0
0
0
0

0

0	15.816	14.1003	16.8723	25.3585	14.956	18.3086	16.2832	19.951	18.0893	12.4428	4.28143	8.94679	2.18525	16.3557	3.13356	10.0093	13.9165	13.1168	8.71679	
15.816	0	11.4356	16.1129	10.6229	15.4189	16.4098	27.4273	5.21536	13.3401	19.2242	8.815	12.628	10.9112	20.5557	21.5959	17.4965	15.7305	14.6342	12.858	
14.1003	11.4356	0	8.54596	27.0156	22.7891	23.3529	21.3274	16.5398	23.1065	12.0626	19.5927	5.50618	17.4965	19.4485	10.9667	19.8388	30.2941	3.19862	9.39788	
16.8723	16.1129	8.54596	0	24.3862	12.4697	14.6239	11.34	18.6885	25.4272	3.11127	17.0417	7.65489	12.1706	8.97182	13.345	4.34658	13.4336	5.34734	7.73417	
25.3585	10.6229	27.0156	24.3862	0	6.96876	16.602	18.5974	5.40749	4.88987	23.7357	15.9782	26.1245	26.8369	31.3894	25.1216	21.4223	36.811	18.7487	30.1385	
14.956	15.4189	22.7891	12.4697	6.96876	0	14.76	5.2983	16.5599	2.07889	16.4464	13.1672	20.8988	15.9472	12.7484	11.8224	8.12316	18.6843	24.1378	12.8647	
18.3086	16.4098	23.3529	14.6239	16.602	14.76	0	17.1582	11.1945	14.2119	11.5127	22.247	9.82185	21.7703	24.4123	21.7464	19.836	37.5989	15.9134	9.59185	
16.2832	27.4273	21.3274	11.34	18.5974	5.2983	17.1582	0	21.8582	7.3772	12.1893	20.2215	7.79637	24.2547	25.1072	17.1207	13.4215	24.7736	13.8879	7.56637	
19.951	5.21536	16.5398	18.6885	5.40749	16.5599	11.1945	21.8582	0	10.2974	18.3282	14.0304	15.6488	22.1362	20.926	23.0845	16.3008	26.8619	13.3412	19.6627	
18.0893	13.3401	23.1065	25.4272	4.88987	2.07889	14.2119	7.3772	10.2974	0	25.7245	11.0883	24.7438	13.1845	22.829	13.9013	10.2021	18.0038	26.3052	21.6536	
12.4428	19.2242	12.0626	3.11127	23.7357	16.4464	11.5127	12.1893	18.3282	25.7245	0	12.3538	4.8529	10.2576	12.8996	10.2337	7.45785	16.5449	8.45861	4.6229	
4.28143	8.815	19.5927	17.0417	15.9782	13.1672	22.247	20.2215	14.0304	11.0883	12.3538	0	12.8851	2.09619	11.7407	10.1346	9.92023	6.91549	18.9767	12.6551	
8.94679	12.628	5.50618	7.65489	26.1245	20.8988	9.82185	7.79637	15.6488	24.7438	4.8529	12.8851	0	12.9945	17.4008	13.6265	11.7335	21.4009	2.30755	0.23	
2.18525	10.9112	17.4965	12.1706	26.8369	15.9472	21.7703	24.2547	22.1362	13.1845	10.2576	2.09619	12.9945	0	12.4493	5.31881	7.82405	9.01168	19.1216	10.902	
16.3557	20.5557	19.4485	8.97182	31.3894	12.7484	24.4123	25.1072	20.926	22.829	12.8996	11.7407	17.4008	12.4493	0	13.2221	4.62524	10.8456	21.2654	16.1287	
3.13356	21.5959	10.9667	13.345	25.1216	11.8224	21.7464	17.1207	23.0845	13.9013	10.2337	10.1346	13.6265	5.31881	13.2221	0	16.4534	19.6964	12.3153	11.8503	
10.0093	17.4965	19.8388	4.34658	21.4223	8.12316	19.836	13.4215	16.3008	10.2021	7.45785	9.92023	11.7335	7.82405	4.62524	16.4534	0	10.5611	9.69392	11.5035	
13.9165	15.7305	30.2941	13.4336	36.811	18.6843	37.5989	24.7736	26.8619	18.0038	16.5449	6.91549	21.4009	9.01168	10.8456	19.6964	10.5611	0	18.781	19.5706	
13.1168	14.6342	3.19862	5.34734	18.7487	24.1378	15.9134	13.8879	13.3412	26.3052	8.45861	18.9767	2.30755	19.1216	21.2654	12.3153	9.69392	18.781	0	2.53755	
8.71679	12.858	9.39788	7.73417	30.1385	12.8647	9.59185	7.56637	19.6627	21.6536	4.6229	12.6551	0.23	10.902	16.1287	11.8503	11.5035	19.5706	2.53755	0	

0	26.3376	9.72051	8.34868	15.6912	13.5055	17.5844	15.3849	20.5177	15.6838	4.898	9.55133	12.5348	3.50464	7.66464	5.81358	12.3382	15.6969	11.8569	10.3649	
26.3376	0	12.6868	13.3511	6.02482	19.9877	17.737	18.683	10.1042	20.0791	13.9507	23.8299	6.31398	18.5027	29.3843	19.5609	9.66913	20.3606	11.6141	7.02398	
9.72051	12.6868	0	5.38195	14.0693	13.5461	11.8671	14.4005	9.99	15.922	10.8312	9.3	4.09195	6.21587	10.3759	8.04227	9.07184	15.1328	5.24871	3.38195	
8.34868	13.3511	5.38195	0	7.32628	12.0582	9.21954	7.02	11.4056	15.3476	3.45068	15.5257	2.71	8.50514	8.28	6.66032	7.68989	13.7509	3.86676	2	
15.6912	6.02482	14.0693	7.32628	0	19.0555	9.5817	14.3463	4.07934	10.8593	10.777	24.5681	12.0379	16.0924	15.6063	13.5361	14.6532	26.6957	9.16038	9.32628	
13.5055	19.9877	13.5461	12.0582	19.0555	0	8.50393	9.99452	9.15585	2.37588	8.60753	20.6825	16.2443	13.662	16.3969	21.0539	10.3186	8.7	15.8115	16.0085	
17.5844	17.737	11.8671	9.21954	9.5817	8.50393	0	16.2395	5.50236	6.12805	12.6702	24.6086	9.1951	28.5036	17.4995	13.1454	14.175	20.2359	10.3519	8.4851	
15.3849	18.683	14.4005	7.02	14.3463	9.99452	16.2395	0	12.183	12.3704	10.4707	27.3704	16.1163	17.8475	15.3	21.9117	9.01388	18.6945	12.1443	9.02	
20.5177	10.1042	9.99	11.4056	4.07934	9.15585	5.50236	12.183	0	6.77997	22.0617	19.29	16.1172	16.2059	20.0253	14.7042	18.7706	23.0755	13.2397	13.372	
15.6838	20.0791	15.922	15.3476	10.8593	2.37588	6.12805	12.3704	6.77997	0	10.9834	18.4805	19.9446	19.1884	23.6838	21.4841	12.6945	11.0759	20.246	14.6131	
4.898	13.9507	10.8312	3.45068	10.777	8.60753	12.6702	10.4707	22.0617	10.9834	0	11.1012	7.63675	5.05446	9.21446	7.61079	13.5366	17.3075	9.71353	5.45068	
9.55133	23.8299	9.3	15.5257	24.5681	20.6825	24.6086	27.3704	19.29	18.4805	11.1012	0	15.6728	6.04669	10.2067	8.60302	14.8803	19.7585	14.3989	12.682	
12.5348	6.31398	4.09195	2.71	12.0379	16.2443	9.1951	16.1163	16.1172	19.9446	7.63675	15.6728	0	12.5887	10.4796	5.37032	6.39989	12.4609	2.57676	0.71	
3.50464	18.5027	6.21587	8.50514	16.0924	13.662	28.5036	17.8475	16.2059	19.1884	5.05446	6.04669	12.5887	0	4.16	2.55633	8.8336	11.8569	8.35225	7.21665	
7.66464	29.3843	10.3759	8.28	15.6063	16.3969	17.4995	15.3	20.0253	23.6838	9.21446	10.2067	10.4796	4.16	0	5.32109	12.9936	7.69686	11.6363	9.76959	
5.81358	19.5609	8.04227	6.66032	13.5361	21.0539	13.1454	21.9117	14.7042	21.4841	7.61079	8.60302	5.37032	2.55633	5.32109	0	10.3502	13.0179	6.52708	4.66032	
12.3382	9.66913	9.07184	7.68989	14.6532	10.3186	14.175	9.01388	18.7706	12.6945	13.5366	14.8803	6.39989	8.8336	12.9936	10.3502	0	10.6915	5.49287	5.68989	
15.6969	20.3606	15.1328	13.7509	26.6957	8.7	20.2359	18.6945	23.0755	11.0759	17.3075	19.7585	12.4609	11.8569	7.69686	13.0179	10.6915	0	13.6176	11.7509	
11.8569	11.6141	5.24871	3.86676	9.16038	15.8115	10.3519	12.1443	13.2397	20.246	9.71353	14.3989	2.57676	8.35225	11.6363	6.52708	5.49287	13.6176	0	1.86676	
10.3649	7.02398	3.38195	2	9.32628	16.0085	8.4851	9.02	13.372	14.6131	5.45068	12.682	0.71	7.21665	9.76959	4.66032	5.68989	11.7509	1.86676	0	

0	24.0803	11.5072	9.21101	25.2072	18.337	21.7299	24.4366	23.1139	16.5551	7.34371	9.8838	8.94101	4.37049	9.5	4.70034	19.1709	15.48	12.8446	7.71101	
24.0803	0	12.5119	12.3586	17.1884	9.30707	22.2518	16.3576	25.2574	7.52516	11.7081	25.7418	7.83988	14.6813	16.5478	15.8569	11.7411	15.3008	3.94588	9.07948	
11.5072	12.5119	0	9.89657	17.142	8.20975	10.8311	17.317	19.0553	9.99166	10.1099	14.5895	9.62657	7.13674	15.0577	13.7337	22.7325	20.0884	11.4237	8.39657	
9.21101	12.3586	9.89657	0	27.836	23.7873	15.5189	21.3234	16.9029	33.9299	0.650538	7.69294	1.28281	3.62375	8.16108	4.79933	11.0476	4.24325	5.1768	1.5	
25.2072	17.1884	17.142	27.836	0	8.93224	11.5756	22.9005	12.8072	10.7142	28.4455	15.3234	29.7105	24.9175	26.4594	24.6835	16.7884	20.833	21.1343	21.5164	
18.337	9.30707	8.20975	23.7873	8.93224	0	17.8191	10.6144	10.8456	1.78191	20.3927	24.2557	19.0149	15.3465	10.8046	25.5737	24.2441	16.8	15.1209	16.6063	
21.7299	22.2518	10.8311	15.5189	11.5756	17.8191	0	24.8697	8.91762	16.0372	12.85	20.2118	14.3935	17.9678	20.6799	27.8475	28.3641	9.25732	19.1525	14.0189	
24.4366	16.3576	17.317	21.3234	22.9005	10.6144	24.8697	0	16.0183	8.83247	23.8851	24.2765	25.2018	24.4538	17.8552	19.7363	10.2758	26.4744	21.5847	25.7136	
23.1139	25.2574	19.0553	16.9029	12.8072	10.8456	8.91762	16.0183	0	12.6275	14.0488	21.5959	15.5923	26.3426	22.064	19.7456	26.2942	10.4561	20.5365	15.4029	
16.5551	7.52516	9.99166	33.9299	10.7142	1.78191	16.0372	8.83247	12.6275	0	19.2332	26.4389	28.4775	20.9256	9.02268	15.4725	18.6936	18.5819	11.471	15.6838	
7.34371	11.7081	10.1099	0.650538	28.4455	20.3927	12.85	23.8851	14.0488	19.2332	0	9.4168	1.93335	2.97321	9.88495	4.1488	11.6981	3.59271	8.35746	2.15054	
9.8838	25.7418	14.5895	7.69294	15.3234	24.2557	20.2118	24.2765	21.5959	26.4389	9.4168	0	7.42294	9.59409	12.854	14.5841	14.0007	22.6854	11.3265	6.19294	
8.94101	7.83988	9.62657	1.28281	29.7105	19.0149	14.3935	25.2018	15.5923	28.4775	1.93335	7.42294	0	9.69073	7.89108	9.94429	12.3304	5.13622	3.894	1.23	
4.37049	14.6813	7.13674	3.62375	24.9175	15.3465	17.9678	24.4538	26.3426	20.9256	2.97321	9.59409	9.69073	0	13.0468	6.59697	22.5842	6.56593	17.2541	6.19708	
9.5	16.5478	15.0577	8.16108	26.4594	10.8046	20.6799	17.8552	22.064	9.02268	9.88495	12.854	7.89108	13.0468	0	6.44981	9.67095	15.3636	11.7947	6.66108	
4.70034	15.8569	13.7337	4.79933	24.6835	25.5737	27.8475	19.7363	19.7456	15.4725	4.1488	14.5841	9.94429	6.59697	6.44981	0	16.1208	7.74151	17.3278	7.37266	
19.1709	11.7411	22.7325	11.0476	16.7884	24.2441	28.3641	10.2758	26.2942	18.6936	11.6981	14.0007	12.3304	22.5842	9.67095	16.1208	0	19.2968	11.3088	12.5476	
15.48	15.3008	20.0884	4.24325	20.833	16.8	9.25732	26.4744	10.4561	18.5819	3.59271	22.6854	5.13622	6.56593	15.3636	7.74151	19.2968	0	9.03022	6.36622	
12.8446	3.94588	11.4237	5.1768	21.1343	15.1209	19.1525	21.5847	20.5365	11.471	8.35746	11.3265	3.894	17.2541	11.7947	17.3278	11.3088	9.03022	0	5.124	
7.71101	9.07948	8.39657	1.5	21.5164	16.6063	14.0189	25.7136	15.4029	15.6838	2.15054	6.19294	1.23	6.19708	6.66108	7.37266	12.5476	6.36622	5.124	0	

0	8.06021	13.0854	11.2937	23.7944	10.5489	12.2188	21.8271	13.8632	9.14887	5.24257	9.27039	5.80366	7.1742	12.1622	1.27816	18.0931	17.6999	8.42718	4.69366	
8.06021	0	17.211	9.96656	14.0534	12.6604	10.7713	25.5964	9.12688	18.4346	8.29359	20.5068	4.47656	19.7773	23.284	12.4	17.2577	16.337	5.7873	3.36656	
13.0854	17.211	0	14.3644	19.4984	18.2968	25.3042	18.7848	27.6237	18.4756	10.744	17.9812	13.8636	14.3119	23.6436	14.3636	12.8357	16.6798	11.4237	14.8106	
11.2937	9.96656	14.3644	0	10.2412	15.5395	16.3583	6.75	23.2196	11.3519	3.62039	6.69606	4.60645	4.59987	16.52	7.58479	12.6992	9.55618	8.50045	5.71645	
23.7944	14.0534	19.4984	10.2412	0	18.7673	6.76727	15.4727	5.12289	24.6239	14.4029	18.7274	5.63475	30.2721	25.2093	13.8107	16.766	13.3637	9.52874	6.74475	
10.5489	12.6604	18.2968	15.5395	18.7673	0	11.64	9.99452	13.2844	1.40007	9.13163	21.5926	10.7671	20.8631	21.352	23.8973	10.3443	24.1444	6.87314	10.6067	
12.2188	10.7713	25.3042	16.3583	6.76727	11.64	0	9.60833	1.64438	13.0401	20.7667	25.0913	11.9986	19.393	20.9658	13.497	15.5575	19.9169	15.8926	13.1086	
21.8271	25.5964	18.7848	6.75	15.4727	9.99452	9.60833	0	11.2527	11.3946	10.3704	16.8956	11.3565	11.3499	11.3575	22.2415	5.94916	11.8164	15.4164	13.35	
13.8632	9.12688	27.6237	23.2196	5.12289	13.2844	1.64438	11.2527	0	15.0445	25.3595	28.8919	10.7576	29.8012	20.0864	21.5269	22.4187	18.4866	14.9142	12.4934	
9.14887	18.4346	18.4756	11.3519	24.6239	1.40007	13.0401	11.3946	15.0445	0	7.73156	21.1238	16.1781	11.2994	20.6312	10.427	8.94427	13.6673	8.27321	12.6586	
5.24257	8.29359	10.744	3.62039	14.4029	9.13163	20.7667	10.3704	25.3595	7.73156	0	5.66404	6.03704	3.56786	12.8996	3.9644	11.1737	5.93579	8.66056	4.92704	
9.27039	20.5068	17.9812	6.69606	18.7274	21.5926	25.0913	16.8956	28.8919	21.1238	5.66404	0	13.0927	2.09619	8.8055	10.4938	18.9573	13.09	14.7195	14.2027	
5.80366	4.47656	13.8636	4.60645	5.63475	10.7671	11.9986	11.3565	10.7576	16.1781	6.03704	13.0927	0	9.20632	19.06	8.17592	11.1312	7.91835	3.894	1.11	
7.1742	19.7773	14.3119	4.59987	30.2721	20.8631	19.393	11.3499	29.8012	11.2994	3.56786	2.09619	9.20632	0	10.9017	7.53226	14.7416	9.50365	12.7273	8.49489	
12.1622	23.284	23.6436	16.52	25.2093	21.352	20.9658	11.3575	20.0864	20.6312	12.8996	8.8055	19.06	10.9017	0	10.884	17.2395	18.659	22.0591	17.8267	
1.27816	12.4	14.3636	7.58479	13.8107	23.8973	13.497	22.2415	21.5269	10.427	3.9644	10.4938	8.17592	7.53226	10.884	0	15.1381	9.90019	12.0699	5.97182	
18.0931	17.2577	12.8357	12.6992	16.766	10.3443	15.5575	5.94916	22.4187	8.94427	11.1737	18.9573	11.1312	14.7416	17.2395	15.1381	0	5.86728	11.4704	12.2412	
17.6999	16.337	16.6798	9.55618	13.3637	24.1444	19.9169	11.8164	18.4866	13.6673	5.93579	13.09	7.91835	9.50365	18.659	9.90019	5.86728	0	11.8123	9.02835	
8.42718	5.7873	11.4237	8.50045	9.52874	6.87314	15.8926	15.4164	14.9142	8.27321	8.66056	14.7195	3.894	12.7273	22.0591	12.0699	11.4704	11.8123	0	3.73352	
4.69366	3.36656	14.8106	5.71645	6.74475	10.6067	13.1086	13.35	12.4934	12.6586	4.92704	14.2027	1.11	8.49489	17.8267	5.97182	12.2412	9.02835	3.73352	0	

0	8.52288	13.4304	10.1376	22.5484	14.8688	19.8556	28.864	14.8009	21.7211	5.13124	9.95521	7.18185	1.7317	11.4	3.83449	7.75364	10.44	5.90783	7.686	
8.52288	0	14.1546	22.1821	8.15122	17.6789	17.6222	15.8634	15.551	26.8202	11.4374	15.0147	9.44215	6.79117	27.9812	15.6971	17.4235	19.5643	7.89177	12.2617	
13.4304	14.1546	0	7.54456	6.00333	15.5311	15.4743	21.0278	13.4031	28.697	12.5509	20.27	14.9499	17.8845	16.9046	9.59587	20.3127	24.9332	13.7084	13.2446	
10.1376	22.1821	7.54456	0	13.5479	20.9833	25.6215	28.5724	19.4366	15.8546	5.00632	19.2646	6.08	15.577	9.36	9.94899	7.62872	12.0908	8.5519	5.7	
22.5484	8.15122	6.00333	13.5479	0	9.52773	9.47098	14.2239	7.39973	11.0127	21.26	14.2666	19.2094	14.9424	29.6486	15.5992	14.0682	28.3446	16.043	19.5894	
14.8688	17.6789	15.5311	20.9833	9.52773	0	8.39528	4.69622	8.74643	1.48492	17.8567	22.0775	19.0499	19.9402	25.5463	11.0343	15.4149	15.5064	27.5535	11.6395	
19.8556	17.6222	15.4743	25.6215	9.47098	8.39528	0	17.5362	9.36034	6.91035	22.4763	23.7376	20.3015	21.5873	27.4708	23.69	16.0288	20.9318	24.2915	17.0649	
28.864	15.8634	21.0278	28.5724	14.2239	4.69622	17.5362	0	13.4426	6.18115	31.2865	31.5493	29.8872	22.6546	38.25	15.7305	22.9185	21.4329	23.7552	21.1113	
14.8009	15.551	13.4031	19.4366	7.39973	8.74643	9.36034	13.4426	0	10.2314	9.29091	21.6664	17.4203	28.9376	37.0484	19.7807	6.66851	27.1388	16.2002	19.1859	
21.7211	26.8202	28.697	15.8546	11.0127	1.48492	6.91035	6.18115	10.2314	0	12.7093	20.5926	10.5346	21.5034	17.7038	12.5192	19.7072	14.0214	14.5245	10.1546	
5.13124	11.4374	12.5509	5.00632	21.26	17.8567	22.4763	31.2865	9.29091	12.7093	0	18.5156	2.05061	6.86294	10.104	6.82246	2.6224	8.94557	3.54559	2.43061	
9.95521	15.0147	20.27	19.2646	14.2666	22.0775	23.7376	31.5493	21.6664	20.5926	18.5156	0	24.9269	8.2235	20.2793	17.1294	21.5167	14.078	12.3996	19.5724	
7.18185	9.44215	14.9499	6.08	19.2094	19.0499	20.3015	29.8872	17.4203	10.5346	2.05061	24.9269	0	5.72651	7.92923	8.01561	4.67301	6.77081	1.55039	0.38	
1.7317	6.79117	17.8845	15.577	14.9424	19.9402	21.5873	22.6546	28.9376	21.5034	6.86294	8.2235	5.72651	0	13.1317	5.56619	9.86406	12.1717	4.17612	8.54604	
11.4	27.9812	16.9046	9.36	29.6486	25.5463	27.4708	38.25	37.0484	17.7038	10.104	20.2793	7.92923	13.1317	0	14.5121	19.5324	13.94	11.9191	7.54923	
3.83449	15.6971	9.59587	9.94899	15.5992	11.0343	23.69	15.7305	19.7807	12.5192	6.82246	17.1294	8.01561	5.56619	14.5121	0	9.44487	14.2745	9.566	8.39561	
7.75364	17.4235	20.3127	7.62872	14.0682	15.4149	16.0288	22.9185	6.66851	19.7072	2.6224	21.5167	4.67301	9.86406	19.5324	9.44487	0	17.3057	6.16799	5.17716	
10.44	19.5643	24.9332	12.0908	28.3446	15.5064	20.9318	21.4329	27.1388	14.0214	8.94557	14.078	6.77081	12.1717	13.94	14.2745	17.3057	0	10.7607	6.39081	
5.90783	7.89177	13.7084	8.5519	16.043	27.5535	24.2915	23.7552	16.2002	14.5245	3.54559	12.3996	1.55039	4.17612	11.9191	9.566	6.16799	10.7607	0	1.93039	
7.686	12.2617	13.2446	5.7	19.5894	11.6395	17.0649	21.1113	19.1859	10.1546	2.43061	19.5724	0.38	8.54604	7.54923	8.39561	5.17716	6.39081	1.93039	0	

0	17.8205	20.0372	14.5395	27.5693	22.3142	25.0632	14.771	19.4975	20.2447	8.39303	11.8216	11.1255	4.08187	15.7	3.5871	11.5565	16.4229	14.1377	11.1038	
17.8205	0	2.82526	7.18625	12.5812	9.23576	9.9972	19.1099	15.5628	10.0843	9.71992	21.9225	8.58623	14.0311	16.9956	15.8529	13.6379	13.7812	3.68283	8.33623	
20.0372	2.82526	0	13.5731	10.2057	8.20975	12.8225	18.0839	17.02	9.05828	11.3952	21.3019	13.0479	15.7063	21.6041	16.4501	18.8063	15.4565	6.50809	11.1615	
14.5395	7.18625	13.5731	0	14.8502	16.7343	14.9962	13.515	17.0187	19.6166	2.17789	15.1204	6.99714	6.48905	3.78	15.7666	5.97655	6.23922	3.50343	6.375	
27.5693	12.5812	10.2057	14.8502	0	10.4157	15.785	11.8032	14.6097	9.56713	10.7973	11.0963	6.85019	18.836	15.2596	14.1168	13.1559	20.6187	12.2429	6.60019	
22.3142	9.23576	8.20975	16.7343	10.4157	0	6.12	3.0846	11.6856	0.848528	18.1688	20.7138	14.119	28.6544	19.6091	17.5062	10.7577	18.9998	12.9186	17.3134	
25.0632	9.9972	12.8225	14.9962	15.785	6.12	0	13.9706	5.56561	6.96853	13.3024	19.6989	7.99905	15.0427	18.8044	25.2247	11.4143	12.8798	13.191	8.24905	
14.771	19.1099	18.0839	13.515	11.8032	3.0846	13.9706	0	22.4456	2.23607	21.1834	21.0754	21.1005	16.2965	9.73499	11.1839	15.8761	24.3124	27.4006	18.3944	
19.4975	15.5628	17.02	17.0187	14.6097	11.6856	5.56561	22.4456	0	14.0265	17.0413	24.5792	13.5647	23.5794	13.2387	23.0847	22.498	12.98	27.4536	21.2099	
20.2447	10.0843	9.05828	19.6166	9.56713	0.848528	6.96853	2.23607	14.0265	0	21.0512	20.6634	17.0553	21.7703	11.9711	13.4199	11.6062	22.0763	18.375	16.1673	
8.39303	9.71992	11.3952	2.17789	10.7973	18.1688	13.3024	21.1834	17.0413	21.0512	0	12.0509	4.44711	4.31116	5.95789	9.42381	7.41114	4.06133	5.68132	4.19711	
11.8216	21.9225	21.3019	15.1204	11.0963	20.7138	19.6989	21.0754	24.5792	20.6634	12.0509	0	11.6998	7.73977	11.3404	12.8524	9.95606	16.0538	16.8918	11.9498	
11.1255	8.58623	13.0479	6.99714	6.85019	14.119	7.99905	21.1005	13.5647	17.0553	4.44711	11.6998	0	7.04361	8.90941	7.76665	3.41526	9.36463	5.19199	0.25	
4.08187	14.0311	15.7063	6.48905	18.836	28.6544	15.0427	16.2965	23.5794	21.7703	4.31116	7.73977	7.04361	0	15.7596	5.11265	10.4589	8.37249	12.2356	7.29361	
15.7	16.9956	21.6041	3.78	15.2596	19.6091	18.8044	9.73499	13.2387	11.9711	5.95789	11.3404	8.90941	15.7596	0	12.819	9.75655	12.5275	7.28343	8.65941	
3.5871	15.8529	16.4501	15.7666	14.1168	17.5062	25.2247	11.1839	23.0847	13.4199	9.42381	12.8524	7.76665	5.11265	12.819	0	14.0724	18.6674	13.1594	7.51665	
11.5565	13.6379	18.8063	5.97655	13.1559	10.7577	11.4143	15.8761	22.498	11.6062	7.41114	9.95606	3.41526	10.4589	9.75655	14.0724	0	9.51804	8.60725	3.66526	
16.4229	13.7812	15.4565	6.23922	20.6187	18.9998	12.8798	24.3124	12.98	22.0763	4.06133	16.0538	9.36463	8.37249	12.5275	18.6674	9.51804	0	12.2509	8.25844	
14.1377	3.68283	6.50809	3.50343	12.2429	12.9186	13.191	27.4006	27.4536	18.375	5.68132	16.8918	5.19199	12.2356	7.28343	13.1594	8.60725	12.2509	0	5.44199	
11.1038	8.33623	11.1615	6.375	6.60019	17.3134	8.24905	18.3944	21.2099	16.1673	4.19711	11.9498	0.25	7.29361	8.65941	7.51665	3.66526	8.25844	5.44199	0	

0	11.3458	8.05936	4.61511	14.1956	18.879	17.9134	17.2137	14.9819	27.5506	8.82946	10.6318	11.2256	6.76189	5.1	6.92682	8.56037	12.5636	9.17039	6.11511	
11.3458	0	3.76701	6.14905	16.3112	17.7755	11.8997	23.3872	19.1758	22.0101	10.9451	18.5858	5.21187	7.75044	20.6356	11.6688	14.7339	9.86337	3.15671	4.64905	
8.05936	3.76701	0	3.44426	13.0248	22.8058	10.4185	36.8714	15.8893	24.4332	7.65861	12.3879	3.73063	6.2692	20.762	8.91045	16.341	8.38213	1.67547	4.94426	
4.61511	6.14905	3.44426	0	9.58052	14.6264	9.61618	14.3885	12.0208	18.861	4.21436	11.8551	2.64	11.377	9.71511	9.61798	12.5087	15.9309	5.11973	1.5	
14.1956	16.3112	13.0248	9.58052	0	19.3076	11.2893	23.7847	9.01249	15.007	11.972	21.4356	5.89087	32.0491	18.9713	25.2886	15.434	11.5076	7.94604	7.03087	
18.879	17.7755	22.8058	14.6264	19.3076	0	12.36	16.7684	13.2602	1.00409	18.8203	23.2095	10.1202	19.3397	15.2636	17.7492	10.3186	7.8	14.5067	13.1264	
17.9134	11.8997	10.4185	9.61618	11.2893	12.36	0	30.9041	2.27684	13.3641	10.0833	28.8491	9.25618	13.3368	24.1028	16.2342	8.69837	15.4497	8.74303	8.11618	
17.2137	23.3872	36.8714	14.3885	23.7847	16.7684	30.9041	0	15.0748	15.7643	10.1741	27.7377	16.2552	21.9183	19.7407	16.0839	8.65332	12.2771	18.9838	19.662	
14.9819	19.1758	15.8893	12.0208	9.01249	13.2602	2.27684	15.0748	0	12.2561	7.80646	24.3002	13.8876	19.5507	19.246	13.8521	6.42153	16.2003	11.0199	10.393	
27.5506	22.0101	24.4332	18.861	15.007	1.00409	13.3641	15.7643	12.2561	0	15.1973	28.0989	9.11614	20.3438	32.167	20.6238	11.3227	8.80409	11.1713	10.2561	
8.82946	10.9451	7.65861	4.21436	11.972	18.8203	10.0833	10.1741	7.80646	15.1973	0	15.6141	6.08112	11.7442	14.3508	12.3542	13.7961	16.5555	8.13628	5.71436	
10.6318	18.5858	12.3879	11.8551	21.4356	23.2095	28.8491	27.7377	24.3002	28.0989	15.6141	0	21.8729	3.86988	18.1755	16.8164	21.6358	16.0538	8.46362	13.3551	
11.2256	5.21187	3.73063	2.64	5.89087	10.1202	9.25618	16.2552	13.8876	9.11614	6.08112	21.8729	0	6.6489	17.1266	9.25798	9.86631	8.76183	2.05516	1.14	
6.76189	7.75044	6.2692	11.377	32.0491	19.3397	13.3368	21.9183	19.5507	20.3438	11.7442	3.86988	6.6489	0	11.8619	12.9466	15.3223	11.3004	4.59373	10.3637	
5.1	20.6356	20.762	9.71511	18.9713	15.2636	24.1028	19.7407	19.246	32.167	14.3508	18.1755	17.1266	11.8619	0	11.8515	12.8245	7.46362	14.1703	15.9866	
6.92682	11.6688	8.91045	9.61798	25.2886	17.7492	16.2342	16.0839	13.8521	20.6238	12.3542	16.8164	9.25798	12.9466	11.8515	0	7.43056	14.176	8.51206	8.11798	
8.56037	14.7339	16.341	12.5087	15.434	10.3186	8.69837	8.65332	6.42153	11.3227	13.7961	21.6358	9.86631	15.3223	12.8245	7.43056	0	9.7788	11.9215	11.0063	
12.5636	9.86337	8.38213	15.9309	11.5076	7.8	15.4497	12.2771	16.2003	8.80409	16.5555	16.0538	8.76183	11.3004	7.46362	14.176	9.7788	0	6.70666	12.4767	
9.17039	3.15671	1.67547	5.11973	7.94604	14.5067	8.74303	18.9838	11.0199	11.1713	8.13628	8.46362	2.05516	4.59373	14.1703	8.51206	11.9215	6.70666	0	3.19516	
6.11511	4.64905	4.94426	1.5	7.03087	13.1264	8.11618	19.662	10.393	10.2561	5.71436	13.3551	1.14	10.3637	15.9866	8.11798	11.0063	12.4767	3.19516	0	

0	14.1896	21.8581	7.2111	23.4635	20.075	19.8556	9.25	20.0453	20.3185	8.79019	11.9346	13.9988	7.33913	13.7	6.76189	13.4848	18.062	15.274	12.4111	
14.1896	0	7.66857	21.1193	10.4548	17.8538	14.0628	14.7567	12.2561	25.8252	18.998	26.243	16.7246	21.5287	17.8559	20.9515	15.885	20.5489	13.2845	12.4499	
21.8581	7.66857	0	9.98138	18.1234	17.651	21.9182	22.4253	15.1026	19.1217	12.2024	24.4372	5.53138	23.1757	10.1873	17.5748	14.6768	12.8214	9.06277	4.78138	
7.2111	21.1193	9.98138	0	21.4153	14.0394	18.4391	16.4611	15.0845	13.8867	2.12132	9.3663	5.95	7.43056	6.84	4.14962	13.1303	7.5885	8.1132	5.2	
23.4635	10.4548	18.1234	21.4153	0	11.5127	3.60799	25.2115	7.30486	12.7349	23.4308	26.9481	13.3513	24.2485	28.2553	19.2578	26.3398	15.5976	23.5407	23.0915	
20.075	17.8538	17.651	14.0394	11.5127	0	10.5977	12.5393	5.59771	1.47078	11.9181	17.3314	11.6442	12.7359	16.2352	13.9464	25.6269	13.8905	12.028	18.5192	
19.8556	14.0628	21.9182	18.4391	3.60799	10.5977	0	20.1954	10.1193	9.12688	17.6781	29.2209	16.1658	21.4221	23.8913	15.6498	22.3727	16.9047	24.1619	21.3972	
9.25	14.7567	22.4253	16.4611	25.2115	12.5393	20.1954	0	18.7257	11.0685	21.8449	24.0757	22.1033	16.5891	22.95	16.0119	13.8814	23.0083	26.7187	23.7768	
20.0453	12.2561	15.1026	15.0845	7.30486	5.59771	10.1193	18.7257	0	7.0685	12.3397	33.0676	6.04649	18.3336	18.6719	25.7691	14.2684	8.29277	9.94048	6.79649	
20.3185	25.8252	19.1217	13.8867	12.7349	1.47078	9.12688	11.0685	7.0685	0	11.7654	19.0104	18.0587	14.2067	14.7644	13.7937	21.3975	17.2326	13.4988	19.1864	
8.79019	18.998	12.2024	2.12132	23.4308	11.9181	17.6781	21.8449	12.3397	11.7654	0	7.24498	6.29325	7.80065	5.96607	2.0283	8.75119	5.46717	10.1872	7.04325	
11.9346	26.243	24.4372	9.3663	26.9481	17.3314	29.2209	24.0757	33.0676	19.0104	7.24498	0	13.5382	4.59549	13.2111	9.27328	22.9794	12.7122	19.4744	14.666	
13.9988	16.7246	5.53138	5.95	13.3513	11.6442	16.1658	22.1033	6.04649	18.0587	6.29325	13.5382	0	16.4685	12.2593	8.32155	8.22192	8.79006	3.894	0.75	
7.33913	21.5287	23.1757	7.43056	24.2485	12.7359	21.4221	16.5891	18.3336	14.2067	7.80065	4.59549	16.4685	0	14.2706	5.77235	12.4952	11.2316	14.2844	12.6306	
13.7	17.8559	10.1873	6.84	28.2553	16.2352	23.8913	22.95	18.6719	14.7644	5.96607	13.2111	12.2593	14.2706	0	7.99437	19.506	10.3791	8.74137	12.04	
6.76189	20.9515	17.5748	4.14962	19.2578	13.9464	15.6498	16.0119	25.7691	13.7937	2.0283	9.27328	8.32155	5.77235	7.99437	0	6.72289	7.49547	8.51206	9.44927	
13.4848	15.885	14.6768	13.1303	26.3398	25.6269	22.3727	13.8814	14.2684	21.3975	8.75119	22.9794	8.22192	12.4952	19.506	6.72289	0	9.12688	12.1159	8.97192	
18.062	20.5489	12.8214	7.5885	15.5976	13.8905	16.9047	23.0083	8.29277	17.2326	5.46717	12.7122	8.79006	11.2316	10.3791	7.49547	9.12688	0	9.19061	8.04006	
15.274	13.2845	9.06277	8.1132	23.5407	12.028	24.1619	26.7187	9.94048	13.4988	10.1872	19.4744	3.894	14.2844	8.74137	8.51206	12.1159	9.19061	0	4.644	
12.4111	12.4499	4.78138	5.2	23.0915	18.5192	21.3972	23.7768	6.79649	19.1864	7.04325	14.666	0.75	12.6306	12.04	9.44927	8.97192	8.04006	4.644	0	

0	26.1457	7.44514	6.59115	14.1147	12.7017	19.888	19.6138	13.8459	10.8915	5.71433	8.9572	10.9541	1.52555	8.14212	1.77294	7.91835	11.1779	14.2232	9.78978	
26.1457	0	15.8536	11.4218	9.39162	16.1776	8.75711	10.1788	5.21536	22.1653	12.2986	19.3357	11.8879	22.0369	17.1945	21.7334	11.1429	14.5459	9.07553	10.3908	
7.44514	15.8536	0	4.78373	20.6712	36.3325	24.898	28.6155	19.2689	16.6808	3.90692	16.4023	6.84433	8.97069	17.5963	9.21807	9.05405	23.2375	6.77804	5.71433	
6.59115	11.4218	4.78373	0	15.7454	17.3241	24.7837	13.23	16.6372	13.6507	0.876812	12.3491	6.73	10.6151	7.74	6.40854	6.3837	3.1241	6.91522	4.95226	
14.1147	9.39162	20.6712	15.7454	0	6.90733	3.30733	11.4145	6.45105	12.3038	14.9308	15.1153	8.70825	17.1245	18.7109	12.3417	11.744	12.6213	11.5206	9.83825	
12.7017	16.1776	36.3325	17.3241	6.90733	0	3.6	4.09414	7.14175	1.81019	14.5841	27.342	23.2982	17.0127	30.892	29.2088	16.8898	18.5166	29.5545	22.7837	
19.888	8.75711	24.898	24.7837	3.30733	3.6	0	7.69414	3.54175	5.41019	21.7704	23.742	12.0156	24.199	31.9779	15.6491	9.46931	15.9286	20.4989	17.0963	
19.6138	10.1788	28.6155	13.23	11.4145	4.09414	7.69414	0	4.96343	5.90434	14.1068	25.5791	19.8016	18.0882	20.97	22.871	10.891	16.3541	27.0593	18.518	
13.8459	5.21536	19.2689	16.6372	6.45105	7.14175	3.54175	4.96343	0	12.5383	17.63	26.1241	8.96335	23.0517	22.4098	18.7928	5.92756	9.18716	14.2909	9.26728	
10.8915	22.1653	16.6808	13.6507	12.3038	1.81019	5.41019	5.90434	12.5383	0	12.7739	19.8487	18.9964	12.4171	26.3915	12.6644	17.4413	16.7064	24.0016	16.8493	
5.71433	12.2986	3.90692	0.876812	14.9308	14.5841	21.7704	14.1068	17.63	12.7739	0	12.6296	5.20545	7.23988	8.61681	5.53173	7.41517	4.00091	5.39067	4.07545	
8.9572	19.3357	16.4023	12.3491	15.1153	27.342	23.742	25.5791	26.1241	19.8487	12.6296	0	6.40706	10.4827	17.7725	10.7301	9.44285	10.6202	9.21939	7.53706	
10.9541	11.8879	6.84433	6.73	8.70825	23.2982	12.0156	19.8016	8.96335	18.9964	5.20545	6.40706	0	19.1283	11.3655	11.7543	3.03579	6.29539	2.44522	1.13	
1.52555	22.0369	8.97069	10.6151	17.1245	17.0127	24.199	18.0882	23.0517	12.4171	7.23988	10.4827	19.1283	0	11.152	3.29848	9.44389	13.7392	16.9133	16.2151	
8.14212	17.1945	17.5963	7.74	18.7109	30.892	31.9779	20.97	22.4098	26.3915	8.61681	17.7725	11.3655	11.152	0	6.36918	14.4013	10.8641	14.1778	12.4955	
1.77294	21.7334	9.21807	6.40854	12.3417	29.2088	15.6491	22.871	18.7928	12.6644	5.53173	10.7301	11.7543	3.29848	6.36918	0	9.69128	20.8594	16.7594	9.60718	
7.91835	11.1429	9.05405	6.3837	11.744	16.8898	9.46931	10.891	5.92756	17.4413	7.41517	9.44285	3.03579	9.44389	14.4013	9.69128	0	3.2596	4.65493	3.33972	
11.1779	14.5459	23.2375	3.1241	12.6213	18.5166	15.9286	16.3541	9.18716	16.7064	4.00091	10.6202	6.29539	13.7392	10.8641	20.8594	3.2596	0	16.9534	6.59932	
14.2232	9.07553	6.77804	6.91522	11.5206	29.5545	20.4989	27.0593	14.2909	24.0016	5.39067	9.21939	2.44522	16.9133	14.1778	16.7594	4.65493	16.9534	0	1.31522	
9.78978	10.3908	5.71433	4.95226	9.83825	22.7837	17.0963	18.518	9.26728	16.8493	4.07545	7.53706	1.13	16.2151	12.4955	9.60718	3.33972	6.59932	1.31522	0	

0	22.7995	13.6689	6.36706	16.4567	13.8705	20.7838	12.58	24.8302	15.1515	15.0102	8.93579	11.1636	4.82403	10.8	0.865852	17.6959	7.2	10.6988	4.62418	
22.7995	0	15.0709	17.6763	17.8587	9.56561	17.9656	14.8639	13.414	11.6304	19.1784	18.9068	12.7783	27.3755	20.2351	22.5703	14.5037	20.7945	12.1007	13.2983	
13.6689	15.0709	0	8.69265	8.7281	24.5613	37.5104	18.1506	35.456	16.0044	11.8219	12.0788	4.25181	16.0425	13.8918	7.49013	14.3694	11.664	2.97015	3.73181	
6.36706	17.6763	8.69265	0	21.5234	17.5728	25.4191	18.0795	26.7211	15.5081	3.4224	11.0265	4.898	12.1806	10.8397	5.50121	8.09712	11.2326	6.73683	5.418	
16.4567	17.8587	8.7281	21.5234	0	9.35079	11.726	6.01715	5.50236	8.58863	15.9023	18.2125	7.59678	14.1007	23.8507	20.7802	14.4902	14.4518	5.75795	9.15206	
13.8705	9.56561	24.5613	17.5728	9.35079	0	8.4	4.63623	3.84843	2.06475	18.0868	22.1448	21.9285	19.6841	10.6695	13.0047	13.7713	23.2461	15.099	16.763	
20.7838	17.9656	37.5104	25.4191	11.726	8.4	0	13.6983	9.36034	10.4648	35.4068	27.6568	30.3285	25.8267	19.0695	19.9179	31.6718	30.2725	17.4839	23.6762	
12.58	14.8639	18.1506	18.0795	6.01715	4.63623	13.6983	0	9.14673	2.57148	13.1478	21.2334	17.0192	17.404	15.9678	13.4459	8.47305	19.78	11.7751	18.5745	
24.8302	13.414	35.456	26.7211	5.50236	3.84843	9.36034	9.14673	0	5.91318	28.7224	18.2964	24.4249	19.6031	14.5179	16.8531	25.9331	20.9122	11.2603	26.6434	
15.1515	11.6304	16.0044	15.5081	8.58863	2.06475	10.4648	2.57148	5.91318	0	18.9305	23.8049	14.8731	30.6838	12.7343	15.0694	11.0445	21.1813	13.0343	16.4284	
15.0102	19.1784	11.8219	3.4224	15.9023	18.0868	35.4068	13.1478	28.7224	18.9305	0	14.4788	8.3204	17.1673	7.41728	8.92361	4.67472	7.81025	10.1443	8.09007	
8.93579	18.9068	12.0788	11.0265	18.2125	22.1448	27.6568	21.2334	18.2964	23.8049	14.4788	0	6.12849	4.11175	13.8618	10.7912	16.9836	6.66851	7.96732	6.64849	
11.1636	12.7783	4.25181	4.898	7.59678	21.9285	30.3285	17.0192	24.4249	14.8731	8.3204	6.12849	0	10.2402	12.7572	4.27832	11.1576	8.76621	1.83883	0.52	
4.82403	27.3755	16.0425	12.1806	14.1007	19.6841	25.8267	17.404	19.6031	30.6838	17.1673	4.11175	10.2402	0	9.75	5.68989	12.8718	10.7803	15.5228	10.4378	
10.8	20.2351	13.8918	10.8397	23.8507	10.6695	19.0695	15.9678	14.5179	12.7343	7.41728	13.8618	12.7572	9.75	0	10.9647	12.092	15.2275	14.596	13.2772	
0.865852	22.5703	7.49013	5.50121	20.7802	13.0047	19.9179	13.4459	16.8531	15.0694	8.92361	10.7912	4.27832	5.68989	10.9647	0	14.3959	8.06585	7.15244	3.75832	
17.6959	14.5037	14.3694	8.09712	14.4902	13.7713	31.6718	8.47305	25.9331	11.0445	4.67472	16.9836	11.1576	12.8718	12.092	14.3959	0	12.485	14.0317	10.6376	
7.2	20.7945	11.664	11.2326	14.4518	23.2461	30.2725	19.78	20.9122	21.1813	7.81025	6.66851	8.76621	10.7803	15.2275	8.06585	12.485	0	8.69382	8.24621	
10.6988	12.1007	2.97015	6.73683	5.75795	15.099	17.4839	11.7751	11.2603	13.0343	10.1443	7.96732	1.83883	15.5228	14.596	7.15244	14.0317	8.69382	0	2.35883	
4.62418	13.2983	3.73181	5.418	9.15206	16.763	23.6762	18.5745	26.6434	16.4284	8.09007	6.64849	0.52	10.4378	13.2772	3.75832	10.6376	8.24621	2.35883	0	

0	16.7353	12.8336	5.33622	12.4808	13.1118	20.9311	21.0089	27.1131	10.8915	9.43744	7.31122	8.51125	2.47386	7.4	5.40127	14.3386	7.56	8.83964	9.20625	
16.7353	0	4.03609	16.173	5.31601	20.6001	14.0007	14.485	12.7157	21.8914	17.6708	19.0988	10.9679	14.2615	24.9883	22.3189	13.813	18.0403	7.69166	11.0332	
12.8336	4.03609	0	7.159	9.3521	13.278	9.9646	12.7816	16.2892	20.0042	10.8209	15.1971	5.63862	10.3598	14.9679	14.4778	7.856	14.0042	3.65557	6.99714	
5.33622	16.173	7.159	0	15.7883	13.1258	15.0297	10.7531	14.5939	16.2277	4.10122	6.42153	4.3149	7.81008	9.19386	2.34094	7.70386	12.8088	3.50343	4.7	
12.4808	5.31601	9.3521	15.7883	0	15.2841	13.7243	9.16899	7.39973	17.5044	12.3548	14.8443	11.7817	10.007	19.4495	16.7801	15.8393	21.1022	13.7648	11.0883	
13.1118	20.6001	13.278	13.1258	15.2841	0	8.28	6.14121	8.39657	2.22032	17.3539	16.93	11.6054	23.5167	10.2591	17.1121	12.8115	18.1892	9.62239	12.1943	
20.9311	14.0007	9.9646	15.0297	13.7243	8.28	0	14.4212	6.32456	10.0396	15.4392	20.887	11.3897	17.0621	18.5391	20.7019	22.0861	23.9688	13.6202	10.3297	
21.0089	14.485	12.7816	10.7531	9.16899	6.14121	14.4212	0	14.5378	8.36153	11.1626	26.7176	7.1131	12.7855	16.4004	17.4337	6.67027	21.7948	10.8707	6.0531	
27.1131	12.7157	16.2892	14.5939	7.39973	8.39657	6.32456	14.5378	0	10.6169	14.1681	27.6904	10.279	16.3164	18.6557	23.1065	19.6394	31.6816	12.2621	11.339	
10.8915	21.8914	20.0042	16.2277	17.5044	2.22032	10.0396	8.36153	10.6169	0	23.9515	26.2718	19.6996	13.3654	12.4795	16.2928	21.5401	18.4515	11.8427	20.3693	
9.43744	17.6708	10.8209	4.10122	12.3548	17.3539	15.4392	11.1626	14.1681	23.9515	0	4.61044	3.88909	9.36562	7.09479	4.42538	13.2494	8.74748	5.87214	4.94909	
7.31122	19.0988	15.1971	6.42153	14.8443	16.93	20.887	26.7176	27.6904	26.2718	4.61044	0	8.49953	4.83735	6.67083	8.76247	18.8626	13.3579	9.92495	9.71997	
8.51125	10.9679	5.63862	4.3149	11.7817	11.6054	11.3897	7.1131	10.279	19.6996	3.88909	8.49953	0	6.03738	10.9839	6.65584	6.18348	12.6366	1.98305	1.06	
2.47386	14.2615	10.3598	7.81008	10.007	23.5167	17.0621	12.7855	16.3164	13.3654	9.36562	4.83735	6.03738	0	9.87386	7.87513	14.6385	10.0339	8.02044	6.73238	
7.4	24.9883	14.9679	9.19386	19.4495	10.2591	18.5391	16.4004	18.6557	12.4795	7.09479	6.67083	10.9839	9.87386	0	6.85292	15.5128	7.93009	11.3124	12.2043	
5.40127	22.3189	14.4778	2.34094	16.7801	17.1121	20.7019	17.4337	23.1065	16.2928	4.42538	8.76247	6.65584	7.87513	6.85292	0	17.9162	12.9613	5.84437	7.04094	
14.3386	13.813	7.856	7.70386	15.8393	12.8115	22.0861	6.67027	19.6394	21.5401	13.2494	18.8626	6.18348	14.6385	15.5128	17.9162	0	15.1245	4.20043	10.4203	
7.56	18.0403	14.0042	12.8088	21.1022	18.1892	23.9688	21.7948	31.6816	18.4515	8.74748	13.3579	12.6366	10.0339	7.93009	12.9613	15.1245	0	16.3122	13.857	
8.83964	7.69166	3.65557	3.50343	13.7648	9.62239	13.6202	10.8707	12.2621	11.8427	5.87214	9.92495	1.98305	8.02044	11.3124	5.84437	4.20043	16.3122	0	3.04305	
9.20625	11.0332	6.99714	4.7	11.0883	12.1943	10.3297	6.0531	11.339	20.3693	4.94909	9.71997	1.06	6.73238	12.2043	7.04094	10.4203	13.857	3.04305	0	

0	13.0887	15.7927	3.60555	13.4679	10.6121	21.068	9.81555	19.0441	12.0978	5.72687	6.79512	5.47146	4.61788	7.4	5.64865	5.99226	13.5	9.27022	9.82039	
13.0887	0	13.0225	12.7303	10.1004	20.4679	16.1245	19.6714	17.6899	19.9057	7.19664	11.7533	7.22491	9.14301	15.0185	7.44	16.9025	18.6685	4.34047	8.79525	
15.7927	13.0225	0	14.1374	19.9422	22.5768	31.4899	23.2673	25.2683	21.506	11.5382	22.5878	11.5664	13.4845	23.1927	19.3673	10.6964	24.8256	8.68198	13.1368	
3.60555	12.7303	14.1374	0	9.8623	7.00651	18.0465	6.21	17.4518	7.85504	2.12132	10.4007	1.8659	8.22343	11.0056	7.63714	3.44105	16.4185	4.75035	2.1459	
13.4679	10.1004	19.9422	9.8623	0	11.1157	9.61332	11.7478	7.58947	11.9642	11.9836	21.8538	11.7282	21.203	28.191	17.5404	9.2458	32.1934	14.4409	13.3277	
10.6121	20.4679	22.5768	7.00651	11.1157	0	4.62967	3.53181	13.0639	0.848528	9.12783	18.0444	8.87242	15.8672	18.6493	16.898	10.4476	24.7493	15.3963	8.71013	
21.068	16.1245	31.4899	18.0465	9.61332	4.62967	0	6.46442	2.02386	3.78114	23.4865	27.8778	21.6878	22.1862	30.7376	23.5645	16.5958	42.6795	20.465	11.6427	
9.81555	19.6714	23.2673	6.21	11.7478	3.53181	6.46442	0	14.7549	2.68328	8.33132	19.2105	8.0759	9.45521	13.4852	13.2485	9.65105	28.6829	13.6117	10.5449	
19.0441	17.6899	25.2683	17.4518	7.58947	13.0639	2.02386	14.7549	0	5.805	24.777	25.8392	31.141	23.662	26.4441	24.6928	14.5719	32.5441	24.8318	18.6538	
12.0978	19.9057	21.506	7.85504	11.9642	0.848528	3.78114	2.68328	5.805	0	11.2679	35.2968	8.1416	12.1385	20.5461	21.0909	11.9435	26.0033	12.3164	7.8616	
5.72687	7.19664	11.5382	2.12132	11.9836	9.12783	23.4865	8.33132	24.777	11.2679	0	13.2092	3.68635	7.65871	9.02973	11.5244	5.56237	18.2426	2.85617	3.40635	
6.79512	11.7533	22.5878	10.4007	21.8538	18.0444	27.8778	19.2105	25.8392	35.2968	13.2092	0	13.3053	9.50008	5.47008	7.53403	12.7874	14.683	14.5579	17.6768	
5.47146	7.22491	11.5664	1.8659	11.7282	8.87242	21.6878	8.0759	31.141	8.1416	3.68635	13.3053	0	7.68698	12.0798	5.77124	4.36187	14.5526	2.88444	0.28	
4.61788	9.14301	13.4845	8.22343	21.203	15.8672	22.1862	9.45521	23.662	12.1385	7.65871	9.50008	7.68698	0	4.03	3.79326	10.6101	13.2429	4.80254	8.32984	
7.4	15.0185	23.1927	11.0056	28.191	18.6493	30.7376	13.4852	26.4441	20.5461	9.02973	5.47008	12.0798	4.03	0	7.57852	13.3923	9.2129	8.83254	12.4361	
5.64865	7.44	19.3673	7.63714	17.5404	16.898	23.5645	13.2485	24.6928	21.0909	11.5244	7.53403	5.77124	3.79326	7.57852	0	10.2612	11.2285	8.5958	6.05124	
5.99226	16.9025	10.6964	3.44105	9.2458	10.4476	16.5958	9.65105	14.5719	11.9435	5.56237	12.7874	4.36187	10.6101	13.3923	10.2612	0	19.4923	8.53665	4.08187	
13.5	18.6685	24.8256	16.4185	32.1934	24.7493	42.6795	28.6829	32.5441	26.0033	18.2426	14.683	14.5526	13.2429	9.2129	11.2285	19.4923	0	17.4371	14.8326	
9.27022	4.34047	8.68198	4.75035	14.4409	15.3963	20.465	13.6117	24.8318	12.3164	2.85617	14.5579	2.88444	4.80254	8.83254	8.5958	8.53665	17.4371	0	3.16444	
9.82039	8.79525	13.1368	2.1459	13.3277	8.71013	11.6427	10.5449	18.6538	7.8616	3.40635	17.6768	0.28	8.32984	12.4361	6.05124	4.08187	14.8326	3.16444	0	

0	20.9619	5.64026	7.34725	21.4471	20.0043	14.9895	16.1311	15.2603	18.8233	7.09796	6.49697	8.88256	2.14401	4	3.13356	13.4843	6.56562	13.0276	7.87864	
20.9619	0	12.6485	20.1968	14.3532	22.0998	12.8996	22.803	14.1645	23.9525	14.2236	12.188	10.2729	23.0097	23.872	24.0954	12.3696	17.1841	5.26118	11.5403	
5.64026	12.6485	0	4.26432	17.1146	13.0943	10.8849	16.1627	9.62	20.8986	3.41855	10.0049	3.2423	7.78427	9.64026	7.38296	7.84401	14.2803	7.3873	4.3623	
7.34725	20.1968	4.26432	0	18.0204	16.7908	16.0696	15.39	13.8843	19.4317	1.95161	7.5771	4.62	15.0987	8.24018	4.21369	10.5505	13.7256	9.77911	3.22899	
21.4471	14.3532	17.1146	18.0204	0	12.5051	8.75951	14.0373	7.4946	14.3578	15.7978	21.677	15.6404	22.1332	22.9824	18.3135	21.5709	20.4168	19.6144	14.5204	
20.0043	22.0998	13.0943	16.7908	12.5051	0	16.32	13.9682	13.7176	1.85262	12.9632	13.469	9.85195	20.3168	16.0043	20.7532	17.5051	18.5699	14.8637	10.972	
14.9895	12.8996	10.8849	16.0696	8.75951	16.32	0	7.80761	1.26491	13.1299	15.8203	15.2193	15.2709	15.9036	19.0313	11.8559	18.5536	29.1198	18.1608	16.3909	
16.1311	22.803	16.1627	15.39	14.0373	13.9682	7.80761	0	6.5427	12.7456	17.3416	23.7874	22.3288	15.2106	10.0567	19.6037	20.0108	7.49111	17.5418	18.89	
15.2603	14.1645	9.62	13.8843	7.4946	13.7176	1.26491	6.5427	0	11.8649	13.0386	23.4813	12.8623	14.6386	22.5857	13.1208	17.2887	14.0338	17.0073	22.015	
18.8233	23.9525	20.8986	19.4317	14.3578	1.85262	13.1299	12.7456	11.8649	0	17.48	11.6163	11.7046	24.3547	17.8569	14.9797	15.6525	20.2367	18.5432	18.7574	
7.09796	14.2236	3.41855	1.95161	15.7978	12.9632	15.8203	17.3416	13.0386	17.48	0	6.58635	2.39738	13.5761	6.28856	3.9644	8.32789	8.85418	7.55649	1.27738	
6.49697	12.188	10.0049	7.5771	21.677	13.469	15.2193	23.7874	23.4813	11.6163	6.58635	0	9.69762	9.35096	10.5388	3.36341	14.0352	15.8469	6.92682	7.86373	
8.88256	10.2729	3.2423	4.62	15.6404	9.85195	15.2709	22.3288	12.8623	11.7046	2.39738	9.69762	0	10.4648	9.39983	7.07567	7.96894	16.9347	5.01172	1.12	
2.14401	23.0097	7.78427	15.0987	22.1332	20.3168	15.9036	15.2106	14.6386	24.3547	13.5761	9.35096	10.4648	0	6.14401	5.27758	18.4337	10.784	15.4765	10.0227	
4	23.872	9.64026	8.24018	22.9824	16.0043	19.0313	10.0567	22.5857	17.8569	6.28856	10.5388	9.39983	6.14401	0	7.13356	15.5576	2.56562	14.4886	7.56594	
3.13356	24.0954	7.38296	4.21369	18.3135	20.7532	11.8559	19.6037	13.1208	14.9797	3.9644	3.36341	7.07567	5.27758	7.13356	0	16.2765	9.74103	10.2902	5.24178	
13.4843	12.3696	7.84401	10.5505	21.5709	17.5051	18.5536	20.0108	17.2887	15.6525	8.32789	14.0352	7.96894	18.4337	15.5576	16.2765	0	15.6461	7.10842	7.05051	
6.56562	17.1841	14.2803	13.7256	20.4168	18.5699	29.1198	7.49111	14.0338	20.2367	8.85418	15.8469	16.9347	10.784	2.56562	9.74103	15.6461	0	11.923	16.5186	
13.0276	5.26118	7.3873	9.77911	19.6144	14.8637	18.1608	17.5418	17.0073	18.5432	7.55649	6.92682	5.01172	15.4765	14.4886	10.2902	7.10842	11.923	0	6.13172	
7.87864	11.5403	4.3623	3.22899	14.5204	10.972	16.3909	18.89	22.015	18.7574	1.27738	7.86373	1.12	10.0227	7.56594	5.24178	7.05051	16.5186	6.13172	0	

0	18.0692	10.1576	6.05733	16.3655	17.7883	32.1079	17.0259	16.0134	17.2231	3.73181	9.30911	8.39871	6.18466	14.6	1.23693	6.81028	6.71084	6.98193	11.8073	
18.0692	0	7.66857	11.7689	5.67041	23.1474	11.6837	24.2026	18.8571	17.5762	8.64283	23.0105	9.64726	11.8845	17.2193	16.651	16.3925	11.1771	5.39271	11.0354	
