10
10
3
3
50

6	7
19	44
37	23
35	6
5	8
20	35
8	31
29	43
18	39
19	47

26	20
20	33
15	46
20	26
17	19
15	12
5	30
13	40
38	5
9	40

70

1.79769e+308
1.79769e+308
1.79769e+308
1.79769e+308
1.79769e+308
1.79769e+308
1.79769e+308
1.79769e+308
1.79769e+308
1.79769e+308

16
18
15
11
18
16
15
15
15
16

0
0
0
0
0
0
0
0
0
0

0

0	11.4719	5.59436	7.22929	1.9625	7.67698	4.4457	8.25387	12.6634	5.55631	6.53762	3.99783	5.09736	5.1291	2.90889	0.690204	1.72208	7.39131	4.45973	4.93403	
11.4719	0	9.14957	7.81771	7.64928	2.29634	4.79636	3.66985	1.3938	1.85763	11.4009	2.72248	2.70577	3.67601	6.23805	5.07232	4.04045	2.84045	7.51115	4.67776	
5.59436	9.14957	0	1.33186	7.51556	6.50148	4.11545	12.4678	7.30137	9.65016	2.94044	8.21179	5.98941	5.09691	7.12284	4.90416	5.93603	14.4045	2.20555	9.8102	
7.22929	7.81771	1.33186	0	12.2141	6.01487	2.78359	8.28648	9.21151	8.3183	4.2723	5.66236	7.32127	7.51788	6.87779	4.64322	3.5395	5.7292	0.873694	7.68638	
1.9625	7.64928	7.51556	12.2141	0	5.74548	6.4082	7.35512	11.7541	9.45839	4.57512	4.12013	7.07169	3.1666	7.19636	2.6527	8.08669	6.74597	9.75095	2.97153	
7.67698	2.29634	6.50148	6.01487	5.74548	0	3.23128	1.17217	0.902537	1.84978	3.56104	0.783201	2.2145	1.73673	7.32548	4.09083	3.9872	2.5669	5.57187	8.13407	
4.4457	4.79636	4.11545	2.78359	6.4082	3.23128	0	4.40345	4.13382	5.08106	6.79232	4.01448	8.73155	9.10992	4.0942	1.78779	0.755916	2.94561	3.65728	4.90279	
8.25387	3.66985	12.4678	8.28648	7.35512	1.17217	4.40345	0	2.07471	3.02195	4.73321	1.95537	4.49261	3.34638	9.78236	5.70048	7.34539	4.17654	7.18152	8.3476	
12.6634	1.3938	7.30137	9.21151	11.7541	0.902537	4.13382	2.07471	0	1.8492	4.46358	1.68574	1.31197	7.75378	7.63186	5.71912	5.39625	2.01354	6.99633	5.41213	
5.55631	1.85763	9.65016	8.3183	9.45839	1.84978	5.08106	3.02195	1.8492	0	5.41082	2.63298	3.16117	7.21563	7.0848	4.86611	5.89798	3.72316	7.94357	6.48687	
6.53762	11.4009	2.94044	4.2723	4.57512	3.56104	6.79232	4.73321	4.46358	5.41082	0	3.11	8.92985	2.15647	8.61162	7.72179	7.70937	9.89907	6.97747	6.86976	
3.99783	2.72248	8.21179	5.66236	4.12013	0.783201	4.01448	1.95537	1.68574	2.63298	3.11	0	7.71478	0.953531	5.52632	3.30763	4.33951	1.78369	4.78867	5.56869	
5.09736	2.70577	5.98941	7.32127	7.07169	2.2145	8.73155	4.49261	1.31197	3.16117	8.92985	7.71478	0	9.89945	6.62584	4.40715	5.43903	3.3255	8.17668	4.10017	
5.1291	3.67601	5.09691	7.51788	3.1666	1.73673	9.10992	3.34638	7.75378	7.21563	2.15647	0.953531	9.89945	0	6.45515	4.26116	5.90607	2.73723	5.7422	6.13813	
2.90889	6.23805	7.12284	6.87779	7.19636	7.32548	4.0942	9.78236	7.63186	7.0848	8.61162	5.52632	6.62584	6.45515	0	2.21869	3.25056	7.03981	5.98821	8.77387	
0.690204	5.07232	4.90416	4.64322	2.6527	4.09083	1.78779	5.70048	5.71912	4.86611	7.72179	3.30763	4.40715	4.26116	2.21869	0	1.03188	5.09132	3.76953	6.55518	
1.72208	4.04045	5.93603	3.5395	8.08669	3.9872	0.755916	7.34539	5.39625	5.89798	7.70937	4.33951	5.43903	5.90607	3.25056	1.03188	0	3.70153	4.8014	5.65871	
7.39131	2.84045	14.4045	5.7292	6.74597	2.5669	2.94561	4.17654	2.01354	3.72316	9.89907	1.78369	3.3255	2.73723	7.03981	5.09132	3.70153	0	6.57236	3.785	
4.45973	7.51115	2.20555	0.873694	9.75095	5.57187	3.65728	7.18152	6.99633	7.94357	6.97747	4.78867	8.17668	5.7422	5.98821	3.76953	4.8014	6.57236	0	10.3247	
4.93403	4.67776	9.8102	7.68638	2.97153	8.13407	4.90279	8.3476	5.41213	6.48687	6.86976	5.56869	4.10017	6.13813	8.77387	6.55518	5.65871	3.785	10.3247	0	

0	4.84077	6.14924	9.09352	0.308112	3.82397	9.01209	4.54115	3.22702	4.602	4.15579	4.59945	5.26133	1.0096	7.51886	3.20624	7.18749	4.51272	8.75154	3.33751	
4.84077	0	4.65837	7.14958	5.14888	1.12915	6.53293	2.18753	0.499463	0.178033	5.19252	1.73284	0.420558	2.71689	4.17979	5.12152	3.84841	1.17364	3.91077	5.1645	
6.14924	4.65837	0	12.7064	5.79131	5.86351	7.50407	8.52936	7.35707	8.73205	1.94364	8.7295	6.77272	5.13964	4.18858	4.18444	6.1595	3.48473	4.03657	7.46755	
9.09352	7.14958	12.7064	0	9.40163	5.59686	8.97394	6.38738	6.02867	11.8467	5.93462	4.7953	8.15435	8.38515	9.00801	7.56253	14.3401	11.432	3.84168	12.4483	
0.308112	5.14888	5.79131	9.40163	0	4.62649	8.1821	10.4912	9.45429	14.6983	3.84768	5.54288	6.34295	1.31771	8.99458	2.89813	8.38426	4.82083	5.94061	6.73958	
3.82397	1.12915	5.86351	5.59686	4.62649	0	4.98021	2.74441	0.629687	2.22809	6.0981	0.801564	1.7518	2.81437	5.38493	3.5688	4.61303	2.37878	8.15314	4.49734	
9.01209	6.53293	7.50407	8.97394	8.1821	4.98021	0	6.44889	4.18135	5.27419	5.09649	4.17864	6.85497	7.7685	8.68601	5.28397	0.198009	2.87278	15.9006	3.40878	
4.54115	2.18753	8.52936	6.38738	10.4912	2.74441	6.44889	0	3.2502	2.24327	8.84252	2.27025	1.76697	3.53156	8.05078	5.03748	7.23354	4.78604	7.52317	5.85947	
3.22702	0.499463	7.35707	6.02867	9.45429	0.629687	4.18135	3.2502	0	0.677496	6.72779	1.23337	0.92002	2.21743	8.34911	4.00061	3.98334	1.6731	4.41024	4.54534	
4.602	0.178033	8.73205	11.8467	14.6983	2.22809	5.27419	2.24327	0.677496	0	9.15627	2.53232	0.476298	3.59241	8.27078	9.32296	5.07618	1.35167	4.08881	5.92032	
4.15579	5.19252	1.94364	5.93462	3.84768	6.0981	5.09649	8.84252	6.72779	9.15627	0	5.00804	7.30687	7.08328	6.13222	2.24081	4.89848	4.01888	2.09294	6.08226	
4.59945	1.73284	8.7295	4.7953	5.54288	0.801564	4.17864	2.27025	1.23337	2.53232	5.00804	0	2.55336	3.4508	7.11574	2.76723	4.37665	3.18034	6.26506	5.29891	
5.26133	0.420558	6.77272	8.15435	6.34295	1.7518	6.85497	1.76697	0.92002	0.476298	7.30687	2.55336	0	4.06871	6.29414	8.01658	5.55248	1.5942	4.33133	6.24914	
1.0096	2.71689	5.13964	8.38515	1.31771	2.81437	7.7685	3.53156	2.21743	3.59241	7.08328	3.4508	4.06871	0	6.25492	6.16936	5.53868	5.08257	7.81971	2.32791	
7.51886	4.17979	4.18858	9.00801	8.99458	5.38493	8.68601	8.05078	8.34911	8.27078	6.13222	7.11574	6.29414	6.25492	0	6.09645	5.68092	3.00615	10.5779	3.92701	
3.20624	5.12152	4.18444	7.56253	2.89813	3.5688	5.28397	5.03748	4.00061	9.32296	2.24081	2.76723	8.01658	6.16936	6.09645	0	5.48198	6.25968	4.33374	3.84145	
7.18749	3.84841	6.1595	14.3401	8.38426	4.61303	0.198009	7.23354	3.98334	5.07618	4.89848	4.37665	5.55248	5.53868	5.68092	5.48198	0	2.67477	6.99142	3.21077	
4.51272	1.17364	3.48473	11.432	4.82083	2.37878	2.87278	4.78604	1.6731	1.35167	4.01888	3.18034	1.5942	5.08257	3.00615	6.25968	2.67477	0	5.08441	5.05322	
8.75154	3.91077	4.03657	3.84168	5.94061	8.15314	15.9006	7.52317	4.41024	4.08881	2.09294	6.26506	4.33133	7.81971	10.5779	4.33374	6.99142	5.08441	0	11.7898	
3.33751	5.1645	7.46755	12.4483	6.73958	4.49734	3.40878	5.85947	4.54534	5.92032	6.08226	5.29891	6.24914	2.32791	3.92701	3.84145	3.21077	5.05322	11.7898	0	

0	6.41628	7.0584	12.8051	1.32125	4.23132	7.34227	8.26789	8.21424	10.7702	5.78953	7.54175	7.13253	2.659	1.24237	3.01387	4.69994	11.9513	11.8816	9.59148	
6.41628	0	2.94364	7.98765	7.73753	3.78669	3.57176	1.85162	1.79796	4.87008	5.15081	2.18741	0.716255	5.65055	7.61685	9.43885	4.73032	2.92499	7.29413	3.1752	
7.0584	2.94364	0	4.30458	4.87786	5.7842	6.87595	1.09202	3.63691	6.66121	4.83767	3.61963	7.25443	1.43694	2.85357	3.18524	7.82058	8.7987	5.7866	4.73142	
12.8051	7.98765	4.30458	0	8.12727	4.28996	3.1982	5.3966	5.93955	10.9658	2.58671	4.58255	8.33058	5.74152	7.13388	7.48982	4.83767	4.64427	1.75271	7.02872	
1.32125	7.73753	4.87786	8.12727	0	2.91007	4.00182	6.82917	9.32893	12.0914	9.31064	4.50934	8.71365	5.93724	2.56362	1.69262	7.02406	8.77667	11.5237	11.4577	
4.23132	3.78669	5.7842	4.28996	2.91007	0	1.09175	4.12689	6.41886	12.4454	7.11288	1.59928	8.60983	7.22114	7.89866	4.60269	2.73122	2.53781	6.13981	7.22317	
7.34227	3.57176	6.87595	3.1982	4.00182	1.09175	0	3.91196	4.57182	12.7745	5.78492	1.38435	3.65479	7.59994	5.09704	8.53011	1.63947	1.44606	4.95092	3.34053	
8.26789	1.85162	1.09202	5.3966	6.82917	4.12689	3.91196	0	2.54489	7.12862	5.89773	2.52761	2.56787	2.52896	8.23639	4.27726	5.47724	5.53387	6.87862	3.6394	
8.21424	1.79796	3.63691	5.93955	9.32893	6.41886	4.57182	2.54489	0	5.7773	3.35284	3.98537	2.19097	3.85259	5.26922	8.0972	2.93236	3.6669	8.76884	1.77243	
10.7702	4.87008	6.66121	10.9658	12.0914	12.4454	12.7745	7.12862	5.7773	0	8.44688	7.46441	4.15382	8.09815	9.75406	9.84645	9.24599	5.89934	10.7317	4.00487	
5.78953	5.15081	4.83767	2.58671	9.31064	7.11288	5.78492	5.89773	3.35284	8.44688	0	8.71216	5.54381	3.40073	4.54716	7.61802	6.2852	6.33648	4.33942	4.44201	
7.54175	2.18741	3.61963	4.58255	4.50934	1.59928	1.38435	2.52761	3.98537	7.46441	8.71216	0	2.90366	6.2156	6.29938	7.25144	3.02381	2.83041	6.4324	5.36261	
7.13253	0.716255	7.25443	8.33058	8.71365	8.60983	3.65479	2.56787	2.19097	4.15382	5.54381	2.90366	0	5.8175	7.23413	9.29278	5.12333	2.20873	6.57787	3.2841	
2.659	5.65055	1.43694	5.74152	5.93724	7.22114	7.59994	2.52896	3.85259	8.09815	3.40073	6.2156	5.8175	0	1.41664	4.24462	4.87421	7.70973	7.22353	5.62502	
1.24237	7.61685	2.85357	7.13388	2.56362	7.89866	5.09704	8.23639	5.26922	9.75406	4.54716	6.29938	7.23413	1.41664	0	4.18568	3.45757	9.50485	9.46553	7.2319	
3.01387	9.43885	3.18524	7.48982	1.69262	4.60269	8.53011	4.27726	8.0972	9.84645	7.61802	7.25144	9.29278	4.24462	4.18568	0	7.64325	7.08405	8.97183	8.97852	
4.69994	4.73032	7.82058	4.83767	7.02406	2.73122	1.63947	5.47724	2.93236	9.24599	6.2852	3.02381	5.12333	4.87421	3.45757	7.64325	0	3.08553	6.68752	4.70479	
11.9513	2.92499	8.7987	4.64427	8.77667	2.53781	1.44606	5.53387	3.6669	5.89934	6.33648	2.83041	2.20873	7.70973	9.50485	7.08405	3.08553	0	6.49412	1.89447	
11.8816	7.29413	5.7866	1.75271	11.5237	6.13981	4.95092	6.87862	8.76884	10.7317	4.33942	6.4324	6.57787	7.22353	9.46553	8.97183	6.68752	6.49412	0	9.86197	
9.59148	3.1752	4.73142	7.02872	11.4577	7.22317	3.34053	3.6394	1.77243	4.00487	4.44201	5.36261	3.2841	5.62502	7.2319	8.97852	4.70479	1.89447	9.86197	0	

0	7.48701	9.0803	2.68537	0.132733	2.42165	4.18687	1.87933	2.4112	7.09087	5.27107	6.06688	9.09774	4.22181	8.60958	1.23637	5.62405	1.08	1.42048	1.74404	
7.48701	0	4.55254	11.2291	6.44577	3.09135	7.52503	4.69918	5.99474	0.984121	15.6753	4.31366	1.68537	7.65083	2.3804	10.9807	2.95814	4.43299	9.96421	4.17436	
9.0803	4.55254	0	2.19228	7.62889	5.24723	7.49337	8.91304	7.77981	3.56841	6.22973	7.25631	4.09778	0.687744	4.96469	3.67318	7.29358	5.92426	3.45717	5.26023	
2.68537	11.2291	2.19228	0	11.0981	12.7171	11.1379	12.9134	5.04629	5.50097	5.95981	7.9182	14.8488	2.88003	4.1047	10.0362	7.10154	6.17381	1.26489	7.45251	
0.132733	6.44577	7.62889	11.0981	0	3.65381	9.76207	1.74659	6.88358	6.95814	5.13834	4.87612	7.65939	6.94114	8.35442	1.3691	13.547	1.21274	1.55321	4.73682	
2.42165	3.09135	5.24723	12.7171	3.65381	0	3.31615	5.4004	2.67284	4.07547	8.79214	1.22232	3.05173	4.55948	5.03582	6.05283	5.88569	1.34165	6.25057	1.08302	
4.18687	7.52503	7.49337	11.1379	9.76207	3.31615	0	15.776	4.43806	8.42943	13.5697	7.33058	4.20185	10.2974	6.92046	11.9528	7.65092	2.89718	8.01579	2.23314	
1.87933	4.69918	8.91304	12.9134	1.74659	5.4004	15.776	0	5.13699	5.34462	6.88493	7.37238	6.04587	8.68774	6.7409	7.51396	7.65732	6.46818	8.9184	7.65657	
2.4112	5.99474	7.77981	5.04629	6.88358	2.67284	4.43806	5.13699	0	8.81566	7.09588	2.23539	4.4883	8.54976	6.03344	6.85875	3.0366	1.33119	3.78141	1.99523	
7.09087	0.984121	3.56841	5.50097	6.95814	4.07547	8.42943	5.34462	8.81566	0	10.2691	5.20978	0.701246	4.11128	1.39628	8.76948	3.94226	6.52522	9.81697	2.66996	
5.27107	15.6753	6.22973	5.95981	5.13834	8.79214	13.5697	6.88493	7.09588	10.2691	0	9.33128	8.95202	5.54199	8.87287	8.44409	10.1325	8.42708	6.30079	9.61547	
6.06688	4.31366	7.25631	7.9182	4.87612	1.22232	7.33058	7.37238	2.23539	5.20978	9.33128	0	6.42028	5.7818	3.8135	4.83051	5.27199	2.56396	6.0168	2.30533	
9.09774	1.68537	4.09778	14.8488	7.65939	3.05173	4.20185	6.04587	4.4883	0.701246	8.95202	6.42028	0	3.41004	2.09752	6.39548	8.41502	2.63275	14.1355	1.96871	
4.22181	7.65083	0.687744	2.88003	6.94114	4.55948	10.2974	8.68774	8.54976	4.11128	5.54199	5.7818	3.41004	0	9.60268	2.98544	6.60584	5.90113	10.2666	5.37875	
8.60958	2.3804	4.96469	4.1047	8.35442	5.03582	6.92046	6.7409	6.03344	1.39628	8.87287	3.8135	2.09752	9.60268	0	7.37321	2.99684	5.35136	5.36959	4.68732	
1.23637	10.9807	3.67318	10.0362	1.3691	6.05283	11.9528	7.51396	6.85875	8.76948	8.44409	4.83051	6.39548	2.98544	7.37321	0	9.59128	2.31637	2.65685	8.97235	
5.62405	2.95814	7.29358	7.10154	13.547	5.88569	7.65092	7.65732	3.0366	3.94226	10.1325	5.27199	8.41502	6.60584	2.99684	9.59128	0	4.36779	6.818	5.20809	
1.08	4.43299	5.92426	6.17381	1.21274	1.34165	2.89718	6.46818	1.33119	6.52522	8.42708	2.56396	2.63275	5.90113	5.35136	2.31637	4.36779	0	2.50048	0.664038	
1.42048	9.96421	3.45717	1.26489	1.55321	6.25057	8.01579	8.9184	3.78141	9.81697	6.30079	6.0168	14.1355	10.2666	5.36959	2.65685	6.818	2.50048	0	5.57296	
1.74404	4.17436	5.26023	7.45251	4.73682	1.08302	2.23314	7.65657	1.99523	2.66996	9.61547	2.30533	1.96871	5.37875	4.68732	8.97235	5.20809	0.664038	5.57296	0	

0	7.83677	3.01313	8.4075	1.40986	9.40543	4.4546	8.39615	9.25273	6.5476	6.45754	6.86617	7.96087	4.81696	7.72023	4.06372	5.12839	9.43642	13.6942	9.3535	
7.83677	0	7.24909	4.21818	8.03358	5.80287	3.38218	3.88314	6.32701	1.973	15.9375	4.54222	3.69294	7.98034	1.3871	8.87415	4.05597	3.17003	5.60189	5.50025	
3.01313	7.24909	0	5.57768	1.60328	9.45889	10.6313	11.7908	3.46885	9.22209	7.85178	6.98578	10.7328	10.3391	8.24976	8.65786	11.0654	10.3628	12.7947	4.58107	
8.4075	4.21818	5.57768	0	9.81736	9.95231	7.60036	8.12713	2.10883	6.19118	6.49176	5.62575	2.78024	10.1421	4.09795	7.29784	11.7817	2.31503	11.1443	3.22105	
1.40986	8.03358	1.60328	9.81736	0	7.99558	5.86445	15.3858	5.07213	7.95746	7.86739	9.25623	9.26946	6.22682	6.64648	5.47358	9.46211	8.4294	10.8613	13.0448	
9.40543	5.80287	9.45889	9.95231	7.99558	0	3.67222	10.6212	4.77758	2.99382	9.99419	1.26065	1.27388	6.56389	6.33249	8.27557	10.0903	1.7391	5.9969	6.2041	
4.4546	3.38218	10.6313	7.60036	5.86445	3.67222	0	7.9239	5.9285	5.22621	9.70771	2.41157	3.50627	5.57297	3.26563	6.2259	0.673797	3.97149	6.54997	4.25654	
8.39615	3.88314	11.7908	8.12713	15.3858	10.6212	7.9239	0	9.52143	1.91015	7.81424	7.53095	3.63009	5.34961	5.92883	4.33242	12.6552	10.3529	11.674	5.50796	
9.25273	6.32701	3.46885	2.10883	5.07213	4.77758	5.9285	9.52143	0	4.71003	4.38293	3.51692	5.14431	6.2062	9.6452	5.18901	4.69496	3.40859	13.0154	1.11222	
6.5476	1.973	9.22209	6.19118	7.95746	2.99382	5.22621	1.91015	4.71003	0	10.4403	3.34733	1.71994	8.57471	3.3601	6.24257	7.18055	2.18516	6.44296	3.59781	
6.45754	15.9375	7.85178	6.49176	7.86739	9.99419	9.70771	7.81424	4.38293	10.4403	0	7.89985	8.72031	4.23984	10.8331	3.48182	9.13902	9.18553	9.52605	5.49514	
6.86617	4.54222	6.98578	5.62575	9.25623	1.26065	2.41157	7.53095	3.51692	3.34733	7.89985	0	1.62739	5.30324	5.67721	6.32043	3.08537	2.0926	6.35041	4.62914	
7.96087	3.69294	10.7328	2.78024	9.26946	1.27388	3.50627	3.63009	5.14431	1.71994	8.72031	1.62739	0	6.85477	2.24814	7.87196	4.18007	0.465217	4.72302	2.76159	
4.81696	7.98034	10.3391	10.1421	6.22682	6.56389	5.57297	5.34961	6.2062	8.57471	4.23984	5.30324	6.85477	0	6.59324	1.01719	4.89918	7.31999	10.7753	6.30697	
7.72023	1.3871	8.24976	4.09795	6.64648	6.33249	3.26563	5.92883	9.6452	3.3601	10.8331	5.67721	2.24814	6.59324	0	7.61043	3.93943	1.78292	4.21479	4.07929	
4.06372	8.87415	8.65786	7.29784	5.47358	8.27557	6.2259	4.33242	5.18901	6.24257	3.48182	6.32043	7.87196	1.01719	7.61043	0	5.91637	7.58615	13.0079	5.28978	
5.12839	4.05597	11.0654	11.7817	9.46211	10.0903	0.673797	12.6552	4.69496	7.18055	9.13902	3.08537	4.18007	4.89918	3.93943	5.91637	0	5.87911	5.87617	3.58274	
9.43642	3.17003	10.3628	2.31503	8.4294	1.7391	3.97149	10.3529	3.40859	2.18516	9.18553	2.0926	0.465217	7.31999	1.78292	7.58615	5.87911	0	5.18824	2.29637	
13.6942	5.60189	12.7947	11.1443	10.8613	5.9969	6.54997	11.674	13.0154	6.44296	9.52605	6.35041	4.72302	10.7753	4.21479	13.0079	5.87617	5.18824	0	9.45891	
9.3535	5.50025	4.58107	3.22105	13.0448	6.2041	4.25654	5.50796	1.11222	3.59781	5.49514	4.62914	2.76159	6.30697	4.07929	5.28978	3.58274	2.29637	9.45891	0	

0	7.34775	11.7586	14.4518	2.14492	15.1096	10.6773	6.30773	9.10772	13.1834	5.45506	9.66383	13.3689	9.77248	10.4631	9.15317	12.0696	9.476	12.6637	14.3096	
7.34775	0	4.77156	6.5469	5.20283	2.40127	8.97014	4.70525	1.26691	3.34237	8.51296	1.82302	3.52784	1.93167	4.31833	5.62822	5.25869	1.63518	4.85342	3.12341	
11.7586	4.77156	0	5.35016	6.8574	5.17871	9.52366	2.69459	4.72949	4.84357	6.98137	8.30737	5.02904	7.46252	5.49394	4.18405	8.26207	3.13638	7.13829	6.35905	
14.4518	6.5469	5.35016	0	14.468	10.9233	8.9139	5.60375	8.88301	3.07552	3.03935	11.6356	9.18256	4.70988	2.22857	3.53846	10.2978	7.2899	1.78813	3.43407	
2.14492	5.20283	6.8574	14.468	0	5.122	8.00917	4.16281	6.46974	9.26789	3.31014	7.02585	9.19217	7.13449	7.53799	9.63855	9.73029	6.83801	4.56136	10.0156	
15.1096	2.40127	5.17871	10.9233	5.122	0	4.81884	2.48412	1.13436	3.24696	1.81186	1.16093	3.12876	1.15209	4.69482	5.28425	3.23846	2.72747	3.06308	2.99086	
10.6773	8.97014	9.52366	8.9139	8.00917	4.81884	0	7.14785	5.57216	7.53229	4.69904	9.75373	6.19267	9.27344	6.68533	5.63041	1.58037	7.33496	5.95026	5.55304	
6.30773	4.70525	2.69459	5.60375	4.16281	2.48412	7.14785	0	3.61848	4.22213	4.28678	3.64505	5.02936	3.63621	3.37518	4.68507	5.56748	5.83097	5.538	5.65759	
9.10772	1.26691	4.72949	8.88301	6.46974	1.13436	5.57216	3.61848	0	2.1126	2.94622	1.29903	3.48577	2.28645	2.95956	5.42234	3.99179	1.59311	3.50244	1.8565	
13.1834	3.34237	4.84357	3.07552	9.26789	3.24696	7.53229	4.22213	2.1126	0	8.86547	3.41163	2.05623	4.0329	0.846954	2.15684	4.84741	1.70719	2.52069	0.874744	
5.45506	8.51296	6.98137	3.03935	3.31014	1.81186	4.69904	4.28678	2.94622	8.86547	0	2.97279	6.80924	2.96395	7.6383	6.32841	5.05033	5.44523	1.25122	2.89716	
9.66383	1.82302	8.30737	11.6356	7.02585	1.16093	9.75373	3.64505	1.29903	3.41163	2.97279	0	7.03286	2.31302	5.43321	4.12332	4.39939	2.89214	5.23956	3.15552	
13.3689	3.52784	5.02904	9.18256	9.19217	3.12876	6.19267	5.02936	3.48577	2.05623	6.80924	7.03286	0	1.97667	2.90318	10.9005	4.6123	1.89266	4.89843	2.93097	
9.77248	1.93167	7.46252	4.70988	7.13449	1.15209	9.27344	3.63621	2.28645	4.0329	2.96395	2.31302	1.97667	0	3.54273	4.85262	4.39055	3.56685	2.92175	4.32556	
10.4631	4.31833	5.49394	2.22857	7.53799	4.69482	6.68533	3.37518	2.95956	0.846954	7.6383	5.43321	2.90318	3.54273	0	1.30989	8.06926	2.55414	4.0167	1.7217	
9.15317	5.62822	4.18405	3.53846	9.63855	5.28425	5.63041	4.68507	5.42234	2.15684	6.32841	4.12332	10.9005	4.85262	1.30989	0	7.21079	7.32043	7.57963	7.71694	
12.0696	5.25869	8.26207	10.2978	9.73029	3.23846	1.58037	5.56748	3.99179	4.84741	5.05033	4.39939	4.6123	4.39055	8.06926	7.21079	0	5.5849	5.61861	3.97266	
9.476	1.63518	3.13638	7.2899	6.83801	2.72747	7.33496	5.83097	1.59311	1.70719	5.44523	2.89214	1.89266	3.56685	2.55414	7.32043	5.5849	0	4.86861	2.58193	
12.6637	4.85342	7.13829	1.78813	4.56136	3.06308	5.95026	5.538	3.50244	2.52069	1.25122	5.23956	4.89843	2.92175	4.0167	7.57963	5.61861	4.86861	0	1.64594	
14.3096	3.12341	6.35905	3.43407	10.0156	2.99086	5.55304	5.65759	1.8565	0.874744	2.89716	3.15552	2.93097	4.32556	1.7217	7.71694	3.97266	2.58193	1.64594	0	

0	11.0063	21.5794	7.58847	3.28152	4.89425	3.46885	6.32466	9.07921	8.86417	7.62395	6.81186	9.67092	5.53077	7.36249	6.51689	4.05679	6.2525	8.25451	6.69132	
11.0063	0	3.66114	7.24138	7.30466	3.78998	10.9876	4.68162	4.14677	2.43539	11.1149	3.77433	5.59115	5.14627	10.9949	6.43798	8.23099	5.12343	6.57534	5.42709	
21.5794	3.66114	0	15.9665	14.1156	2.58034	15.4952	18.0792	9.38607	1.22575	10.8207	10.5853	4.38151	9.12497	16.4172	11.2366	13.4703	4.67068	7.67245	4.21745	
7.58847	7.24138	15.9665	0	10.87	8.72202	11.0573	6.06041	10.3372	7.11273	15.5137	10.9901	14.2168	13.1192	9.62668	9.33207	14.9786	14.3902	0.666039	18.279	
3.28152	7.30466	14.1156	10.87	0	4.0643	2.84504	6.179	5.74056	6.16215	6.76103	3.53034	8.56823	3.81519	6.24193	5.65396	2.2571	4.87944	10.5232	5.03741	
4.89425	3.78998	2.58034	8.72202	4.0643	0	1.4254	4.00933	1.56964	1.35459	7.28824	0.533963	3.76067	1.9059	2.34738	4.01682	2.01333	1.88306	7.80128	4.34629	
3.46885	10.9876	15.4952	11.0573	2.84504	1.4254	0	4.50983	2.99504	2.77999	8.71364	1.95936	5.18607	2.14602	3.77278	7.79737	0.587936	2.78365	9.48138	3.22246	
6.32466	4.68162	18.0792	6.06041	6.179	4.00933	4.50983	0	5.57896	5.36391	7.74673	4.54329	3.34626	5.47998	6.35671	6.63967	3.92189	6.7642	5.39437	5.64393	
9.07921	4.14677	9.38607	10.3372	5.74056	1.56964	2.99504	5.57896	0	2.92423	6.96809	2.1036	3.2626	3.43329	3.91702	2.44718	4.08421	3.55933	9.62562	7.02208	
8.86417	2.43539	1.22575	7.11273	6.16215	1.35459	2.77999	5.36391	2.92423	0	8.64283	1.88855	3.15576	7.3891	3.70197	7.5666	9.45731	3.44493	6.4467	2.9917	
7.62395	11.1149	10.8207	15.5137	6.76103	7.28824	8.71364	7.74673	6.96809	8.64283	0	3.46512	10.2307	2.09318	3.92489	3.07929	3.65126	6.03735	13.8511	9.75992	
6.81186	3.77433	10.5853	10.9901	3.53034	0.533963	1.95936	4.54329	2.1036	1.88855	3.46512	0	4.29463	1.37194	2.88135	2.35805	2.93003	1.3491	8.58994	8.56774	
9.67092	5.59115	4.38151	14.2168	8.56823	3.76067	5.18607	3.34626	3.2626	3.15576	10.2307	4.29463	0	7.36211	6.10805	5.70978	7.26815	3.41794	8.74063	6.14746	
5.53077	5.14627	9.12497	13.1192	3.81519	1.9059	2.14602	5.47998	3.43329	7.3891	2.09318	1.37194	7.36211	0	1.83171	0.986113	1.55809	2.72104	9.65214	5.56101	
7.36249	10.9949	16.4172	9.62668	6.24193	2.34738	3.77278	6.35671	3.91702	3.70197	3.92489	2.88135	6.10805	1.83171	0	2.81783	3.3898	5.77588	8.96064	5.96908	
6.51689	6.43798	11.2366	9.33207	5.65396	4.01682	7.79737	6.63967	2.44718	7.5666	3.07929	2.35805	5.70978	0.986113	2.81783	0	2.5442	4.93028	8.66603	4.5749	
4.05679	8.23099	13.4703	14.9786	2.2571	2.01333	0.587936	3.92189	4.08421	9.45731	3.65126	2.93003	7.26815	1.55809	3.3898	2.5442	0	3.37159	9.31626	3.8104	
6.2525	5.12343	4.67068	14.3902	4.87944	1.88306	2.78365	6.7642	3.55933	3.44493	6.03735	1.3491	3.41794	2.72104	5.77588	4.93028	3.37159	0	9.89162	6.00611	
8.25451	6.57534	7.67245	0.666039	10.5232	7.80128	9.48138	5.39437	9.62562	6.4467	13.8511	8.58994	8.74063	9.65214	8.96064	8.66603	9.31626	9.89162	0	9.4384	
6.69132	5.42709	4.21745	18.279	5.03741	4.34629	3.22246	5.64393	7.02208	2.9917	9.75992	8.56774	6.14746	5.56101	5.96908	4.5749	3.8104	6.00611	9.4384	0	

0	2.73162	8.65299	7.35166	0.455221	8.51296	8.72411	8.26079	5.25894	4.20002	2.58651	5.33555	3.73101	8.8854	2.19094	0.356852	5.21138	5.81803	5.58175	5.81917	
2.73162	0	4.39003	11.2949	2.2764	3.53018	5.58896	5.03236	2.72617	2.14051	3.18594	1.86366	2.67233	4.26844	5.20986	5.21041	4.10614	2.18379	7.40293	4.19481	
8.65299	4.39003	0	6.90492	6.66643	5.01737	9.91509	7.29975	6.44992	6.53053	6.23728	6.21333	4.92198	6.4137	9.55952	10.985	11.0744	6.57382	7.60981	7.35465	
7.35166	11.2949	6.90492	0	5.83142	11.9223	16.7603	14.2047	12.0805	17.2446	13.1422	13.1182	11.8269	13.3186	3.93807	12.1535	15.3377	13.4154	0.70489	14.03	
0.455221	2.2764	6.66643	5.83142	0	6.54684	8.15649	8.63478	6.92788	4.41691	2.13129	3.45357	4.18623	6.08029	4.7681	0.812073	4.75616	4.46019	5.12653	3.94023	
8.51296	3.53018	5.01737	11.9223	6.54684	0	5.39182	7.95464	3.71407	2.90995	2.9888	1.66652	4.29474	3.35566	5.01272	7.7996	6.06856	4.3483	14.016	2.33729	
8.72411	5.58896	9.91509	16.7603	8.15649	5.39182	0	7.27895	5.77285	4.96873	5.04758	3.7253	4.99311	6.13008	7.0715	8.60786	3.40034	5.32268	16.0554	5.58373	
8.26079	5.03236	7.29975	14.2047	8.63478	7.95464	7.27895	0	3.39094	8.12275	8.2016	6.87932	4.93559	9.2841	10.2255	8.61764	3.87862	2.84857	14.9076	4.85958	
5.25894	2.72617	6.44992	12.0805	6.92788	3.71407	5.77285	3.39094	0	1.52954	3.36983	2.04755	1.52794	2.72903	1.76116	3.59524	2.46472	0.542375	4.99434	2.13102	
4.20002	2.14051	6.53053	17.2446	4.41691	2.90995	4.96873	8.12275	1.52954	0	2.56571	1.24343	3.05747	3.64821	3.29069	4.55687	8.02778	2.07191	10.7474	3.66055	
2.58651	3.18594	6.23728	13.1422	2.13129	2.9888	5.04758	8.2016	3.36983	2.56571	0	1.32228	3.9505	2.82731	4.66848	5.0653	6.88745	3.81995	7.25782	1.80894	
5.33555	1.86366	6.21333	13.1182	3.45357	1.66652	3.7253	6.87932	2.04755	1.24343	1.32228	0	2.62822	2.40478	3.3462	5.18028	7.12563	2.58993	6.57938	3.13122	
3.73101	2.67233	4.92198	11.8269	4.18623	4.29474	4.99311	4.93559	1.52794	3.05747	3.9505	2.62822	0	4.25697	3.28909	4.08786	4.00937	2.07031	10.3778	3.65895	
8.8854	4.26844	6.4137	13.3186	6.08029	3.35566	6.13008	9.2841	2.72903	3.64821	2.82731	2.40478	4.25697	0	3.32394	5.15803	8.28617	3.02939	6.55713	1.01837	
2.19094	5.20986	9.55952	3.93807	4.7681	5.01272	7.0715	10.2255	1.76116	3.29069	4.66848	3.3462	3.28909	3.32394	0	1.83409	7.04161	2.30353	3.23318	3.89217	
0.356852	5.21041	10.985	12.1535	0.812073	7.7996	8.60786	8.61764	3.59524	4.55687	5.0653	5.18028	4.08786	5.15803	1.83409	0	5.20753	6.23735	5.06727	5.46232	
5.21138	4.10614	11.0744	15.3377	4.75616	6.06856	3.40034	3.87862	2.46472	8.02778	6.88745	7.12563	4.00937	8.28617	7.04161	5.20753	0	1.92235	9.88269	3.93336	
5.81803	2.18379	6.57382	13.4154	4.46019	4.3483	5.32268	2.84857	0.542375	2.07191	3.81995	2.58993	2.07031	3.02939	2.30353	6.23735	1.92235	0	12.451	2.01101	
5.58175	7.40293	7.60981	0.70489	5.12653	14.016	16.0554	14.9076	4.99434	10.7474	7.25782	6.57938	10.3778	6.55713	3.23318	5.06727	9.88269	12.451	0	9.16646	
5.81917	4.19481	7.35465	14.03	3.94023	2.33729	5.58373	4.85958	2.13102	3.66055	1.80894	3.13122	3.65895	1.01837	3.89217	5.46232	3.93336	2.01101	9.16646	0	

0	10.3015	7.45718	10.5296	0.749659	4.87993	4.85943	8.84171	5.36651	4.95302	4.75082	3.3629	5.87987	3.23336	6.47446	1.98788	3.55804	6.20604	7.92949	6.36786	
10.3015	0	4.49484	5.23033	4.77631	3.69054	4.14533	0.997642	3.04299	3.59686	3.49945	3.15779	4.2865	2.29261	1.77582	2.39887	4.57733	2.20346	2.28816	4.01304	
7.45718	4.49484	0	6.86796	7.00458	2.87431	8.36839	3.44389	3.13091	3.68478	3.21938	3.24571	4.37442	6.07003	4.94301	5.55102	4.66525	2.29138	2.15337	4.10095	
10.5296	5.23033	6.86796	0	2.13958	3.57808	5.82403	6.00511	8.10774	10.5919	5.17815	5.39761	8.20922	5.14193	1.52441	0.901361	4.07046	13.4112	4.71459	6.17302	
0.749659	4.77631	7.00458	2.13958	0	3.91494	3.3895	10.5041	4.6785	5.70268	5.33435	2.61324	5.44262	2.4837	1.86128	1.23822	2.80838	3.56757	6.45956	4.21441	
4.87993	3.69054	2.87431	3.57808	3.91494	0	6.7898	4.68818	5.02334	8.35256	6.09369	5.95341	8.89623	5.98314	3.29977	2.67671	5.84582	5.16569	5.02768	6.02469	
4.85943	4.14533	8.36839	5.82403	3.3895	6.7898	0	8.30996	2.90164	5.11318	4.09315	0.836391	4.70715	3.53344	2.36952	2.99257	0.581126	1.79072	4.23231	2.38421	
8.84171	0.997642	3.44389	6.00511	10.5041	4.68818	8.30996	0	3.47519	7.16782	6.04899	5.54045	6.69996	3.29025	2.77346	9.05056	4.9417	3.2011	1.29052	4.47654	
5.36651	3.04299	3.13091	8.10774	4.6785	5.02334	2.90164	3.47519	0	2.23293	5.11109	1.79386	2.92257	2.73205	3.71986	5.27628	3.2134	0.839531	4.76571	1.00135	
4.95302	3.59686	3.68478	10.5919	5.70268	8.35256	5.11318	7.16782	2.23293	0	2.45724	2.34773	0.926852	3.88577	4.18088	11.0293	3.76727	1.3934	5.87731	2.72897	
4.75082	3.49945	3.21938	5.17815	5.33435	6.09369	4.09315	6.04899	5.11109	2.45724	0	3.66673	3.3841	2.85065	1.72363	2.34669	5.80296	3.85065	4.75847	4.44214	
3.3629	3.15779	3.24571	5.39761	2.61324	5.95341	0.836391	5.54045	1.79386	2.34773	3.66673	0	3.03737	4.42697	1.9431	2.56615	1.41752	0.954327	8.78764	2.7639	
5.87987	4.2865	4.37442	8.20922	5.44262	8.89623	4.70715	6.69996	2.92257	0.926852	3.3841	3.03737	0	2.95892	4.7547	5.37776	4.45691	2.08304	6.80416	3.65582	
3.23336	2.29261	6.07003	5.14193	2.4837	5.98314	3.53344	3.29025	2.73205	3.88577	2.85065	4.42697	2.95892	0	4.06842	3.72193	2.95231	3.54028	6.6035	1.73071	
6.47446	1.77582	4.94301	1.52441	1.86128	3.29977	2.36952	2.77346	3.71986	4.18088	1.72363	1.9431	4.7547	4.06842	0	0.623054	2.95064	2.89742	6.4821	2.71851	
1.98788	2.39887	5.55102	0.901361	1.23822	2.67671	2.99257	9.05056	5.27628	11.0293	2.34669	2.56615	5.37776	3.72193	0.623054	0	3.1691	5.54297	5.61595	3.34156	
3.55804	4.57733	4.66525	4.07046	2.80838	5.84582	0.581126	4.9417	3.2134	3.76727	5.80296	1.41752	4.45691	2.95231	2.95064	3.1691	0	2.37387	3.65119	2.96534	
6.20604	2.20346	2.29138	13.4112	3.56757	5.16569	1.79072	3.2011	0.839531	1.3934	3.85065	0.954327	2.08304	3.54028	2.89742	5.54297	2.37387	0	4.44475	1.80958	
7.92949	2.28816	2.15337	4.71459	6.45956	5.02768	4.23231	1.29052	4.76571	5.87731	4.75847	8.78764	6.80416	6.6035	6.4821	5.61595	3.65119	4.44475	0	7.17195	
6.36786	4.01304	4.10095	6.17302	4.21441	6.02469	2.38421	4.47654	1.00135	2.72897	4.44214	2.7639	3.65582	1.73071	2.71851	3.34156	2.96534	1.80958	7.17195	0	

0	4.62705	11.3772	12.8339	5.62805	5.8293	4.5619	7.25179	10.1181	4.97573	7.30815	8.35113	7.3582	4.16747	10.6032	2.42847	2.84727	6.61409	9.64529	10.8943	
4.62705	0	5.61403	12.239	5.13806	4.76181	3.4944	4.43111	1.89592	0.382313	2.33277	1.6591	1.11891	2.84053	4.04135	7.21245	1.77978	2.32872	10.9389	7.55462	
11.3772	5.61403	0	6.84941	5.74915	3.76934	11.0098	5.92554	3.96674	14.9854	3.28126	2.39141	2.9316	4.4725	6.63732	8.16094	9.10743	5.08267	7.19828	10.5738	
12.8339	12.239	6.84941	0	5.14512	14.0667	6.44203	13.0991	10.1709	8.40265	4.27176	9.24082	4.80214	3.08052	12.181	10.8387	4.40072	14.5694	1.12788	9.10185	
5.62805	5.13806	5.74915	5.14512	0	6.34031	5.0729	7.58205	7.79641	10.6038	7.2488	8.14056	7.89757	4.67847	4.97513	3.63285	3.35828	7.12509	4.01724	11.8294	
5.8293	4.76181	3.76934	14.0667	6.34031	0	4.69665	4.91207	2.91057	5.56987	4.27919	1.37793	1.91813	4.30222	2.77877	10.0568	2.98203	2.47777	12.5947	6.94355	
4.5619	3.4944	11.0098	6.44203	5.0729	4.69665	0	5.21434	2.38671	6.82258	4.55274	3.96204	4.6939	3.03482	9.32297	8.78941	1.71462	2.81951	11.4297	6.06078	
7.25179	4.43111	5.92554	13.0991	7.58205	4.91207	5.21434	0	5.10946	4.78587	8.72819	3.53413	3.3122	5.03381	4.25636	11.2149	4.40452	7.38709	11.5993	7.62738	
10.1181	1.89592	3.96674	10.1709	7.79641	2.91057	2.38671	5.10946	0	2.27824	2.23421	1.57533	2.11552	4.02881	5.22963	11.761	3.6757	0.432792	9.043	4.89857	
4.97573	0.382313	14.9854	8.40265	10.6038	5.56987	6.82258	4.78587	2.27824	0	2.71508	2.92266	1.50123	4.10408	5.30491	7.4042	2.16209	4.84055	16.7571	8.81817	
7.30815	2.33277	3.28126	4.27176	7.2488	4.27919	4.55274	8.72819	2.23421	2.71508	0	5.67267	2.91286	1.19124	4.47184	4.87968	2.51143	1.80141	9.63781	6.26719	
8.35113	1.6591	2.39141	9.24082	8.14056	1.37793	3.96204	3.53413	1.57533	2.92266	5.67267	0	0.54019	2.26181	3.46263	13.0734	4.35996	2.00812	9.58969	6.9759	
7.3582	1.11891	2.9316	4.80214	7.89757	1.91813	4.6939	3.3122	2.11552	1.50123	2.91286	0.54019	0	1.72162	2.92244	10.2394	2.89869	2.73998	11.3502	6.43571	
4.16747	2.84053	4.4725	3.08052	4.67847	4.30222	3.03482	5.03381	4.02881	4.10408	1.19124	2.26181	1.72162	0	4.64406	6.07092	1.3202	2.99265	4.20841	6.02133	
10.6032	4.04135	6.63732	12.181	4.97513	2.77877	9.32297	4.25636	5.22963	5.30491	4.47184	3.46263	2.92244	4.64406	0	8.60798	5.7608	5.25655	8.99237	9.35815	
2.42847	7.21245	8.16094	10.8387	3.63285	10.0568	8.78941	11.2149	11.761	7.4042	4.87968	13.0734	10.2394	6.07092	8.60798	0	5.27574	6.6811	7.65009	13.3227	
2.84727	1.77978	9.10743	4.40072	3.35828	2.98203	1.71462	4.40452	3.6757	2.16209	2.51143	4.35996	2.89869	1.3202	5.7608	5.27574	0	3.76682	7.37552	7.34152	
6.61409	2.32872	5.08267	14.5694	7.12509	2.47777	2.81951	7.38709	0.432792	4.84055	1.80141	2.00812	2.73998	2.99265	5.25655	6.6811	3.76682	0	9.47579	4.46578	
9.64529	10.9389	7.19828	1.12788	4.01724	12.5947	11.4297	11.5993	9.043	16.7571	9.63781	9.58969	11.3502	4.20841	8.99237	7.65009	7.37552	9.47579	0	19.5986	
10.8943	7.55462	10.5738	9.10185	11.8294	6.94355	6.06078	7.62738	4.89857	8.81817	6.26719	6.9759	6.43571	6.02133	9.35815	13.3227	7.34152	4.46578	19.5986	0	

0	8.92488	14.8648	16.143	0.46553	7.48884	8.97964	8.24398	7.7809	8.98632	2.98044	7.49008	6.4908	7.46702	4.43074	2.65409	6.46637	7.62286	15.3588	9.36195	
8.92488	0	10.3542	6.63703	9.5731	3.66157	2.97049	4.97655	2.25773	2.43144	1.97816	2.94225	3.2931	1.45786	4.03983	5.11685	4.76908	1.88163	12.3425	1.37493	
14.8648	10.3542	0	4.63647	9.92916	6.73051	8.08479	13.051	7.55974	9.18562	7.8115	7.15537	8.63087	8.54592	5.96395	20.7531	15.5385	5.68505	3.89578	6.19174	
16.143	6.63703	4.63647	0	7.84923	2.09404	6.37603	10.4342	7.64245	6.74437	5.33432	2.55674	3.09208	5.85462	4.084	9.00358	6.37724	7.19271	5.32213	7.94446	
0.46553	9.5731	9.92916	7.84923	0	7.48725	6.38943	13.7145	7.31537	7.18687	2.51491	7.02455	6.95633	3.03521	3.96521	2.18856	6.00084	7.07392	7.26508	7.66402	
7.48884	3.66157	6.73051	2.09404	7.48725	0	1.39211	2.75122	1.14722	3.49356	5.05153	0.462696	0.998042	2.83328	6.17804	6.90954	4.2832	3.94387	7.41617	5.85042	
8.97964	2.97049	8.08479	6.37603	6.38943	1.39211	0	5.03131	1.05636	5.60051	2.03292	0.929416	3.33454	1.51262	4.09459	5.17161	0.388588	2.93106	10.073	4.33405	
8.24398	4.97655	13.051	10.4342	13.7145	2.75122	5.03131	0	4.34583	4.24869	4.03898	4.1583	1.75318	3.51869	6.10066	7.17767	11.1248	4.69901	16.0527	9.58984	
7.7809	2.25773	7.55974	7.64245	7.31537	1.14722	1.05636	4.34583	0	4.68917	1.34743	0.684522	2.66238	0.827139	3.40911	4.48612	1.44495	1.8747	9.82814	2.38139	
8.98632	2.43144	9.18562	6.74437	7.18687	3.49356	5.60051	4.24869	4.68917	0	5.0692	4.90063	2.49551	3.8893	3.22166	10.4893	5.21192	5.44134	6.52153	3.80637	
2.98044	1.97816	7.8115	5.33432	2.51491	5.05153	2.03292	4.03898	1.34743	5.0692	0	6.61621	2.35553	0.520294	1.84754	4.17928	8.51575	4.95625	5.14741	11.4239	
7.49008	2.94225	7.15537	2.55674	7.02455	0.462696	0.929416	4.1583	0.684522	4.90063	6.61621	0	1.46074	1.51166	6.26445	7.37223	1.318	2.55922	9.14362	4.57381	
6.4908	3.2931	8.63087	3.09208	6.95633	0.998042	3.33454	1.75318	2.66238	2.49551	2.35553	1.46074	0	1.83524	4.41721	5.49422	5.28124	2.94583	11.088	3.45252	
7.46702	1.45786	8.54592	5.85462	3.03521	2.83328	1.51262	3.51869	0.827139	3.8893	0.520294	1.51166	1.83524	0	2.36784	3.65898	1.90121	2.70184	5.88184	2.8328	
4.43074	4.03983	5.96395	4.084	3.96521	6.17804	4.09459	6.10066	3.40911	3.22166	1.84754	6.26445	4.41721	2.36784	0	6.15377	8.43358	3.10871	3.29987	3.6154	
2.65409	5.11685	20.7531	9.00358	2.18856	6.90954	5.17161	7.17767	4.48612	10.4893	4.17928	7.37223	5.49422	3.65898	6.15377	0	5.91966	9.34589	16.8752	9.86512	
6.46637	4.76908	15.5385	6.37724	6.00084	4.2832	0.388588	11.1248	1.44495	5.21192	8.51575	1.318	5.28124	1.90121	8.43358	5.91966	0	4.45215	14.3732	3.94546	
7.62286	1.88163	5.68505	7.19271	7.07392	3.94387	2.93106	4.69901	1.8747	5.44134	4.95625	2.55922	2.94583	2.70184	3.10871	9.34589	4.45215	0	6.40858	0.506692	
15.3588	12.3425	3.89578	5.32213	7.26508	7.41617	10.073	16.0527	9.82814	6.52153	5.14741	9.14362	11.088	5.88184	3.29987	16.8752	14.3732	6.40858	0	14.2032	
9.36195	1.37493	6.19174	7.94446	7.66402	5.85042	4.33405	9.58984	2.38139	3.80637	11.4239	4.57381	3.45252	2.8328	3.6154	9.86512	3.94546	0.506692	14.2032	0	

0	6.87568	8.65787	1.89532	0.0571106	10.6504	4.54877	4.3998	4.23407	3.29976	9.73227	5.91035	2.27498	6.34272	2.07489	1.00388	5.61957	4.00671	5.50564	4.79793	
6.87568	0	6.70296	4.15161	5.98982	1.84676	3.74771	11.9012	2.09061	0.298337	4.56495	1.30283	1.32312	3.25918	5.13829	5.87181	5.93061	0.782482	6.32315	5.54251	
8.65787	6.70296	0	3.671	6.26788	4.56524	4.78912	2.20249	3.48608	7.62103	0.224909	3.48703	4.32731	1.37278	5.64061	7.85571	7.43205	2.95166	3.2058	15.0624	
1.89532	4.15161	3.671	0	1.83821	9.66743	6.66952	6.63216	9.7564	4.44995	3.44609	5.45444	5.40221	5.80246	3.94264	4.20958	9.4441	5.83191	2.17154	13.2879	
0.0571106	5.98982	6.26788	1.83821	0	12.1069	4.60588	11.2364	5.60156	9.29588	5.2843	6.67398	2.33209	7.10635	2.132	1.06099	5.67668	7.63137	4.00975	6.16542	
10.6504	1.84676	4.56524	9.66743	12.1069	0	2.36147	2.36275	1.11639	1.44362	5.98897	4.19884	2.57321	2.53835	7.63314	4.34659	7.56324	0.959476	7.62392	5.43303	
4.54877	3.74771	4.78912	6.66952	4.60588	2.36147	0	13.0432	1.24507	3.03734	5.70699	2.44488	3.96282	3.35837	6.28033	4.47527	1.2606	2.80006	7.67495	2.30857	
4.3998	11.9012	2.20249	6.63216	11.2364	2.36275	13.0432	0	3.47914	3.1496	2.4274	6.56159	2.12482	3.57527	11.0736	8.86499	9.92599	3.32223	5.35549	6.25332	
4.23407	2.09061	3.48608	9.7564	5.60156	1.11639	1.24507	3.47914	0	1.79227	4.73695	3.68995	2.71775	2.11329	5.43883	3.23019	2.50567	1.88067	5.94841	3.55364	
3.29976	0.298337	7.62103	4.44995	9.29588	1.44362	3.03734	3.1496	1.79227	0	7.76976	1.60117	1.02478	2.06302	10.5161	5.02246	6.44086	0.484145	4.25545	4.9577	
9.73227	4.56495	0.224909	3.44609	5.2843	5.98897	5.70699	2.4274	4.73695	7.76976	0	3.26212	6.6789	1.59769	6.89149	9.10658	8.33998	4.20253	3.43071	13.9887	
5.91035	1.30283	3.48703	5.45444	6.67398	4.19884	2.44488	6.56159	3.68995	1.60117	3.26212	0	6.00825	5.86122	3.83546	6.04409	3.70547	2.98314	6.71035	4.75344	
2.27498	1.32312	4.32731	5.40221	2.33209	2.57321	3.96282	2.12482	2.71775	1.02478	6.6789	6.00825	0	3.31061	4.34987	3.27885	5.32519	1.50893	3.23066	4.1285	
6.34272	3.25918	1.37278	5.80246	7.10635	2.53835	3.35837	3.57527	2.11329	2.06302	1.59769	5.86122	3.31061	0	4.26783	5.34349	4.67694	1.57888	4.25861	5.72491	
2.07489	5.13829	5.64061	3.94264	2.132	7.63314	6.28033	11.0736	5.43883	10.5161	6.89149	3.83546	4.34987	4.26783	0	2.20863	5.50146	5.84671	6.11418	6.00269	
1.00388	5.87181	7.85571	4.20958	1.06099	4.34659	4.47527	8.86499	3.23019	5.02246	9.10658	6.04409	3.27885	5.34349	2.20863	0	4.99074	5.11087	10.7415	3.79405	
5.61957	5.93061	7.43205	9.4441	5.67668	7.56324	1.2606	9.92599	2.50567	6.44086	8.33998	3.70547	5.32519	4.67694	5.50146	4.99074	0	4.06066	10.3179	1.19669	
4.00671	0.782482	2.95166	5.83191	7.63137	0.959476	2.80006	3.32223	1.88067	0.484145	4.20253	2.98314	1.50893	1.57888	5.84671	5.11087	4.06066	0	4.9624	4.47355	
5.50564	6.32315	3.2058	2.17154	4.00975	7.62392	7.67495	5.35549	5.94841	4.25545	3.43071	6.71035	3.23066	4.25861	6.11418	10.7415	10.3179	4.9624	0	7.35917	
4.79793	5.54251	15.0624	13.2879	6.16542	5.43303	2.30857	6.25332	3.55364	4.9577	13.9887	4.75344	4.1285	5.72491	6.00269	3.79405	1.19669	4.47355	7.35917	0	

0	6.61622	10.0922	14.4017	0.993518	5.28731	8.99458	9.0394	8.39085	6.05179	12.6084	5.57058	5.13043	11.3054	11.9635	3.97683	11.7996	2.53832	9.4653	4.81775	
6.61622	0	2.05659	6.77889	7.04219	1.64267	8.9201	1.91973	3.89665	2.40716	6.31458	7.22095	1.4858	5.25088	7.79208	6.9823	7.14928	5.49738	5.58275	4.69423	
10.0922	2.05659	0	4.7223	11.0857	4.58485	11.8074	3.97632	5.95324	3.41135	8.27893	7.6352	3.54238	7.30747	8.58907	9.17135	9.33833	7.55397	11.68	7.24517	
14.4017	6.77889	4.7223	0	14.6639	8.80389	13.7285	8.78171	8.64385	8.13365	8.44462	8.35524	8.34778	11.1448	9.15329	14.9295	11.7249	10.6198	6.95774	10.7935	
0.993518	7.04219	11.0857	14.6639	0	6.11992	8.00106	14.5428	10.2335	8.46654	10.2561	3.80935	5.59053	10.2145	13.1664	4.97035	10.5025	1.54481	9.29565	3.05652	
5.28731	1.64267	4.58485	8.80389	6.11992	0	5.82187	2.74466	4.13335	1.07824	6.67141	0.448652	0.156877	2.27173	4.81293	7.80723	4.64249	2.71319	5.81946	3.36531	
8.99458	8.9201	11.8074	13.7285	8.00106	5.82187	0	8.85936	7.14734	8.35566	11.596	5.37322	7.4343	9.27908	8.08864	8.37127	3.62981	7.63776	15.135	10.6427	
9.0394	1.91973	3.97632	8.78171	14.5428	2.74466	8.85936	0	5.54892	2.18739	4.39485	3.19331	2.90154	5.01639	7.36512	5.06257	5.22955	7.31978	7.23502	6.74375	
8.39085	3.89665	5.95324	8.64385	10.2335	4.13335	7.14734	5.54892	0	5.30686	7.21903	3.92488	4.29023	6.40508	5.55687	4.41402	3.51753	6.18942	1.6861	4.87013	
6.05179	2.40716	3.41135	8.13365	8.46654	1.07824	8.35566	2.18739	5.30686	0	5.70222	1.62216	0.921362	3.44524	5.17773	7.24996	7.41694	4.96709	9.04849	4.12979	
12.6084	6.31458	8.27893	8.44462	10.2561	6.67141	11.596	4.39485	7.21903	5.70222	0	6.22275	5.55733	6.34547	3.80426	9.45742	8.26309	3.86061	5.70621	2.3489	
5.57058	7.22095	7.6352	8.35524	3.80935	0.448652	5.37322	3.19331	3.92488	1.62216	6.22275	0	0.605529	2.72038	6.44707	8.3389	4.19383	2.26454	5.61098	3.77625	
5.13043	1.4858	3.54238	8.34778	5.59053	0.156877	7.4343	2.90154	4.29023	0.921362	5.55733	0.605529	0	2.42861	6.09909	9.10726	8.33217	4.04572	6.50075	3.20843	
11.3054	5.25088	7.30747	11.1448	10.2145	2.27173	9.27908	5.01639	6.40508	3.44524	6.34547	2.72038	2.42861	0	2.5412	7.3286	7.00003	6.17041	6.41197	9.37294	
11.9635	7.79208	8.58907	9.15329	13.1664	4.81293	8.08864	7.36512	5.55687	5.17773	3.80426	6.44707	6.09909	2.5412	0	7.98668	4.45883	11.3765	3.87077	6.15316	
3.97683	6.9823	9.17135	14.9295	4.97035	7.80723	8.37127	5.06257	4.41402	7.24996	9.45742	8.3389	9.10726	7.3286	7.98668	0	7.93155	7.28288	6.10012	9.28415	
11.7996	7.14928	9.33833	11.7249	10.5025	4.64249	3.62981	5.22955	3.51753	7.41694	8.26309	4.19383	8.33217	7.00003	4.45883	7.93155	0	6.45837	5.20363	8.38766	
2.53832	5.49738	7.55397	10.6198	1.54481	2.71319	7.63776	7.31978	6.18942	4.96709	3.86061	2.26454	4.04572	6.17041	11.3765	7.28288	6.45837	0	10.8405	1.51171	
