10
5
2
2
30

6	11
10	43
1	33
14	23
27	48

12	21
1	2
11	28
2	10
14	5
10	12
23	24
24	11
8	30
11	27

150

1.79769e+308
1.79769e+308
1.79769e+308
1.79769e+308
1.79769e+308

11
15
11
14
17
13
14
15
13
17

0
0
0
0
0

0

0	17.951	15.4741	7.27662	11.7349	10.3165	2.67686	9.96814	6.80312	9.08086	6.76189	4.92221	7.92105	8.79953	8.26193	
17.951	0	10.7629	9.58616	21.4413	11.5378	20.9238	16.0962	20.034	14.5198	15.0328	11.9406	16.7657	11.0485	13.1862	
15.4741	10.7629	0	6.3469	14.7082	4.39528	21.9918	8.85005	11.5109	22.9509	16.7027	12.5232	13.299	12.7183	6.28094	
7.27662	9.58616	6.3469	0	8.88015	1.95161	11.0417	3.9	15.168	18.54	7.4878	2.3544	5.35323	3.50343	3.6	
11.7349	21.4413	14.7082	8.88015	0	7.16581	20.8971	5.58015	26.219	35.961	12.6465	6.81269	9.81153	9.18338	5.28015	
10.3165	11.5378	4.39528	1.95161	7.16581	0	12.5332	2.18566	13.6768	14.8924	7.66102	4.30601	8.90368	5.45504	1.88566	
2.67686	20.9238	21.9918	11.0417	20.8971	12.5332	0	8.07847	9.47999	6.404	9.43876	7.59908	12.1021	13.1262	8.37847	
9.96814	16.0962	8.85005	3.9	5.58015	2.18566	8.07847	0	11.8735	10.4377	3.20624	3.63972	12.6122	4.20323	0.3	
6.80312	20.034	11.5109	15.168	26.219	13.6768	9.47999	11.8735	0	11.44	13.565	11.7253	20.8861	16.9213	12.1735	
9.08086	14.5198	22.9509	18.54	35.961	14.8924	6.404	10.4377	11.44	0	11.2065	12.445	9.44614	15.1909	10.7377	
6.76189	15.0328	16.7027	7.4878	12.6465	7.66102	9.43876	3.20624	13.565	11.2065	0	7.86169	20.6527	3.98437	3.50624	
4.92221	11.9406	12.5232	2.3544	6.81269	4.30601	7.59908	3.63972	11.7253	12.445	7.86169	0	2.99883	3.87732	3.33972	
7.92105	16.7657	13.299	5.35323	9.81153	8.90368	12.1021	12.6122	20.8861	9.44614	20.6527	2.99883	0	6.87615	6.33855	
8.79953	11.0485	12.7183	3.50343	9.18338	5.45504	13.1262	4.20323	16.9213	15.1909	3.98437	3.87732	6.87615	0	3.90323	
8.26193	13.1862	6.28094	3.6	5.28015	1.88566	8.37847	0.3	12.1735	10.7377	3.50624	3.33972	6.33855	3.90323	0	

0	12.0151	9.23213	13.161	28.5212	9.34391	14.105	6.12107	4.86526	11.9	5.19511	20.5449	13.8946	4.96729	12.0949	
12.0151	0	14.024	10.606	27.2889	10.9688	11.3336	10.2226	20.1789	17.1811	6.82	17.8053	17.0104	11.3764	10.26	
9.23213	14.024	0	5.95877	15.0083	9.6703	24.1368	3.80132	17.4196	10.7598	9.51696	16.1974	28.7101	4.26483	5.21132	
13.161	10.606	5.95877	0	27.7529	1.49907	9.62223	2.15745	12.3513	9.1159	5.64786	12.0453	6.4044	3.31123	3.56745	
28.5212	27.2889	15.0083	27.7529	0	26.2539	26.6274	18.8096	24.4212	16.6212	30.0852	17.275	22.5688	19.2732	24.8203	
9.34391	10.9688	9.6703	1.49907	26.2539	0	8.12316	3.65652	10.8522	12.8274	4.1488	16.8932	7.90347	6.20478	5.99907	
14.105	11.3336	24.1368	9.62223	26.6274	8.12316	0	13.9922	9.83595	10.0062	12.272	9.95606	15.9538	14.3279	17.5013	
6.12107	10.2226	3.80132	2.15745	18.8096	3.65652	13.9922	0	14.3086	6.95845	6.4059	8.95528	8.56186	1.15378	1.41	
4.86526	20.1789	17.4196	12.3513	24.4212	10.8522	9.83595	14.3086	0	7.8	10.0604	16.6576	9.02931	9.83256	18.8507	
11.9	17.1811	10.7598	9.1159	16.6212	12.8274	10.0062	6.95845	7.8	0	13.464	19.3546	5.94757	8.11222	8.36845	
5.19511	6.82	9.51696	5.64786	30.0852	4.1488	12.272	6.4059	10.0604	13.464	0	15.6633	19.4115	5.25212	8.11798	
20.5449	17.8053	16.1974	12.0453	17.275	16.8932	9.95606	8.95528	16.6576	19.3546	15.6633	0	21.2526	13.5499	7.54528	
13.8946	17.0104	28.7101	6.4044	22.5688	7.90347	15.9538	8.56186	9.02931	5.94757	19.4115	21.2526	0	14.6098	10.9044	
4.96729	11.3764	4.26483	3.31123	19.2732	6.20478	14.3279	1.15378	9.83256	8.11222	5.25212	13.5499	14.6098	0	2.56378	
12.0949	10.26	5.21132	3.56745	24.8203	5.99907	17.5013	1.41	18.8507	8.36845	8.11798	7.54528	10.9044	2.56378	0	

0	9.28445	14.7843	4.18244	21.9346	5.83095	3.50051	5.7568	1.81417	6.75417	3.50464	4.28019	7.43463	7.8344	5.18244	
9.28445	0	14.656	7.13668	7.44242	9.52212	15.2907	5.56232	7.47029	12.4103	16.1429	11.0514	15.4067	7.49718	7.00232	
14.7843	14.656	0	4.73181	23.9904	8.95335	12.71	5.17181	18.7354	23.5167	7.18947	10.713	25.0591	7.15883	3.73181	
4.18244	7.13668	4.73181	0	17.7521	4.89318	7.68295	1.57436	5.99661	5.22	4.45766	8.46263	11.4188	6.83846	1	
21.9346	7.44242	23.9904	17.7521	0	22.6453	32.4305	13.0047	14.9127	22.9721	25.7113	26.2775	35.4033	14.9396	18.7521	
5.83095	9.52212	8.95335	4.89318	22.6453	0	9.33147	3.9598	7.64512	10.1132	2.39708	10.1111	6.32707	9.2239	5.3998	
3.50051	15.2907	12.71	7.68295	32.4305	9.33147	0	12.3605	5.31468	10.7005	7.00515	7.7807	12.3491	19.8688	16.4418	
5.7568	5.56232	5.17181	1.57436	13.0047	3.9598	12.3605	0	10.6742	6.79436	4.89766	8.81831	9.84443	5.2641	1.44	
1.81417	7.47029	18.7354	5.99661	14.9127	7.64512	5.31468	10.6742	0	4.94	5.31881	6.09435	13.5142	14.9675	13.518	
6.75417	12.4103	23.5167	5.22	22.9721	10.1132	10.7005	6.79436	4.94	0	10.7046	11.4802	12.4782	17.6664	6.22	
3.50464	16.1429	7.18947	4.45766	25.7113	2.39708	7.00515	4.89766	5.31881	10.7046	0	7.78483	3.92999	10.5004	3.45766	
4.28019	11.0514	10.713	8.46263	26.2775	10.1111	7.7807	8.81831	6.09435	11.4802	7.78483	0	14.3422	3.55421	10.597	
7.43463	15.4067	25.0591	11.4188	35.4033	6.32707	12.3491	9.84443	13.5142	12.4782	3.92999	14.3422	0	15.1085	7.38765	
7.8344	7.49718	7.15883	6.83846	14.9396	9.2239	19.8688	5.2641	14.9675	17.6664	10.5004	3.55421	15.1085	0	6.7041	
5.18244	7.00232	3.73181	1	18.7521	5.3998	16.4418	1.44	13.518	6.22	3.45766	10.597	7.38765	6.7041	0	

0	10.6742	13.452	4.75933	14.6216	7.92717	5.76555	10.9864	3.09233	10.0443	3.91695	11.5509	8.15755	9.98293	6.10933	
10.6742	0	9.75137	5.03718	3.89841	4.85996	10.129	4.03718	13.204	20.8232	18.9659	9.07861	9.70231	5.93578	3.68718	
13.452	9.75137	0	7.41419	9.005	11.8605	15.219	4.47214	12.8922	24.8522	18.4171	13.311	17.3993	6.09463	4.82214	
4.75933	5.03718	7.41419	0	9.81327	3.16784	8.43692	1.7	7.85166	14.3912	8.67628	6.79154	8.01019	3.5986	1.35	
14.6216	3.89841	9.005	9.81327	0	8.75837	14.844	9.46073	15.0105	19.3014	20.5354	13.7936	14.4173	10.2118	7.58559	
7.92717	4.85996	11.8605	3.16784	8.75837	0	5.26908	7.13786	8.41336	8.92402	10.3815	4.21865	4.84235	5.51536	4.51784	
5.76555	10.129	15.219	8.43692	14.844	5.26908	0	9.50478	3.14428	11.2397	5.11238	9.48773	8.20951	10.0349	9.15478	
10.9864	4.03718	4.47214	1.7	9.46073	7.13786	9.50478	0	8.5131	21.4186	14.3	8.88483	11.5583	1.6225	0.35	
3.09233	13.204	12.8922	7.85166	15.0105	8.41336	3.14428	8.5131	0	9.14689	5.52496	13.6706	5.06522	6.8906	9.1392	
10.0443	20.8232	24.8522	14.3912	19.3014	8.92402	11.2397	21.4186	9.14689	0	6.12732	12.687	4.08167	14.0175	21.33	
3.91695	18.9659	18.4171	8.67628	20.5354	10.3815	5.11238	14.3	5.52496	6.12732	0	18.3246	10.209	12.4156	14.2672	
11.5509	9.07861	13.311	6.79154	13.7936	4.21865	9.48773	8.88483	13.6706	12.687	18.3246	0	8.60535	9.73401	8.14154	
8.15755	9.70231	17.3993	8.01019	14.4173	4.84235	8.20951	11.5583	5.06522	4.08167	10.209	8.60535	0	9.93579	11.6595	
9.98293	5.93578	6.09463	3.5986	10.2118	5.51536	10.0349	1.6225	6.8906	14.0175	12.4156	9.73401	9.93579	0	1.9725	
6.10933	3.68718	4.82214	1.35	7.58559	4.51784	9.15478	0.35	9.1392	21.33	14.2672	8.14154	11.6595	1.9725	0	

0	26.5264	11.4315	8.71552	8.50882	6.7639	10.0637	10.8231	6.59697	8.04342	4.57665	9.84238	5.22	15.59	12.1452	
26.5264	0	12.4817	20.7536	23.4778	9.52456	12.5929	14.668	16.0596	18.3408	21.8075	6.44608	21.3064	10.485	10.7753	
11.4315	12.4817	0	11.2606	20.8682	11.4066	7.13	5.25476	4.83456	13.8918	10.8543	5.86666	8.27519	1.82779	5.51888	
8.71552	20.7536	11.2606	0	20.5699	1.95161	16.7356	4.5	10.232	3.6	5.9694	5.03009	10.4805	7.7411	4.05	
8.50882	23.4778	20.8682	20.5699	0	15.2727	13.7382	20.204	15.1058	22.4611	13.0855	17.0317	13.7288	21.0706	21.361	
6.7639	9.52456	11.4066	1.95161	15.2727	0	12.3864	6.15183	8.91964	5.55161	7.92101	3.07847	11.9839	7.11735	5.7178	
10.0637	12.5929	7.13	16.7356	13.7382	12.3864	0	7.69294	3.46677	13.2168	9.48651	17.1133	15.4052	8.95779	17.9998	
10.8231	14.668	5.25476	4.5	20.204	6.15183	7.69294	0	4.22617	9.60588	10.2459	4.77926	13.53	4.1411	0.45	
6.59697	16.0596	4.83456	10.232	15.1058	8.91964	3.46677	4.22617	0	9.48651	6.01973	11.9981	11.817	6.66235	4.67617	
8.04342	18.3408	13.8918	3.6	22.4611	5.55161	13.2168	9.60588	9.48651	0	3.46677	14.987	6.88052	13.1121	7.65	
4.57665	21.8075	10.8543	5.9694	13.0855	7.92101	9.48651	10.2459	6.01973	3.46677	0	14.5107	9.79665	16.5788	10.0194	
9.84238	6.44608	5.86666	5.03009	17.0317	3.07847	17.1133	4.77926	11.9981	14.987	14.5107	0	18.1234	4.03887	4.32926	
5.22	21.3064	8.27519	10.4805	13.7288	11.9839	15.4052	13.53	11.817	6.88052	9.79665	18.1234	0	10.103	17.5383	
15.59	10.485	1.82779	7.7411	21.0706	7.11735	8.95779	4.1411	6.66235	13.1121	16.5788	4.03887	10.103	0	3.6911	
12.1452	10.7753	5.51888	4.05	21.361	5.7178	17.9998	0.45	4.67617	7.65	10.0194	4.32926	17.5383	3.6911	0	

0	13.8976	15.5671	8.8008	19.5957	5.83095	7.51581	8.86002	3.7108	5.1	4.86526	17.3349	9.89228	8.30453	9.9064	
13.8976	0	16.0098	8.56635	6.55642	11.5362	17.2107	13.079	10.1868	18.5068	11.47	11.9168	11.1771	12.8899	13.9486	
15.5671	16.0098	0	12.9483	11.5905	8.27374	23.0829	5.28829	15.2558	20.6671	11.7149	21.8839	27.1869	8.27122	4.19829	
8.8008	8.56635	12.9483	0	8.73518	2.96985	8.64436	5.59771	9.9569	15.0632	7.48743	3.35049	7.03118	8.29759	6.68771	
19.5957	6.55642	11.5905	8.73518	0	11.4677	17.3795	8.48221	16.7432	23.8552	14.7305	12.0857	17.7335	11.4651	7.39221	
5.83095	11.5362	8.27374	2.96985	11.4677	0	7.90362	5.16545	6.98705	10.931	4.51758	6.32034	4.06133	8.14839	4.07545	
7.51581	17.2107	23.0829	8.64436	17.3795	7.90362	0	11.9784	11.2266	12.6158	10.0902	11.9949	11.9649	15.5234	11.9791	
8.86002	13.079	5.28829	5.59771	8.48221	5.16545	11.9784	0	9.31701	13.96	8.60665	8.4749	14.4558	4.72327	1.09	
3.7108	10.1868	15.2558	9.9569	16.7432	6.98705	11.2266	9.31701	0	8.32	8.57606	15.3957	11.0484	4.59373	8.66667	
5.1	18.5068	20.6671	15.0632	23.8552	10.931	12.6158	13.96	8.32	0	9.96526	18.4705	9.56276	12.9137	16.1688	
4.86526	11.47	11.7149	7.48743	14.7305	4.51758	10.0902	8.60665	8.57606	9.96526	0	11.3097	8.57891	5.43323	7.51665	
17.3349	11.9168	21.8839	3.35049	12.0857	6.32034	11.9949	8.4749	15.3957	18.4705	11.3097	0	9.51804	11.6481	9.5649	
9.89228	11.1771	27.1869	7.03118	17.7335	4.06133	11.9649	14.4558	11.0484	9.56276	8.57891	9.51804	0	14.4026	8.13678	
8.30453	12.8899	8.27122	8.29759	11.4651	8.14839	15.5234	4.72327	4.59373	12.9137	5.43323	11.6481	14.4026	0	4.07294	
9.9064	13.9486	4.19829	6.68771	7.39221	4.07545	11.9791	1.09	8.66667	16.1688	7.51665	9.5649	8.13678	4.07294	0	

0	11.7995	10.0847	8.04454	11.9123	10.729	12.4949	12.3553	4.32926	11.5	6.84436	14.1246	15.2589	11.9154	13.7597	
11.7995	0	9.14846	11.1856	14.8848	8.61538	15.6408	10.2417	7.47029	15.2703	16.6364	16.1405	13.1453	13.1529	14.394	
10.0847	9.14846	0	3.93629	14.2587	3.86241	14.0596	2.23607	5.75543	11.4963	8.00731	9.53467	19.85	6.93035	3.69607	
8.04454	11.1856	3.93629	0	12.3321	4.61034	11.6358	6.17236	3.71528	7.56	8.42738	10.4371	9.14028	7.37564	6.85	
11.9123	14.8848	14.2587	12.3321	0	7.72172	14.7472	9.34807	16.2416	17.9689	12.3993	15.2469	12.2517	7.3283	10.4679	
10.729	8.61538	3.86241	4.61034	7.72172	0	7.02544	1.62635	8.32562	12.1703	7.39758	7.52516	4.52994	7.28706	3.08635	
12.4949	15.6408	14.0596	11.6358	14.7472	7.02544	0	8.65179	8.30413	10.5685	5.65052	14.5506	11.5554	10.7215	12.5658	
12.3553	10.2417	2.23607	6.17236	9.34807	1.62635	8.65179	0	7.9915	10.6892	5.77124	5.0471	6.15629	4.59955	1.46	
4.32926	7.47029	5.75543	3.71528	16.2416	8.32562	8.30413	7.9915	0	7.8	11.1736	18.4539	14.0945	11.0909	10.5653	
11.5	15.2703	11.4963	7.56	17.9689	12.1703	10.5685	10.6892	7.8	0	4.91798	20.8406	20.1751	9.98899	11.8333	
6.84436	16.6364	8.00731	8.42738	12.3993	7.39758	5.65052	5.77124	11.1736	4.91798	0	10.5024	12.5509	5.07102	6.91532	
14.1246	16.1405	9.53467	10.4371	15.2469	7.52516	14.5506	5.0471	18.4539	20.8406	10.5024	0	12.0551	6.72666	3.5871	
15.2589	13.1453	19.85	9.14028	12.2517	4.52994	11.5554	6.15629	14.0945	20.1751	12.5509	12.0551	0	14.5758	10.3086	
11.9154	13.1529	6.93035	7.37564	7.3283	7.28706	10.7215	4.59955	11.0909	9.98899	5.07102	6.72666	14.5758	0	3.13955	
13.7597	14.394	3.69607	6.85	10.4679	3.08635	12.5658	1.46	10.5653	11.8333	6.91532	3.5871	10.3086	3.13955	0	

0	24.8139	8.9405	11.7733	35.3028	7.81348	5.35373	9.96824	3.87572	6.89079	3.50464	7.39684	8.13641	4.77624	5.70962	
24.8139	0	17.3552	4.6911	5.13881	8.6509	32.1061	10.1139	14.7754	8.4711	17.0146	9.12824	16.8751	11.7901	11.7411	
8.9405	17.3552	0	9.55951	22.0655	13.9655	18.9319	4.13673	5.06478	15.4648	14.383	9.60177	23.595	7.8139	4.34673	
11.7733	4.6911	9.55951	0	9.82991	3.9598	11.2513	5.42279	10.0843	3.78	7.16615	4.43714	7.16195	7.09905	5.63279	
35.3028	5.13881	22.0655	9.82991	0	27.4893	37.516	17.9287	28.1923	26.026	27.2758	18.2612	22.6441	23.1207	18.1387	
7.81348	8.6509	13.9655	3.9598	27.4893	0	13.1672	9.38258	11.6892	7.7398	10.0493	8.39694	14.6811	11.0588	10.0388	
5.35373	32.1061	18.9319	11.2513	37.516	13.1672	0	24.1306	9.22945	7.47133	8.85837	16.4041	10.8533	10.13	15.5792	
9.96824	10.1139	4.13673	5.42279	17.9287	9.38258	24.1306	0	9.20151	9.20279	14.2645	2.93125	17.3633	1.14338	0.21	
3.87572	14.7754	5.06478	10.0843	28.1923	11.6892	9.22945	9.20151	0	10.4	7.38036	13.2104	13.782	8.65196	10.4736	
6.89079	8.4711	15.4648	3.78	26.026	7.7398	7.47133	9.20279	10.4	0	3.38615	7.27835	3.38195	10.879	10.83	
3.50464	17.0146	14.383	7.16615	27.2758	10.0493	8.85837	14.2645	7.38036	3.38615	0	3.8922	4.63177	8.28088	6.61345	
7.39684	9.12824	9.60177	4.43714	18.2612	8.39694	16.4041	2.93125	13.2104	7.27835	3.8922	0	8.52397	3.65463	2.72125	
8.13641	16.8751	23.595	7.16195	22.6441	14.6811	10.8533	17.3633	13.782	3.38195	4.63177	8.52397	0	12.1713	13.1047	
4.77624	11.7901	7.8139	7.09905	23.1207	11.0588	10.13	1.14338	8.65196	10.879	8.28088	3.65463	12.1713	0	0.933381	
5.70962	11.7411	4.34673	5.63279	18.1387	10.0388	15.5792	0.21	10.4736	10.83	6.61345	2.72125	13.1047	0.933381	0	

0	14.6279	12.2814	8.5091	25.1233	9.17723	12.3548	11.2276	4.98896	10.5902	3.09233	11.9845	5.89946	11.0611	8.50432	
14.6279	0	5.24691	6.11882	7.08802	9.17352	14.7632	7.70659	9.8472	21.464	14.1951	18.176	24.7072	8.7003	9.71882	
12.2814	5.24691	0	3.77228	12.3349	6.13663	12.4166	2.45967	8.01831	22.9262	11.8485	13.2114	9.30797	6.02917	3.57967	
8.5091	6.11882	3.77228	0	13.2068	3.0547	8.64436	3.84843	4.24603	12.8654	8.07624	10.6939	9.78466	2.58147	3.6	
25.1233	7.08802	12.3349	13.2068	0	16.9955	19.9127	13.3185	16.9352	21.5381	19.2229	13.1388	19.006	11.2542	14.4385	
9.17723	9.17352	6.13663	3.0547	16.9955	0	8.12316	3.67696	6.68973	13.5828	6.0849	7.63918	8.89203	5.63617	3.04138	
12.3548	14.7632	12.4166	8.64436	19.9127	8.12316	0	11.8001	11.0453	18.9425	14.2081	15.7623	22.7223	8.65852	11.1645	
11.2276	7.70659	2.45967	3.84843	13.3185	3.67696	11.8001	0	6.23863	13.8535	6.53199	10.7517	6.8483	3.5695	1.12	
4.98896	9.8472	8.01831	4.24603	16.9352	6.68973	11.0453	6.23863	0	13.65	6.34958	8.32882	9.15672	6.82751	7.35863	
10.5902	21.464	22.9262	12.8654	21.5381	13.5828	18.9425	13.8535	13.65	0	7.4979	12.404	10.305	10.284	12.9099	
3.09233	14.1951	11.8485	8.07624	19.2229	6.0849	14.2081	6.53199	6.34958	7.4979	0	8.67442	2.80713	7.96874	5.41199	
11.9845	18.176	13.2114	10.6939	13.1388	7.63918	15.7623	10.7517	8.32882	12.404	8.67442	0	5.86728	14.3212	10.6806	
5.89946	24.7072	9.30797	9.78466	19.006	8.89203	22.7223	6.8483	9.15672	10.305	2.80713	5.86728	0	9.74848	6.18466	
11.0611	8.7003	6.02917	2.58147	11.2542	5.63617	8.65852	3.5695	6.82751	10.284	7.96874	14.3212	9.74848	0	3.56382	
8.50432	9.71882	3.57967	3.6	14.4385	3.04138	11.1645	1.12	7.35863	12.9099	5.41199	10.6806	6.18466	3.56382	0	

0	14.4603	6.72029	7.44042	28.93	8.73502	6.21477	16.6568	1.89663	5.7518	1.23693	22.0877	9.23726	6.30795	11.7602	
14.4603	0	4.97784	8.57436	22.6868	8.23361	12.7595	8.41436	11.1937	19.919	8.88537	13.9301	13.2534	3.81435	7.37436	
6.72029	4.97784	0	5.85792	24.1755	3.25576	10.4612	7.61654	6.21587	8.09312	5.48336	13.1551	10.9622	1.52315	5.08697	
7.44042	8.57436	5.85792	0	16.3602	2.60215	6.58516	2.24	9.44054	7.43951	6.20349	7.75574	14.2038	4.76382	1.2	
28.93	22.6868	24.1755	16.3602	0	18.4755	14.795	15.1114	27.8559	22.6522	19.7729	8.02925	16.7046	18.8763	14.585	
8.73502	8.23361	3.25576	2.60215	18.4755	0	8.5482	4.20304	6.83839	4.83735	8.73912	9.71877	10.7849	4.77892	3.16304	
6.21477	12.7595	10.4612	6.58516	14.795	8.5482	0	6.42516	11.245	9.49271	4.97784	8.0893	12.9782	8.94898	5.38516	
16.6568	8.41436	7.61654	2.24	15.1114	4.20304	6.42516	0	12.4952	10.4942	11.1644	7.59574	15.5324	4.60382	1.04	
1.89663	11.1937	6.21587	9.44054	27.8559	6.83839	11.245	12.4952	0	10.782	3.13356	20.1845	14.2675	7.73902	10.0014	
5.7518	19.919	8.09312	7.43951	22.6522	4.83735	9.49271	10.4942	10.782	0	4.51486	16.791	5.94757	9.58588	8.00039	
1.23693	8.88537	5.48336	6.20349	19.7729	8.73912	4.97784	11.1644	3.13356	4.51486	0	13.0671	8.00033	5.07102	7.40349	
22.0877	13.9301	13.1551	7.75574	8.02925	9.71877	8.0893	7.59574	20.1845	16.791	13.0671	0	19.9488	10.1196	6.55574	
9.23726	13.2534	10.9622	14.2038	16.7046	10.7849	12.9782	15.5324	14.2675	5.94757	8.00033	19.9488	0	9.439	13.0028	
6.30795	3.81435	1.52315	4.76382	18.8763	4.77892	8.94898	4.60382	7.73902	9.58588	5.07102	10.1196	9.439	0	3.56382	
11.7602	7.37436	5.08697	1.2	14.585	3.16304	5.38516	1.04	10.0014	8.00039	7.40349	6.55574	13.0028	3.56382	0	

0	10.3197	7.69329	11.4914	24.979	8.18161	5.96899	13.2399	1.93786	7.65786	6.6382	21.415	8.54467	14.4258	12.5012	
10.3197	0	6.3232	16.3169	20.5553	13.1434	19.1739	10.407	12.0786	26.2595	14.0913	19.1892	27.6025	7.23412	11.3071	
7.69329	6.3232	0	15.309	23.1128	7.96557	9.78656	5.22914	5.75543	11.4754	7.76809	14.0113	12.3622	2.05626	6.12919	
11.4914	16.3169	15.309	0	10.9894	1.01823	13.5847	2.91548	7.26198	11.1767	14.863	7.42542	4.76715	6.08836	3.41548	
24.979	20.5553	23.1128	10.9894	0	12.0077	22.8513	13.9049	18.2982	12.5782	18.4637	16.5451	25.7562	25.1691	19.9894	
8.18161	13.1434	7.96557	1.01823	12.0077	0	10.2749	3.93371	6.24375	10.1584	11.8241	8.44365	3.74892	5.90931	5.96111	
5.96899	19.1739	9.78656	13.5847	22.8513	10.2749	0	17.4633	4.03113	9.75113	4.4397	22.9853	10.6379	12.2273	10.3027	
13.2399	10.407	5.22914	2.91548	13.9049	3.93371	17.4633	0	12.4691	15.1555	6.36299	10.3409	5.86004	3.17289	0.5	
1.93786	12.0786	5.75543	7.26198	18.2982	6.24375	4.03113	12.4691	0	5.72	6.92682	16.979	6.60681	7.81169	11.9669	
7.65786	26.2595	11.4754	11.1767	12.5782	10.1584	9.75113	15.1555	5.72	0	5.88545	19.6654	12.3268	13.6731	11.7484	
6.6382	14.0913	7.76809	14.863	18.4637	11.8241	4.4397	6.36299	6.92682	5.88545	0	19.7427	11.223	7.78763	5.86299	
21.415	19.1892	14.0113	7.42542	16.5451	8.44365	22.9853	10.3409	16.979	19.6654	19.7427	0	12.2561	11.9551	12.8961	
8.54467	27.6025	12.3622	4.76715	25.7562	3.74892	10.6379	5.86004	6.60681	12.3268	11.223	12.2561	0	9.43297	5.36004	
14.4258	7.23412	2.05626	6.08836	25.1691	5.90931	12.2273	3.17289	7.81169	13.6731	7.78763	11.9551	9.43297	0	3.67289	
12.5012	11.3071	6.12919	3.41548	19.9894	5.96111	10.3027	0.5	11.9669	11.7484	5.86299	12.8961	5.36004	3.67289	0	

0	11.7074	10.9336	11.1401	25.2744	7.25929	8.28529	4.78441	4.57665	6.6644	2.3914	14.0183	15.588	7.77702	6.58441	
11.7074	0	11.3056	6.56794	24.8081	17.0099	10.8394	6.14931	7.13073	21.3976	12.5743	15.758	18.1421	3.15671	8.67214	
10.9336	11.3056	0	10.1036	17.4097	6.51153	10.6152	6.14919	6.90652	17.9785	15.2352	11.7563	15.9138	8.14888	7.94919	
11.1401	6.56794	10.1036	0	19.161	3.5921	12.3037	6.06698	8.00497	6.3	10.573	8.83691	9.3723	3.41123	5.05	
25.2744	24.8081	17.4097	19.161	0	21.3033	25.3629	20.49	24.3162	25.461	30.269	16.0585	28.5333	22.5723	20.2641	
7.25929	17.0099	6.51153	3.5921	21.3033	0	14.4122	2.47487	10.7036	9.8921	10.0493	5.24481	12.9644	5.46748	4.27487	
8.28529	10.8394	10.6152	12.3037	25.3629	14.4122	0	16.2368	3.70864	6.00375	6.45774	29.7606	14.72	8.30237	19.674	
4.78441	6.14931	6.14919	6.06698	20.49	2.47487	16.2368	0	7.58634	11.8294	7.17581	6.00557	15.728	2.99261	1.8	
4.57665	7.13073	6.90652	8.00497	24.3162	10.7036	3.70864	7.58634	0	9.71239	6.96805	15.9484	11.0114	4.59373	10.1092	
6.6644	21.3976	17.9785	6.3	25.461	9.8921	6.00375	11.8294	9.71239	0	4.273	21.0632	12.7115	9.71123	11.35	
2.3914	12.5743	15.2352	10.573	30.269	10.0493	6.45774	7.17581	6.96805	4.273	0	15.2941	16.9845	9.4176	11.579	
14.0183	15.758	11.7563	8.83691	16.0585	5.24481	29.7606	6.00557	15.9484	21.0632	15.2941	0	13.5599	9.721	4.20557	
15.588	18.1421	15.9138	9.3723	28.5333	12.9644	14.72	15.728	11.0114	12.7115	16.9845	13.5599	0	12.7835	14.4223	
7.77702	3.15671	8.14888	3.41123	22.5723	5.46748	8.30237	2.99261	4.59373	9.71123	9.4176	9.721	12.7835	0	4.79261	
6.58441	8.67214	7.94919	5.05	20.2641	4.27487	19.674	1.8	10.1092	11.35	11.579	4.20557	14.4223	4.79261	0	

0	8.89828	6.31709	4.61511	13.1019	6.06419	4.53008	6.61266	2.18525	2.5	3.42218	10.8633	5.18224	7.58765	6.71511	
8.89828	0	4.4397	4.28318	8.86002	8.24297	25.0296	7.08203	13.9219	15.6058	12.2424	10.5314	11.7601	11.2939	6.38318	
6.31709	4.4397	0	6.60017	13.2997	8.46822	10.8472	3.80132	8.22873	8.81709	8.68198	13.4146	7.32036	6.8542	4.27132	
4.61511	4.28318	6.60017	0	13.1432	3.9598	9.14518	2.57	6.80035	7.11511	7.9592	6.24822	11.377	3.58492	2.1	
13.1019	8.86002	13.2997	13.1432	0	11.4281	25.2675	15.3441	10.9167	14.9467	16.6891	20.6636	21.7836	20.6763	14.652	
6.06419	8.24297	8.46822	3.9598	11.4281	0	10.5943	3.69386	8.24944	8.56419	9.48637	9.23542	12.5009	4.70879	3.22386	
4.53008	25.0296	10.8472	9.14518	25.2675	10.5943	0	12.8585	6.71532	3.46883	7.95225	16.8009	6.15107	12.5067	15.5937	
6.61266	7.08203	3.80132	2.57	15.3441	3.69386	12.8585	0	4.42741	8.45741	9.17719	9.04707	9.74699	1.95492	0.47	
2.18525	13.9219	8.22873	6.80035	10.9167	8.24944	6.71532	4.42741	0	4.03	5.60742	10.3479	6.71224	9.43913	4.89741	
2.5	15.6058	8.81709	7.11511	14.9467	8.56419	3.46883	8.45741	4.03	0	5.92218	11.9395	2.68224	14.9855	10.4438	
3.42218	12.2424	8.68198	7.9592	16.6891	9.48637	7.95225	9.17719	5.60742	5.92218	0	14.2074	9.12318	4.16548	5.6504	
10.8633	10.5314	13.4146	6.24822	20.6636	9.23542	16.8009	9.04707	10.3479	11.9395	14.2074	0	9.25727	14.625	8.34822	
5.18224	11.7601	7.32036	11.377	21.7836	12.5009	6.15107	9.74699	6.71224	2.68224	9.12318	9.25727	0	10.7619	9.27699	
7.58765	11.2939	6.8542	3.58492	20.6763	4.70879	12.5067	1.95492	9.43913	14.9855	4.16548	14.625	10.7619	0	1.48492	
6.71511	6.38318	4.27132	2.1	14.652	3.22386	15.5937	0.47	4.89741	10.4438	5.6504	8.34822	9.27699	1.48492	0	

0	16.2819	5.64026	11.52	17.9751	8.99466	12.1488	6.02482	4.70034	3.6	6.84436	22.5214	16.4281	8.00115	6.50482	
16.2819	0	11.831	11.7642	20.9097	7.06903	18.9945	10.0389	19.2595	23.9998	12.693	23.2382	16.0671	9.47012	10.597	
5.64026	11.831	0	12.4477	14.408	8.56567	11.8853	5.38955	10.3406	9.24026	12.4846	21.5541	15.2774	2.36089	5.59771	
11.52	11.7642	12.4477	0	17.1886	4.69519	15.3129	6.64729	10.8735	7.92	10.3191	15.3942	12.184	9.67595	6.85	
17.9751	20.9097	14.408	17.1886	0	21.8838	24.2479	23.8359	23.6051	14.3751	26.2266	8.75918	15.9303	16.7689	20.0057	
8.99466	7.06903	8.56567	4.69519	21.8838	0	14.2983	2.96985	7.19602	12.6152	5.62392	16.3045	13.2774	5.99851	3.44985	
12.1488	18.9945	11.8853	15.3129	24.2479	14.2983	0	11.2503	12.819	9.87283	10.6284	15.5563	22.4409	9.52437	10.7703	
6.02482	10.0389	5.38955	6.64729	23.8359	2.96985	11.2503	0	4.22617	9.62482	4.96968	16.4364	12.8406	3.02866	0.48	
4.70034	19.2595	10.3406	10.8735	23.6051	7.19602	12.819	4.22617	0	8.30034	9.19585	22.6939	17.0667	7.25483	4.70617	
3.6	23.9998	9.24026	7.92	14.3751	12.6152	9.87283	9.62482	8.30034	0	10.4444	18.9214	12.8281	12.0062	14.77	
6.84436	12.693	12.4846	10.3191	26.2266	5.62392	10.6284	4.96968	9.19585	10.4444	0	21.584	17.2639	7.99834	5.44968	
22.5214	23.2382	21.5541	15.3942	8.75918	16.3045	15.5563	16.4364	22.6939	18.9214	21.584	0	7.17112	20.0877	15.9564	
16.4281	16.0671	15.2774	12.184	15.9303	13.2774	22.4409	12.8406	17.0667	12.8281	17.2639	7.17112	0	12.9165	13.3206	
8.00115	9.47012	2.36089	9.67595	16.7689	5.99851	9.52437	3.02866	7.25483	12.0062	7.99834	20.0877	12.9165	0	3.50866	
6.50482	10.597	5.59771	6.85	20.0057	3.44985	10.7703	0.48	4.70617	14.77	5.44968	15.9564	13.3206	3.50866	0	

0	13.167	6.5427	3.17289	15.4477	4.50225	3.2946	7.94522	5.60742	7.40472	3.0511	13.4359	4.68	9.38987	5.67289	
13.167	0	16.548	9.99408	16.4796	11.3234	18.7645	13.53	21.4663	23.2636	17.1339	22.2436	15.2093	11.8377	12.4941	
6.5427	16.548	0	9.71558	31.4883	11.0696	9.8373	8.70362	9.86747	11.6648	7.31114	6.89322	11.2227	11.1547	7.46362	
3.17289	9.99408	9.71558	0	26.4737	1.32936	6.46749	3.74	9.69619	11.4935	6.22398	9.6742	4.60967	5.85984	2.5	
15.4477	16.4796	31.4883	26.4737	0	28.3802	12.1531	21.6244	14.4911	20.5583	26.0103	22.7314	37.2559	19.0799	24.0247	
4.50225	11.3234	11.0696	1.32936	28.3802	0	11.4573	9.00136	9.37879	10.0442	6.82246	14.5942	3.2803	4.53047	3.82936	
3.2946	18.7645	9.8373	6.46749	12.1531	11.4573	0	9.4713	2.33805	8.40525	4.89438	10.5783	7.9746	6.92682	9.99982	
7.94522	13.53	8.70362	3.74	21.6244	9.00136	9.4713	0	7.526	9.3233	4.96968	8.4142	15.584	4.47088	1.24	
5.60742	21.4663	9.86747	9.69619	14.4911	9.37879	2.33805	7.526	0	6.90994	2.55633	12.9164	11.4831	8.8951	9.47164	
7.40472	23.2636	11.6648	11.4935	20.5583	10.0442	8.40525	9.3233	6.90994	0	4.35362	16.6088	6.7639	10.6924	11.2689	
3.0511	17.1339	7.31114	6.22398	26.0103	6.82246	4.89438	4.96968	2.55633	4.35362	0	13.2689	7.7311	6.33877	6.20968	
13.4359	22.2436	6.89322	9.6742	22.7314	14.5942	10.5783	8.4142	12.9164	16.6088	13.2689	0	17.8746	10.8653	7.1742	
4.68	15.2093	11.2227	4.60967	37.2559	3.2803	7.9746	15.584	11.4831	6.7639	7.7311	17.8746	0	7.81078	11.3852	
9.38987	11.8377	11.1547	5.85984	19.0799	4.53047	6.92682	4.47088	8.8951	10.6924	6.33877	10.8653	7.81078	0	3.6911	
5.67289	12.4941	7.46362	2.5	24.0247	3.82936	9.99982	1.24	9.47164	11.2689	6.20968	7.1742	11.3852	3.6911	0	

0	25.8112	18.5	5.88816	23.9453	11.2347	4.02485	17.5428	1.52555	7.84354	2.84494	8.3294	19.8281	14.0539	19.0528	
25.8112	0	12.5119	16.1768	11.3254	13.9959	25.2219	8.26831	17.2634	16.8504	11.7003	6.21587	23.015	4.73506	9.77831	
18.5	12.5119	0	10.6608	20.1112	10.5351	12.71	4.80755	15.2093	13.3896	13.704	15.8123	10.5031	8.95393	4.3149	
5.88816	16.1768	10.6608	0	15.0704	2.68701	21.5679	8.41457	10.7122	8.04182	3.04322	8.52768	11.0906	12.6013	7.9	
23.9453	11.3254	20.1112	15.0704	0	20.5019	32.0721	16.1142	18.2337	26.099	10.594	5.10952	22.9721	16.7504	20.3238	
11.2347	13.9959	10.5351	2.68701	20.5019	0	10.3132	5.72756	14.1228	5.64358	5.73023	12.6479	13.7776	9.87395	7.23756	
4.02485	25.2219	12.71	21.5679	32.0721	10.3132	0	13.2517	2.4993	4.66958	9.66818	15.6235	14.2323	15.0277	15.5493	
17.5428	8.26831	4.80755	8.41457	16.1142	5.72756	13.2517	0	16.6748	8.58209	11.4981	11.0047	15.3107	4.14638	1.51	
1.52555	17.2634	15.2093	10.7122	18.2337	14.1228	2.4993	16.6748	0	7.16888	4.37049	13.1242	24.6521	12.5284	20.1227	
7.84354	16.8504	13.3896	8.04182	26.099	5.64358	4.66958	8.58209	7.16888	0	4.9986	10.4831	9.56276	12.7285	10.0921	
2.84494	11.7003	13.704	3.04322	10.594	5.73023	9.66818	11.4981	4.37049	4.9986	0	5.48446	14.1338	18.5321	10.9432	
8.3294	6.21587	15.8123	8.52768	5.10952	12.6479	15.6235	11.0047	13.1242	10.4831	5.48446	0	17.8626	10.9509	12.5147	
19.8281	23.015	10.5031	11.0906	22.9721	13.7776	14.2323	15.3107	24.6521	9.56276	14.1338	17.8626	0	21.2671	14.818	
14.0539	4.73506	8.95393	12.6013	16.7504	9.87395	15.0277	4.14638	12.5284	12.7285	18.5321	10.9509	21.2671	0	5.65638	
19.0528	9.77831	4.3149	7.9	20.3238	7.23756	15.5493	1.51	20.1227	10.0921	10.9432	12.5147	14.818	5.65638	0	

0	17.4145	7.9339	6.77844	18.7337	8.54214	2.93185	5.13881	1.31939	9.3	1.44309	6.75063	12.6	6.00415	6.56881	
17.4145	0	13.8944	13.0289	25.1625	21.4721	13.8468	8.36251	18.7339	23.1206	18.8576	22.5211	25.0385	7.49718	12.8005	
7.9339	13.8944	0	5.3607	27.2042	11.4922	7.13	2.79508	8.74245	21.6532	10.4901	16.2031	20.851	3.66042	2.91548	
6.77844	13.0289	5.3607	0	15.0137	3.93151	11.8813	2.56562	8.09783	5.58	8.22152	4.98046	7.49784	3.43095	3.99562	
18.7337	25.1625	27.2042	15.0137	0	18.9471	20.7167	24.5445	19.1042	9.43365	23.3814	24.6568	25.8769	27.5106	24.2887	
8.54214	21.4721	11.4922	3.93151	18.9471	0	19.88	6.49713	14.4382	9.51151	7.09905	8.91198	11.4294	9.46324	8.5767	
2.93185	13.8468	7.13	11.8813	20.7167	19.88	0	7.21491	1.61245	12.1425	8.95158	7.165	26.4996	6.34958	10.0455	
5.13881	8.36251	2.79508	2.56562	24.5445	6.49713	7.21491	0	6.45821	8.14562	6.5819	7.54608	10.0635	0.865332	1.43	
1.31939	18.7339	8.74245	8.09783	19.1042	14.4382	1.61245	6.45821	0	10.53	2.76248	5.55255	13.9194	7.96203	11.7336	
9.3	23.1206	21.6532	5.58	9.43365	9.51151	12.1425	8.14562	10.53	0	10.7431	10.5605	13.0778	11.1117	13.78	
1.44309	18.8576	10.4901	8.22152	23.3814	7.09905	8.95158	6.5819	2.76248	10.7431	0	5.30754	14.0431	8.56032	9.12499	
6.75063	22.5211	16.2031	4.98046	24.6568	8.91198	7.165	7.54608	5.55255	10.5605	5.30754	0	9.38765	10.5122	13.1805	
12.6	25.0385	20.851	7.49784	25.8769	11.4294	26.4996	10.0635	13.9194	13.0778	14.0431	9.38765	0	13.0296	15.6978	
6.00415	7.49718	3.66042	3.43095	27.5106	9.46324	6.34958	0.865332	7.96203	11.1117	8.56032	10.5122	13.0296	0	2.29533	
6.56881	12.8005	2.91548	3.99562	24.2887	8.5767	10.0455	1.43	11.7336	13.78	9.12499	13.1805	15.6978	2.29533	0	

0	15.9725	17.2962	4.32666	22.1847	8.42788	5.86851	10.6824	7.1742	12.4267	6.1022	11.571	7.92	10.3167	8.87666	
15.9725	0	12.1083	10.5651	6.91082	13.8967	13.9592	4.20932	21.7338	29.0871	10.4615	19.2264	13.356	5.65577	5.88932	
17.2962	12.1083	0	7.51977	19.0191	3.41855	26.9099	13.1059	18.4333	16.9789	13.8366	6.15497	18.258	11.119	6.1558	
4.32666	10.5651	7.51977	0	23.995	4.10122	10.1952	6.23	9.37666	8.1	8.54443	6.83764	12.2467	5.95007	4.55	
22.1847	6.91082	19.0191	23.995	0	25.0305	20.7347	11.1201	15.0105	36.5598	17.6338	25.106	19.8555	12.5628	13.9629	
8.42788	13.8967	3.41855	4.10122	25.0305	0	16.8758	4.41724	12.3549	12.2012	9.45931	2.73642	9.25562	4.13731	2.73724	
5.86851	13.9592	26.9099	10.1952	20.7347	16.8758	0	9.74987	5.7242	11.8889	6.45774	12.6937	6.17454	11.5288	11.4299	
10.6824	4.20932	13.1059	6.23	11.1201	4.41724	9.74987	0	11.2977	13.9919	6.25218	6.50403	11.7024	3.08007	1.68	
7.1742	21.7338	18.4333	9.37666	15.0105	12.3549	5.7242	11.2977	0	10.5593	7.58651	10.0955	4.845	11.0178	9.61769	
12.4267	29.0871	16.9789	8.1	36.5598	12.2012	11.8889	13.9919	10.5593	0	7.73977	12.2335	5.71433	12.8108	12.65	
6.1022	10.4615	13.8366	8.54443	17.6338	9.45931	6.45774	6.25218	7.58651	7.73977	0	6.72289	12.4315	5.07102	6.47109	
11.571	19.2264	6.15497	6.83764	25.106	2.73642	12.6937	6.50403	10.0955	12.2335	6.72289	0	6.5192	6.22411	4.82403	
7.92	13.356	18.258	12.2467	19.8555	9.25562	6.17454	11.7024	4.845	5.71433	12.4315	6.5192	0	7.70024	9.10031	
10.3167	5.65577	11.119	5.95007	12.5628	4.13731	11.5288	3.08007	11.0178	12.8108	5.07102	6.22411	7.70024	0	1.40007	
8.87666	5.88932	6.1558	4.55	13.9629	2.73724	11.4299	1.68	9.61769	12.65	6.47109	4.82403	9.10031	1.40007	0	

0	10.8953	10.1236	6.34577	15.9204	5.24786	7.72172	8.41811	1.44309	11.829	4.41172	10.149	13.5	10.8617	7.20811	
10.8953	0	18.1732	8.04503	12.3994	8.73587	24.3767	4.89718	17.1837	28.5555	19.7967	6.21587	13.6484	6.44494	3.68718	
10.1236	18.1732	0	9.02067	27.7212	10.045	14.8603	11.3531	15.5248	13.1291	5.71183	12.8239	18.9317	11.7283	16.0707	
6.34577	8.04503	9.02067	0	14.2656	1.55563	14.0675	2.33238	7.78886	18.0686	5.88882	3.80326	13.4609	4.31543	3.54238	
15.9204	12.3994	27.7212	14.2656	0	13.7609	33.0357	9.92225	28.5247	31.3045	23.8872	10.4624	22.3273	16.2217	8.71225	
5.24786	8.73587	10.045	1.55563	13.7609	0	12.9696	3.88802	6.69094	11.7505	4.33319	5.3589	12.8173	5.61385	5.04869	
7.72172	24.3767	14.8603	14.0675	33.0357	12.9696	0	18.4046	6.93354	16.5657	9.14846	22.3269	21.2217	20.6471	14.9298	
8.41811	4.89718	11.3531	2.33238	9.92225	3.88802	18.4046	0	11.471	24.0936	12.9837	4.54972	9.1865	1.98305	1.21	
1.44309	17.1837	15.5248	7.78886	28.5247	6.69094	6.93354	11.471	0	15.86	5.85481	19.7816	14.9431	13.1955	8.6512	
11.829	28.5555	13.1291	18.0686	31.3045	11.7505	16.5657	24.0936	15.86	0	7.41728	26.7002	20.2917	22.1105	23.6081	
4.41172	19.7967	5.71183	5.88882	23.8872	4.33319	9.14846	12.9837	5.85481	7.41728	0	14.4545	17.9117	9.94703	9.38188	
10.149	6.21587	12.8239	3.80326	10.4624	5.3589	22.3269	4.54972	19.7816	26.7002	14.4545	0	11.8649	8.40086	3.33972	
13.5	13.6484	18.9317	13.4609	22.3273	12.8173	21.2217	9.1865	14.9431	20.2917	17.9117	11.8649	0	7.20345	12.3385	
10.8617	6.44494	11.7283	4.31543	16.2217	5.61385	20.6471	1.98305	13.1955	22.1105	9.94703	8.40086	7.20345	0	3.19305	
7.20811	3.68718	16.0707	3.54238	8.71225	5.04869	14.9298	1.21	8.6512	23.6081	9.38188	3.33972	12.3385	3.19305	0	

0	18.0595	9.47407	17.9587	22.5686	16.6765	5.97147	14.8848	6.14343	8.87343	2.3914	6.10668	21.1189	14.5256	7.05172	
18.0595	0	6.66695	7.33256	13.29	7.16106	22.6769	6.09192	19.6944	15.9997	10.9125	12.2015	24.7018	2.63059	6.25218	
9.47407	6.66695	0	8.73833	17.5224	8.56683	12.4641	5.01152	12.855	14.8224	7.08267	10.7979	15.9138	4.03636	4.43152	
17.9587	7.33256	8.73833	0	15.8471	3.93151	20.9487	7.33	17.2194	17.6298	11.4103	11.4098	10.9343	4.70197	6.75	
22.5686	13.29	17.5224	15.8471	0	19.9874	40.1854	7.68375	16.7398	22.7604	28.421	11.858	27.8006	11.1451	8.26375	
16.6765	7.16106	8.56683	3.93151	19.9874	0	21.4235	7.9918	20.5152	17.8996	15.5485	15.3413	7.02922	4.53047	10.5126	
5.97147	22.6769	12.4641	20.9487	40.1854	21.4235	0	17.0048	6.86592	4.13592	5.38145	9.09673	18.5236	17.5051	10.0418	
14.8848	6.09192	5.01152	7.33	7.68375	7.9918	17.0048	0	9.05608	11.4598	5.24032	4.17421	16.8215	3.46133	0.58	
6.14343	19.6944	12.855	17.2194	16.7398	20.5152	6.86592	9.05608	0	2.73	5.77235	9.48763	14.9754	12.5174	9.63608	
8.87343	15.9997	14.8224	17.6298	22.7604	17.8996	4.13592	11.4598	2.73	0	7.73977	11.455	14.8106	13.3692	10.8798	
2.3914	10.9125	7.08267	11.4103	28.421	15.5485	5.38145	5.24032	5.77235	7.73977	0	3.71528	16.3625	10.6424	4.66032	
6.10668	12.2015	10.7979	11.4098	11.858	15.3413	9.09673	4.17421	9.48763	11.455	3.71528	0	12.6473	7.63554	4.75421	
21.1189	24.7018	15.9138	10.9343	27.8006	7.02922	18.5236	16.8215	14.9754	14.8106	16.3625	12.6473	0	11.5597	17.6843	
14.5256	2.63059	4.03636	4.70197	11.1451	4.53047	17.5051	3.46133	12.5174	13.3692	10.6424	7.63554	11.5597	0	4.04133	
7.05172	6.25218	4.43152	6.75	8.26375	10.5126	10.0418	0.58	9.63608	10.8798	4.66032	4.75421	17.6843	4.04133	0	

0	18.3419	8.77387	9.47155	16.2871	8.16333	2.05913	6.89275	4.86526	2.6	4.74157	7.27632	17.7501	4.58519	7.89856	
18.3419	0	24.2165	14.3079	17.72	16.409	26.5684	8.41865	13.0473	20.48	22.0452	23.5976	23.0528	10.7262	9.24865	
8.77387	24.2165	0	9.07503	9.9055	8.13941	19.9218	5.49476	20.0289	16.0528	7.82175	14.6384	9.5483	4.18868	4.66476	
9.47155	14.3079	9.07503	0	18.3963	1.83848	8.39738	5.88926	10.5179	12.2665	11.257	2.98828	10.9343	4.88636	6.15724	
16.2871	17.72	9.9055	18.3963	0	14.6151	22.9057	11.1263	19.2145	19.5271	11.5455	23.399	19.4538	14.0942	10.2963	
8.16333	16.409	8.13941	1.83848	14.6151	0	10.2225	5.14876	12.619	10.7633	7.47575	4.82675	11.8716	6.72484	4.31876	
2.05913	26.5684	19.9218	8.39738	22.9057	10.2225	0	9.0629	4.43424	3.86908	6.8007	9.33544	19.3317	6.64432	15.3477	
6.89275	8.41865	5.49476	5.88926	11.1263	5.14876	9.0629	0	4.62866	12.0613	3.98699	8.87754	15.4725	2.30755	0.83	
4.86526	13.0473	20.0289	10.5179	19.2145	12.619	4.43424	4.62866	0	7.46526	7.66898	12.1416	25.8457	6.93621	5.45866	
2.6	20.48	16.0528	12.2665	19.5271	10.7633	3.86908	12.0613	7.46526	0	7.34157	9.87632	17.7261	7.18519	11.1386	
4.74157	22.0452	7.82175	11.257	11.5455	7.47575	6.8007	3.98699	7.66898	7.34157	0	11.8535	21.3677	9.32677	3.15699	
7.27632	23.5976	14.6384	2.98828	23.399	4.82675	9.33544	8.87754	12.1416	9.87632	11.8535	0	13.1688	7.87464	10.8178	
17.7501	23.0528	9.5483	10.9343	19.4538	11.8716	19.3317	15.4725	25.8457	17.7261	21.3677	13.1688	0	13.1649	14.2131	
4.58519	10.7262	4.18868	4.88636	14.0942	6.72484	6.64432	2.30755	6.93621	7.18519	9.32677	7.87464	13.1649	0	3.13755	
7.89856	9.24865	4.66476	6.15724	10.2963	4.31876	15.3477	0.83	5.45866	11.1386	3.15699	10.8178	14.2131	3.13755	0	

0	14.4724	19.8537	6.20155	17.4728	7.16321	14.1339	9.35026	2.9274	10.5858	4.65911	7.49033	13.9639	13.6694	14.7515	
14.4724	0	7.26496	15.2904	18.606	11.8148	17.8754	9.02436	11.545	9.17039	12.4	22.9699	21.5991	10.6159	7.37436	
19.8537	7.26496	0	10.8188	25.3763	13.4201	19.4807	9.48038	18.8099	16.4353	19.665	16.0972	23.2044	3.35094	8.97967	
6.20155	15.2904	10.8188	0	11.2712	0.961665	15.2321	3.14871	9.12895	5.79902	9.59785	1.99218	8.77191	7.46783	4.79871	
17.4728	18.606	25.3763	11.2712	0	12.0459	15.8518	14.4199	15.2678	16.8832	13.5361	12.8955	19.8561	18.739	16.4863	
7.16321	11.8148	13.4201	0.961665	12.0459	0	14.2704	3.11127	10.8691	4.83735	10.5595	2.95385	7.81025	8.4295	4.44042	
14.1339	17.8754	19.4807	15.2321	15.8518	14.2704	0	12.1511	11.2065	19.1078	12.9382	22.1376	22.0807	17.1196	10.5011	
9.35026	9.02436	9.48038	3.14871	14.4199	3.11127	12.1511	0	13.0561	7.94862	12.7466	5.1409	6.63429	6.12944	1.65	
2.9274	11.545	18.8099	9.12895	15.2678	10.8691	11.2065	13.0561	0	7.61715	1.7317	10.4177	10.9952	17.3752	16.7348	
10.5858	9.17039	16.4353	5.79902	16.8832	4.83735	19.1078	7.94862	7.61715	0	5.88545	8.11218	12.6476	13.5878	8.88144	
4.65911	12.4	19.665	9.59785	13.5361	10.5595	12.9382	12.7466	1.7317	5.88545	0	11.59	9.26354	17.0657	14.7669	
7.49033	22.9699	16.0972	1.99218	12.8955	2.95385	22.1376	5.1409	10.4177	8.11218	11.59	0	11.8331	9.46002	8.10105	
13.9639	21.5991	23.2044	8.77191	19.8561	7.81025	22.0807	6.63429	10.9952	12.6476	9.26354	11.8331	0	12.7637	8.28429	
13.6694	10.6159	3.35094	7.46783	18.739	8.4295	17.1196	6.12944	17.3752	13.5878	17.0657	9.46002	12.7637	0	6.61852	
14.7515	7.37436	8.97967	4.79871	16.4863	4.44042	10.5011	1.65	16.7348	8.88144	14.7669	8.10105	8.28429	6.61852	0	

0	17.1913	4.73782	7.82639	18.9956	10.3831	10.2056	11.446	4.28803	10.138	7.38036	12.4125	8.28	8.78829	10.0187	
17.1913	0	12.5119	7.0903	18.4907	14.4753	10.9447	5.7603	12.9032	18.7532	22.3039	16.8059	20.2249	6.52067	5.2903	
4.73782	12.5119	0	9.03038	20.4308	10.8094	12.8848	6.7082	9.02585	14.1183	12.1182	10.7559	10.5031	8.46075	7.1782	
7.82639	7.0903	9.03038	0	10.4259	4.52548	6.42153	2.27	3.53836	9.38836	9.24679	2.53551	14.2701	3.03037	1.8	
18.9956	18.4907	20.4308	10.4259	0	14.9513	16.8474	13.6704	13.9642	23.1348	26.6855	12.9614	17.4107	10.2073	11.4376	
10.3831	14.4753	10.8094	4.52548	14.9513	0	8.63357	4.10122	6.09509	11.9451	5.80831	7.06099	14.6886	7.48513	4.57122	
10.2056	10.9447	12.8848	6.42153	16.8474	8.63357	0	6.12442	6.7723	12.6223	2.82526	8.95703	16.1591	6.88479	5.65442	
11.446	5.7603	6.7082	2.27	13.6704	4.10122	6.12442	0	9.70298	18.7298	9.90953	4.04772	12.5036	1.70037	0.47	
4.28803	12.9032	9.02585	3.53836	13.9642	6.09509	6.7723	9.70298	0	5.85	9.40068	6.07387	9.46519	10.4634	5.33836	
10.138	18.7532	14.1183	9.38836	23.1348	11.9451	12.6223	18.7298	5.85	0	13.1415	15.3498	3.61519	10.8186	15.083	
7.38036	22.3039	12.1182	9.24679	26.6855	5.80831	2.82526	9.90953	9.40068	13.1415	0	7.25364	13.3339	13.2934	8.47968	
12.4125	16.8059	10.7559	2.53551	12.9614	7.06099	8.95703	4.04772	6.07387	15.3498	7.25364	0	11.7346	9.34788	4.33551	
8.28	20.2249	10.5031	14.2701	17.4107	14.6886	16.1591	12.5036	9.46519	3.61519	13.3339	11.7346	0	7.20345	8.43382	
8.78829	6.52067	8.46075	3.03037	10.2073	7.48513	6.88479	1.70037	10.4634	10.8186	13.2934	9.34788	7.20345	0	1.23037	
10.0187	5.2903	7.1782	1.8	11.4376	4.57122	5.65442	0.47	5.33836	15.083	8.47968	4.33551	8.43382	1.23037	0	

0	10.7252	17.7775	8.72682	12.3585	5.24786	9.39453	4.96161	1.89663	11.1	5.52496	6.8483	9.73566	6.69228	5.45161	
10.7252	0	16.0098	13.8693	19.2904	17.3483	16.3264	8.11798	8.82852	23.1285	19.392	16.8059	20.8972	9.84864	8.60798	
17.7775	16.0098	0	3.44426	14.9972	6.92322	16.0177	6.43757	15.3729	24.3879	13.7084	7.06641	15.1801	8.22503	5.94757	
8.72682	13.8693	3.44426	0	11.553	3.47897	13.09	6.24	13.4597	21.5809	8.64191	3.62215	12.749	8.50772	5.75	
12.3585	19.2904	14.9972	11.553	0	15.0319	17.9597	15.2917	10.4618	24.7618	23.4909	15.1751	29.9852	25.0135	17.303	
5.24786	17.3483	6.92322	3.47897	15.0319	0	15.9553	10.0037	7.14449	15.1765	5.16294	7.10112	9.37365	8.27304	9.22897	
9.39453	16.3264	16.0177	13.09	17.9597	15.9553	0	9.52333	7.4979	12.5412	14.6645	16.7122	11.3612	7.79267	10.5504	
4.96161	8.11798	6.43757	6.24	15.2917	10.0037	9.52333	0	4.82991	16.0616	10.4866	11.8099	8.68572	1.73066	0.49	
1.89663	8.82852	15.3729	13.4597	10.4618	7.14449	7.4979	4.82991	0	12.9966	7.42159	8.74493	13.7766	6.56057	5.31991	
11.1	23.1285	24.3879	21.5809	24.7618	15.1765	12.5412	16.0616	12.9966	0	7.35941	12.2756	3.14871	10.1038	23.7253	
5.52496	19.392	13.7084	8.64191	23.4909	5.16294	14.6645	10.4866	7.42159	7.35941	0	12.3733	4.2107	11.1658	13.7959	
