10
10
2
2
50

6	25
1	50
11	25
47	42
3	33
22	35
37	29
8	32
40	14
47	10

40	12
50	19
49	12
45	9
11	8
25	5
17	28
33	35
2	41
7	15

150

1.79769e+308
1.79769e+308
1.79769e+308
1.79769e+308
1.79769e+308
1.79769e+308
1.79769e+308
1.79769e+308
1.79769e+308
1.79769e+308

13
15
11
18
13
13
19
18
19
14

0
0
0
0
0
0
0
0
0
0

0

0	11.0355	2.15	22.5428	8.1168	10.3263	20.4056	2.32964	8.87213	19.0739	8.37213	19.7242	15.9321	11.3459	17.2849	11.6827	13.2185	26.5578	5.25013	10.0123	
11.0355	0	8.88552	24.7459	4.10814	16.6907	19.0765	11.0938	24.4888	19.4076	19.3731	13.336	21.892	15.7178	23.2698	21.3536	11.9872	20.6477	8.96483	16.7479	
2.15	8.88552	0	24.6583	7.80646	8.17634	19.1621	3.04631	10.9876	19.9557	10.4876	14.6261	18.0476	13.4613	14.7959	13.7982	11.0685	21.0452	5.96681	7.86234	
22.5428	24.7459	24.6583	0	28.8541	18.7757	12.3395	30.8274	14.6707	15.2974	14.1707	14.3808	21.7307	17.1445	24.124	17.4813	21.1878	4.69574	16.3786	28.0763	
8.1168	4.10814	7.80646	28.8541	0	15.5351	24.1032	6.98566	17.4786	15.4557	14.5834	17.4442	15.4097	11.6097	12.8904	17.3761	7.87902	23.4538	9.90615	14.7675	
10.3263	16.6907	8.17634	18.7757	15.5351	0	10.9857	10.6463	15.2122	12.5214	15.7122	6.44981	15.0058	13.3816	8.45488	17.1532	7.65607	14.08	7.72583	14.5446	
20.4056	19.0765	19.1621	12.3395	24.1032	10.9857	0	18.076	18.3626	11.812	15.4674	5.74043	14.2964	12.4936	19.4406	23.1679	18.6418	7.64377	18.7116	24.4984	
2.32964	11.0938	3.04631	30.8274	6.98566	10.6463	18.076	0	27.3664	26.4463	10.7018	23.8164	33.5696	18.5953	15.9633	15.3093	14.1148	14.6034	2.9205	10.9086	
8.87213	24.4888	10.9876	14.6707	17.4786	15.2122	18.3626	27.3664	0	5.7242	0.5	11.7958	7.22327	3.47379	10.4534	3.81059	16.19	16.3258	22.9381	17.8176	
19.0739	19.4076	19.9557	15.2974	15.4557	12.5214	11.812	26.4463	5.7242	0	6.2242	6.07157	1.49907	3.84604	19.0269	11.7317	18.9819	10.6016	21.8897	12.0934	
8.37213	19.3731	10.4876	14.1707	14.5834	15.7122	15.4674	10.7018	0.5	6.2242	0	9.9056	6.77379	2.97379	9.95335	3.31059	12.8077	18.8348	15.6994	16.8869	
19.7242	13.336	14.6261	14.3808	17.4442	6.44981	5.74043	23.8164	11.7958	6.07157	9.9056	0	7.57064	6.93181	14.9047	14.6627	14.1059	11.4392	14.1756	18.165	
15.9321	21.892	18.0476	21.7307	15.4097	15.0058	14.2964	33.5696	7.22327	1.49907	6.77379	7.57064	0	3.8	17.5134	10.8706	23.25	12.1007	26.6354	13.5925	
11.3459	15.7178	13.4613	17.1445	11.6097	13.3816	12.4936	18.5953	3.47379	3.84604	2.97379	6.93181	3.8	0	12.9271	6.28437	18.6638	14.4477	23.3805	15.9394	
17.2849	23.2698	14.7959	24.124	12.8904	8.45488	19.4406	15.9633	10.4534	19.0269	9.95335	14.9047	17.5134	12.9271	0	9.44976	5.01135	22.5349	16.1807	6.93354	
11.6827	21.3536	13.7982	17.4813	17.3761	17.1532	23.1679	15.3093	3.81059	11.7317	3.31059	14.6627	10.8706	6.28437	9.44976	0	9.49712	15.5242	12.3888	16.3833	
13.2185	11.9872	11.0685	21.1878	7.87902	7.65607	18.6418	14.1148	16.19	18.9819	12.8077	14.1059	23.25	18.6638	5.01135	9.49712	0	21.481	15.3819	6.88851	
26.5578	20.6477	21.0452	4.69574	23.4538	14.08	7.64377	14.6034	16.3258	10.6016	18.8348	11.4392	12.1007	14.4477	22.5349	15.5242	21.481	0	11.6829	21.4791	
5.25013	8.96483	5.96681	16.3786	9.90615	7.72583	18.7116	2.9205	22.9381	21.8897	15.6994	14.1756	26.6354	23.3805	16.1807	12.3888	15.3819	11.6829	0	9.79627	
10.0123	16.7479	7.86234	28.0763	14.7675	14.5446	24.4984	10.9086	17.8176	12.0934	16.8869	18.165	13.5925	15.9394	6.93354	16.3833	6.88851	21.4791	9.79627	0	

0	21.7722	1.35	28.4805	2.81952	10.4183	10.0088	3.48242	9.41419	20.5787	16.6046	12.7931	18.4181	18.9932	7.08802	13.8174	10.9427	10.0471	15.4853	3.91945	
21.7722	0	19.9006	24.6494	22.9182	18.807	20.6364	17.7682	27.2886	31.0891	26.234	26.4675	33.7344	30.9017	18.9966	25.726	12.7854	16.6104	12.4964	26.0914	
1.35	19.9006	0	26.2883	4.16952	9.0683	13.5249	2.13242	8.06419	13.8148	9.68419	11.4431	14.8867	10.7512	8.43802	20.638	9.59273	8.17546	14.1353	3.98502	
28.4805	24.6494	26.2883	0	15.8819	23.7173	8.69265	28.113	17.2336	16	12.4904	18.3717	18.2966	14.5466	22.3955	24.967	24.1119	18.4997	12.153	46.1023	
2.81952	22.9182	4.16952	15.8819	0	15.404	7.18924	5.15001	14.3999	28.4342	10.987	17.686	21.1163	24.6372	9.90754	22.4337	10.4062	11.1931	13.7865	6.73897	
10.4183	18.807	9.0683	23.7173	15.404	0	15.0246	11.2007	17.1325	13.3364	18.8224	10.9647	21.9248	16.5548	11.6619	18.3913	6.02163	15.73	20.1147	13.0533	
10.0088	20.6364	13.5249	8.69265	7.18924	15.0246	0	12.3393	5.41779	12.8685	3.79779	10.4968	16.0378	11.4946	13.7028	9.92238	15.4192	9.8071	8.14	20.7976	
3.48242	17.7682	2.13242	28.113	5.15001	11.2007	12.3393	0	10.1966	20.7746	17.3871	13.5755	15.9663	19.7163	11.0921	15.668	10.1443	6.04305	16.2677	6.11744	
9.41419	27.2886	8.06419	17.2336	14.3999	17.1325	5.41779	10.1966	0	4.16281	1.62	8.27718	6.43701	2.68701	8.29197	7.74459	15.0686	17.4875	22.1995	12.0492	
20.5787	31.0891	13.8148	16	28.4342	13.3364	12.8685	20.7746	4.16281	0	9.17266	2.37171	4.80833	1.4758	10.8812	10.3781	16.0538	20.0031	21.8577	31.4428	
16.6046	26.234	9.68419	12.4904	10.987	18.8224	3.79779	17.3871	1.62	9.17266	0	10.6761	8.44246	4.30701	9.91197	6.12459	13.4486	13.6049	11.9378	19.2397	
12.7931	26.4675	11.4431	18.3717	17.686	10.9647	10.4968	13.5755	8.27718	2.37171	10.6761	0	7.18003	3.84751	8.50954	12.7498	13.6821	20.3039	18.6368	15.4281	
18.4181	33.7344	14.8867	18.2966	21.1163	21.9248	16.0378	15.9663	6.43701	4.80833	8.44246	7.18003	0	3.75	15.1144	10.25	22.1702	19.875	26.666	22.3375	
18.9932	30.9017	10.7512	14.5466	24.6372	16.5548	11.4946	19.7163	2.68701	1.4758	4.30701	3.84751	3.75	0	10.979	11.8539	18.0347	22.8307	23.3335	18.9999	
7.08802	18.9966	8.43802	22.3955	9.90754	11.6619	13.7028	11.0921	8.29197	10.8812	9.91197	8.50954	15.1144	10.979	0	6.72938	17.6835	16.3544	21.8428	7.09479	
13.8174	25.726	20.638	24.967	22.4337	18.3913	9.92238	15.668	7.74459	10.3781	6.12459	12.7498	10.25	11.8539	6.72938	0	19.5732	9.62499	19.6512	13.8242	
10.9427	12.7854	9.59273	24.1119	10.4062	6.02163	15.4192	10.1443	15.0686	16.0538	13.4486	13.6821	22.1702	18.0347	17.6835	19.5732	0	15.7178	14.0931	13.5778	
10.0471	16.6104	8.17546	18.4997	11.1931	15.73	9.8071	6.04305	17.4875	20.0031	13.6049	20.3039	19.875	22.8307	16.3544	9.62499	15.7178	0	17.9471	20.0071	
15.4853	12.4964	14.1353	12.153	13.7865	20.1147	8.14	16.2677	22.1995	21.8577	11.9378	18.6368	26.666	23.3335	21.8428	19.6512	14.0931	17.9471	0	18.1203	
3.91945	26.0914	3.98502	46.1023	6.73897	13.0533	20.7976	6.11744	12.0492	31.4428	19.2397	15.4281	22.3375	18.9999	7.09479	13.8242	13.5778	20.0071	18.1203	0	

0	14.3113	6.25	25.3758	5.45419	16.2129	19.2321	3.05765	10.7678	11.8097	14.235	13.3606	25.8666	11.7709	12.4632	6.62069	10.7398	13.4998	13.2253	4.72344	
14.3113	0	14.2191	32.2164	15.0413	21.9737	13.7174	18.1444	15.3919	25.0666	18.7919	18.225	20.3704	26.7056	17.3276	24.4136	21.5456	9.89553	9.23649	9.58785	
6.25	14.2191	0	28.0787	11.9925	13.5119	11.0717	9.30765	19.6895	15.99	21.7746	13.2684	18.3659	16.9291	12.371	12.8707	9.7269	7.24983	15.7513	4.63124	
25.3758	32.2164	28.0787	0	17.5153	11.6827	12.3009	19.9118	14.4901	17.5841	11.0901	9.04598	16.6827	17.9706	10.3987	18.7045	15.4677	16.1228	23.3201	17.6831	
5.45419	15.0413	11.9925	17.5153	0	9.17039	11.3385	2.39654	10.1067	14.4837	17.8454	19.1378	15.3446	11.1097	22.4322	14.4812	5.79777	7.51665	5.80483	11.933	
16.2129	21.9737	13.5119	11.6827	9.17039	0	3.2311	11.4671	7.46783	9.96456	10.8678	11.9321	10.8254	9.02541	9.91541	15.8425	3.78502	7.05298	12.7372	17.07	
19.2321	13.7174	11.0717	12.3009	11.3385	3.2311	0	16.6634	10.6989	12.3557	14.328	15.1632	13.2165	11.4165	6.68431	12.6114	7.01612	3.82188	15.9683	14.4241	
3.05765	18.1444	9.30765	19.9118	2.39654	11.4671	16.6634	0	7.71018	9.65236	11.1102	13.8594	10.5132	8.71321	17.2762	9.67834	7.68211	9.91319	8.20136	7.78109	
10.7678	15.3919	19.6895	14.4901	10.1067	7.46783	10.6989	7.71018	0	7.35443	3.4	6.14919	4.97855	6.77855	11.8457	11.0144	9.96255	18.2887	17.8778	14.7863	
11.8097	25.0666	15.99	17.5841	14.4837	9.96456	12.3557	9.65236	7.35443	0	7.49851	8.53815	2.37588	0.939149	8.29277	5.18904	19.5462	19.1976	16.1826	16.0325	
14.235	18.7919	21.7746	11.0901	17.8454	10.8678	14.328	11.1102	3.4	7.49851	0	9.54919	8.37855	6.88052	9.07511	7.61435	12.0477	18.1499	24.8767	16.8149	
13.3606	18.225	13.2684	9.04598	19.1378	11.9321	15.1632	13.8594	6.14919	8.53815	9.54919	0	7.63675	9.43675	16.3769	13.7272	13.3401	12.1395	19.7572	8.63713	
25.8666	20.3704	18.3659	16.6827	15.3446	10.8254	13.2165	10.5132	4.97855	2.37588	8.37855	7.63675	0	1.8	10.6686	7.56492	14.9411	19.7763	13.8067	16.2739	
11.7709	26.7056	16.9291	17.9706	11.1097	9.02541	11.4165	8.71321	6.77855	0.939149	6.88052	9.43675	1.8	0	9.23192	6.12819	12.8104	15.2384	15.6067	18.2497	
12.4632	17.3276	12.371	10.3987	22.4322	9.91541	6.68431	17.2762	11.8457	8.29277	9.07511	16.3769	10.6686	9.23192	0	13.4818	21.0248	10.5062	18.8599	7.73977	
6.62069	24.4136	12.8707	18.7045	14.4812	15.8425	12.6114	9.67834	11.0144	5.18904	7.61435	13.7272	7.56492	6.12819	13.4818	0	19.0486	16.4333	25.9458	11.3441	
10.7398	21.5456	9.7269	15.4677	5.79777	3.78502	7.01612	7.68211	9.96255	19.5462	12.0477	13.3401	14.9411	12.8104	21.0248	19.0486	0	13.3144	11.6026	13.285	
13.4998	9.89553	7.24983	16.1228	7.51665	7.05298	3.82188	9.91319	18.2887	19.1976	18.1499	12.1395	19.7763	15.2384	10.5062	16.4333	13.3144	0	13.3215	11.8811	
13.2253	9.23649	15.7513	23.3201	5.80483	12.7372	15.9683	8.20136	17.8778	16.1826	24.8767	19.7572	13.8067	15.6067	18.8599	25.9458	11.6026	13.3215	0	11.1201	
4.72344	9.58785	4.63124	17.6831	11.933	17.07	14.4241	7.78109	14.7863	16.0325	16.8149	8.63713	16.2739	18.2497	7.73977	11.3441	13.285	11.8811	11.1201	0	

0	15.1398	4.2	26.2472	5.21184	5.84907	10.0022	1.52882	8.93378	18.6085	10.7938	11.641	21.5922	15.0343	17.6614	12.3336	7.63918	13.6149	12.2773	12.6628	
15.1398	0	23.0187	19.903	9.928	28.0002	23.7248	15.129	22.5312	13.4794	17.1779	21.2829	16.4297	12.6297	19.8601	13.26	20.9463	15.1967	14.9414	19.5308	
4.2	23.0187	0	21.1305	9.41184	10.0491	14.2022	4.34099	13.1338	23.2279	17.3681	14.4531	22.1371	17.8465	15.6025	12.6948	8.18401	16.4271	8.07733	15.226	
26.2472	19.903	21.1305	0	18.7443	21.2436	22.0873	20.7788	19.0487	8.12303	11.8215	14.1488	11.0733	7.27332	20.5784	11.6226	32.9639	17.3742	13.0532	20.2019	
5.21184	9.928	9.41184	18.7443	0	11.0609	15.2141	5.201	14.1456	30.0445	15.3983	15.1447	31.7923	18.7065	18.0033	7.1218	12.851	17.2871	10.884	17.8747	
5.84907	28.0002	10.0491	21.2436	11.0609	0	15.8513	7.37789	14.7829	18.9005	22.599	7.09479	17.7721	18.0508	21.724	15.1177	7.05391	13.2	14.1988	18.5119	
10.0022	23.7248	14.2022	22.0873	15.2141	15.8513	0	11.5311	7.95447	17.6292	9.81447	12.6289	21.6916	20.6824	21.3463	10.4648	17.6414	9.37443	23.1962	22.6651	
1.52882	15.129	4.34099	20.7788	5.201	7.37789	11.5311	0	10.4626	14.3552	18.0536	10.1122	17.3055	13.5055	20.1806	12.3228	9.168	12.0861	12.4183	14.1917	
8.93378	22.5312	13.1338	19.0487	14.1456	14.7829	7.95447	10.4626	0	8.2665	1.86	14.3108	10.05	6.40814	20.1528	9.27121	16.573	17.3289	22.1277	21.5966	
18.6085	13.4794	23.2279	8.12303	30.0445	18.9005	17.6292	14.3552	8.2665	0	5.39785	12.997	3.79009	0.849706	33.0699	14.683	15.0439	25.5013	30.9732	26.6195	
10.7938	17.1779	17.3681	11.8215	15.3983	22.599	9.81447	18.0536	1.86	5.39785	0	16.1708	8.19	4.54814	19.158	8.27647	19.8927	28.1287	27.3616	20.213	
11.641	21.2829	14.4531	14.1488	15.1447	7.09479	12.6289	10.1122	14.3108	12.997	16.1708	0	10.6773	13.1928	18.9044	8.02287	14.1487	20.2948	21.2936	19.4335	
21.5922	16.4297	22.1371	11.0733	31.7923	17.7721	21.6916	17.3055	10.05	3.79009	8.19	10.6773	0	3.8	29.4207	16.4665	13.9531	28.0179	31.5707	24.4221	
15.0343	12.6297	17.8465	7.27332	18.7065	18.0508	20.6824	13.5055	6.40814	0.849706	4.54814	13.1928	3.8	0	27.1984	12.8246	15.8936	24.6476	20.3265	24.7612	
17.6614	19.8601	15.6025	20.5784	18.0033	21.724	21.3463	20.1806	20.1528	33.0699	19.158	18.9044	29.4207	27.1984	0	10.8815	27.1312	22.0559	7.52516	4.9986	
12.3336	13.26	12.6948	11.6226	7.1218	15.1177	10.4648	12.3228	9.27121	14.683	8.27647	8.02287	16.4665	12.8246	10.8815	0	20.8788	19.8392	18.0058	15.8801	
7.63918	20.9463	8.18401	32.9639	12.851	7.05391	17.6414	9.168	16.573	15.0439	19.8927	14.1487	13.9531	15.8936	27.1312	20.8788	0	20.2539	16.2613	20.302	
13.6149	15.1967	16.4271	17.3742	17.2871	13.2	9.37443	12.0861	17.3289	25.5013	28.1287	20.2948	28.0179	24.6476	22.0559	19.8392	20.2539	0	24.2059	17.0573	
12.2773	14.9414	8.07733	13.0532	10.884	14.1988	23.1962	12.4183	22.1277	30.9732	27.3616	21.2936	31.5707	20.3265	7.52516	18.0058	16.2613	24.2059	0	7.14863	
12.6628	19.5308	15.226	20.2019	17.8747	18.5119	22.6651	14.1917	21.5966	26.6195	20.213	19.4335	24.4221	24.7612	4.9986	15.8801	20.302	17.0573	7.14863	0	

0	7.71944	7.85	20.1563	8.88576	11.4179	16.794	3.42165	22.3948	16.5899	22.5683	19.2494	17.2971	18.2894	9.81583	13.2074	9.66122	22.1473	3.46341	7.23591	
7.71944	0	18.9421	33.7292	17.9619	14.4875	31.9795	19.5063	28.1259	25.1955	27.2259	34.5293	24.4884	26.4884	32.0558	29.1284	26.1148	35.7202	4.25603	15.6409	
7.85	18.9421	0	9.42557	7.962	3.56786	8.944	8.98661	12.043	17.16	21.2005	20.5889	16.4351	10.5105	12.3809	10.5023	1.81122	11.4166	11.3134	9.801	
20.1563	33.7292	9.42557	0	16.6171	13.1198	23.1257	18.2511	12.4105	17.7852	13.3105	12.7572	20.5237	16.1113	19.3119	21.0928	7.61435	17.2197	27.6257	16.799	
8.88576	17.9619	7.962	16.6171	0	4.39414	22.8553	8.3114	19.5974	12.3416	13.3244	13.9963	12.6422	10.6422	9.97455	8.90225	9.36562	18.6413	12.3492	8.29759	
11.4179	14.4875	3.56786	13.1198	4.39414	0	12.5119	10.452	15.7373	8.64203	9.62486	10.2967	8.94262	6.94262	11.3299	6.93441	5.37907	15.1108	10.2315	8.75	
16.794	31.9795	8.944	23.1257	22.8553	12.5119	0	17.9306	13.1565	8.19822	12.2565	11.6449	7.49111	9.49111	20.5393	13.9531	10.7552	8.79755	23.6301	18.745	
3.42165	19.5063	8.98661	18.2511	8.3114	10.452	17.9306	0	20.8686	20.0116	25.99	15.8277	20.8569	17.3946	13.9896	17.2136	10.6368	20.1435	6.88506	10.6576	
22.3948	28.1259	12.043	12.4105	19.5974	15.7373	13.1565	20.8686	0	5.80483	0.9	10.8328	6.51193	3.58224	12.1418	12.3215	10.2318	19.8372	34.1956	14.7217	
16.5899	25.1955	17.16	17.7852	12.3416	8.64203	8.19822	20.0116	5.80483	0	4.38165	5.02802	0.707107	1.69941	13.3405	17.9736	16.0366	21.2033	20.0534	15.9205	
22.5683	27.2259	21.2005	13.3105	13.3244	9.62486	12.2565	25.99	0.9	4.38165	0	6.03634	4.68224	2.68224	13.0418	11.4215	11.1318	20.4354	26.0317	17.393	
19.2494	34.5293	20.5889	12.7572	13.9963	10.2967	11.6449	15.8277	10.8328	5.02802	6.03634	0	5.3541	3.3541	18.3686	16.3323	20.3715	20.4424	34.1079	21.2199	
17.2971	24.4884	16.4351	20.5237	12.6422	8.94262	7.49111	20.8569	6.51193	0.707107	4.68224	5.3541	0	2	14.0476	21.4442	18.345	16.2887	28.7444	22.7742	
18.2894	26.4884	10.5105	16.1113	10.6422	6.94262	9.49111	17.3946	3.58224	1.69941	2.68224	3.3541	2	0	15.04	13.877	12.4481	22.9027	17.1741	15.6926	
9.81583	32.0558	12.3809	19.3119	9.97455	11.3299	20.5393	13.9896	12.1418	13.3405	13.0418	18.3686	14.0476	15.04	0	6.5862	11.7646	28.6158	13.9648	2.57992	
13.2074	29.1284	10.5023	21.0928	8.90225	6.93441	13.9531	17.2136	12.3215	17.9736	11.4215	16.3323	21.4442	13.877	6.5862	0	12.4399	22.7506	17.1659	5.97147	
9.66122	26.1148	1.81122	7.61435	9.36562	5.37907	10.7552	10.6368	10.2318	16.0366	11.1318	20.3715	18.345	12.4481	11.7646	12.4399	0	9.60534	15.737	9.18468	
22.1473	35.7202	11.4166	17.2197	18.6413	15.1108	8.79755	20.1435	19.8372	21.2033	20.4354	20.4424	16.2887	22.9027	28.6158	22.7506	9.60534	0	26.7315	18.79	
3.46341	4.25603	11.3134	27.6257	12.3492	10.2315	23.6301	6.88506	34.1956	20.0534	26.0317	34.1079	28.7444	17.1741	13.9648	17.1659	15.737	26.7315	0	10.6993	
7.23591	15.6409	9.801	16.799	8.29759	8.75	18.745	10.6576	14.7217	15.9205	17.393	21.2199	22.7742	15.6926	2.57992	5.97147	9.18468	18.79	10.6993	0	

0	8.41338	2.2	9.76463	6.1598	11.417	8.43939	10.993	7.86173	17.7885	8.48173	19.3775	12.8092	13.3065	6.62	20.6897	4.61495	12.4055	14.0186	10.6027	
8.41338	0	9.43732	18.178	5.47752	16.7745	16.8528	8.11155	15.9943	18.2877	21.1536	20.8617	19.6171	20.479	13.4326	29.1031	10.6091	20.4494	15.8469	18.7537	
2.2	9.43732	0	11.9646	3.9598	9.21696	10.6394	6.64996	7.80012	14.8761	9.61468	20.2234	20.0388	14.4394	4.42	22.8897	2.41495	13.4174	16.2144	7.40304	
9.76463	18.178	11.9646	0	23.6914	16.6236	9.67672	20.7576	16.1015	28.6652	22.5048	15.3086	14.0465	15.4927	17.3842	13.7749	22.8932	13.4611	13.5033	19.8577	
6.1598	5.47752	3.9598	23.6914	0	13.1768	16.4326	9.12724	12.9545	20.6931	15.7186	21.8774	20.8024	22.2485	8.3798	29.1366	6.37475	19.9156	12.2546	13.2201	
11.417	16.7745	9.21696	16.6236	13.1768	0	6.94686	10.8815	13.3716	27.5759	20.9757	18.4277	11.3167	12.7628	13.637	37.3998	11.269	6.16	19.6278	22.5066	
8.43939	16.8528	10.6394	9.67672	16.4326	6.94686	0	16.304	6.42476	5.69918	7.04476	9.60241	4.36982	5.81598	16.059	23.4516	11.8099	3.96611	14.06	15.5598	
10.993	8.11155	6.64996	20.7576	9.12724	10.8815	16.304	0	9.62017	15.7772	13.2252	12.7501	17.9827	17.5664	5.32109	24.2206	4.23501	12.3379	19.0373	8.30413	
7.86173	15.9943	7.80012	16.1015	12.9545	13.3716	6.42476	9.62017	0	7.63607	0.62	11.2585	6.89472	5.44472	8.52413	16.8419	5.38516	10.3909	20.4848	21.6024	
17.7885	18.2877	14.8761	28.6652	20.6931	27.5759	5.69918	15.7772	7.63607	0	9.60936	6.56195	1.32936	2.19135	10.4561	14.8903	17.3173	20.9419	23.2851	13.4391	
8.48173	21.1536	9.61468	22.5048	15.7186	20.9757	7.04476	13.2252	0.62	9.60936	0	12.1358	8.28	6.06472	7.90413	16.2219	6.00516	22.4898	22.2703	10.8872	
19.3775	20.8617	20.2234	15.3086	21.8774	18.4277	9.60241	12.7501	11.2585	6.56195	12.1358	0	5.23259	5.81378	15.8034	24.3742	16.9009	15.447	25.5409	18.7865	
12.8092	19.6171	20.0388	14.0465	20.8024	11.3167	4.36982	17.9827	6.89472	1.32936	8.28	5.23259	0	1.45	11.7855	16.2196	17.5863	8.33592	18.4298	17.6077	
13.3065	20.479	14.4394	15.4927	22.2485	12.7628	5.81598	17.5664	5.44472	2.19135	6.06472	5.81378	1.45	0	12.2453	17.0816	10.8299	9.78208	19.876	15.2283	
6.62	13.4326	4.42	17.3842	8.3798	13.637	16.059	5.32109	8.52413	10.4561	7.90413	15.8034	11.7855	12.2453	0	18.8995	6.83495	17.659	9.33737	2.98304	
20.6897	29.1031	22.8897	13.7749	29.1366	37.3998	23.4516	24.2206	16.8419	14.8903	16.2219	24.3742	16.2196	17.0816	18.8995	0	27.6694	27.236	27.2782	21.6208	
4.61495	10.6091	2.41495	22.8932	6.37475	11.269	11.8099	4.23501	5.38516	17.3173	6.00516	16.9009	17.5863	10.8299	6.83495	27.6694	0	11.0025	23.1361	11.7529	
12.4055	20.4494	13.4174	13.4611	19.9156	6.16	3.96611	12.3379	10.3909	20.9419	22.4898	15.447	8.33592	9.78208	17.659	27.236	11.0025	0	18.0261	19.5259	
14.0186	15.8469	16.2144	13.5033	12.2546	19.6278	14.06	19.0373	20.4848	23.2851	22.2703	25.5409	18.4298	19.876	9.33737	27.2782	23.1361	18.0261	0	6.35434	
10.6027	18.7537	7.40304	19.8577	13.2201	22.5066	15.5598	8.30413	21.6024	13.4391	10.8872	18.7865	17.6077	15.2283	2.98304	21.6208	11.7529	19.5259	6.35434	0	

0	12.3308	8.2	25.1839	6.408	16.7967	7.18911	6.26089	25.6663	12.1274	13.8081	16.3731	24.8765	25.4982	5.79588	18.7586	12.0237	15.6982	9.07083	3.21596	
12.3308	0	8.76721	23.4169	7.53294	10.9858	20.6499	8.12743	12.7381	18.7626	16.1781	23.5478	22.57	16.8396	23.441	16.32	27.8715	21.8558	3.25994	24.1219	
8.2	8.76721	0	15.4107	5.43892	13.2331	9.43067	3.9602	12.9741	19.5	9.53415	14.0724	12.7741	13.2076	11.2162	16.9735	3.82368	18.1444	5.50727	11.416	
25.1839	23.4169	15.4107	0	20.4017	10.3846	17.1941	18.6373	10.6788	14.3239	11.0901	12.2733	10.2226	14.7636	18.7015	16.4726	11.5871	10.0176	18.1104	32.4166	
6.408	7.53294	5.43892	20.4017	0	11.9988	8.18431	1.47872	25.9884	16.3289	9.0259	11.5909	25.7884	26.2219	5.51225	13.3871	18.0248	20.615	4.273	8.09217	
16.7967	10.9858	13.2331	10.3846	11.9988	0	16.4291	12.5933	11.6177	13.323	8.17773	11.2724	9.22176	11.8512	15.7891	13.5673	13.9358	7.92	7.72583	21.7066	
7.18911	20.6499	9.43067	17.1941	8.18431	16.4291	0	6.70559	13.1618	4.93831	14.2528	14.2691	9.03953	6.86133	13.9616	18.7569	5.607	8.5091	11.5731	10.4051	
6.26089	8.12743	3.9602	18.6373	1.47872	12.5933	6.70559	0	10.9872	11.6439	7.54718	10.1122	10.7872	11.2207	6.99097	15.1308	7.78388	15.2147	4.86749	9.47685	
25.6663	12.7381	12.9741	10.6788	25.9884	11.6177	13.1618	10.9872	0	8.2235	3.44	13.5671	6.68	6.85894	11.0514	19.8027	22.2659	10.8466	15.998	22.4503	
12.1274	18.7626	19.5	14.3239	16.3289	13.323	4.93831	11.6439	8.2235	0	5.59652	6.15183	4.10122	1.92302	10.8167	10.3512	10.5453	13.4474	22.3283	13.3966	
13.8081	16.1781	9.53415	11.0901	9.0259	8.17773	14.2528	7.54718	3.44	5.59652	0	5.29061	3.24	3.6735	7.61139	9.49	13.3578	10.3379	12.4147	10.1913	
16.3731	23.5478	14.0724	12.2733	11.5909	11.2724	14.2691	10.1122	13.5671	6.15183	5.29061	0	2.05061	6.7082	17.3682	8.30061	19.8761	12.6064	14.9797	20.8146	
24.8765	22.57	12.7741	10.2226	25.7884	9.22176	9.03953	10.7872	6.68	4.10122	3.24	2.05061	0	6.02424	10.8514	6.25	19.3999	13.5779	16.9476	36.003	
25.4982	16.8396	13.2076	14.7636	26.2219	11.8512	6.86133	11.2207	6.85894	1.92302	3.6735	6.7082	6.02424	0	11.2849	14.9	21.515	14.0114	20.0996	29.3092	
5.79588	23.441	11.2162	18.7015	5.51225	15.7891	13.9616	6.99097	11.0514	10.8167	7.61139	17.3682	10.8514	11.2849	0	7.8748	21.0247	17.9493	9.78525	2.57992	
18.7586	16.32	16.9735	16.4726	13.3871	13.5673	18.7569	15.1308	19.8027	10.3512	9.49	8.30061	6.25	14.9	7.8748	0	13.1499	13.0403	19.5799	10.4547	
12.0237	27.8715	3.82368	11.5871	18.0248	13.9358	5.607	7.78388	22.2659	10.5453	13.3578	19.8761	19.3999	21.515	21.0247	13.1499	0	14.1161	9.33094	17.8251	
15.6982	21.8558	18.1444	10.0176	20.615	7.92	8.5091	15.2147	10.8466	13.4474	10.3379	12.6064	13.5779	14.0114	17.9493	13.0403	14.1161	0	15.6458	33.2969	
9.07083	3.25994	5.50727	18.1104	4.273	7.72583	11.5731	4.86749	15.998	22.3283	12.4147	14.9797	16.9476	20.0996	9.78525	19.5799	9.33094	15.6458	0	12.2868	
3.21596	24.1219	11.416	32.4166	8.09217	21.7066	10.4051	9.47685	22.4503	13.3966	10.1913	20.8146	36.003	29.3092	2.57992	10.4547	17.8251	33.2969	12.2868	0	

0	7.01339	4.5	33.5855	2.73408	10.069	13.0044	9.51578	16.5963	21.165	25.2589	18.207	15.7454	22.0083	7.9307	17.6151	14.3611	22.746	12.5773	3.81895	
7.01339	0	9.70989	33.4208	4.27931	11.6131	14.5497	9.6566	22.7827	22.5147	19.6027	19.3121	23.4947	18.4638	19.3813	24.5775	17.2313	27.5158	4.52769	15.2695	
4.5	9.70989	0	25.0898	5.43058	9.81161	13.5274	5.17873	12.0963	14.4415	15.2763	14.9224	11.2454	18.0454	8.09677	16.7454	9.86106	20.7828	8.07733	3.98502	
33.5855	33.4208	25.0898	0	28.4757	21.8077	16.8561	25.1761	21.3063	14.6074	18.7823	15.7031	18.7018	11.9018	29.7778	26.587	15.2287	25.6701	25.8379	28.0577	
2.73408	4.27931	5.43058	28.4757	0	13.9861	10.2703	6.7817	17.5269	21.0058	23.882	20.941	16.676	15.2247	23.9606	24.7154	15.2916	18.491	8.807	6.55303	
10.069	11.6131	9.81161	21.8077	13.9861	0	3.71576	14.0835	13.1999	14.1421	17.0542	19.4222	17.3383	8.67012	10.2042	12.9643	12.3013	11.9364	15.6605	6.25	
13.0044	14.5497	13.5274	16.8561	10.2703	3.71576	0	17.052	9.48418	7.65999	11.8349	8.75567	11.7544	4.95435	13.9199	16.3064	16.0171	8.22066	18.8904	9.96576	
9.51578	9.6566	5.17873	25.1761	6.7817	14.0835	17.052	0	17.275	16.6468	20.8217	17.7424	16.4241	13.9411	11.9453	21.6297	9.94735	25.9616	10.9248	7.83352	
16.5963	22.7827	12.0963	21.3063	17.5269	13.1999	9.48418	17.275	0	6.09204	3.18	9.16788	10.47	9.40452	12.8406	6.82221	21.9573	14.0704	20.1736	14.1965	
21.165	22.5147	14.4415	14.6074	21.0058	14.1421	7.65999	16.6468	6.09204	0	2.91204	6.50696	3.19612	2.70564	11.5378	8.69612	25.0201	12.8939	16.6417	15.6495	
25.2589	19.6027	15.2763	18.7823	23.882	17.0542	11.8349	20.8217	3.18	2.91204	0	9.39905	6.10817	5.61769	9.66061	10.0022	29.114	14.3015	20.8166	13.7724	
18.207	19.3121	14.9224	15.7031	20.941	19.4222	8.75567	17.7424	9.16788	6.50696	9.39905	0	3.67696	3.80132	19.0597	9.17696	25.501	4.9025	14.7844	22.0259	
15.7454	23.4947	11.2454	18.7018	16.676	17.3383	11.7544	16.4241	10.47	3.19612	6.10817	3.67696	0	5.90176	14.7339	5.5	21.1065	8.57945	18.4614	15.2304	
22.0083	18.4638	18.0454	11.9018	15.2247	8.67012	4.95435	13.9411	9.40452	2.70564	5.61769	3.80132	5.90176	0	14.2434	12.3	23.8885	8.70381	13.9361	21.5073	
7.9307	19.3813	8.09677	29.7778	23.9606	10.2042	13.9199	11.9453	12.8406	11.5378	9.66061	19.0597	14.7339	14.2434	0	17.9079	22.5055	24.4317	25.8646	4.11175	
17.6151	24.5775	16.7454	26.587	24.7154	12.9643	16.3064	21.6297	6.82221	8.69612	10.0022	9.17696	5.5	12.3	17.9079	0	25.2657	31.4443	28.6213	13.7961	
14.3611	17.2313	9.86106	15.2287	15.2916	12.3013	16.0171	9.94735	21.9573	25.0201	29.114	25.501	21.1065	23.8885	22.5055	25.2657	0	24.6246	12.7036	13.8461	
22.746	27.5158	20.7828	25.6701	18.491	11.9364	8.22066	25.9616	14.0704	12.8939	14.3015	4.9025	8.57945	8.70381	24.4317	31.4443	24.6246	0	19.6869	24.73	
12.5773	4.52769	8.07733	25.8379	8.807	15.6605	18.8904	10.9248	20.1736	16.6417	20.8166	14.7844	18.4614	13.9361	25.8646	28.6213	12.7036	19.6869	0	12.0623	
3.81895	15.2695	3.98502	28.0577	6.55303	6.25	9.96576	7.83352	14.1965	15.6495	13.7724	22.0259	15.2304	21.5073	4.11175	13.7961	13.8461	24.73	12.0623	0	

0	6.88368	2.9	15.5408	10.2528	22.2259	28.923	11.1386	12.0841	15.77	9.46414	19.0951	14.7741	12.3213	13.8557	14.8966	8.26656	11.3581	4.28803	9.3622	
6.88368	0	9.78368	23.387	7.36041	15.8007	32.7888	16.4367	18.0456	15.0871	16.0883	15.0755	16.8811	13.2311	14.95	18.6926	9.52103	20.3489	11.1717	18.042	
2.9	9.78368	0	21.1366	9.97504	11.6463	14.0107	12.4577	17.143	12.87	12.3641	21.9951	15.0762	14.7259	8.9615	17.7966	5.36656	8.45813	7.18803	6.4622	
15.5408	23.387	21.1366	0	24.5555	13.5344	8.36462	26.149	21.5329	20.3698	21.3711	26.0779	22.1639	18.5139	35.4348	30.9042	23.5063	12.6785	11.2528	23.5033	
10.2528	7.36041	9.97504	24.5555	0	10.8882	22.45	9.07625	14.6992	10.4262	12.7632	19.6281	12.6324	12.2822	10.0374	25.1494	4.60848	15.4363	13.3027	13.4651	
22.2259	15.8007	11.6463	13.5344	10.8882	0	5.16976	13.3709	17.7015	12.2699	13.2711	22.8831	14.0639	10.4139	11.7087	9.94938	6.2797	10.7223	26.7246	15.1364	
28.923	32.7888	14.0107	8.36462	22.45	5.16976	0	17.7844	14.4069	12.0237	20.8878	17.7133	14.2299	13.8796	21.0376	15.1191	11.4495	5.55255	16.6039	16.3774	
11.1386	16.4367	12.4577	26.149	9.07625	13.3709	17.7844	0	19.6079	19.5025	17.7359	10.5518	22.7141	20.5931	11.8655	19.7818	7.09118	17.919	15.4266	9.36616	
12.0841	18.0456	17.143	21.5329	14.6992	17.7015	14.4069	19.6079	0	4.273	2.62	9.05608	6.47917	5.47717	11.3716	8.22164	19.6822	8.85438	19.9057	19.6792	
15.77	15.0871	12.87	20.3698	10.4262	12.2699	12.0237	19.5025	4.273	0	4.7131	9.39196	2.20617	1.85594	9.01388	12.1638	14.4428	13.1274	16.5651	11.5132	
9.46414	16.0883	12.3641	21.3711	12.7632	13.2711	20.8878	17.7359	2.62	4.7131	0	11.6761	5.31	2.85717	20.365	10.8416	17.3717	11.4744	13.7522	17.0914	
19.0951	15.0755	21.9951	26.0779	19.6281	22.8831	17.7133	10.5518	9.05608	9.39196	11.6761	0	11.5981	11.2479	18.4058	17.2777	17.1026	17.9105	23.3831	19.918	
14.7741	16.8811	15.0762	22.1639	12.6324	14.0639	14.2299	22.7141	6.47917	2.20617	5.31	11.5981	0	3.65	11.2201	21.129	20.6282	21.7617	14.359	17.8842	
12.3213	13.2311	14.7259	18.5139	12.2822	10.4139	13.8796	20.5931	5.47717	1.85594	2.85717	11.2479	3.65	0	10.8698	18.6161	16.6936	19.2488	18.009	14.2342	
13.8557	14.95	8.9615	35.4348	10.0374	11.7087	21.0376	11.8655	11.3716	9.01388	20.365	18.4058	11.2201	10.8698	0	3.14992	5.42896	13.3241	21.1221	2.4993	
14.8966	18.6926	17.7966	30.9042	25.1494	9.94938	15.1191	19.7818	8.22164	12.1638	10.8416	17.2777	21.129	18.6161	3.14992	0	8.57888	17.076	19.1846	5.64922	
8.26656	9.52103	5.36656	23.5063	4.60848	6.2797	11.4495	7.09118	19.6822	14.4428	17.3717	17.1026	20.6282	16.6936	5.42896	8.57888	0	10.8278	17.9112	7.92826	
11.3581	20.3489	8.45813	12.6785	15.4363	10.7223	5.55255	17.919	8.85438	13.1274	11.4744	17.9105	21.7617	19.2488	13.3241	17.076	10.8278	0	11.0514	10.8248	
4.28803	11.1717	7.18803	11.2528	13.3027	26.7246	16.6039	15.4266	19.9057	16.5651	13.7522	23.3831	14.359	18.009	21.1221	19.1846	17.9112	11.0514	0	15.6444	
9.3622	18.042	6.4622	23.5033	13.4651	15.1364	16.3774	9.36616	19.6792	11.5132	17.0914	19.918	17.8842	14.2342	2.4993	5.64922	7.92826	10.8248	15.6444	0	

0	8.63909	6.25	12.8716	2.9904	17.7855	15.6285	6.18809	10.6041	16.0461	9.46414	25.9613	16.1241	19.3185	12.5878	6.34483	12.3929	17.2118	8.67592	10.6529	
8.63909	0	14.2191	20.4694	5.64869	6.70981	10.1025	8.46438	20.4829	15.1951	16.932	27.8977	16.6409	41.1339	11.5228	17.9382	13.8735	13.2389	5.97655	9.58785	
6.25	14.2191	0	14.7305	9.2404	12.1902	15.5828	5.9403	12.2632	17.934	11.1232	22.3423	17.7832	20.9775	6.56618	12.5948	8.31817	17.0192	8.42813	4.63124	
12.8716	20.4694	14.7305	0	15.862	13.7596	15.4293	19.0597	33.9553	22.2449	22.3357	20.6434	23.6907	36.3619	23.3807	19.2164	23.0486	11.8959	19.1582	19.3617	
2.9904	5.64869	9.2404	15.862	0	12.3585	18.6189	8.36239	24.0741	29.2928	12.4545	26.6603	24.1038	30.1201	18.7145	9.33523	12.6362	19.4413	10.8502	13.6433	
17.7855	6.70981	12.1902	13.7596	12.3585	0	3.39265	11.5974	11.3622	8.48528	10.2222	13.7254	9.93112	9.31263	9.62107	18.1865	11.7852	6.92609	9.81389	11.556	
15.6285	10.1025	15.5828	15.4293	18.6189	3.39265	0	14.6124	15.8133	11.8779	13.6148	10.3328	13.3238	22.513	6.68431	14.4004	15.1778	3.53344	10.7958	8.61925	
6.18809	8.46438	5.9403	19.0597	8.36239	11.5974	14.6124	0	14.3476	20.0827	13.2076	20.2289	19.8676	23.0619	13.6852	12.5329	6.20478	9.75015	2.48783	10.5715	
10.6041	20.4829	12.2632	33.9553	24.0741	11.3622	15.8133	14.3476	0	7.25603	1.14	12.6635	7.8	6.57609	12.8299	15.3755	25.0987	17.7287	21.2167	10.895	
16.0461	15.1951	17.934	22.2449	29.2928	8.48528	11.8779	20.0827	7.25603	0	8.39603	5.40749	4.24264	0.827345	15.2377	9.70124	17.8427	20.5682	18.2992	13.3027	
9.46414	16.932	11.1232	22.3357	12.4545	10.2222	13.6148	13.2076	1.14	8.39603	0	16.6807	6.66	7.71609	19.8432	14.2355	19.4124	16.5887	15.6954	12.035	
25.9613	27.8977	22.3423	20.6434	26.6603	13.7254	10.3328	20.2289	12.6635	5.40749	16.6807	0	9.65014	6.23484	17.0171	15.1087	14.0242	13.8662	29.7467	18.7102	
16.1241	16.6409	17.7832	23.6907	24.1038	9.93112	13.3238	19.8676	7.8	4.24264	6.66	9.65014	0	5.06999	19.5522	11.75	21.7163	17.6512	19.745	17.5454	
19.3185	41.1339	20.9775	36.3619	30.1201	9.31263	22.513	23.0619	6.57609	0.827345	7.71609	6.23484	5.06999	0	27.1241	10.5286	18.6701	24.5323	25.627	14.1301	
12.5878	11.5228	6.56618	23.3807	18.7145	9.62107	6.68431	13.6852	12.8299	15.2377	19.8432	17.0171	19.5522	27.1241	0	13.4588	21.4063	10.2178	19.435	1.93494	
6.34483	17.9382	12.5948	19.2164	9.33523	18.1865	14.4004	12.5329	15.3755	9.70124	14.2355	15.1087	11.75	10.5286	13.4588	0	23.6755	10.8669	11.9616	15.3937	
12.3929	13.8735	8.31817	23.0486	12.6362	11.7852	15.1778	6.20478	25.0987	17.8427	19.4124	14.0242	21.7163	18.6701	21.4063	23.6755	0	17.2837	8.69261	12.9494	
17.2118	13.2389	17.0192	11.8959	19.4413	6.92609	3.53344	9.75015	17.7287	20.5682	16.5887	13.8662	17.6512	24.5323	10.2178	10.8669	17.2837	0	7.26232	22.8292	
8.67592	5.97655	8.42813	19.1582	10.8502	9.81389	10.7958	2.48783	21.2167	18.2992	15.6954	29.7467	19.745	25.627	19.435	11.9616	8.69261	7.26232	0	14.2381	
10.6529	9.58785	4.63124	19.3617	13.6433	11.556	8.61925	10.5715	10.895	13.3027	12.035	18.7102	17.5454	14.1301	1.93494	15.3937	12.9494	22.8292	14.2381	0	

0	12.0495	1.75	17.7539	4.95552	8.01063	14.3768	3.85846	12.7362	14.23	10.5562	26.3026	21.9862	17.5533	22.66	15.4483	7.7203	9.48315	8.24621	7.67368	
12.0495	0	16.3993	15.9563	9.60809	14.0019	20.4751	9.84974	23.3532	25.8301	25.5332	28.2897	26.5376	22.2524	36.9757	29.187	10.3536	14.2231	3.80326	25.6427	
1.75	16.3993	0	19.5039	6.70552	10.7017	12.6268	5.60846	12.3498	12.48	10.1698	24.4499	17.5429	16.0577	20.4357	17.1983	5.9703	7.73315	9.99621	5.92368	
17.7539	15.9563	19.5039	0	17.9578	22.5865	25.6265	21.6123	19.0487	26.0629	21.2287	24.3546	24.6077	23.2923	26.0938	16.3577	18.7033	22.5729	12.153	31.5222	
4.95552	9.60809	6.70552	17.9578	0	9.25119	19.3337	5.09902	19.9648	26.0855	15.5117	35.3094	27.0638	25.5509	28.0862	20.4038	9.03856	16.2247	5.80483	16.4108	
8.01063	14.0019	10.7017	22.5865	9.25119	0	14.0152	4.15217	21.6411	19.6049	22.6573	16.1245	14.542	20.442	12.5365	22.2727	6.79584	8.03	13.3461	18.4112	
14.3768	20.4751	12.6268	25.6265	19.3337	14.0152	0	18.2367	6.57774	13.5919	8.75774	21.9775	13.6768	12.1639	20.2003	13.5749	15.4192	5.98522	16.4051	17.138	
3.85846	9.84974	5.60846	21.6123	5.09902	4.15217	18.2367	0	25.0638	19.0296	14.4146	20.2767	18.6942	24.9357	16.6887	19.3067	3.93954	12.1822	10.4899	12.4732	
12.7362	23.3532	12.3498	19.0487	19.9648	21.6411	6.57774	25.0638	0	7.01416	2.18	11.6235	7.09905	5.58614	13.6225	6.99714	18.1502	12.563	25.7696	16.6889	
14.23	25.8301	12.48	26.0629	26.0855	19.6049	13.5919	19.0296	7.01416	0	6.4065	9.61509	5.06288	3.57771	20.6367	10.5124	18.4503	17.1106	25.5139	9.67471	
10.5562	25.5332	10.1698	21.2287	15.5117	22.6573	8.75774	14.4146	2.18	6.4065	0	13.0345	9.27905	6.99714	15.8025	9.17714	15.9702	17.9029	18.8024	16.0812	
26.3026	28.2897	24.4499	24.3546	35.3094	16.1245	21.9775	20.2767	11.6235	9.61509	13.0345	0	10.3238	6.03738	28.6611	12.9721	22.9204	22.3714	35.5435	25.5177	
21.9862	26.5376	17.5429	24.6077	27.0638	14.542	13.6768	18.6942	7.09905	5.06288	9.27905	10.3238	0	5.9	17.9861	8.25	21.3378	12.0477	22.4675	14.7376	
17.5533	22.2524	16.0577	23.2923	25.5509	20.442	12.1639	24.9357	5.58614	3.57771	6.99714	6.03738	5.9	0	16.6708	6.93467	22.9673	17.9477	26.0556	13.2524	
22.66	36.9757	20.4357	26.0938	28.0862	12.5365	20.2003	16.6887	13.6225	20.6367	15.8025	28.6611	17.9861	16.6708	0	9.73612	19.3324	20.5665	31.607	14.5121	
15.4483	29.187	17.1983	16.3577	20.4038	22.2727	13.5749	19.3067	6.99714	10.5124	9.17714	12.9721	8.25	6.93467	9.73612	0	25.5692	20.2977	23.6945	24.2482	
7.7203	10.3536	5.9703	18.7033	9.03856	6.79584	15.4192	3.93954	18.1502	18.4503	15.9702	22.9204	21.3378	22.9673	19.3324	25.5692	0	13.7035	6.55031	11.894	
9.48315	14.2231	7.73315	22.5729	16.2247	8.03	5.98522	12.1822	12.563	17.1106	17.9029	22.3714	12.0477	17.9477	20.5665	20.2977	13.7035	0	10.4199	11.1528	
8.24621	3.80326	9.99621	12.153	5.80483	13.3461	16.4051	10.4899	25.7696	25.5139	18.8024	35.5435	22.4675	26.0556	31.607	23.6945	6.55031	10.4199	0	18.9575	
7.67368	25.6427	5.92368	31.5222	16.4108	18.4112	17.138	12.4732	16.6889	9.67471	16.0812	25.5177	14.7376	13.2524	14.5121	24.2482	11.894	11.1528	18.9575	0	

0	8.15489	6.85	18.218	12.5342	16.3125	13.4265	3.71286	11.4843	16.2746	15.1559	17.9964	16.8541	14.7541	14.46	20.0762	10.6036	14.7951	6.41702	4.22095	
8.15489	0	11.1439	15.5032	13.2633	17.0417	15.5137	4.44204	22.6059	18.8973	19.6027	21.7433	20.4246	20.4178	16.6587	27.0444	7.88885	12.0803	7.1462	14.9289	
6.85	11.1439	0	15.1275	7.80646	13.1559	6.57647	6.70188	15.1979	18.9065	18.5179	27.57	18.8536	21.6041	16.2687	15.6996	7.51319	8.30714	9.40604	11.0709	
18.218	15.5032	15.1275	0	19.6559	20.5083	10.1688	16.6753	24.701	27.2064	24.9527	26.906	22.4459	30.1483	16.3842	19.2919	7.61435	11.8058	11.9812	24.1796	
12.5342	13.2633	7.80646	19.6559	0	5.34939	12.3244	8.10588	17.785	22.9528	14.465	19.6581	21.6624	13.6805	20.8114	21.4476	9.76859	14.0551	5.40171	18.8312	
16.3125	17.0417	13.1559	20.5083	5.34939	0	10.3395	12.5997	15.7558	9.85167	15.6198	11.5734	10.4311	8.33115	20.0318	19.4627	15.3121	12.0702	10.7511	14	
13.4265	15.5137	6.57647	10.1688	12.3244	10.3395	0	13.2784	14.5322	13.8045	17.8522	13.8327	12.2771	10.035	9.69225	9.12316	5.92208	1.73066	15.9814	16.8198	
3.71286	4.44204	6.70188	16.6753	8.10588	12.5997	13.2784	0	19.1691	23.3393	15.8491	16.9606	29.5291	16.1043	17.8308	26.0577	7.07104	13.2524	2.70416	7.9338	
11.4843	22.6059	15.1979	24.701	17.785	15.7558	14.5322	19.1691	0	3.70864	3.32	6.55469	5.23599	5.22916	13.0302	19.7669	21.8001	15.729	20.8247	7.26333	
16.2746	18.8973	18.9065	27.2064	22.9528	9.85167	13.8045	23.3393	3.70864	0	7.02864	2.84605	1.52735	1.52053	16.7389	16.2774	19.592	9.82486	14.9206	10.972	
15.1559	19.6027	18.5179	24.9527	14.465	15.6198	17.8522	15.8491	3.32	7.02864	0	10.531	8.75953	7.28869	11.7098	19.3669	20.4797	15.593	18.5533	10.5833	
17.9964	21.7433	27.57	26.906	19.6581	11.5734	13.8327	16.9606	6.55469	2.84605	10.531	0	1.55563	3.2423	25.8694	16.3056	18.1986	11.5466	14.2564	24.3693	
16.8541	20.4246	18.8536	22.4459	21.6624	10.4311	12.2771	29.5291	5.23599	1.52735	8.75953	1.55563	0	2.1	18.4698	14.75	21.1193	10.4043	15.5001	12.7029	
14.7541	20.4178	21.6041	30.1483	13.6805	8.33115	10.035	16.1043	5.22916	1.52053	7.28869	3.2423	2.1	0	18.9985	16.85	12.4958	8.30434	13.4001	14.688	
14.46	16.6587	16.2687	16.3842	20.8114	20.0318	9.69225	17.8308	13.0302	16.7389	11.7098	25.8694	18.4698	18.9985	0	18.8154	8.76986	11.4229	13.1367	10.2391	
20.0762	27.0444	15.6996	19.2919	21.4476	19.4627	9.12316	26.0577	19.7669	16.2774	19.3669	16.3056	14.75	16.85	18.8154	0	20.7376	10.8538	37.4675	15.8553	
10.6036	7.88885	7.51319	7.61435	9.76859	15.3121	5.92208	7.07104	21.8001	19.592	20.4797	18.1986	21.1193	12.4958	8.76986	20.7376	0	4.19142	4.36688	14.8246	
14.7951	12.0803	8.30714	11.8058	14.0551	12.0702	1.73066	13.2524	15.729	9.82486	15.593	11.5466	10.4043	8.30434	11.4229	10.8538	4.19142	0	8.5583	15.0891	
6.41702	7.1462	9.40604	11.9812	5.40171	10.7511	15.9814	2.70416	20.8247	14.9206	18.5533	14.2564	15.5001	13.4001	13.1367	37.4675	4.36688	8.5583	0	20.9321	
4.22095	14.9289	11.0709	24.1796	18.8312	14	16.8198	7.9338	7.26333	10.972	10.5833	24.3693	12.7029	14.688	10.2391	15.8553	14.8246	15.0891	20.9321	0	

0	15.3772	5.2	26.8699	10.2528	10.5518	12.0395	10.629	25.6881	12.2242	23.6604	18.7701	14.4021	13.6105	25.2632	27.2067	9.35909	13.8203	9.40068	8.00029	
15.3772	0	19.1351	34.084	11.7008	15.3728	29.7145	20.6872	34.499	23.1644	35.1038	29.7103	25.3423	24.5508	28.9266	31.9842	26.4215	20.8169	5.97655	16.3349	
5.2	19.1351	0	10.8037	10.3261	5.35178	6.83953	5.78799	14.3351	17.4242	12.0692	18.3206	13.1034	16.0023	14.3898	18.4496	4.15909	7.77178	14.6007	2.80029	
26.8699	34.084	10.8037	0	16.6171	5.45192	16.7292	18.6243	9.87729	12.0999	6.77729	10.6696	8.93729	12.872	14.4899	19.3575	7.86057	7.87192	14.8482	24.9147	
10.2528	11.7008	10.3261	16.6171	0	13.1824	23.2795	4.53813	30.775	22.477	19.8998	27.2867	26.5391	32.6651	22.0034	23.9469	15.5911	15.6024	5.7242	8.29759	
10.5518	15.3728	5.35178	5.45192	13.1824	0	7.39566	11.1398	9.81742	10.7294	6.71742	10.5908	8.87742	12.1561	9.03798	17.0127	2.40865	2.42	9.39628	8.15207	
12.0395	29.7145	6.83953	16.7292	23.2795	7.39566	0	12.6275	7.49556	13.2851	10.5956	13.1465	16.855	9.54617	14.0371	19.5684	10.5642	4.97566	19.8161	9.63982	
10.629	20.6872	5.78799	18.6243	4.53813	11.1398	12.6275	0	35.5759	22.8531	19.8898	33.8537	20.7629	23.6619	22.2104	29.8388	9.94707	15.5924	10.2623	8.58827	
25.6881	34.499	14.3351	9.87729	30.775	9.81742	7.49556	35.5759	0	3.43697	3.1	14.0872	5.00061	2.05061	19.7383	15.6802	13.8939	11.7867	31.7998	22.3189	
12.2242	23.1644	17.4242	12.0999	22.477	10.7294	13.2851	22.8531	3.43697	0	4.33789	5.14774	2.17789	1.38636	14.7872	19.3349	11.1222	8.3094	21.6249	23.7815	
23.6604	35.1038	12.0692	6.77729	19.8998	6.71742	10.5956	19.8898	3.1	4.33789	0	5.12985	2.16	5.11	14.7693	12.5802	9.12607	9.13742	16.1137	19.2189	
18.7701	29.7103	18.3206	10.6696	27.2867	10.5908	13.1465	33.8537	14.0872	5.14774	5.12985	0	2.96985	5.91985	15.5791	22.7636	11.9141	8.17083	23.0112	33.1007	
14.4021	25.3423	13.1034	8.93729	26.5391	8.87742	16.855	20.7629	5.00061	2.17789	2.16	2.96985	0	2.95	12.6093	14.7402	8.94427	10.4873	29.3892	21.3789	
13.6105	24.5508	16.0023	12.872	32.6651	12.1561	9.54617	23.6619	2.05061	1.38636	5.11	5.91985	2.95	0	15.5593	17.9485	11.8432	9.69576	24.5765	29.598	
25.2632	28.9266	14.3898	14.4899	22.0034	9.03798	14.0371	22.2104	19.7383	14.7872	14.7693	15.5791	12.6093	15.5593	0	11.5974	11.4466	11.458	18.4343	13.7058	
27.2067	31.9842	18.4496	19.3575	23.9469	17.0127	19.5684	29.8388	15.6802	19.3349	12.5802	22.7636	14.7402	17.9485	11.5974	0	18.0202	14.5927	29.4331	15.6494	
9.35909	26.4215	4.15909	7.86057	15.5911	2.40865	10.5642	9.94707	13.8939	11.1222	9.12607	11.9141	8.94427	11.8432	11.4466	18.0202	0	4.82865	11.8049	6.95937	
13.8203	20.8169	7.77178	7.87192	15.6024	2.42	4.97566	15.5924	11.7867	8.3094	9.13742	8.17083	10.4873	9.69576	11.458	14.5927	4.82865	0	11.8163	12.95	
9.40068	5.97655	14.6007	14.8482	5.7242	9.39628	19.8161	10.2623	31.7998	21.6249	16.1137	23.0112	29.3892	24.5765	18.4343	29.4331	11.8049	11.8163	0	14.0218	
8.00029	16.3349	2.80029	24.9147	8.29759	8.15207	9.63982	8.58827	22.3189	23.7815	19.2189	33.1007	21.3789	29.598	13.7058	15.6494	6.95937	12.95	14.0218	0	

0	14.8013	5.81883	10.0512	2.9904	4.33963	14.7309	8.00812	17.2158	16.381	15.8624	11.1018	17.362	20.961	6.88373	17.5242	8.77935	10.0773	8.7146	3.41696	
14.8013	0	14.6393	19.1431	11.8109	20.6117	28.275	16.03	26.1238	15.2398	18.0062	14.4957	18.8884	16.7379	23.4104	35.9692	25.0962	21.5434	9.23649	19.7338	
