10
10
2
2
30

6	25
1	50
11	25
47	42
3	33
22	35
37	29
8	32
40	14
47	10

40	12
50	19
49	12
45	9
11	8
25	5
17	28
33	35
2	41
7	15

150

1.79769e+308
1.79769e+308
1.79769e+308
1.79769e+308
1.79769e+308
1.79769e+308
1.79769e+308
1.79769e+308
1.79769e+308
1.79769e+308

13
15
11
18
13
13
19
18
19
14

0
0
0
0
0
0
0
0
0
0

0

0	8.70928	6.83041	9.35352	5.86253	17.3294	6.77249	7.53122	6.76968	12.4767	11.0889	11.4847	9.52386	14.3046	9.51474	17.3167	4.88381	9.52162	1.83787	3.25111	
8.70928	0	7.05347	5.91027	6.35764	11.0397	12.8313	7.41388	7.93161	5.77957	8.20705	10.5907	8.81088	8.94169	16.8893	8.2525	5.14362	4.44825	9.60611	6.77632	
6.83041	7.05347	0	3.076	4.05457	9.10062	3.59638	2.99834	4.5339	4.02252	4.25847	7.69439	5.2721	5.14693	9.39799	6.49545	1.90984	2.6912	8.13955	3.54254	
9.35352	5.91027	3.076	0	7.19089	6.02462	0.520375	6.07434	5.42007	2.79334	7.27533	10.3786	5.06137	10.5502	5.46069	5.26627	4.98584	1.46202	5.45499	8.24713	
5.86253	6.35764	4.05457	7.19089	0	8.9986	8.95927	1.05624	6.73638	12.1551	8.37336	8.17252	9.6941	3.20483	13.5129	13.8083	6.02473	6.80609	4.02466	9.28602	
17.3294	11.0397	9.10062	6.02462	8.9986	0	6.54499	10.0332	8.89468	9.90887	10.6689	14.8063	8.24531	7.8846	7.81465	4.80975	8.75974	7.48664	13.0233	10.3924	
6.77249	12.8313	3.59638	0.520375	8.95927	6.54499	0	10.5798	4.78243	3.64351	5.17513	7.5588	4.541	4.90171	4.94032	12.7422	14.5925	1.9824	4.93462	8.41827	
7.53122	7.41388	2.99834	6.07434	1.05624	10.0332	10.5798	0	3.15867	6.7863	4.93293	7.11628	2.5093	2.14859	12.3963	11.6254	4.90818	5.68954	5.08089	7.57909	
6.76968	7.93161	4.5339	5.42007	6.73638	8.89468	4.78243	3.15867	0	1.13891	0.275437	2.65911	0.879271	1.01008	8.95767	7.60014	5.15127	2.47023	9.83431	3.51857	
12.4767	5.77957	4.02252	2.79334	12.1551	9.90887	3.64351	6.7863	1.13891	0	1.41435	3.79802	2.01819	2.14899	8.58383	5.13556	14.1113	1.33132	8.57813	4.65749	
11.0889	8.20705	4.25847	7.27533	8.37336	10.6689	5.17513	4.93293	0.275437	1.41435	0	2.93455	1.01364	1.28552	9.23311	7.3247	6.16831	4.806	11.7315	3.79401	
11.4847	10.5907	7.69439	10.3786	8.17252	14.8063	7.5588	7.11628	2.65911	3.79802	2.93455	0	3.53838	3.66919	11.6168	9.99658	9.24082	9.24923	9.64687	6.17768	
9.52386	8.81088	5.2721	5.06137	9.6941	8.24531	4.541	2.5093	0.879271	2.01819	1.01364	3.53838	0	0.360712	9.48131	8.33834	7.90545	6.23882	9.47561	4.39784	
14.3046	8.94169	5.14693	10.5502	3.20483	7.8846	4.90171	2.14859	1.01008	2.14899	1.28552	3.66919	0.360712	0	9.96775	10.109	8.09498	5.96903	7.84193	4.52865	
9.51474	16.8893	9.39799	5.46069	13.5129	7.81465	4.94032	12.3963	8.95767	8.58383	9.23311	11.6168	9.48131	9.96775	0	7.80192	11.3078	11.6062	9.87493	10.0863	
17.3167	8.2525	6.49545	5.26627	13.8083	4.80975	12.7422	11.6254	7.60014	5.13556	7.3247	9.99658	8.33834	10.109	7.80192	0	5.67904	3.80425	18.919	7.31174	
4.88381	5.14362	1.90984	4.98584	6.02473	8.75974	14.5925	4.90818	5.15127	14.1113	6.16831	9.24082	7.90545	8.09498	11.3078	5.67904	0	4.60104	11.4538	1.6327	
9.52162	4.44825	2.6912	1.46202	6.80609	7.48664	1.9824	5.68954	2.47023	1.33132	4.806	9.24923	6.23882	5.96903	11.6062	3.80425	4.60104	0	12.2352	7.86233	
1.83787	9.60611	8.13955	5.45499	4.02466	13.0233	4.93462	5.08089	9.83431	8.57813	11.7315	9.64687	9.47561	7.84193	9.87493	18.919	11.4538	12.2352	0	5.08898	
3.25111	6.77632	3.54254	8.24713	9.28602	10.3924	8.41827	7.57909	3.51857	4.65749	3.79401	6.17768	4.39784	4.52865	10.0863	7.31174	1.6327	7.86233	5.08898	0	

0	5.04303	1.75909	15.7059	4.70205	5.60999	4.39844	2.20643	8.51228	13.1533	9.87946	4.90583	8.97529	5.53156	9.0495	13.4814	3.69649	7.25078	3.72284	4.37139	
5.04303	0	6.80211	13.7266	10.1891	12.0839	13.1204	2.3292	13.616	5.48545	12.9912	4.84376	13.3405	14.0572	13.8451	19.9954	15.5928	11.7699	0.812788	9.51644	
1.75909	6.80211	0	12.3154	2.94296	3.8509	7.13971	3.96552	5.3223	5.23742	6.66288	8.94909	7.2162	3.77248	7.18839	11.6203	3.14869	5.4917	11.3388	2.61231	
15.7059	13.7266	12.3154	0	9.37242	16.4562	9.0858	7.54543	11.8742	8.47641	8.95666	4.84604	14.6985	10.0227	26.7419	21.1643	14.455	11.3808	8.877	13.4605	
4.70205	10.1891	2.94296	9.37242	0	6.79387	9.74402	7.55201	8.55522	6.81985	13.8048	10.2514	8.59156	6.71544	8.66415	11.7919	6.09165	8.43466	9.06842	4.08806	
5.60999	12.0839	3.8509	16.4562	6.79387	0	8.45738	9.24732	1.4714	6.19229	4.90739	8.49956	5.02331	3.46285	8.20599	7.85179	6.42722	7.69397	14.2746	3.6299	
4.39844	13.1204	7.13971	9.0858	9.74402	8.45738	0	2.19201	4.11701	7.87014	0.68102	4.23977	8.97042	3.57142	10.4509	8.53919	3.68207	6.87775	3.70841	6.90753	
2.20643	2.3292	3.96552	7.54543	7.55201	9.24732	2.19201	0	6.44588	3.98721	2.87303	2.69939	12.5519	5.05582	12.8064	10.7312	1.49006	6.24514	1.51641	6.67985	
8.51228	13.616	5.3223	11.8742	8.55522	1.4714	4.11701	6.44588	0	3.4564	3.43599	7.02816	3.55191	1.99145	13.2058	6.3804	4.95582	9.16536	9.54758	5.1013	
13.1533	5.48545	5.23742	8.47641	6.81985	6.19229	7.87014	3.98721	3.4564	0	4.35535	3.63038	1.77171	1.46495	17.705	11.2553	2.49715	7.25223	4.67266	10.9079	
9.87946	12.9912	6.66288	8.95666	13.8048	4.90739	0.68102	2.87303	3.43599	4.35535	0	4.11063	6.98791	2.8904	9.76985	9.22021	6.45616	7.55877	8.1416	7.58855	
4.90583	4.84376	8.94909	4.84604	10.2514	8.49956	4.23977	2.69939	7.02816	3.63038	4.11063	0	5.40209	5.09532	13.8805	12.779	4.18946	6.53472	4.03097	10.9297	
8.97529	13.3405	7.2162	14.6985	8.59156	5.02331	8.97042	12.5519	3.55191	1.77171	6.98791	5.40209	0	3.23666	18.0592	9.93231	4.26886	8.36574	6.44437	9.8285	
5.53156	14.0572	3.77248	10.0227	6.71544	3.46285	3.57142	5.05582	1.99145	1.46495	2.8904	5.09532	3.23666	0	12.6603	8.37185	3.56576	8.32084	6.13761	6.38478	
9.0495	13.8451	7.18839	26.7419	8.66415	8.20599	10.4509	12.8064	13.2058	17.705	9.76985	13.8805	18.0592	12.6603	0	13.5841	13.3825	20.6606	13.0323	4.57608	
13.4814	19.9954	11.6203	21.1643	11.7919	7.85179	8.53919	10.7312	6.3804	11.2553	9.22021	12.779	9.93231	8.37185	13.5841	0	11.3362	8.5446	19.1836	9.00799	
3.69649	15.5928	3.14869	14.455	6.09165	6.42722	3.68207	1.49006	4.95582	2.49715	6.45616	4.18946	4.26886	3.56576	13.3825	11.3362	0	4.75508	3.00647	5.761	
7.25078	11.7699	5.4917	11.3808	8.43466	7.69397	6.87775	6.24514	9.16536	7.25223	7.55877	6.53472	8.36574	8.32084	20.6606	8.5446	4.75508	0	10.5657	8.104	
3.72284	0.812788	11.3388	8.877	9.06842	14.2746	3.70841	1.51641	9.54758	4.67266	8.1416	4.03097	6.44437	6.13761	13.0323	19.1836	3.00647	10.5657	0	9.74672	
4.37139	9.51644	2.61231	13.4605	4.08806	3.6299	6.90753	6.67985	5.1013	10.9079	7.58855	10.9297	9.8285	6.38478	4.57608	9.00799	5.761	8.104	9.74672	0	

0	9.31258	2.85612	10.7625	0.796735	1.60089	7.09819	4.61149	4.1107	3.60228	3.6785	10.5529	3.29155	4.94413	8.60304	7.17672	3.64689	8.58806	6.56034	2.14765	
9.31258	0	4.52031	19.6687	6.66173	7.22702	11.5202	8.51754	14.2553	13.7235	12.8647	8.52127	9.71932	12.3697	6.88646	5.83414	3.72954	11.1727	3.79845	7.22649	
2.85612	4.52031	0	13.6186	3.65286	2.974	8.58138	5.57876	7.55358	5.60398	6.53462	12.71	6.14767	15.1111	6.06337	5.01105	0.790769	13.4834	7.43426	0.770035	
10.7625	19.6687	13.6186	0	7.64271	12.2443	16.2413	3.82796	10.1704	9.04252	9.73821	10.0327	7.82173	11.0038	11.2572	12.3096	8.61595	14.6478	10.7226	11.6546	
0.796735	6.66173	3.65286	7.64271	0	2.39763	6.30146	3.81476	3.63302	9.02932	3.20082	10.0195	4.08829	4.46645	10.8147	12.3603	2.93219	8.11038	5.76361	2.94438	
1.60089	7.22702	2.974	12.2443	2.39763	0	11.2881	7.84454	9.82582	2.62998	5.27939	7.83217	2.9407	4.00857	9.49767	7.98505	3.49748	10.4024	8.79796	3.04228	
7.09819	11.5202	8.58138	16.2413	6.30146	11.2881	0	10.1162	10.0392	9.47593	9.50227	8.32248	9.78666	10.6018	15.7633	15.4886	7.79061	5.66471	12.0651	10.6608	
4.61149	8.51754	5.57876	3.82796	3.81476	7.84454	10.1162	0	11.2762	4.3045	7.01557	6.20476	3.99378	6.59316	14.282	7.87895	4.78799	9.09198	6.89463	7.82663	
4.1107	14.2553	7.55358	10.1704	3.63302	9.82582	10.0392	11.2762	0	7.59314	0.432203	12.0526	7.28241	1.69784	8.13278	9.59169	10.3269	5.34176	10.4569	6.78354	
3.60228	13.7235	5.60398	9.04252	9.02932	2.62998	9.47593	4.3045	7.59314	0	2.64423	5.20219	0.310726	1.37859	6.54008	4.1959	6.12746	7.77241	9.94987	5.67226	
3.6785	12.8647	6.53462	9.73821	3.20082	5.27939	9.50227	7.01557	0.432203	2.64423	0	6.3323	6.97005	1.26563	6.42711	8.7529	6.13301	4.90956	8.96442	5.82615	
10.5529	8.52127	12.71	10.0327	10.0195	7.83217	8.32248	6.20476	12.0526	5.20219	6.3323	0	5.51291	5.06666	10.2281	11.1465	10.9927	2.88722	10.2615	12.7783	
3.29155	9.71932	6.14767	7.82173	4.08829	2.9407	9.78666	3.99378	7.28241	0.310726	6.97005	5.51291	0	1.68932	4.9375	3.88517	8.78177	8.08313	10.4886	5.4392	
4.94413	12.3697	15.1111	11.0038	4.46645	4.00857	10.6018	6.59316	1.69784	1.37859	1.26563	5.06666	1.68932	0	5.16148	6.2138	11.1604	6.17519	8.57127	10.3339	
8.60304	6.88646	6.06337	11.2572	10.8147	9.49767	15.7633	14.282	8.13278	6.54008	6.42711	10.2281	4.9375	5.16148	0	1.05232	16.3051	10.8762	13.7328	6.45539	
7.17672	5.83414	5.01105	12.3096	12.3603	7.98505	15.4886	7.87895	9.59169	4.1959	8.7529	11.1465	3.88517	6.2138	1.05232	0	5.80182	9.82389	9.63259	5.78109	
3.64689	3.72954	0.790769	8.61595	2.93219	3.49748	7.79061	4.78799	10.3269	6.12746	6.13301	10.9927	8.78177	11.1604	16.3051	5.80182	0	13.4553	6.64349	1.5608	
8.58806	11.1727	13.4834	14.6478	8.11038	10.4024	5.66471	9.09198	5.34176	7.77241	4.90956	2.88722	8.08313	6.17519	10.8762	9.82389	13.4553	0	7.37429	12.7749	
6.56034	3.79845	7.43426	10.7226	5.76361	8.79796	12.0651	6.89463	10.4569	9.94987	8.96442	10.2615	10.4886	8.57127	13.7328	9.63259	6.64349	7.37429	0	9.34472	
2.14765	7.22649	0.770035	11.6546	2.94438	3.04228	10.6608	7.82663	6.78354	5.67226	5.82615	12.7783	5.4392	10.3339	6.45539	5.78109	1.5608	12.7749	9.34472	0	

0	8.33587	2.18435	12.4726	4.67379	6.57387	3.34379	2.93874	6.83621	10.8106	4.1376	9.76881	7.01135	8.157	4.98402	20.4859	4.47541	4.04377	13.9384	2.99762	
8.33587	0	6.15153	16.4272	6.25458	8.93214	10.0043	12.4092	8.08332	5.48338	8.10478	6.95238	7.05797	8.13702	13.7931	19.3555	8.44259	13.4063	2.1225	13.0633	
2.18435	6.15153	0	15.301	2.48944	2.95191	3.85278	4.82672	2.24361	6.63954	1.95326	8.10635	7.31474	7.50379	7.64158	2.97967	2.29106	3.15243	6.62151	5.18197	
12.4726	16.4272	15.301	0	13.2808	7.70633	4.9813	9.53387	6.77171	3.45511	5.48049	6.9663	1.88052	4.36877	20.1766	10.1709	9.97538	4.28131	15.5651	5.89424	
4.67379	6.25458	2.48944	13.2808	0	7.38209	4.62398	3.74696	8.11641	15.8789	4.4427	10.5958	7.7585	11.1017	5.73117	8.86176	4.7805	5.32397	4.13207	3.74477	
6.57387	8.93214	2.95191	7.70633	7.38209	0	4.12501	3.19651	8.76565	9.76007	4.6242	10.8666	8.75571	8.91245	7.99448	9.5017	0.660847	3.42502	6.80964	9.10581	
3.34379	10.0043	3.85278	4.9813	4.62398	4.12501	0	6.28253	3.49243	6.09238	1.89917	8.14159	8.38362	6.18742	11.4944	13.4857	6.14384	0.699988	8.75606	6.34141	
2.93874	12.4092	4.82672	9.53387	3.74696	3.19651	6.28253	0	13.8362	10.0084	6.80001	8.96654	9.48441	7.35473	7.45708	12.6087	2.53566	7.06015	7.87903	5.47068	
6.83621	8.08332	2.24361	6.77171	8.11641	8.76565	3.49243	13.8362	0	2.59995	0.290358	4.06895	4.17454	5.25359	25.1738	1.31677	4.55471	1.48954	25.2096	8.50029	
10.8106	5.48338	6.63954	3.45511	15.8789	9.76007	6.09238	10.0084	2.59995	0	2.89031	1.469	1.5746	2.65364	23.4546	5.7127	8.95064	5.88547	7.60588	5.58832	
4.1376	8.10478	1.95326	5.48049	4.4427	4.6242	1.89917	6.80001	0.290358	2.89031	0	6.15529	5.18155	5.55053	6.58618	1.02641	4.24432	1.19918	12.483	7.28282	
9.76881	6.95238	8.10635	6.9663	10.5958	10.8666	8.14159	8.96654	4.06895	1.469	6.15529	0	3.0436	1.61181	14.1978	7.51966	10.3974	7.09924	18.7254	9.0995	
7.01135	7.05797	7.31474	1.88052	7.7585	8.75571	8.38362	9.48441	4.17454	1.5746	5.18155	3.0436	0	2.48825	6.00012	6.3879	8.09487	6.16183	14.9545	4.01372	
8.157	8.13702	7.50379	4.36877	11.1017	8.91245	6.18742	7.35473	5.25359	2.65364	5.55053	1.61181	2.48825	0	20.801	6.57695	9.81488	5.48743	16.7712	6.50197	
4.98402	13.7931	7.64158	20.1766	5.73117	7.99448	11.4944	7.45708	25.1738	23.4546	6.58618	14.1978	6.00012	20.801	0	5.55976	8.65532	8.07004	12.2922	1.98639	
20.4859	19.3555	2.97967	10.1709	8.86176	9.5017	13.4857	12.6087	1.31677	5.7127	1.02641	7.51966	6.3879	6.57695	5.55976	0	5.29076	2.22559	12.9938	7.54616	
4.47541	8.44259	2.29106	9.97538	4.7805	0.660847	6.14384	2.53566	4.55471	8.95064	4.24432	10.3974	8.09487	9.81488	8.65532	5.29076	0	4.08587	7.47049	8.00634	
4.04377	13.4063	3.15243	4.28131	5.32397	3.42502	0.699988	7.06015	1.48954	5.88547	1.19918	7.09924	6.16183	5.48743	8.07004	2.22559	4.08587	0	10.2347	6.08364	
13.9384	2.1225	6.62151	15.5651	4.13207	6.80964	8.75606	7.87903	25.2096	7.60588	12.483	18.7254	14.9545	16.7712	12.2922	12.9938	7.47049	10.2347	0	7.87685	
2.99762	13.0633	5.18197	5.89424	3.74477	9.10581	6.34141	5.47068	8.50029	5.58832	7.28282	9.0995	4.01372	6.50197	1.98639	7.54616	8.00634	6.08364	7.87685	0	

0	10.7715	1.78549	8.26311	4.08622	12.4883	9.83136	10.3169	2.74629	8.2601	4.62978	5.58651	4.98431	11.4177	1.45915	6.58874	6.96183	6.48545	8.57346	3.38291	
10.7715	0	6.83067	10.7352	6.68526	12.803	14.7827	3.8782	13.8956	9.49348	14.3787	6.93479	9.07127	12.1522	5.80358	15.11	5.58165	8.60311	5.32093	3.87982	
1.78549	6.83067	0	9.51192	5.87172	11.5328	11.9714	5.92975	4.53178	7.49524	7.97522	6.00583	5.90921	8.5773	3.24464	4.80325	5.17634	4.69995	12.2737	2.95085	
8.26311	10.7352	9.51192	0	5.98873	13.8742	8.26883	9.8343	5.51682	5.18876	5.66873	9.28282	3.60272	5.63834	8.77917	18.0503	13.8307	6.94595	13.9165	6.85541	
4.08622	6.68526	5.87172	5.98873	0	8.75569	18.331	8.15101	4.62403	3.97205	4.45202	8.06612	2.38601	5.0541	5.54537	8.42476	11.5548	11.0784	11.6987	9.32928	
12.4883	12.803	11.5328	13.8742	8.75569	0	11.1466	8.9248	11.3698	9.57537	17.3025	6.90178	11.1417	16.3815	13.7888	13.3822	14.5983	7.07046	8.10334	9.95675	
9.83136	14.7827	11.9714	8.26883	18.331	11.1466	0	11.9963	8.71282	4.13554	9.69255	4.24485	5.29859	2.6305	12.7466	15.6828	11.9413	7.27144	10.9087	7.29982	
10.3169	3.8782	5.92975	9.8343	8.15101	8.9248	11.9963	0	12.384	10.4697	10.5005	6.03387	10.537	11.8259	4.90266	14.3905	9.45985	4.72491	3.54773	2.97889	
2.74629	13.8956	4.53178	5.51682	4.62403	11.3698	8.71282	12.384	0	3.59321	1.88349	4.46798	2.23802	4.90611	4.20544	10.7119	8.31392	7.86101	13.2345	7.52295	
8.2601	9.49348	7.49524	5.18876	3.97205	9.57537	4.13554	10.4697	3.59321	0	1.70972	2.67359	1.58604	1.50505	7.56015	10.5381	3.91183	5.74477	9.78321	5.72856	
4.62978	14.3787	7.97522	5.66873	4.45202	17.3025	9.69255	10.5005	1.88349	1.70972	0	4.38331	2.06601	3.21476	8.04013	8.82837	5.62154	7.45449	14.0483	13.4794	
5.58651	6.93479	6.00583	9.28282	8.06612	6.90178	4.24485	6.03387	4.46798	2.67359	4.38331	0	4.25963	4.17863	4.97874	11.4379	6.58542	8.41836	15.0051	3.05497	
4.98431	9.07127	5.90921	3.60272	2.38601	11.1417	5.29859	10.537	2.23802	1.58604	2.06601	4.25963	0	2.66809	5.97412	10.7125	5.49787	7.33081	10.9463	7.89788	
11.4177	12.1522	8.5773	5.63834	5.0541	16.3815	2.6305	11.8259	4.90611	1.50505	3.21476	4.17863	2.66809	0	8.64221	15.8904	5.41687	7.24981	8.27816	12.4937	
1.45915	5.80358	3.24464	8.77917	5.54537	13.7888	12.7466	4.90266	4.20544	7.56015	8.04013	4.97874	5.97412	8.64221	0	19.9397	16.1983	7.70759	7.11431	1.92377	
6.58874	15.11	4.80325	18.0503	8.42476	13.3822	15.6828	14.3905	10.7119	10.5381	8.82837	11.4379	10.7125	15.8904	19.9397	0	9.97959	9.5032	20.1329	7.7541	
6.96183	5.58165	5.17634	13.8307	11.5548	14.5983	11.9413	9.45985	8.31392	3.91183	5.62154	6.58542	5.49787	5.41687	16.1983	9.97959	0	9.6566	10.9026	8.12719	
6.48545	8.60311	4.69995	6.94595	11.0784	7.07046	7.27144	4.72491	7.86101	5.74477	7.45449	8.41836	7.33081	7.24981	7.70759	9.5032	9.6566	0	8.27264	7.65081	
8.57346	5.32093	12.2737	13.9165	11.6987	8.10334	10.9087	3.54773	13.2345	9.78321	14.0483	15.0051	10.9463	8.27816	7.11431	20.1329	10.9026	8.27264	0	6.52663	
3.38291	3.87982	2.95085	6.85541	9.32928	9.95675	7.29982	2.97889	7.52295	5.72856	13.4794	3.05497	7.89788	12.4937	1.92377	7.7541	8.12719	7.65081	6.52663	0	

0	15.2669	0.862643	12.9456	4.16912	9.82687	4.69572	2.8811	9.2234	16.8077	14.7428	11.6632	9.27791	9.66464	2.96562	4.63308	4.12719	6.68573	7.29732	2.86644	
15.2669	0	11.8221	19.0873	10.1613	6.96895	12.4606	9.20769	14.8549	18.5959	9.75355	20.2008	13.2411	14.7204	18.9233	24.8932	14.0836	5.40306	12.3531	14.6834	
0.862643	11.8221	0	11.3741	3.30648	7.9849	3.83308	3.74374	3.68599	18.3904	10.7695	12.6947	4.61358	7.86556	3.82827	6.08389	3.26455	6.41901	5.49825	2.0038	
12.9456	19.0873	11.3741	0	11.9836	12.7283	7.54104	9.89561	8.41548	6.08913	8.16114	1.11352	2.65367	7.42454	10.4827	9.93821	13.1088	14.2941	9.67903	14.6571	
4.16912	10.1613	3.30648	11.9836	0	4.72131	7.13956	1.51905	6.55693	4.95949	5.29569	10.3011	4.53285	4.55908	7.72292	9.89403	3.92225	5.32368	2.19177	5.31028	
9.82687	6.96895	7.9849	12.7283	4.72131	0	8.30012	5.37052	7.86103	9.36521	5.91637	13.8418	9.08062	9.2804	12.1529	16.1274	4.91417	1.56589	6.91308	7.91298	
4.69572	12.4606	3.83308	7.54104	7.13956	8.30012	0	5.87419	2.39429	3.89848	2.97243	2.32065	0.780498	1.55934	8.24952	10.6607	7.09763	9.21446	3.12159	4.07648	
2.8811	9.20769	3.74374	9.89561	1.51905	5.37052	5.87419	0	6.1248	11.1613	8.15512	7.93697	6.39682	6.07813	5.84672	10.7559	5.4413	3.80463	3.71081	4.44261	
9.2234	14.8549	3.68599	8.41548	6.55693	7.86103	2.39429	6.1248	0	1.50418	0.578138	6.47979	2.77669	1.31474	5.92209	5.23208	12.6522	4.92863	4.27191	1.68219	
16.8077	18.5959	18.3904	6.08913	4.95949	9.36521	3.89848	11.1613	1.50418	0	1.32573	4.97561	1.36796	0.589128	5.39535	3.7279	9.52421	7.26647	2.76772	3.18637	
14.7428	9.75355	10.7695	8.16114	5.29569	5.91637	2.97243	8.15512	0.578138	1.32573	0	7.8916	1.51544	0.736604	6.50639	4.83893	13.6431	4.35049	5.68371	2.26033	
11.6632	20.2008	12.6947	1.11352	10.3011	13.8418	2.32065	7.93697	6.47979	4.97561	7.8916	0	1.54016	2.31899	9.3692	8.7035	14.2224	12.5867	3.88124	12.8424	
9.27791	13.2411	4.61358	2.65367	4.53285	9.08062	0.780498	6.39682	2.77669	1.36796	1.51544	1.54016	0	0.778837	8.22865	6.11378	9.09758	9.99496	2.34109	6.35598	
9.66464	14.7204	7.86556	7.42454	4.55908	9.2804	1.55934	6.07813	1.31474	0.589128	0.736604	2.31899	0.778837	0	7.0024	4.31702	8.48133	5.08709	3.11992	3.68004	
2.96562	18.9233	3.82827	10.4827	7.72292	12.1529	8.24952	5.84672	5.92209	5.39535	6.50639	9.3692	8.22865	7.0024	0	1.66746	7.68099	10.8354	8.25479	4.2399	
4.63308	24.8932	6.08389	9.93821	9.89403	16.1274	10.6607	10.7559	5.23208	3.7279	4.83893	8.7035	6.11378	4.31702	1.66746	0	17.9593	9.18942	6.49562	5.90736	
4.12719	14.0836	3.26455	13.1088	3.92225	4.91417	7.09763	5.4413	12.6522	9.52421	13.6431	14.2224	9.09758	8.48133	7.68099	17.9593	0	6.48006	6.11402	5.26835	
6.68573	5.40306	6.41901	14.2941	5.32368	1.56589	9.21446	3.80463	4.92863	7.26647	4.35049	12.5867	9.99496	5.08709	10.8354	9.18942	6.48006	0	9.55097	8.24724	
7.29732	12.3531	5.49825	9.67903	2.19177	6.91308	3.12159	3.71081	4.27191	2.76772	5.68371	3.88124	2.34109	3.11992	8.25479	6.49562	6.11402	9.55097	0	4.01489	
2.86644	14.6834	2.0038	14.6571	5.31028	7.91298	4.07648	4.44261	1.68219	3.18637	2.26033	12.8424	6.35598	3.68004	4.2399	5.90736	5.26835	8.24724	4.01489	0	

0	12.3934	2.34398	5.19363	0.702451	2.68516	7.25939	2.06261	7.15961	4.84843	8.34685	3.9702	8.11231	7.06763	9.64053	9.00131	3.98922	8.85017	3.83263	7.53892	
12.3934	0	11.7757	13.9718	14.3881	11.698	3.73378	10.3308	16.7885	15.7785	19.7572	10.0653	4.91931	8.59813	11.0347	14.0664	10.7835	2.143	10.287	13.6878	
2.34398	11.7757	0	5.17347	3.04643	5.02914	9.60337	4.40659	2.37484	10.0964	9.48869	1.62622	5.54802	9.41161	3.91604	8.38428	5.10133	9.54848	1.48865	5.4227	
5.19363	13.9718	5.17347	0	4.49118	3.47711	16.4592	4.84435	9.2813	5.14176	9.24921	6.4189	2.4971	3.54178	6.1122	14.7017	5.61639	5.27341	3.68482	12.5442	
0.702451	14.3881	3.04643	4.49118	0	3.38761	7.96185	2.76506	7.98885	4.14598	10.8239	7.11344	6.79064	5.99384	14.7858	10.4281	7.14512	13.5426	8.17599	12.5648	
2.68516	11.698	5.02914	3.47711	3.38761	0	9.94455	1.36724	7.51956	7.13433	8.45134	8.26818	5.9742	7.17903	8.94517	5.42224	2.13929	15.1139	6.67021	6.84355	
7.25939	3.73378	9.60337	16.4592	7.96185	9.94455	0	9.322	8.37471	6.7758	6.20715	9.51304	4.36709	4.92794	9.17291	6.86162	9.96768	1.59078	16.2099	7.35054	
2.06261	10.3308	4.40659	4.84435	2.76506	1.36724	9.322	0	7.93165	6.92166	12.254	8.4736	11.1312	6.96636	7.57793	5.20957	1.92662	12.4738	8.03745	5.47631	
7.15961	16.7885	2.37484	9.2813	7.98885	7.51956	8.37471	7.93165	0	5.29464	0.931786	0.748623	4.49146	2.211	7.00312	5.18074	6.00503	8.67089	5.50019	11.8151	
4.84843	15.7785	10.0964	5.14176	4.14598	7.13433	6.7758	6.92166	5.29464	0	3.12708	6.56647	2.64466	1.84786	6.09284	3.78155	4.99504	5.42097	11.6392	8.41882	
8.34685	19.7572	9.48869	9.24921	10.8239	8.45134	6.20715	12.254	0.931786	3.12708	0	1.68041	2.3239	1.27922	5.5242	3.2129	6.31896	7.73435	12.614	12.7469	
3.9702	10.0653	1.62622	6.4189	7.11344	8.26818	9.51304	8.4736	0.748623	6.56647	1.68041	0	3.92181	4.1954	7.17895	5.92937	6.72754	6.69812	3.11487	7.04892	
8.11231	4.91931	5.54802	2.4971	6.79064	5.9742	4.36709	11.1312	4.49146	2.64466	2.3239	3.92181	0	1.04468	5.28966	2.97837	6.08443	2.77631	6.18191	11.0635	
7.06763	8.59813	9.41161	3.54178	5.99384	7.17903	4.92794	6.96636	2.211	1.84786	1.27922	4.1954	1.04468	0	4.24498	1.93369	5.03974	3.82099	6.67236	10.2667	
9.64053	11.0347	3.91604	6.1122	14.7858	8.94517	9.17291	7.57793	7.00312	6.09284	5.5242	7.17895	5.28966	4.24498	0	6.17866	9.28472	10.7001	2.42739	11.2868	
9.00131	14.0664	8.38428	14.7017	10.4281	5.42224	6.86162	5.20957	5.18074	3.78155	3.2129	5.92937	2.97837	1.93369	6.17866	0	3.28295	8.38882	16.966	13.9083	
3.98922	10.7835	5.10133	5.61639	7.14512	2.13929	9.96768	1.92662	6.00503	4.99504	6.31896	6.72754	6.08443	5.03974	9.28472	3.28295	0	11.4949	6.58998	7.40293	
8.85017	2.143	9.54848	5.27341	13.5426	15.1139	1.59078	12.4738	8.67089	5.42097	7.73435	6.69812	2.77631	3.82099	10.7001	8.38882	11.4949	0	12.43	8.94131	
3.83263	10.287	1.48865	3.68482	8.17599	6.67021	16.2099	8.03745	5.50019	11.6392	12.614	3.11487	6.18191	6.67236	2.42739	16.966	6.58998	12.43	0	6.91135	
7.53892	13.6878	5.4227	12.5442	12.5648	6.84355	7.35054	5.47631	11.8151	8.41882	12.7469	7.04892	11.0635	10.2667	11.2868	13.9083	7.40293	8.94131	6.91135	0	

0	6.72824	1.65168	13.9253	6.99873	3.60365	7.12235	4.84727	3.94282	8.06235	4.97971	5.31557	3.92439	6.99203	3.80424	8.47125	1.98403	5.17858	8.26719	3.31665	
6.72824	0	11.3692	13.6574	12.6011	3.04726	5.33578	7.42546	3.61338	4.02551	4.89771	5.56255	6.63422	2.88538	15.1518	10.4562	13.5834	1.54966	8.70189	10.8162	
1.65168	11.3692	0	15.6625	5.13583	1.95197	8.63723	6.46232	3.89125	9.68959	6.63139	13.1756	5.57607	12.6305	2.46029	8.88528	1.93245	3.44957	6.61551	4.93171	
13.9253	13.6574	15.6625	0	7.19632	17.6145	19.6157	4.08622	7.13347	2.77542	4.83451	1.64759	3.03877	4.32476	9.48318	17.4838	9.09227	18.4043	15.9689	20.5942	
6.99873	12.6011	5.13583	7.19632	0	3.18387	14.1211	6.32022	8.14744	6.67655	8.24473	5.54873	6.9399	8.22589	10.803	8.47746	6.18864	4.68147	11.9422	4.78961	
3.60365	3.04726	1.95197	17.6145	3.18387	0	5.28373	7.37341	6.7744	4.94977	5.06087	8.24778	6.99217	7.07319	4.41226	10.4042	3.88442	1.4976	8.56747	6.88367	
7.12235	5.33578	8.63723	19.6157	14.1211	5.28373	0	3.68634	7.95512	7.23829	6.24159	6.12496	8.17289	8.25391	6.17693	12.6019	9.10638	3.78612	9.36654	5.21696	
4.84727	7.42546	6.46232	4.08622	6.32022	7.37341	3.68634	0	7.78377	3.56644	5.62554	2.43862	3.8298	5.11579	8.68269	6.68522	6.07803	5.87581	5.6802	1.53061	
3.94282	3.61338	3.89125	7.13347	8.14744	6.7744	7.95512	7.78377	0	1.86813	1.71353	2.27461	0.883441	0.727999	2.34971	8.77469	1.95879	6.45487	13.6151	6.50621	
8.06235	4.02551	9.68959	2.77542	6.67655	4.94977	7.23829	3.56644	1.86813	0	3.08264	1.12782	2.51899	1.14013	8.47004	2.04505	11.8381	3.45217	3.07409	7.19965	
4.97971	4.89771	6.63139	4.83451	8.24473	5.06087	6.24159	5.62554	1.71353	3.08264	0	3.18692	1.9313	2.01232	4.06324	5.12769	3.67233	4.74134	6.15673	8.29636	
5.31557	5.56255	13.1756	1.64759	5.54873	8.24778	6.12496	2.43862	2.27461	1.12782	3.18692	0	1.39117	2.26795	10.6023	3.17287	10.2114	4.57999	4.20191	3.96924	
3.92439	6.63422	5.57607	3.03877	6.9399	6.99217	8.17289	3.8298	0.883441	2.51899	1.9313	1.39117	0	1.61144	3.23315	7.54503	2.84224	6.67264	8.57408	7.24105	
6.99203	2.88538	12.6305	4.32476	8.22589	7.07319	8.25391	5.11579	0.727999	1.14013	2.01232	2.26795	1.61144	0	3.0777	3.18518	2.68679	4.43504	4.21422	14.1573	
3.80424	15.1518	2.46029	9.48318	10.803	4.41226	6.17693	8.68269	2.34971	8.47004	4.06324	10.6023	3.23315	3.0777	0	6.42499	4.3085	8.98282	9.0758	7.12089	
8.47125	10.4562	8.88528	17.4838	8.47746	10.4042	12.6019	6.68522	8.77469	2.04505	5.12769	3.17287	7.54503	3.18518	6.42499	0	9.70201	5.49721	5.11914	5.1546	
1.98403	13.5834	1.93245	9.09227	6.18864	3.88442	9.10638	6.07803	1.95879	11.8381	3.67233	10.2114	2.84224	2.68679	4.3085	9.70201	0	7.16261	8.54796	4.54741	
5.17858	1.54966	3.44957	18.4043	4.68147	1.4976	3.78612	5.87581	6.45487	3.45217	4.74134	4.57999	6.67264	4.43504	8.98282	5.49721	7.16261	0	6.52626	7.40642	
8.26719	8.70189	6.61551	15.9689	11.9422	8.56747	9.36654	5.6802	13.6151	3.07409	6.15673	4.20191	8.57408	4.21422	9.0758	5.11914	8.54796	6.52626	0	7.21081	
3.31665	10.8162	4.93171	20.5942	4.78961	6.88367	5.21696	1.53061	6.50621	7.19965	8.29636	3.96924	7.24105	14.1573	7.12089	5.1546	4.54741	7.40642	7.21081	0	

0	6.45998	2.42667	19.8106	6.83045	7.57558	5.46843	6.31934	5.75804	12.6727	11.4821	7.29816	15.4285	10.3957	5.41195	5.5894	2.79833	9.89585	5.26399	14.8117	
6.45998	0	7.73813	28.9783	3.75563	6.66137	15.4777	6.22154	15.5119	11.2045	17.9346	10.0908	11.7926	13.1883	8.20458	10.2629	9.25832	14.5188	3.33517	19.3948	
2.42667	7.73813	0	26.1943	6.35858	6.95775	8.82669	3.89267	3.33137	7.63875	13.9087	6.66394	13.8351	5.20456	4.77772	8.01607	5.225	9.81835	4.40296	12.385	
19.8106	28.9783	26.1943	0	22.1422	15.7545	11.9499	15.8404	17.4452	25.5909	14.3576	16.2213	18.3066	18.3664	31.3277	19.3472	14.62	9.91473	21.0983	29.6089	
6.83045	3.75563	6.35858	22.1422	0	2.90574	6.71037	2.46591	16.4269	9.26009	18.3125	9.94067	14.8925	8.49532	11.9602	9.91458	6.18288	8.39159	2.05708	12.9922	
7.57558	6.66137	6.95775	15.7545	2.90574	0	3.80463	5.21143	7.46277	6.35435	6.21239	9.86249	6.94236	5.58958	10.5733	12.8203	4.77725	6.24825	4.96282	11.7301	
5.46843	15.4777	8.82669	11.9499	6.71037	3.80463	0	6.38706	5.49532	9.80269	2.40775	4.26885	6.35418	6.41395	17.2183	11.8761	2.67009	2.44361	13.6272	14.8045	
6.31934	6.22154	3.89267	15.8404	2.46591	5.21143	6.38706	0	7.22404	11.5658	11.4414	16.6314	17.1982	10.801	8.67039	10.2535	3.71697	5.92568	4.523	10.5263	
5.75804	15.5119	3.33137	17.4452	16.4269	7.46277	5.49532	7.22404	0	4.30737	5.72282	3.86172	4.89539	1.87319	5.74794	8.96742	8.16541	7.93893	7.73433	8.01371	
12.6727	11.2045	7.63875	25.5909	9.26009	6.35435	9.80269	11.5658	4.30737	0	4.53444	3.50814	0.588015	3.77233	5.39436	13.2748	11.1316	13.3922	11.3917	9.91285	
11.4821	17.9346	13.9087	14.3576	18.3125	6.21239	2.40775	11.4414	5.72282	4.53444	0	1.8611	3.94643	4.00619	3.74731	10.6187	5.07785	4.85137	9.74468	10.1467	
7.29816	10.0908	6.66394	16.2213	9.94067	9.86249	4.26885	16.6314	3.86172	3.50814	1.8611	0	3.18495	5.57939	1.88622	8.73996	15.3178	7.37681	7.88359	11.7199	
15.4285	11.7926	13.8351	18.3066	14.8925	6.94236	6.35418	17.1982	4.89539	0.588015	3.94643	3.18495	0	4.16225	5.07117	13.4999	16.764	9.46214	11.0685	10.3028	
10.3957	13.1883	5.20456	18.3664	8.49532	5.58958	6.41395	10.801	1.87319	3.77233	4.00619	5.57939	4.16225	0	4.98372	10.0297	10.3668	9.52191	13.463	6.14052	
5.41195	8.20458	4.77772	31.3277	11.9602	10.5733	17.2183	8.67039	5.74794	5.39436	3.74731	1.88622	5.07117	4.98372	0	6.85375	8.21028	14.6036	9.18068	11.1242	
5.5894	10.2629	8.01607	19.3472	9.91458	12.8203	11.8761	10.2535	8.96742	13.2748	10.6187	8.73996	13.4999	10.0297	6.85375	0	8.38774	9.43246	10.8534	16.1702	
2.79833	9.25832	5.225	14.62	6.18288	4.77725	2.67009	3.71697	8.16541	11.1316	5.07785	15.3178	16.764	10.3668	8.21028	8.38774	0	5.1137	8.06233	12.1344	
9.89585	14.5188	9.81835	9.91473	8.39159	6.24825	2.44361	5.92568	7.93893	13.3922	4.85137	7.37681	9.46214	9.52191	14.6036	9.43246	5.1137	0	11.1836	15.7604	
5.26399	3.33517	4.40296	21.0983	2.05708	4.96282	13.6272	4.523	7.73433	11.3917	9.74468	7.88359	11.0685	13.463	9.18068	10.8534	8.06233	11.1836	0	16.2155	
14.8117	19.3948	12.385	29.6089	12.9922	11.7301	14.8045	10.5263	8.01371	9.91285	10.1467	11.7199	10.3028	6.14052	11.1242	16.1702	12.1344	15.7604	16.2155	0	

0	2.04234	3.23509	6.62179	6.46593	5.05313	7.89386	0.834366	7.3261	9.49565	6.62663	15.0581	8.89012	8.62675	5.48475	6.11613	4.21455	7.00557	3.29763	3.83092	
2.04234	0	4.858	8.23657	6.55815	5.42674	11.7668	1.20798	13.6261	9.03044	8.24954	18.3297	12.0377	8.57169	5.85837	6.48974	8.80953	11.7335	3.67124	4.20453	
3.23509	4.858	0	9.85688	3.51866	10.4875	6.26808	4.06946	5.58736	5.91524	3.39154	10.1054	5.41227	7.7532	8.87301	4.54735	5.77003	9.37264	1.91897	9.72774	
6.62179	8.23657	9.85688	0	8.03607	6.46122	7.88254	7.02859	4.29082	8.88648	6.48665	8.43636	5.85484	10.1969	11.679	11.9746	5.7847	8.77083	9.49185	6.92985	
6.46593	6.55815	3.51866	8.03607	0	8.18429	6.78721	7.76613	9.23512	7.53247	6.9102	11.9818	7.67111	6.66358	11.1716	8.06601	2.25138	10.0452	5.43763	3.39652	
5.05313	5.42674	10.4875	6.46122	8.18429	0	10.1919	4.21877	2.17039	6.28355	4.36622	12.5656	3.73441	8.49807	2.98734	9.50053	7.52712	11.0802	6.68203	7.21532	
7.89386	11.7668	6.26808	7.88254	6.78721	10.1919	0	6.81238	11.8774	9.81693	6.86939	7.53021	5.65552	8.94804	10.0088	11.8824	4.53583	0.888289	4.34912	5.68098	
0.834366	1.20798	4.06946	7.02859	7.76613	4.21877	6.81238	0	6.38916	7.9466	7.48261	15.465	10.6827	9.77967	4.65039	5.28177	4.1417	7.83993	2.46326	2.99655	
7.3261	13.6261	5.58736	4.29082	9.23512	2.17039	11.8774	6.38916	0	4.59565	2.19583	5.8747	1.56401	5.03001	5.15774	4.39667	9.69751	6.33125	13.2095	14.1817	
9.49565	9.03044	5.91524	8.88648	7.53247	6.28355	9.81693	7.9466	4.59565	0	2.5237	9.23755	4.16178	0.695783	3.29621	4.72454	5.10799	8.5048	16.4481	6.42624	
6.62663	8.24954	3.39154	6.48665	6.9102	4.36622	6.86939	7.48261	2.19583	2.5237	0	6.33141	2.02073	3.21948	5.81991	2.20084	7.8048	5.9811	5.3105	7.38123	
15.0581	18.3297	10.1054	8.43636	11.9818	12.5656	7.53021	15.465	5.8747	9.23755	6.33141	0	4.31068	7.77668	12.5955	8.91468	12.066	8.4185	11.8793	15.7918	
8.89012	12.0377	5.41227	5.85484	7.67111	3.73441	5.65552	10.6827	1.56401	4.16178	2.02073	4.31068	0	3.466	15.63	4.22157	7.8782	4.76723	12.5105	10.5814	
8.62675	8.57169	7.7532	10.1969	6.66358	8.49807	8.94804	9.77967	5.03001	0.695783	3.21948	7.77668	3.466	0	3.99199	6.5625	4.4122	8.23323	15.9764	5.55735	
5.48475	5.85837	8.87301	11.679	11.1716	2.98734	10.0088	4.65039	5.15774	3.29621	5.81991	12.5955	15.63	3.99199	0	9.93215	8.5773	10.8971	7.11365	7.64694	
6.11613	6.48974	4.54735	11.9746	8.06601	9.50053	11.8824	5.28177	4.39667	4.72454	2.20084	8.91468	4.22157	6.5625	9.93215	0	6.32554	8.18194	6.46632	5.18039	
4.21455	8.80953	5.77003	5.7847	2.25138	7.52712	4.53583	4.1417	9.69751	5.10799	7.8048	12.066	7.8782	4.4122	8.5773	6.32554	0	5.42412	8.88495	1.14515	
7.00557	11.7335	9.37264	8.77083	10.0452	11.0802	0.888289	7.83993	6.33125	8.5048	5.9811	8.4185	4.76723	8.23323	10.8971	8.18194	5.42412	0	5.23741	8.93896	
3.29763	3.67124	1.91897	9.49185	5.43763	6.68203	4.34912	2.46326	13.2095	16.4481	5.3105	11.8793	12.5105	15.9764	7.11365	6.46632	8.88495	5.23741	0	5.45981	
3.83092	4.20453	9.72774	6.92985	3.39652	7.21532	5.68098	2.99655	14.1817	6.42624	7.38123	15.7918	10.5814	5.55735	7.64694	5.18039	1.14515	8.93896	5.45981	0	

0	8.48777	3.71701	7.04075	2.87335	4.48683	2.34672	0.764421	6.26779	5.76896	4.57957	4.89222	7.39816	7.60673	4.35557	9.55918	1.90652	11.8677	5.47803	1.2712	
8.48777	0	2.83384	9.07504	1.09448	3.55298	7.58203	3.20341	11.2497	10.957	7.24294	9.73549	9.32776	9.77269	12.0382	5.06992	6.81345	0.890706	3.26965	5.27965	
3.71701	2.83384	0	9.11384	1.74885	6.3506	8.91497	3.85777	15.2867	8.77661	6.65265	9.46599	11.8959	6.93885	5.53018	7.59107	3.9796	3.68833	3.92401	2.44581	
7.04075	9.07504	9.11384	0	7.9066	7.71454	18.6087	10.0589	6.30453	10.2919	7.80728	17.6695	8.66269	3.94458	13.5181	3.29236	5.13423	7.47157	5.73143	12.1396	
2.87335	1.09448	1.74885	7.9066	0	6.04955	7.4755	2.10893	7.61229	13.1622	8.03898	10.021	10.4222	8.68769	10.9437	13.4133	5.72845	1.98519	2.17516	4.19466	
4.48683	3.55298	6.3506	7.71454	6.04955	0	12.5371	7.50499	14.2606	12.0918	5.25335	12.7811	14.2746	10.254	10.9642	6.84149	2.58031	2.66227	8.29867	12.7591	
2.34672	7.58203	8.91497	18.6087	7.4755	12.5371	0	3.11115	8.94863	8.11568	9.43984	2.5455	10.2125	5.07264	10.9397	11.9608	4.25325	8.47274	9.65067	3.61793	
0.764421	3.20341	3.85777	10.0589	2.10893	7.50499	3.11115	0	5.50336	6.53338	7.28577	6.14357	7.42533	14.4857	13.0526	8.51554	2.67094	15.101	4.28409	2.03562	
6.26779	11.2497	15.2867	6.30453	7.61229	14.2606	8.94863	5.50336	0	3.55116	1.7824	7.18102	1.92197	2.63772	7.10906	3.01217	4.45545	7.19139	10.217	11.372	
5.76896	10.957	8.77661	10.2919	13.1622	12.0918	8.11568	6.53338	3.55116	0	2.69309	4.36491	1.6292	1.83777	6.81629	2.48999	7.67548	13.2415	22.6837	7.04016	
4.57957	7.24294	6.65265	7.80728	8.03898	5.25335	9.43984	7.28577	1.7824	2.69309	0	3.38246	2.59509	0.85532	7.78218	1.50754	2.67305	6.35223	10.2141	9.51858	
4.89222	9.73549	9.46599	17.6695	10.021	12.7811	2.5455	6.14357	7.18102	4.36491	3.38246	0	9.10298	2.52714	8.39425	3.17936	7.28567	10.6262	13.0791	6.65035	
7.39816	9.32776	11.8959	8.66269	10.4222	14.2746	10.2125	7.42533	1.92197	1.6292	2.59509	9.10298	0	3.45041	5.18709	4.93414	5.26814	8.94732	12.6389	8.27146	
7.60673	9.77269	6.93885	3.94458	8.68769	10.254	5.07264	14.4857	2.63772	1.83777	0.85532	2.52714	3.45041	0	10.9214	0.652221	3.52837	4.83144	16.8217	8.66326	
4.35557	12.0382	5.53018	13.5181	10.9437	10.9642	10.9397	13.0526	7.10906	6.81629	7.78218	8.39425	5.18709	10.9214	0	10.4811	8.38385	14.0584	13.1189	3.08437	
9.55918	5.06992	7.59107	3.29236	13.4133	6.84149	11.9608	8.51554	3.01217	2.48999	1.50754	3.17936	4.93414	0.652221	10.4811	0	7.65266	4.17922	9.02379	9.31548	
1.90652	6.81345	3.9796	5.13423	5.72845	2.58031	4.25325	2.67094	4.45545	7.67548	2.67305	7.28567	5.26814	3.52837	8.38385	7.65266	0	5.24257	9.63829	3.17772	
11.8677	0.890706	3.68833	7.47157	1.98519	2.66227	8.47274	15.101	7.19139	13.2415	6.35223	10.6262	8.94732	4.83144	14.0584	4.17922	5.24257	0	4.23431	6.13414	
5.47803	3.26965	3.92401	5.73143	2.17516	8.29867	9.65067	4.28409	10.217	22.6837	10.2141	13.0791	12.6389	16.8217	13.1189	9.02379	9.63829	4.23431	0	12.3286	
1.2712	5.27965	2.44581	12.1396	4.19466	12.7591	3.61793	2.03562	11.372	7.04016	9.51858	6.65035	8.27146	8.66326	3.08437	9.31548	3.17772	6.13414	12.3286	0	

0	5.92135	2.37634	8.88888	3.39496	5.6587	8.2578	4.99897	10.8326	12.076	4.63524	4.80785	6.0005	6.31284	5.5012	6.37169	3.5319	4.31161	8.2027	1.51876	
5.92135	0	7.92286	8.893	2.52638	5.7666	2.0414	5.27413	3.92907	4.21467	9.77297	8.13339	9.32604	11.8696	9.71844	5.50311	5.56411	12.2042	5.4616	4.8443	
2.37634	7.92286	0	6.40877	5.7713	3.28237	5.88147	4.25285	2.68992	6.87601	2.25891	4.21026	6.00854	3.9365	3.12486	6.91473	5.2229	6.68794	9.16726	3.89509	
8.88888	8.893	6.40877	0	7.29493	3.1264	6.88682	13.3209	8.77449	9.06009	7.40954	5.45819	9.54778	14.3437	11.4023	12.0756	8.80672	4.57728	9.01129	8.74728	
3.39496	2.52638	5.7713	7.29493	0	4.16853	4.56778	2.74775	7.6776	10.1813	4.74169	9.19793	10.9962	9.34322	6.55831	2.97673	6.92686	7.70657	6.30789	4.91372	
5.6587	5.7666	3.28237	3.1264	4.16853	0	7.80799	6.91628	12.9586	6.01279	5.54127	8.58459	6.32418	7.21887	6.40723	7.14526	5.68032	6.43758	5.88489	10.6109	
8.2578	2.0414	5.88147	6.88682	4.56778	7.80799	0	6.43411	1.88767	2.17327	2.31869	6.34939	2.48466	5.11279	9.00633	14.5015	7.60551	8.40871	7.503	6.8857	
4.99897	5.27413	4.25285	13.3209	2.74775	6.91628	6.43411	0	2.42496	8.60739	1.99394	3.94529	5.74357	9.47953	3.81056	5.72448	7.54407	12.6902	4.31525	3.48021	
10.8326	3.92907	2.68992	8.77449	7.6776	12.9586	1.88767	2.42496	0	4.06095	0.431017	2.38237	4.18065	5.54779	9.97976	12.6626	7.94329	6.52104	10.4844	9.64941	
12.076	4.21467	6.87601	9.06009	10.1813	6.01279	2.17327	8.60739	4.06095	0	4.06102	4.40098	0.311385	2.93951	14.2887	11.1213	9.88441	7.24669	11.8977	4.79313	
4.63524	9.77297	2.25891	7.40954	4.74169	5.54127	2.31869	1.99394	0.431017	4.06102	0	1.95135	3.74963	5.97881	5.38377	10.2233	7.48181	6.95205	6.30919	5.24044	
4.80785	8.13339	4.21026	5.45819	9.19793	8.58459	6.34939	3.94529	2.38237	4.40098	1.95135	0	4.08959	7.38634	8.16324	13.6563	9.46362	9.6227	11.2249	3.28909	
6.0005	9.32604	6.00854	9.54778	10.9962	6.32418	2.48466	5.74357	4.18065	0.311385	3.74963	4.08959	0	3.2509	9.35589	10.8099	10.0315	6.93531	12.4176	4.48174	
6.31284	11.8696	3.9365	14.3437	9.34322	7.21887	5.11279	9.47953	5.54779	2.93951	5.97881	7.38634	3.2509	0	7.06136	8.21664	9.1594	12.0688	15.6511	12.1746	
5.5012	9.71844	3.12486	11.4023	6.55831	6.40723	9.00633	3.81056	9.97976	14.2887	5.38377	8.16324	9.35589	7.06136	0	3.78987	8.34777	10.0329	8.12581	4.87414	
6.37169	5.50311	6.91473	12.0756	2.97673	7.14526	14.5015	5.72448	12.6626	11.1213	10.2233	13.6563	10.8099	8.21664	3.78987	0	6.79034	12.7622	9.28461	8.66401	
3.5319	5.56411	5.2229	8.80672	6.92686	5.68032	7.60551	7.54407	7.94329	9.88441	7.48181	9.46362	10.0315	9.1594	8.34777	6.79034	0	7.0433	11.0257	5.05066	
4.31161	12.2042	6.68794	4.57728	7.70657	6.43758	8.40871	12.6902	6.52104	7.24669	6.95205	9.6227	6.93531	12.0688	10.0329	12.7622	7.0433	0	12.3225	5.83037	
8.2027	5.4616	9.16726	9.01129	6.30789	5.88489	7.503	4.31525	10.4844	11.8977	6.30919	11.2249	12.4176	15.6511	8.12581	9.28461	11.0257	12.3225	0	7.79546	
1.51876	4.8443	3.89509	8.74728	4.91372	10.6109	6.8857	3.48021	9.64941	4.79313	5.24044	3.28909	4.48174	12.1746	4.87414	8.66401	5.05066	5.83037	7.79546	0	

0	5.535	1.95293	6.19243	2.83568	5.46092	5.0086	1.47904	6.56211	8.7655	7.91726	7.65264	7.22844	7.9174	4.18435	5.92462	2.10016	2.24784	5.47169	3.78033	
5.535	0	10.1955	12.0525	5.41261	8.66662	13.2824	4.05596	7.71545	9.56945	6.27326	11.7527	10.1406	8.0986	9.21698	9.59187	7.20153	4.82476	5.33718	14.7932	
1.95293	10.1955	0	10.5627	4.91879	3.89237	6.96153	3.43197	6.51655	7.35908	6.28573	5.45869	8.97998	6.51098	5.16894	7.7339	4.05309	4.24707	4.85833	1.82739	
6.19243	12.0525	10.5627	0	13.1999	8.60232	3.27859	7.23784	7.65116	7.71993	6.20896	8.12963	7.92595	8.03431	9.94187	12.2248	4.09228	8.67249	14.0036	8.73527	
2.83568	5.41261	4.91879	13.1999	0	7.88347	7.97446	1.35664	5.10664	6.26948	10.5317	8.09591	6.84062	7.11758	6.51766	6.89255	4.50221	2.12544	3.70604	4.46461	
5.46092	8.66662	3.89237	8.60232	7.88347	0	5.72469	5.8151	3.83556	4.11481	2.39336	6.52877	4.32066	4.21871	1.27657	9.01476	4.8198	5.04631	8.7507	5.34101	
5.0086	13.2824	6.96153	3.27859	7.97446	5.72469	0	6.1627	4.84895	4.44134	6.29115	4.85105	4.64737	5.28944	7.00126	7.34183	3.85234	5.3939	8.53913	7.48313	
1.47904	4.05596	3.43197	7.23784	1.35664	5.8151	6.1627	0	3.03828	7.62612	8.89393	8.69805	8.2051	9.21852	5.16102	5.5359	3.14556	0.768794	3.99265	5.81079	
6.56211	7.71545	6.51655	7.65116	5.10664	3.83556	4.84895	3.03828	0	2.55718	1.44219	2.40421	4.17808	1.70909	4.16875	2.49287	4.46195	2.26948	3.69017	6.0355	
8.7655	9.56945	7.35908	7.71993	6.26948	4.11481	4.44134	7.62612	2.55718	0	2.67344	2.63663	0.571143	0.848097	3.61523	7.51855	8.29369	9.10664	9.97552	6.64621	
7.91726	6.27326	6.28573	6.20896	10.5317	2.39336	6.29115	8.89393	1.44219	2.67344	0	3.61388	4.29434	1.82534	3.66993	3.93506	5.90414	3.71167	5.13237	7.79735	
7.65264	11.7527	5.45869	8.12963	8.09591	6.52877	4.85105	8.69805	2.40421	2.63663	3.61388	0	3.58606	1.78853	6.57296	4.89708	5.55249	4.67369	6.09438	3.63129	
7.22844	10.1406	8.97998	7.92595	6.84062	4.32066	4.64737	8.2051	4.17808	0.571143	4.29434	3.58606	0	1.41924	3.04408	9.13945	8.49971	10.0413	19.9574	7.10852	
7.9174	8.0986	6.51098	8.03431	7.11758	4.21871	5.28944	9.21852	1.70909	0.848097	1.82534	1.78853	1.41924	0	5.51308	4.20196	6.17104	3.97857	5.39926	5.41983	
4.18435	9.21698	5.16894	9.94187	6.51766	1.27657	7.00126	5.16102	4.16875	3.61523	3.66993	6.57296	3.04408	5.51308	0	6.66162	6.09637	5.92981	7.85892	4.06444	
5.92462	9.59187	7.7339	12.2248	6.89255	9.01476	7.34183	5.5359	2.49287	7.51855	3.93506	4.89708	9.13945	4.20196	6.66162	0	6.95482	4.76235	6.18305	5.90651	
2.10016	7.20153	4.05309	4.09228	4.50221	4.8198	3.85234	3.14556	4.46195	8.29369	5.90414	5.55249	8.49971	6.17104	6.09637	6.95482	0	3.91436	7.13822	5.98239	
2.24784	4.82476	4.24707	8.67249	2.12544	5.04631	5.3939	0.768794	2.26948	9.10664	3.71167	4.67369	10.0413	3.97857	5.92981	4.76235	3.91436	0	4.76145	6.07446	
