20
5
3
5
30

6	7
19	44
37	23
35	6
5	8

20	35
8	31
29	43
18	39
19	47
31	24
38	50
33	21
2	27
1	12
26	20
20	33
15	46
20	26
17	19
15	12
5	30
13	40
38	5
9	40

70

1.79769e+308
1.79769e+308
1.79769e+308
1.79769e+308
1.79769e+308

17
18
13
19
12
18
13
13
17
20
16
18
15
11
18
16
15
15
15
16

0
0
0
0
0

0

0	12.6607	5.44715	3.13378	2.95344	6.846	5.11832	7.96234	7.78614	11.5732	9.41045	5.51018	8.52991	7.42366	4.8645	5.08978	4.44727	8.6634	4.33222	8.59133	11.7592	7.34399	10.6104	2.47431	8.38567	
12.6607	0	6.72175	9.20401	4.96427	2.40782	5.14828	4.02464	2.48046	0.802239	6.54629	7.44009	3.96763	6.59732	4.38933	4.06035	3.79415	0.486727	3.5855	2.17559	6.94817	4.8634	2.59736	6.79524	1.82363	
5.44715	6.72175	0	3.63231	8.89241	7.36026	6.10145	10.7464	4.44986	7.52399	4.97369	6.00871	2.96268	14.2015	7.58733	6.61622	4.9458	7.20848	5.98735	9.08986	8.24418	12.3924	8.36698	2.97284	10.5435	
3.13378	9.20401	3.63231	0	4.62077	3.71645	3.78808	11.9344	6.9551	11.5024	6.2809	3.69534	5.87485	5.22344	1.73495	5.80807	2.63242	2.39326	2.13794	0.704399	7.43356	6.54002	8.42674	0.659469	6.01125	
2.95344	4.96427	8.89241	4.62077	0	4.85816	8.07176	7.84153	5.01706	8.61973	7.43177	13.1252	4.40345	4.47022	2.88582	3.52383	5.59575	7.18576	1.37878	2.81232	8.80579	6.89054	8.12956	5.42775	5.84886	
6.846	2.40782	7.36026	3.71645	4.85816	0	2.82673	3.6321	0.158906	3.21006	5.16518	7.42328	1.64608	5.34835	1.9815	4.71894	1.38632	2.89455	5.99332	6.13896	4.54034	6.56989	4.71981	3.35928	1.29326	
5.11832	5.14828	6.10145	3.78808	8.07176	2.82673	0	2.84402	2.66782	6.93973	5.36567	6.16448	4.155	7.44262	9.06115	8.27721	5.0898	7.67561	11.679	9.24563	11.62	5.71221	5.49207	3.12861	3.80218	
7.96234	4.02464	10.7464	11.9344	7.84153	3.6321	2.84402	0	3.53473	4.82688	2.52165	3.41544	4.53266	4.5986	7.0676	5.57839	2.24578	4.51137	6.97946	8.61246	8.14503	7.12448	6.29267	4.21873	4.66909	
7.78614	2.48046	4.44986	6.9551	5.01706	0.158906	2.66782	3.53473	0	3.2827	3.49819	6.95018	1.48718	8.088	2.14041	5.14072	1.54523	2.47126	4.51184	6.4412	4.69925	2.17604	3.41506	4.54632	1.13435	
11.5732	0.802239	7.52399	11.5024	8.61973	3.21006	6.93973	4.82688	3.2827	0	9.27818	14.2353	5.75908	5.79508	6.68773	6.30742	6.09256	1.28897	4.38773	4.42266	9.24658	5.00437	3.3996	9.09365	4.0707	
9.41045	6.54629	4.97369	6.2809	7.43177	5.16518	5.36567	2.52165	3.49819	9.27818	0	5.93709	2.01101	7.12025	4.54595	4.56734	4.76742	5.22561	5.03568	6.09081	11.0076	4.93039	6.16941	7.96362	3.88871	
5.51018	7.44009	6.00871	3.69534	13.1252	7.42328	6.16448	3.41544	6.95018	14.2353	5.93709	0	8.28899	8.01404	10.8239	5.9756	5.00882	9.54922	8.12065	9.15288	4.72959	10.3986	11.6376	3.03587	9.35692	
8.52991	3.96763	2.96268	5.87485	4.40345	1.64608	4.155	4.53266	1.48718	5.75908	2.01101	8.28899	0	7.82072	6.55696	3.65354	6.47498	6.49497	3.02467	4.45821	11.2069	11.6585	5.4043	5.93552	2.62153	
7.42366	6.59732	14.2015	5.22344	4.47022	5.34835	7.44262	4.5986	8.088	5.79508	7.12025	8.01404	7.82072	0	7.35604	6.9411	3.96202	6.2079	4.79605	4.51904	11.2482	7.39284	8.00892	5.93498	6.95365	
4.8645	4.38933	7.58733	1.73495	2.88582	1.9815	9.06115	7.0676	2.14041	6.68773	4.54595	10.8239	6.55696	7.35604	0	8.18991	3.36783	5.84631	4.2646	2.43935	6.52185	4.80507	6.70131	2.39442	5.84675	
5.08978	4.06035	6.61622	5.80807	3.52383	4.71894	8.27721	5.57839	5.14072	6.30742	4.56734	5.9756	3.65354	6.9411	8.18991	0	3.33261	3.57363	2.14505	3.5786	10.7052	8.34652	6.01614	5.1486	4.91053	
4.44727	3.79415	4.9458	2.63242	5.59575	1.38632	5.0898	2.24578	1.54523	6.09256	4.76742	5.00882	6.47498	3.96202	3.36783	3.33261	0	3.7485	4.73368	5.43736	5.92667	5.18357	4.0469	1.97296	5.0854	
8.6634	0.486727	7.20848	2.39326	7.18576	2.89455	7.67561	4.51137	2.47126	1.28897	5.22561	9.54922	6.49497	6.2079	5.84631	3.57363	3.7485	0	3.1224	1.68886	8.41802	2.37858	2.44252	5.72146	1.3369	
4.33222	3.5855	5.98735	2.13794	1.37878	5.99332	11.679	6.97946	4.51184	4.38773	5.03568	8.12065	3.02467	4.79605	4.2646	2.14505	4.73368	3.1224	0	1.43355	8.16271	9.91725	6.18285	6.70664	6.74039	
8.59133	2.17559	9.08986	0.704399	2.81232	6.13896	9.24563	8.61246	6.4412	4.42266	6.09081	9.15288	4.45821	4.51904	2.43935	3.5786	5.43736	1.68886	1.43355	0	6.72916	6.34853	4.13138	1.36387	3.02576	
11.7592	6.94817	8.24418	7.43356	8.80579	4.54034	11.62	8.14503	4.69925	9.24658	11.0076	4.72959	11.2069	11.2482	6.52185	10.7052	5.92667	8.41802	8.16271	6.72916	0	6.95249	9.26015	7.76545	7.99417	
7.34399	4.8634	12.3924	6.54002	6.89054	6.56989	5.71221	7.12448	2.17604	5.00437	4.93039	10.3986	11.6585	7.39284	4.80507	8.34652	5.18357	2.37858	9.91725	6.34853	6.95249	0	3.32239	7.15652	1.04168	
10.6104	2.59736	8.36698	8.42674	8.12956	4.71981	5.49207	6.29267	3.41506	3.3996	6.16941	11.6376	5.4043	8.00892	6.70131	6.01614	4.0469	2.44252	6.18285	4.13138	9.26015	3.32239	0	6.01985	2.28071	
2.47431	6.79524	2.97284	0.659469	5.42775	3.35928	3.12861	4.21873	4.54632	9.09365	7.96362	3.03587	5.93552	5.93498	2.39442	5.1486	1.97296	5.72146	6.70664	1.36387	7.76545	7.15652	6.01985	0	7.23213	
8.38567	1.82363	10.5435	6.01125	5.84886	1.29326	3.80218	4.66909	1.13435	4.0707	3.88871	9.35692	2.62153	6.95365	5.84675	4.91053	5.0854	1.3369	6.74039	3.02576	7.99417	1.04168	2.28071	7.23213	0	

0	2.89236	4.94556	17.5285	1.56387	18.6019	5.27347	4.27177	7.47943	13.1562	10.499	6.0767	12.0689	4.58338	3.48073	3.1309	3.06543	3.7446	1.47571	2.33769	3.50611	10.4244	3.9453	9.12626	6.2623	
2.89236	0	4.88651	16.6856	15.46	2.99918	2.91087	4.21272	2.05831	3.19273	4.5991	3.46104	9.59403	4.38796	6.7551	5.3538	3.00638	0.263599	1.41666	6.69356	3.44706	7.27489	2.77973	8.94618	2.3493	
4.94556	4.88651	0	9.7857	16.5369	7.93673	9.52618	6.26591	8.13731	7.00289	8.2975	7.21294	8.38696	11.7799	5.01605	1.91859	5.05958	5.73874	3.46985	2.7118	2.69079	5.77342	5.93945	5.39855	7.65923	
17.5285	16.6856	9.7857	0	10.6935	19.4816	5.43018	10.331	12.108	6.15156	7.4977	13.1615	3.67446	10.6123	7.33092	4.34275	3.74305	15.6894	5.64411	7.58076	3.6137	16.5037	16.875	0.862792	8.24343	
1.56387	15.46	16.5369	10.6935	0	15.9774	3.70961	11.97	15.9941	14.1686	15.9549	7.64057	9.67972	9.56591	1.91687	5.01433	6.75598	6.35688	3.03957	3.90156	5.63408	9.89755	16.5481	8.27699	8.02326	
18.6019	2.99918	7.93673	19.4816	15.9774	0	3.97356	4.87766	0.940865	2.07528	2.84354	2.3436	6.58874	3.27051	11.2264	10.2493	0.927182	3.75752	2.51691	6.58309	11.5232	4.26718	1.24139	3.80744	1.75221	
5.27347	2.91087	9.52618	5.43018	3.70961	3.97356	0	6.88566	8.46504	4.26424	7.60668	11.68	8.70794	4.79707	5.62647	7.60759	3.04638	2.64727	4.6361	8.4008	8.37978	6.18795	5.16341	4.56738	3.87141	
4.27177	4.21272	6.26591	10.331	11.97	4.87766	6.88566	0	4.82236	9.30285	11.8414	3.41963	15.2828	6.7863	8.1345	5.33382	4.38578	4.23839	2.79606	4.54061	4.82646	10.6231	5.26565	10.4466	6.32409	
7.47943	2.05831	8.13731	12.108	15.9941	0.940865	8.46504	4.82236	0	1.13442	6.65741	1.40273	8.72035	2.32965	9.97869	6.69708	1.86805	2.32191	3.47497	4.57533	8.22314	5.21658	2.18225	6.42319	2.81306	
13.1562	3.19273	7.00289	6.15156	14.1686	2.07528	4.26424	9.30285	1.13442	0	5.77817	2.53715	6.87942	3.46406	10.8059	7.86091	1.21787	3.92101	2.80759	6.87378	7.08872	4.55786	7.5806	4.09813	2.0429	
10.499	4.5991	8.2975	7.4977	15.9549	2.84354	7.60668	11.8414	6.65741	5.77817	0	12.2756	9.4775	5.26693	10.7513	7.65386	4.56031	4.11829	4.07175	7.51261	8.42605	6.02203	1.60215	6.63491	2.56603	
6.0767	3.46104	7.21294	13.1615	7.64057	2.3436	11.68	3.41963	1.40273	2.53715	12.2756	0	11.7627	3.73238	8.39181	5.29435	8.29733	7.65802	6.21569	6.08756	6.06654	6.61931	11.3237	8.77431	5.55412	
12.0689	9.59403	8.38696	3.67446	9.67972	6.58874	8.70794	15.2828	8.72035	6.87942	9.4775	11.7627	0	5.05238	7.76285	6.46837	5.39399	6.65466	7.25128	7.26158	7.24056	9.00156	5.53284	4.53726	4.56896	
4.58338	4.38796	11.7799	10.6123	9.56591	3.27051	4.79707	6.7863	2.32965	3.46406	5.26693	3.73238	5.05238	0	7.64905	3.0389	1.30845	2.56912	5.27001	2.24569	6.21275	7.54622	1.4473	10.4907	0.483418	
3.48073	6.7551	5.01605	7.33092	1.91687	11.2264	5.62647	8.1345	9.97869	10.8059	10.7513	8.39181	7.76285	7.64905	0	3.09746	6.92817	7.60733	5.33844	3.89067	3.71722	12.6691	7.80804	6.57742	8.13247	
3.1309	5.3538	1.91859	4.34275	5.01433	10.2493	7.60759	5.33382	6.69708	7.86091	7.65386	5.29435	6.46837	3.0389	3.09746	0	5.52687	6.20603	2.8026	0.793209	0.772193	7.69201	6.40674	3.47996	8.72373	
3.06543	3.00638	5.05958	3.74305	6.75598	0.927182	3.04638	4.38578	1.86805	1.21787	4.56031	8.29733	5.39399	1.30845	6.92817	5.52687	0	2.91074	1.58972	5.65591	3.62013	3.34	1.78891	2.88026	0.825033	
3.7446	0.263599	5.73874	15.6894	6.35688	3.75752	2.64727	4.23839	2.32191	3.92101	4.11829	7.65802	6.65466	2.56912	7.60733	6.20603	2.91074	0	1.68026	7.5458	4.29929	6.93601	2.51614	7.21466	2.0857	
1.47571	1.41666	3.46985	5.64411	3.03957	2.51691	4.6361	2.79606	3.47497	2.80759	4.07175	6.21569	7.25128	5.27001	5.33844	2.8026	1.58972	1.68026	0	3.8134	2.03041	4.92972	2.46959	4.46999	2.41476	
2.33769	6.69356	2.7118	7.58076	3.90156	6.58309	8.4008	4.54061	4.57533	6.87378	7.51261	6.08756	7.26158	2.24569	3.89067	0.793209	5.65591	7.5458	3.8134	0	1.5654	8.99591	7.7465	4.27317	2.72911	
3.50611	3.44706	2.69079	3.6137	5.63408	11.5232	8.37978	4.82646	8.22314	7.08872	8.42605	6.06654	7.24056	6.21275	3.71722	0.772193	3.62013	4.29929	2.03041	1.5654	0	10.9791	4.5	4.25215	6.817	
10.4244	7.27489	5.77342	16.5037	9.89755	4.26718	6.18795	10.6231	5.21658	4.55786	6.02203	6.61931	9.00156	7.54622	12.6691	7.69201	3.34	6.93601	4.92972	8.99591	10.9791	0	4.41988	6.22026	4.16503	
3.9453	2.77973	5.93945	16.875	16.5481	1.24139	5.16341	5.26565	2.18225	7.5806	1.60215	11.3237	5.53284	1.4473	7.80804	6.40674	1.78891	2.51614	2.46959	7.7465	4.5	4.41988	0	8.23706	0.963881	
9.12626	8.94618	5.39855	0.862792	8.27699	3.80744	4.56738	10.4466	6.42319	4.09813	6.63491	8.77431	4.53726	10.4907	6.57742	3.47996	2.88026	7.21466	4.46999	4.27317	4.25215	6.22026	8.23706	0	3.70529	
6.2623	2.3493	7.65923	8.24343	8.02326	1.75221	3.87141	6.32409	2.81306	2.0429	2.56603	5.55412	4.56896	0.483418	8.13247	8.72373	0.825033	2.0857	2.41476	2.72911	6.817	4.16503	0.963881	3.70529	0	

0	10.6648	6.97968	5.60772	0.205686	6.2268	5.21423	10.7807	5.06797	8.23059	12.2288	6.67381	6.81017	11.1388	1.34506	6.83947	4.43646	10.8844	3.28234	6.71839	2.89654	2.97709	11.7117	8.86299	11.3653	
10.6648	0	17.6444	11.7721	10.8704	2.89107	6.36371	3.39025	2.96182	5.47421	7.26433	14.0583	5.80166	5.49459	12.0098	6.55387	6.54528	0.415023	8.99409	9.78287	8.25807	4.54199	1.34187	6.77807	2.33955	
6.97968	17.6444	0	6.75462	7.18537	8.18341	6.39912	11.9748	6.91487	10.9404	4.3517	12.5684	3.0189	5.23887	8.32475	4.49257	10.3311	5.65891	7.91034	11.3534	6.93253	7.0977	4.73206	10.4235	7.38989	
5.60772	11.7721	6.75462	0	5.8134	8.76753	10.2456	9.67571	5.12855	4.09731	5.06851	6.25437	3.73572	12.0819	6.95278	5.20938	5.62055	7.67534	6.91418	10.6791	7.64934	6.19285	7.10422	11.0076	7.23197	
0.205686	10.8704	7.18537	5.8134	0	12.1741	10.6458	10.575	7.85216	8.43628	12.7199	6.76844	9.25063	9.74457	1.55075	7.49155	8.90654	12.7634	3.48803	7.38512	3.10223	4.49424	9.15351	9.35409	8.99031	
6.2268	2.89107	8.18341	8.76753	12.1741	0	2.2078	4.04064	3.68091	2.01889	1.21469	6.33592	2.54749	3.36806	7.01825	6.1576	0.495651	2.47604	1.64977	3.73323	7.10253	5.38623	3.40289	4.66948	6.23196	
5.21423	6.36371	6.39912	10.2456	10.6458	2.2078	0	5.07485	3.71751	7.14679	3.4225	5.32335	6.82332	1.16025	5.48997	5.6578	2.70346	4.68385	1.93188	5.36793	5.57425	3.85795	4.08952	7.23493	4.02416	
10.7807	3.39025	11.9748	9.67571	10.575	4.04064	5.07485	0	5.90722	4.18536	10.2746	4.65282	5.42168	7.9741	6.64942	5.26502	3.54499	8.16957	4.69911	8.36188	6.7337	3.25314	4.26542	7.44488	1.05069	
5.06797	2.96182	6.91487	5.12855	7.85216	3.68091	3.71751	5.90722	0	4.7085	6.557	5.17709	3.08777	4.02099	2.69632	1.6141	2.93974	2.54679	1.78563	4.40878	2.7806	1.0643	2.18281	3.19123	3.26674	
8.23059	5.47421	10.9404	4.09731	8.43628	2.01889	7.14679	4.18536	4.7085	0	6.19495	10.2312	7.50565	10.5029	7.68015	7.34898	1.52324	5.84793	2.67736	10.2392	11.1271	5.3371	6.34939	9.64974	3.13466	
12.2288	7.26433	4.3517	5.06851	12.7199	1.21469	3.4225	10.2746	6.557	6.19495	0	13.8072	1.3328	10.9654	10.0587	2.80647	1.71034	3.69074	4.15915	4.94793	5.24643	6.60092	4.7013	3.45479	5.70379	
6.67381	14.0583	12.5684	6.25437	6.76844	6.33592	5.32335	4.65282	5.17709	10.2312	13.8072	0	8.2829	11.5146	9.63066	8.71102	4.54558	12.4759	3.39146	6.82751	10.2742	8.55788	10.9235	12.0977	5.70351	
6.81017	5.80166	3.0189	3.73572	9.25063	2.54749	6.82332	5.42168	3.08777	7.50565	1.3328	8.2829	0	8.25777	8.72589	1.47367	6.04555	4.29535	4.89144	6.7327	3.91363	5.62993	3.3685	3.0508	4.37099	
11.1388	5.49459	5.23887	12.0819	9.74457	3.36806	1.16025	7.9741	4.02099	10.5029	10.9654	11.5146	8.25777	0	4.58872	6.81806	6.7838	5.07956	3.09214	6.30119	4.673	2.9567	5.24977	7.95073	5.15914	
1.34506	12.0098	8.32475	6.95278	1.55075	7.01825	5.48997	6.64942	2.69632	7.68015	10.0587	9.63066	8.72589	4.58872	0	8.63093	9.20339	13.5281	4.62741	4.97651	3.34832	1.63202	3.99767	15.3394	3.83446	
6.83947	6.55387	4.49257	5.20938	7.49155	6.1576	5.6578	5.26502	1.6141	7.34898	2.80647	8.71102	1.47367	6.81806	8.63093	0	4.79936	4.16089	3.39973	5.25903	3.94293	2.67839	3.79691	1.57713	4.21432	
4.43646	6.54528	10.3311	5.62055	8.90654	0.495651	2.70346	3.54499	2.93974	1.52324	1.71034	4.54558	6.04555	6.7838	9.20339	4.79936	0	2.97169	1.15412	4.22888	9.87253	4.24956	5.36807	7.50673	4.59569	
10.8844	0.415023	5.65891	7.67534	12.7634	2.47604	4.68385	8.16957	2.54679	5.84793	3.69074	12.4759	4.29535	5.07956	13.5281	4.16089	2.97169	0	4.33242	6.20928	7.98786	3.29249	0.926849	6.36305	2.75457	
3.28234	8.99409	7.91034	6.91418	3.48803	1.64977	1.93188	4.69911	1.78563	2.67736	4.15915	3.39146	4.89144	3.09214	4.62741	3.39973	1.15412	4.33242	0	3.43604	6.17889	2.84992	3.96844	6.89669	5.95604	
6.71839	9.78287	11.3534	10.6791	7.38512	3.73323	5.36793	8.36188	4.40878	10.2392	4.94793	6.82751	6.7327	6.30119	4.97651	5.25903	4.22888	6.20928	3.43604	0	5.06079	3.34449	5.71013	6.83616	5.54693	
2.89654	8.25807	6.93253	7.64934	3.10223	7.10253	5.57425	6.7337	2.7806	11.1271	5.24643	10.2742	3.91363	4.673	3.34832	3.94293	9.87253	7.98786	6.17889	5.06079	0	1.7163	4.08195	5.52006	3.91874	
2.97709	4.54199	7.0977	6.19285	4.49424	5.38623	3.85795	3.25314	1.0643	5.3371	6.60092	8.55788	5.62993	2.9567	1.63202	2.67839	4.24956	3.29249	2.84992	3.34449	1.7163	0	2.36564	10.9074	2.20244	
11.7117	1.34187	4.73206	7.10422	9.15351	3.40289	4.08952	4.26542	2.18281	6.34939	4.7013	10.9235	3.3685	5.24977	3.99767	3.79691	5.36807	0.926849	3.96844	5.71013	4.08195	2.36564	0	7.28989	3.21473	
8.86299	6.77807	10.4235	11.0076	9.35409	4.66948	7.23493	7.44488	3.19123	9.64974	3.45479	12.0977	3.0508	7.95073	15.3394	1.57713	7.50673	6.36305	6.89669	6.83616	5.52006	10.9074	7.28989	0	5.79145	
11.3653	2.33955	7.38989	7.23197	8.99031	6.23196	4.02416	1.05069	3.26674	3.13466	5.70379	5.70351	4.37099	5.15914	3.83446	4.21432	4.59569	2.75457	5.95604	5.54693	3.91874	2.20244	3.21473	5.79145	0	

0	2.75674	1.68782	5.35665	0.181582	6.94416	5.50407	7.59712	9.62169	2.83138	0.878134	9.01832	0.344681	9.13341	2.44947	4.11444	2.32222	6.08488	6.25818	7.55699	1.93324	9.69697	3.34706	5.25518	5.50076	
2.75674	0	3.75519	7.42403	6.62362	2.31385	3.96356	7.61081	3.65809	2.58729	3.43086	3.12535	2.41206	8.9821	6.73229	2.67628	2.54943	6.00139	3.61514	7.89135	4.85747	6.16089	2.07161	4.8879	4.21658	
1.68782	3.75519	0	6.35511	5.20018	11.061	10.5227	10.2149	8.14367	12.1712	2.36194	7.62876	1.34314	15.2903	7.46806	2.71291	3.32068	10.5048	1.77405	10.4811	8.80588	14.2522	8.05294	6.91386	7.7749	
5.35665	7.42403	6.35511	0	5.76231	13.1631	7.62962	5.79464	1.97528	13.878	6.03077	5.76599	5.01197	5.88653	8.0302	11.1954	6.98951	8.64203	9.42246	7.99045	4.06741	12.3894	4.2036	0.745472	8.10549	
0.181582	6.62362	5.20018	5.76231	0	6.97219	1.6592	12.7118	9.42874	3.01296	0.696552	9.74897	0.526263	4.5177	2.26789	5.43304	6.28078	5.27519	3.12445	5.89859	2.11483	6.21873	7.01019	6.50778	8.53699	
6.94416	2.31385	11.061	13.1631	6.97219	0	1.64971	6.74359	2.02792	2.45178	2.61235	5.4392	3.56602	3.39279	7.73484	4.99013	1.58848	4.76589	6.33384	8.83838	6.19701	2.54595	1.9361	3.25773	5.16836	
5.50407	3.96356	10.5227	7.62962	1.6592	1.64971	0	8.15495	3.67762	5.17305	0.962648	7.51967	1.98145	1.74308	3.99289	7.45052	0.95829	4.13571	3.39054	3.847	5.56683	0.896245	1.43611	8.11549	4.34657	
7.59712	7.61081	10.2149	5.79464	12.7118	6.74359	8.15495	0	4.71567	4.69527	6.02041	4.31782	8.87177	7.25637	12.319	6.91232	4.61919	1.44177	12.7992	9.49134	8.37111	10.5241	5.28141	5.04917	3.80837	
9.62169	3.65809	8.14367	1.97528	9.42874	2.02792	3.67762	4.71567	0	6.14069	9.56952	6.299	5.06494	5.16568	10.3904	6.33437	3.0874	6.15745	7.83277	11.5159	4.55175	5.87495	3.56522	1.22981	7.82494	
2.83138	2.58729	12.1712	13.878	3.01296	2.45178	5.17305	4.69527	6.14069	0	7.83213	6.12954	3.17606	6.82952	6.31443	4.16089	0.993502	3.25349	6.79457	4.7256	4.76463	7.95981	0.515681	3.97381	2.66938	
0.878134	3.43086	2.36194	6.03077	0.696552	2.61235	0.962648	6.02041	9.56952	7.83213	0	7.45468	1.0188	2.70573	2.96444	3.36676	1.92094	4.57864	2.42789	10.1568	4.64001	1.85889	5.62001	7.74004	5.30922	
9.01832	3.12535	7.62876	5.76599	9.74897	5.4392	7.51967	4.31782	6.299	6.12954	7.45468	0	5.5374	8.69064	9.85763	5.80162	6.05346	2.87604	9.40281	8.75166	10.8081	6.62342	5.19696	6.51146	7.34193	
0.344681	2.41206	1.34314	5.01197	0.526263	3.56602	1.98145	8.87177	5.06494	3.17606	1.0188	5.5374	0	4.05583	7.22828	5.08833	1.97754	5.15496	3.11719	9.13797	2.27792	6.46557	2.45536	5.75744	6.43177	
9.13341	8.9821	15.2903	5.88653	4.5177	3.39279	1.74308	7.25637	5.16568	6.82952	2.70573	8.69064	4.05583	0	2.24981	7.31899	2.07829	5.2557	6.82365	2.10392	6.68682	2.63933	2.55611	6.632	6.08966	
2.44947	6.73229	7.46806	8.0302	2.26789	7.73484	3.99289	12.319	10.3904	6.31443	2.96444	9.85763	7.22828	2.24981	0	6.5059	4.32809	8.0644	7.44476	3.6307	8.6871	5.55043	5.79875	9.25687	9.03101	
4.11444	2.67628	2.71291	11.1954	5.43304	4.99013	7.45052	6.91232	6.33437	4.16089	3.36676	5.80162	5.08833	7.31899	6.5059	0	4.12303	11.8881	0.938865	5.21507	2.1812	7.32122	3.64521	5.50313	3.10395	
2.32222	2.54943	3.32068	6.98951	6.28078	1.58848	0.95829	4.61919	3.0874	0.993502	1.92094	6.05346	1.97754	2.07829	4.32809	4.12303	0	3.17742	4.74537	4.1822	4.60854	1.85454	0.477821	3.93595	3.71008	
6.08488	6.00139	10.5048	8.64203	5.27519	4.76589	4.13571	1.44177	6.15745	3.25349	4.57864	2.87604	5.15496	5.2557	8.0644	11.8881	3.17742	0	7.00653	7.91851	7.78595	7.66545	3.65524	6.49095	5.25015	
6.25818	3.61514	1.77405	9.42246	3.12445	6.33384	3.39054	12.7992	7.83277	6.79457	2.42789	9.40281	3.11719	6.82365	7.44476	0.938865	4.74537	7.00653	0	6.15394	3.12006	8.26009	4.58408	8.68791	4.04282	
7.55699	7.89135	10.4811	7.99045	5.89859	8.83838	3.847	9.49134	11.5159	4.7256	10.1568	8.75166	9.13797	2.10392	3.6307	5.21507	4.1822	7.91851	6.15394	0	7.38631	5.24005	5.24128	10.7083	7.39498	
1.93324	4.85747	8.80588	4.06741	2.11483	6.19701	5.56683	8.37111	4.55175	4.76463	4.64001	10.8081	2.27792	6.68682	8.6871	2.1812	4.60854	7.78595	3.12006	7.38631	0	9.09657	5.08636	3.32194	5.28515	
9.69697	6.16089	14.2522	12.3894	6.21873	2.54595	0.896245	10.5241	5.87495	7.95981	1.85889	6.62342	6.46557	2.63933	5.55043	7.32122	1.85454	7.66545	8.26009	5.24005	9.09657	0	4.96585	15.5775	5.24282	
3.34706	2.07161	8.05294	4.2036	7.01019	1.9361	1.43611	5.28141	3.56522	0.515681	5.62001	5.19696	2.45536	2.55611	5.79875	3.64521	0.477821	3.65524	4.58408	5.24128	5.08636	4.96585	0	3.45812	3.18506	
5.25518	4.8879	6.91386	0.745472	6.50778	3.25773	8.11549	5.04917	1.22981	3.97381	7.74004	6.51146	5.75744	6.632	9.25687	5.50313	3.93595	6.49095	8.68791	10.7083	3.32194	15.5775	3.45812	0	6.69039	
5.50076	4.21658	7.7749	8.10549	8.53699	5.16836	4.34657	3.80837	7.82494	2.66938	5.30922	7.34193	6.43177	6.08966	9.03101	3.10395	3.71008	5.25015	4.04282	7.39498	5.28515	5.24282	3.18506	6.69039	0	

0	7.67603	6.35393	13.8453	0.826744	9.41676	7.52659	6.94879	8.6291	10.0747	8.78318	12.67	7.66886	13.6171	1.98346	9.65477	7.35224	8.19668	5.93562	7.32271	4.51449	3.87343	7.97621	11.5456	8.63366	
7.67603	0	7.60349	3.72581	6.84928	4.33627	2.56188	5.71415	1.35646	0.444474	8.62856	4.49899	8.94523	7.47793	8.17544	12.6162	7.44557	2.54574	4.58354	8.28301	8.41281	4.41325	2.00934	8.14323	2.7343	
6.35393	7.60349	0	8.22784	5.53651	1.38805	4.85153	3.95109	4.36786	9.72729	2.37246	6.25933	1.81309	6.86695	4.49064	3.24406	2.61818	5.02915	3.54633	6.53708	1.83944	6.35276	5.19741	6.66577	11.2158	
13.8453	3.72581	8.22784	0	13.0279	11.2357	3.68427	12.6135	6.93078	3.28134	6.97413	9.06166	6.41476	6.00492	5.32989	7.84573	9.44126	5.3826	7.4204	9.23569	9.33083	3.43992	5.77631	3.5761	12.7537	
0.826744	6.84928	5.53651	13.0279	0	8.59933	6.70916	6.12205	8.20574	7.29376	9.59185	9.74092	9.05055	11.8029	2.8102	8.38404	8.87173	7.36993	6.76236	6.49597	3.69707	7.89002	8.7078	12.3723	12.9634	
9.41676	4.33627	1.38805	11.2357	8.59933	0	4.18524	2.56304	2.97982	5.74237	2.35733	6.18192	3.20113	6.70084	7.55346	7.63574	1.23013	3.6411	2.64675	6.07726	3.22749	4.92867	3.6327	7.42684	4.46681	
7.52659	2.56188	4.85153	3.68427	6.70916	4.18524	0	5.56312	1.20542	4.85486	3.22785	5.86609	3.78722	2.07721	2.13432	3.59431	4.35504	2.87892	7.18014	2.8823	3.0121	0.244349	1.85291	2.74252	1.19546	
6.94879	5.71415	3.95109	12.6135	6.12205	2.56304	5.56312	0	4.3577	8.00714	6.02945	3.61888	6.58883	12.7833	11.1767	9.36447	3.79318	6.0312	4.91791	7.4764	7.46531	9.24063	5.01058	12.481	8.85559	
8.6291	1.35646	4.36786	6.93078	8.20574	2.97982	1.20542	4.3577	0	1.80093	4.43326	5.85545	9.19351	3.28263	6.81898	8.55194	4.20995	1.6735	6.59109	4.08772	4.21751	1.44977	0.652882	3.94794	1.31032	
10.0747	0.444474	9.72729	3.28134	7.29376	5.74237	4.85486	8.00714	1.80093	0	11.5954	4.94347	5.87231	12.7702	9.06471	10.997	5.55568	2.10127	4.13906	8.43691	12.6122	6.66651	2.52133	6.85744	4.98757	
8.78318	8.62856	2.37246	6.97413	9.59185	2.35733	3.22785	6.02945	4.43326	11.5954	0	5.00562	0.559375	5.30506	7.72209	1.99034	1.12719	7.31251	2.29262	5.68812	5.89479	3.47219	8.16851	5.41206	4.42331	
12.67	4.49899	6.25933	9.06166	9.74092	6.18192	5.86609	3.61888	5.85545	4.94347	5.00562	0	4.44624	8.18675	7.51172	5.87721	7.62895	8.21943	6.17949	6.01113	10.7088	5.62175	6.57585	9.29892	13.849	
7.66886	8.94523	1.81309	6.41476	9.05055	3.20113	3.78722	6.58883	9.19351	5.87231	0.559375	4.44624	0	2.94807	6.42965	1.43097	1.68657	10.0707	1.73325	3.31904	3.65253	4.53967	6.87606	4.85268	5.48501	
13.6171	7.47793	6.86695	6.00492	11.8029	6.70084	2.07721	12.7833	3.28263	12.7702	5.30506	8.18675	2.94807	0	4.45498	1.5171	5.47071	6.16188	6.88733	3.40517	5.08931	2.32156	4.90139	4.81973	3.27268	
1.98346	8.17544	4.49064	5.32989	2.8102	7.55346	2.13432	11.1767	6.81898	9.06471	7.72209	7.51172	6.42965	4.45498	0	14.0834	8.33328	8.49249	7.91907	7.34885	2.6512	1.88998	4.22636	13.529	11.3169	
9.65477	12.6162	3.24406	7.84573	8.38404	7.63574	3.59431	9.36447	8.55194	10.997	1.99034	5.87721	1.43097	1.5171	14.0834	0	4.92724	8.89573	3.16422	1.88807	6.58571	4.0821	4.71149	6.28365	4.05404	
7.35224	7.44557	2.61818	9.44126	8.87173	1.23013	4.35504	3.79318	4.20995	5.55568	1.12719	7.62895	1.68657	5.47071	8.33328	4.92724	0	4.87124	1.41662	5.71447	6.1324	6.95931	5.0395	7.57877	8.83549	
8.19668	2.54574	5.02915	5.3826	7.36993	3.6411	2.87892	6.0312	1.6735	2.10127	7.31251	8.21943	10.0707	6.16188	8.49249	8.89573	4.87124	0	6.24033	6.96696	7.09676	3.67426	1.33787	6.82718	1.99531	
5.93562	4.58354	3.54633	7.4204	6.76236	2.64675	7.18014	4.91791	6.59109	4.13906	2.29262	6.17949	1.73325	6.88733	7.91907	3.16422	1.41662	6.24033	0	4.29785	8.51354	6.27292	7.42064	6.58593	11.136	
7.32271	8.28301	6.53708	9.23569	6.49597	6.07726	2.8823	7.4764	4.08772	8.43691	5.68812	6.01113	3.31904	3.40517	7.34885	1.88807	5.71447	6.96696	4.29785	0	4.69764	3.12665	9.88663	5.62482	4.07776	
4.51449	8.41281	1.83944	9.33083	3.69707	3.22749	3.0121	7.46531	4.21751	12.6122	5.89479	10.7088	3.65253	5.08931	2.6512	6.58571	6.1324	7.09676	8.51354	4.69764	0	3.25644	8.71162	5.75462	4.20756	
3.87343	4.41325	6.35276	3.43992	7.89002	4.92867	0.244349	9.24063	1.44977	6.66651	3.47219	5.62175	4.53967	2.32156	1.88998	4.0821	6.95931	3.67426	6.27292	3.12665	3.25644	0	2.33639	2.98687	1.43981	
7.97621	2.00934	5.19741	5.77631	8.7078	3.6327	1.85291	5.01058	0.652882	2.52133	8.16851	6.57585	6.87606	4.90139	4.22636	4.71149	5.0395	1.33787	7.42064	9.88663	8.71162	2.33639	0	18.7353	0.657443	
11.5456	8.14323	6.66577	3.5761	12.3723	7.42684	2.74252	12.481	3.94794	6.85744	5.41206	9.29892	4.85268	4.81973	13.529	6.28365	7.57877	6.82718	6.58593	5.62482	5.75462	2.98687	18.7353	0	3.93798	
8.63366	2.7343	11.2158	12.7537	12.9634	4.46681	1.19546	8.85559	1.31032	4.98757	4.42331	13.849	5.48501	3.27268	11.3169	4.05404	8.83549	1.99531	11.136	4.07776	4.20756	1.43981	0.657443	3.93798	0	

0	5.05839	5.2019	2.58292	2.63576	4.87078	4.47189	5.41872	6.56615	4.92298	4.16828	6.80599	2.94974	1.94864	4.24905	5.66272	2.89622	4.21322	4.59345	0.482248	6.61908	4.48275	7.13497	1.84923	5.04836	
5.05839	0	5.54397	3.89114	7.44395	4.08273	4.45708	4.76906	1.50776	0.599162	2.95104	8.25497	7.32202	4.44588	6.91875	2.64528	3.70882	2.21187	1.80108	5.29043	11.6156	7.99706	4.94775	4.75582	3.66932	
5.2019	5.54397	0	4.98231	7.53492	8.18132	7.65935	1.47704	3.72268	5.64694	2.27941	4.51208	2.25215	6.64757	12.0445	4.96512	5.86535	3.3321	5.00335	7.14116	2.95005	8.40568	4.75593	6.45429	4.78955	
2.58292	3.89114	4.98231	0	1.81431	6.38276	4.74607	6.4705	6.12161	7.72857	3.9487	6.58641	2.73016	4.73487	4.05389	2.93427	1.78068	6.1873	2.09007	3.96783	8.67065	7.38904	6.91539	0.733689	3.93282	
2.63576	7.44395	7.53492	1.81431	0	6.54205	2.92713	8.16638	7.32876	7.67065	5.88549	8.45801	4.54447	4.69631	2.23958	5.31899	6.1039	6.43976	3.90438	2.15351	9.36675	7.23041	6.656	2.548	4.98231	
4.87078	4.08273	8.18132	6.38276	6.54205	0	6.85943	6.23304	3.68922	5.50585	5.1325	6.67848	3.98711	4.9881	8.98518	5.54711	0.37391	3.51004	7.63291	4.32429	12.9645	3.23045	3.72628	1.42091	2.05259	
4.47189	4.45708	7.65935	4.74607	2.92713	6.85943	0	7.48717	3.61595	6.99783	5.05922	10.766	7.42164	3.8919	0.687547	3.50021	7.91723	7.20737	2.656	4.95414	11.091	3.62899	3.60023	6.32112	5.27392	
5.41872	4.76906	1.47704	6.4705	8.16638	6.23304	7.48717	0	3.87122	4.1699	3.75644	3.03505	3.72919	7.36736	9.2822	7.03343	7.07819	4.80914	6.48039	5.90096	4.42708	9.90146	5.85414	7.20419	4.18045	
6.56615	1.50776	3.72268	6.12161	7.32876	3.68922	3.61595	3.87122	0	2.10693	1.44327	4.01579	2.66181	7.50785	4.3035	4.79581	4.06313	3.71964	3.30884	6.30502	9.02629	6.91967	3.43998	5.38792	5.11367	
4.92298	0.599162	5.64694	7.72857	7.67065	5.50585	6.99783	4.1699	2.10693	0	4.82515	7.20495	5.57651	6.87162	5.94294	2.86353	4.30798	2.81103	2.40024	5.40523	10.5655	5.18019	6.82186	6.17894	7.95059	
4.16828	2.95104	2.27941	3.9487	5.88549	5.1325	5.05922	3.75644	1.44327	4.82515	0	2.57252	1.21854	6.64532	6.43195	3.35254	4.83173	5.61151	4.00052	4.86175	5.22946	5.6692	4.88325	6.83119	8.29985	
6.80599	8.25497	4.51208	6.58641	8.45801	6.67848	10.766	3.03505	4.01579	7.20495	2.57252	0	3.79106	9.61958	11.874	5.92506	6.30458	10.8341	6.57304	7.43427	9.43068	8.69879	7.16577	7.35157	7.2155	
2.94974	7.32202	2.25215	2.73016	4.54447	3.98711	7.42164	3.72919	2.66181	5.57651	1.21854	3.79106	0	4.89838	5.79238	2.71297	3.6132	5.58425	3.55718	3.43199	5.2022	5.02963	4.18523	3.46385	5.85892	
1.94864	4.44588	6.64757	4.73487	4.69631	4.9881	3.8919	7.36736	7.50785	6.87162	6.64532	9.61958	4.89838	0	4.57945	3.48901	5.36201	3.31547	2.64481	2.43089	8.56772	3.05361	6.08852	3.79787	4.77292	
4.24905	6.91875	12.0445	4.05389	2.23958	8.98518	0.687547	9.2822	4.3035	5.94294	6.43195	11.874	5.79238	4.57945	0	3.07941	9.36861	8.46228	3.34355	4.39309	10.5167	4.31653	4.28778	6.09828	7.22188	
5.66272	2.64528	4.96512	2.93427	5.31899	5.54711	3.50021	7.03343	4.79581	2.86353	3.35254	5.92506	2.71297	3.48901	3.07941	0	6.32617	8.32001	0.844206	7.42651	10.9356	2.31666	6.55379	5.80607	8.22748	
2.89622	3.70882	5.86535	1.78068	6.1039	0.37391	7.91723	7.07819	4.06313	4.30798	4.83173	6.30458	3.6132	5.36201	9.36861	6.32617	0	4.62338	5.5099	3.95038	14.0223	3.60436	4.74527	1.047	2.4265	
4.21322	2.21187	3.3321	6.1873	6.43976	3.51004	7.20737	4.80914	3.71964	2.81103	5.61151	10.8341	5.58425	3.31547	8.46228	8.32001	4.62338	0	4.01295	4.69547	6.28215	6.00335	3.13114	4.65658	1.45745	
4.59345	1.80108	5.00335	2.09007	3.90438	7.63291	2.656	6.48039	3.30884	2.40024	4.00052	6.57304	3.55718	2.64481	3.34355	0.844206	5.5099	4.01295	0	7.09151	7.9534	3.16087	6.25623	2.82376	11.6423	
0.482248	5.29043	7.14116	3.96783	2.15351	4.32429	4.95414	5.90096	6.30502	5.40523	4.86175	7.43427	3.43199	2.43089	4.39309	7.42651	3.95038	4.69547	7.09151	0	7.10133	4.96499	8.75989	2.33148	6.44112	
6.61908	11.6156	2.95005	8.67065	9.36675	12.9645	11.091	4.42708	9.02629	10.5655	5.22946	9.43068	5.2022	8.56772	10.5167	10.9356	14.0223	6.28215	7.9534	7.10133	0	9.73408	7.70598	8.46831	10.5761	
4.48275	7.99706	8.40568	7.38904	7.23041	3.23045	3.62899	9.90146	6.91967	5.18019	5.6692	8.69879	5.02963	3.05361	4.31653	2.31666	3.60436	6.00335	3.16087	4.96499	9.73408	0	7.22921	5.33524	5.28303	
7.13497	4.94775	4.75593	6.91539	6.656	3.72628	3.60023	5.85414	3.43998	6.82186	4.88325	7.16577	4.18523	6.08852	4.28778	6.55379	4.74527	3.13114	6.25623	8.75989	7.70598	7.22921	0	4.87282	1.67369	
1.84923	4.75582	6.45429	0.733689	2.548	1.42091	6.32112	7.20419	5.38792	6.17894	6.83119	7.35157	3.46385	3.79787	6.09828	5.80607	1.047	4.65658	2.82376	2.33148	8.46831	5.33524	4.87282	0	3.19913	
5.04836	3.66932	4.78955	3.93282	4.98231	2.05259	5.27392	4.18045	5.11367	7.95059	8.29985	7.2155	5.85892	4.77292	7.22188	8.22748	2.4265	1.45745	11.6423	6.44112	10.5761	5.28303	1.67369	3.19913	0	

0	2.66281	12.3827	10.4737	0.751645	3.33063	2.89141	9.16427	3.055	7.40441	4.61917	10.8981	6.67398	2.4856	4.65105	5.63911	6.99458	3.76496	7.41541	4.91606	2.06985	3.80129	6.5352	11.1091	3.90448	
2.66281	0	3.55922	9.54893	3.41446	0.667817	2.66479	4.37315	0.392186	4.7416	3.89549	2.12315	4.13545	5.14842	5.83558	8.13647	2.07398	1.10215	4.7526	6.97709	2.84056	4.30633	2.18537	8.44632	2.58329	
12.3827	3.55922	0	6.95647	4.62085	6.0111	5.43964	7.11672	3.16703	10.8169	0.753328	4.84918	2.3416	8.93123	12.1694	2.19901	8.06288	5.3749	1.39279	10.5652	5.6154	9.38252	4.96022	10.2626	7.27503	
10.4737	9.54893	6.95647	0	10.0707	11.1391	11.7865	8.62244	9.70644	16.2667	6.20314	12.2515	7.826	8.07757	15.482	7.64882	10.1037	10.2155	6.8426	5.55761	9.06453	8.12847	10.6937	1.10261	11.6967	
0.751645	3.41446	4.62085	10.0707	0	6.80392	2.13977	13.9206	3.76658	9.98254	3.86753	9.25123	5.02707	3.23725	3.68362	4.88746	5.34766	7.36112	4.50699	4.82513	1.31821	2.15437	3.36164	12.1249	6.8275	
3.33063	0.667817	6.0111	11.1391	6.80392	0	6.14494	4.1946	1.06	5.40941	5.25777	5.15852	3.95689	7.05062	7.85113	5.84577	1.40616	0.923591	5.42042	6.36939	4.13798	2.63839	4.5402	9.11414	2.40473	
2.89141	2.66479	5.43964	11.7865	2.13977	6.14494	0	4.72594	2.2726	7.83888	5.77591	2.90907	8.25465	2.66253	4.08324	6.37246	2.09656	5.22135	7.85734	6.35794	1.7005	0.864334	1.22187	7.89019	1.80001	
9.16427	4.37315	7.11672	8.62244	13.9206	4.1946	4.72594	0	3.9985	4.43957	3.94682	2.26754	6.3043	7.74634	13.7026	6.69122	4.39873	3.271	3.30735	5.22638	8.42819	5.63096	3.50407	7.51984	4.08222	
3.055	0.392186	3.16703	9.70644	3.76658	1.06	2.2726	3.9985	0	5.13378	3.5033	1.73096	5.12616	5.76419	4.81379	4.94899	4.89584	1.49433	4.14277	5.95529	2.44837	3.13694	1.79318	8.83851	2.37133	
7.40441	4.7416	10.8169	16.2667	9.98254	5.40941	7.83888	4.43957	5.13378	0	7.14547	6.7071	11.6864	4.57002	10.2921	9.88987	8.8383	4.63229	6.506	8.57507	8.21176	7.8533	3.72929	11.9594	3.15115	
4.61917	3.89549	0.753328	6.20314	3.86753	5.25777	5.77591	3.94682	3.5033	7.14547	0	5.23427	1.62286	7.94057	8.32729	1.44568	5.8853	4.65616	0.639467	3.45391	5.18573	8.679	5.29649	7.30575	6.5217	
10.8981	2.12315	4.84918	12.2515	9.25123	5.15852	2.90907	2.26754	1.73096	6.7071	5.23427	0	5.74248	6.33153	10.2984	6.32491	3.75236	5.53854	5.57489	6.82327	4.17933	4.53334	1.6872	9.78737	2.26534	
6.67398	4.13545	2.3416	7.826	5.02707	3.95689	8.25465	6.3043	5.12616	11.6864	1.62286	5.74248	0	9.24058	6.07427	3.06854	7.73831	3.0333	2.26232	7.21578	3.70886	4.54502	7.42968	11.1321	4.51444	
2.4856	5.14842	8.93123	8.07757	3.23725	7.05062	2.66253	7.74634	5.76419	4.57002	7.94057	6.33153	9.24058	0	4.23704	11.2371	3.03042	2.90001	5.33441	2.51996	2.63436	1.79819	1.99702	8.82405	1.41887	
4.65105	5.83558	12.1694	15.482	3.68362	7.85113	4.08324	13.7026	4.81379	10.2921	8.32729	10.2984	6.07427	4.23704	0	9.3132	6.39487	8.30334	8.74516	5.87234	2.36542	3.20158	5.30511	15.6475	5.65591	
5.63911	8.13647	2.19901	7.64882	4.88746	5.84577	6.37246	6.69122	4.94899	9.88987	1.44568	6.32491	3.06854	11.2371	9.3132	0	4.43961	10.9538	2.08515	6.19832	6.20567	5.67184	5.1506	10.9549	5.72874	
6.99458	2.07398	8.06288	10.1037	5.34766	1.40616	2.09656	4.39873	4.89584	8.8383	5.8853	3.75236	7.73831	3.03042	6.39487	4.43961	0	2.32975	6.99389	7.53638	2.06839	1.23223	5.43956	8.25809	7.9072	
3.76496	1.10215	5.3749	10.2155	7.36112	0.923591	5.22135	3.271	1.49433	4.63229	4.65616	5.53854	3.0333	2.90001	8.30334	10.9538	2.32975	0	5.85475	7.29298	4.57231	6.08569	2.05929	9.54847	1.48114	
7.41541	4.7526	1.39279	6.8426	4.50699	5.42042	7.85734	3.30735	4.14277	6.506	0.639467	5.57489	2.26232	5.33441	8.74516	2.08515	6.99389	5.85475	0	2.81445	6.32137	7.21591	6.63547	10.1487	7.16117	
4.91606	6.97709	10.5652	5.55761	4.82513	6.36939	6.35794	5.22638	5.95529	8.57507	3.45391	6.82327	7.21578	2.51996	5.87234	6.19832	7.53638	7.29298	2.81445	0	3.50692	4.31816	5.13607	6.66022	3.93883	
2.06985	2.84056	5.6154	9.06453	1.31821	4.13798	1.7005	8.42819	2.44837	8.21176	5.18573	4.17933	3.70886	2.63436	2.36542	6.20567	2.06839	4.57231	6.32137	3.50692	0	0.836162	4.24156	7.86202	9.49069	
3.80129	4.30633	9.38252	8.12847	2.15437	2.63839	0.864334	5.63096	3.13694	7.8533	8.679	4.53334	4.54502	1.79819	3.20158	5.67184	1.23223	6.08569	7.21591	4.31816	0.836162	0	2.0862	7.02586	3.21707	
6.5352	2.18537	4.96022	10.6937	3.36164	4.5402	1.22187	3.50407	1.79318	3.72929	5.29649	1.6872	7.42968	1.99702	5.30511	5.1506	5.43956	2.05929	6.63547	5.13607	4.24156	2.0862	0	11.0239	0.578144	
11.1091	8.44632	10.2626	1.10261	12.1249	9.11414	7.89019	7.51984	8.83851	11.9594	7.30575	9.78737	11.1321	8.82405	15.6475	10.9549	8.25809	9.54847	10.1487	6.66022	7.86202	7.02586	11.0239	0	11.0536	
3.90448	2.58329	7.27503	11.6967	6.8275	2.40473	1.80001	4.08222	2.37133	3.15115	6.5217	2.26534	4.51444	1.41887	5.65591	5.72874	7.9072	1.48114	7.16117	3.93883	9.49069	3.21707	0.578144	11.0536	0	

0	14.8316	10.9461	6.78899	1.39192	11.6229	6.95314	15.7798	16.8127	18.9132	14.6054	23.4704	4.88011	7.1089	10.5517	15.3878	4.8747	5.77558	5.26813	5.84332	2.80305	4.88978	13.6941	3.4812	9.04553	
14.8316	0	9.02076	5.75696	5.64426	3.4878	4.39329	4.24032	3.22184	3.17473	9.8357	6.32124	8.18813	1.56184	9.32781	5.25285	3.40496	1.2606	6.72942	5.30934	5.86769	4.97631	2.03914	8.72645	3.63869	
10.9461	9.02076	0	3.79691	4.15178	10.5609	6.19966	13.2611	7.2458	14.9079	1.56948	6.54613	0.663586	7.28988	8.44702	3.76716	10.2668	9.00778	3.2755	5.69603	8.19516	8.53009	10.8899	5.05034	14.7888	
6.78899	5.75696	3.79691	0	2.98249	2.26916	3.17465	6.0554	3.53842	10.1813	2.22744	7.20409	3.78412	8.62706	9.6572	4.42512	3.37311	5.79609	4.45267	6.03693	5.44476	5.29019	4.12228	0.893217	6.31169	
1.39192	5.64426	4.15178	2.98249	0	7.91059	7.25923	9.32332	6.50156	6.2978	5.04488	11.7948	3.48819	9.80656	5.27872	9.21035	7.11522	4.38366	5.44272	4.4514	4.19497	6.48625	5.91985	2.08928	7.65361	
11.6229	3.4878	10.5609	2.26916	7.91059	0	0.905486	3.8133	1.26926	5.44106	4.4966	5.89423	6.44156	2.92926	7.21509	4.73517	1.45748	3.38715	2.53704	4.1213	3.52913	1.93109	1.85312	3.16238	3.45267	
6.95314	4.39329	6.19966	3.17465	7.25923	0.905486	0	4.71879	2.17474	9.62596	6.02737	5.91364	5.53608	4.44008	6.30961	3.82968	2.36296	4.43242	5.24901	5.85341	3.11233	1.0256	2.75861	5.16995	5.9418	
15.7798	4.24032	13.2611	6.0554	9.32332	3.8133	4.71879	0	3.51316	6.81841	7.05758	2.08093	11.8811	5.80216	5.08749	6.4224	2.68229	4.93966	3.76186	5.34611	4.75395	4.92689	4.04811	11.5784	5.62087	
16.8127	3.22184	7.2458	3.53842	6.50156	1.26926	2.17474	3.51316	0	4.03203	5.67633	7.59373	5.52111	1.66	4.10057	4.46337	0.830872	2.11789	1.91044	3.27325	2.90253	3.07547	1.24965	8.63695	2.8492	
18.9132	3.17473	14.9079	10.1813	6.2978	5.44106	9.62596	6.81841	4.03203	0	9.71414	4.73749	10.2583	5.83711	14.6333	8.56195	6.62274	1.91413	10.9393	10.3348	11.9314	11.3951	3.45032	13.0175	3.68416	
14.6054	9.8357	1.56948	2.22744	5.04488	4.4966	6.02737	7.05758	5.67633	9.71414	0	4.97666	1.55669	7.33633	4.95387	2.19769	5.60054	7.79422	4.16861	4.12655	9.04734	6.96061	5.4114	3.12065	7.07547	
23.4704	6.32124	6.54613	7.20409	11.7948	5.89423	5.91364	2.08093	7.59373	4.73749	4.97666	0	6.53334	10.7436	7.16841	4.34148	4.76322	6.65162	8.39789	9.10042	10.0637	6.93925	7.55519	11.0836	8.42165	
4.88011	8.18813	0.663586	3.78412	3.48819	6.44156	5.53608	11.8811	5.52111	10.2583	1.55669	6.53334	0	6.62629	8.28563	3.75437	3.69148	7.87186	2.61192	3.60323	5.077	6.56168	8.70881	5.57747	8.77925	
7.1089	1.56184	7.28988	8.62706	9.80656	2.92926	4.44008	5.80216	1.66	5.83711	7.33633	10.7436	6.62629	0	9.04409	7.03074	2.49087	2.82244	4.56919	4.93325	4.30585	3.41448	2.90965	7.81145	2.15295	
10.5517	9.32781	8.44702	9.6572	5.27872	7.21509	6.30961	5.08749	4.10057	14.6333	4.95387	7.16841	8.28563	9.04409	0	5.58626	3.49114	9.10486	1.81863	0.827318	6.73031	5.62961	4.09752	10.0266	9.16823	
15.3878	5.25285	3.76716	4.42512	9.21035	4.73517	3.82968	6.4224	4.46337	8.56195	2.19769	4.34148	3.75437	7.03074	5.58626	0	4.57953	4.74989	4.05642	4.75894	6.5215	4.85529	3.21371	8.99964	4.81326	
4.8747	3.40496	10.2668	3.37311	7.11522	1.45748	2.36296	2.68229	0.830872	6.62274	5.60054	4.76322	3.69148	2.49087	3.49114	4.57953	0	2.902	1.07957	2.07088	2.07165	2.2446	1.36582	4.26632	2.93858	
5.77558	1.2606	9.00778	5.79609	4.38366	3.38715	4.43242	4.93966	2.11789	1.91413	7.79422	6.65162	7.87186	2.82244	9.10486	4.74989	2.902	0	5.02708	4.80639	9.73764	9.71274	1.53618	6.47294	3.13573	
5.26813	6.72942	3.2755	4.45267	5.44272	2.53704	5.24901	3.76186	1.91044	10.9393	4.16861	8.39789	2.61192	4.56919	1.81863	4.05642	1.07957	5.02708	0	0.991316	2.46508	3.32416	2.44538	8.17096	4.01815	
5.84332	5.30934	5.69603	6.03693	4.4514	4.1213	5.85341	5.34611	3.27325	10.3348	4.12655	9.10042	3.60323	4.93325	0.827318	4.75894	2.07088	4.80639	0.991316	0	3.4564	4.82781	3.2702	6.54068	4.86975	
2.80305	5.86769	8.19516	5.44476	4.19497	3.52913	3.11233	4.75395	2.90253	11.9314	9.04734	10.0637	5.077	4.30585	6.73031	6.5215	2.07165	9.73764	2.46508	3.4564	0	2.08673	3.43747	6.4837	5.01023	
4.88978	4.97631	8.53009	5.29019	6.48625	1.93109	1.0256	4.92689	3.07547	11.3951	6.96061	6.93925	6.56168	3.41448	5.62961	4.85529	2.2446	9.71274	3.32416	4.82781	2.08673	0	3.61041	4.39697	5.18318	
13.6941	2.03914	10.8899	4.12228	5.91985	1.85312	2.75861	4.04811	1.24965	3.45032	5.4114	7.55519	8.70881	2.90965	4.09752	3.21371	1.36582	1.53618	2.44538	3.2702	3.43747	3.61041	0	10.2619	1.59955	
3.4812	8.72645	5.05034	0.893217	2.08928	3.16238	5.16995	11.5784	8.63695	13.0175	3.12065	11.0836	5.57747	7.81145	10.0266	8.99964	4.26632	6.47294	8.17096	6.54068	6.4837	4.39697	10.2619	0	7.39032	
9.04553	3.63869	14.7888	6.31169	7.65361	3.45267	5.9418	5.62087	2.8492	3.68416	7.07547	8.42165	8.77925	2.15295	9.16823	4.81326	2.93858	3.13573	4.01815	4.86975	5.01023	5.18318	1.59955	7.39032	0	

0	10.4543	0.926968	7.53655	1.46876	9.11151	4.59698	8.57349	5.90865	4.15886	2.95772	8.01704	2.34804	2.09833	2.58434	4.25715	5.12286	9.89507	4.95006	5.15024	7.02729	3.46402	7.19252	6.21651	7.03364	
10.4543	0	5.829	8.24988	8.22109	2.86926	4.44058	7.74145	1.97819	1.50742	4.72304	5.17288	7.90234	3.56795	6.58321	2.59362	1.63311	3.66234	2.8024	4.58139	9.36586	5.21998	2.05152	12.0729	5.44785	
0.926968	5.829	0	4.04149	2.39573	5.43204	7.09394	3.65656	5.18226	4.41638	1.79282	9.4383	1.42107	3.0253	3.51131	1.68481	4.19589	6.56066	3.3946	5.59905	7.33918	9.76663	5.56436	6.62625	8.56682	
7.53655	8.24988	4.04149	0	6.77026	6.47836	7.4489	7.2908	9.1258	6.11499	2.01074	9.26983	2.38249	7.60805	6.39811	3.25872	5.10068	10.433	3.37459	6.40303	8.28008	14.9057	6.53538	2.02251	5.26275	
1.46876	8.22109	2.39573	6.77026	0	9.2036	3.25699	10.016	4.56865	8.65545	5.36745	14.9531	7.91734	3.56709	1.24434	8.79356	5.17289	11.3638	3.61006	6.619	6.71468	7.96062	7.83595	4.74775	5.23396	
