50
5
3
12
30

42	6
2	39
5	45
14	8
43	3

28	23
33	5
45	13
14	3
50	32
17	45
1	22
39	36
8	8
17	9
21	18
22	16
17	39
42	6
21	5
38	2
39	17
21	38
31	6
40	33
26	26
40	48
33	42
14	50
11	10
24	5
7	44
49	42
8	31
40	24
35	44
7	30
16	48
40	10
10	3
7	31
33	29
25	34
49	9
5	48
23	3
3	49
15	18
38	50
42	31
12	23
47	22
24	24
14	17
44	20

70

1.79769e+308
1.79769e+308
1.79769e+308
1.79769e+308
1.79769e+308

19
17
19
18
14
19
20
13
11
16
17
16
11
14
13
12
16
12
13
20
16
16
16
13
20
16
11
16
12
14
13
17
19
11
11
19
11
15
14
14
18
12
16
17
11
18
14
16
15
15

0
0
0
0
0

0

0	9.177	8.72349	5.3998	0.819973	4.68859	3.0737	3.50808	5.25077	5.29839	5.39682	6.42968	6.53428	4.36195	2.06678	4.09321	6.28274	5.32792	0	7.13102	3.73655	3.24439	5.22829	2.17174	5.81488	7.22413	4.35631	5.35401	8.3217	6.97752	4.70899	10.3529	5.49734	4.11746	5.43375	6.837	5.6742	9.12982	1.12842	2.67032	5.85547	7.14148	3.26301	2.00452	9.76371	4.61003	6.47802	5.2416	5.71306	7.97433	3.35733	3.67444	5.47346	4.76336	5.46669	
9.177	0	2.45377	5.28946	9.1472	5.40814	4.83564	8.50373	4.04369	7.4646	3.65121	4.53001	6.71346	3.98487	7.55345	5.00138	6.17847	2.65898	8.40814	6.22845	7.91651	7.41593	3.79738	6.3819	8.26827	4.46437	5.95144	2.44419	1.20985	7.83466	7.32226	2.55289	4.52009	1.90368	10.4938	2.98689	4.78048	3.79534	5.75456	6.50668	3.65942	5.48924	7.97293	11.0375	1.77131	7.96385	2.85493	7.07083	4.77468	6.50546	6.74536	7.61949	5.47734	5.58065	9.34894	
8.72349	2.45377	0	6.72339	8.37523	4.31929	2.5297	5.75696	6.18334	5.15866	2.56236	2.22407	7.46384	6.12452	5.24752	4.47365	7.28156	3.17632	7.63616	5.50254	7.14454	8.74243	3.86895	5.60992	7.4963	3.93663	5.42371	3.48573	2.67401	6.78545	10.0797	0.246956	3.99235	1.81443	9.17245	2.94302	3.27224	5.26791	6.88249	9.13565	4.0693	6.6361	5.46048	16.4029	0.682461	7.19188	1.76608	5.98199	4.29984	8.43924	7.08884	6.6773	4.38849	8.29277	9.35326	
5.3998	5.28946	6.72339	0	3.56965	5.87277	1.68975	3.62946	3.49703	6.20379	7.0507	6.66317	5.91648	3.43214	2.14843	4.00226	3.18411	2.63047	4.83638	0.749681	2.78779	6.34089	3.76887	2.7813	5.09476	4.45379	6.21743	6.58131	6.68861	2.3559	1.5766	4.44367	7.04353	5.65437	8.04832	7.99951	8.30722	5.96193	4.00999	6.04566	5.45055	7.84524	7.25481	5.55874	5.12434	1.28238	7.00741	5.56523	9.70395	1.59299	8.60135	4.44598	6.50818	4.41256	4.96842	
0.819973	9.1472	8.37523	3.56965	0	4.3819	1.83581	2.68193	1.12189	7.85563	9.02256	5.59101	5.17504	5.19768	0.683397	4.23974	3.87814	6.64688	0.819973	2.08215	2.35316	2.89187	6.85534	0.78835	6.20075	3.60441	4.5522	7.17959	9.14168	1.75677	2.88697	5.68396	5.05058	6.30578	6.05536	6.00656	4.29081	7.24823	2.01704	4.05371	4.8001	7.05656	4.6464	3.38791	8.01873	4.06805	7.29799	3.49438	7.09644	2.47398	4.74072	5.59114	7.54672	3.66707	4.08331	
4.68859	5.40814	4.31929	5.87277	4.3819	0	3.37481	6.78569	2.49514	3.46094	5.51673	6.91819	5.23276	6.32658	4.00296	2.99764	2.39133	6.13069	5.20187	4.8562	4.97357	3.88082	4.26783	4.87874	3.97744	1.08195	4.45698	4.77246	5.62838	5.9841	3.73195	6.14763	8.01897	6.63909	5.37502	2.07557	6.39097	10.2754	3.65005	9.85183	4.55395	4.14175	1.42557	6.02497	3.63683	3.62271	4.72045	3.57169	3.82744	6.17672	5.31674	8.27846	3.59909	3.46183	4.23355	
3.0737	4.83564	2.5297	1.68975	1.83581	3.37481	0	2.94104	3.70605	4.04287	6.49191	4.25986	3.95954	3.52715	2.33882	4.19265	3.86079	4.7914	3.0737	0.940072	2.58207	4.17996	4.38633	1.04746	2.93383	2.29286	5.8403	5.98337	6.54429	4.51682	1.76699	2.28275	5.30968	3.85022	5.85185	3.28647	5.30803	7.90577	2.27615	5.21878	5.64094	5.35266	5.4857	3.95497	4.79354	1.47277	5.5493	5.37173	9.82085	1.78338	7.02655	2.28505	4.80999	5.82262	4.03954	
3.50808	8.50373	5.75696	3.62946	2.68193	6.78569	2.94104	0	5.65027	4.08728	11.39	3.59901	7.41239	5.82717	5.21178	6.02953	7.03362	6.25993	3.50808	4.37914	1.92713	2.90487	5.45431	1.89358	6.21143	8.13279	4.5652	10.0074	9.58079	5.98535	2.87142	5.57613	6.15581	5.9993	5.89626	7.11179	4.89921	6.26685	3.12227	6.1784	6.7918	7.06956	6.12265	5.5126	4.46157	5.17328	3.37795	6.21786	8.76586	3.57921	6.86541	5.1651	8.79127	6.66874	5.6263	
5.25077	4.04369	6.18334	3.49703	1.12189	2.49514	3.70605	5.65027	0	6.16552	6.05746	3.67845	5.22612	2.22787	0.438489	3.99483	3.55513	5.03331	2.56961	1.83724	3.1588	7.66822	4.59907	4.31312	6.08479	1.41319	6.58845	5.1037	1.97201	1.15162	2.21451	2.84565	8.5058	1.27817	5.70626	2.40681	3.29313	7.82336	2.59468	2.58045	2.17207	4.47299	5.90713	10.2631	6.71406	3.32278	5.63044	3.24947	10.4155	6.40077	4.13898	5.67934	3.93033	3.42217	5.33943	
5.29839	7.4646	5.15866	6.20379	7.85563	3.46094	4.04287	4.08728	6.16552	0	6.08481	4.99081	3.14987	7.57002	6.60401	5.16175	6.02779	4.27391	7.11656	4.83832	6.01441	6.45507	3.13551	5.09032	2.12416	6.10205	2.88643	5.89147	7.59064	7.31714	5.99445	4.9117	2.34028	6.47918	1.80899	3.38961	7.85172	7.05158	6.36289	6.84438	7.26956	3.81697	2.03537	5.06007	7.4225	6.67228	7.46523	4.28978	6.70559	2.78335	6.07513	5.23679	5.15413	4.87763	6.99777	
5.39682	3.65121	2.56236	7.0507	9.02256	5.51673	6.49191	11.39	6.05746	6.08481	0	4.80459	3.16196	2.96476	7.17308	3.71651	6.52442	4.08769	10.9198	6.52388	6.64125	2.70085	2.9493	7.40409	7.38184	3.17949	1.04051	2.72858	3.67426	4.04101	5.41445	4.3907	3.23521	3.79552	2.11796	2.18588	3.4109	1.08877	7.04917	4.65639	2.90161	6.80938	4.82998	7.85885	1.8799	6.36512	2.96352	1.92581	3.18967	5.19682	5.88892	5.05057	4.36362	3.99373	8.38975	
6.42968	4.53001	2.22407	6.66317	5.59101	6.91819	4.25986	3.59901	3.67845	4.99081	4.80459	0	3.5356	2.22815	6.44004	4.47789	5.18193	2.9937	8.62865	7.66302	5.52614	6.50388	1.8553	5.4926	10.0734	5.04117	8.51536	6.78316	3.09412	3.3044	8.48994	1.97712	9.63795	2.40028	10.5223	3.36917	1.3002	5.77137	5.38933	3.75936	1.80949	6.14416	6.29861	7.66488	4.48791	7.7346	4.60858	4.55962	12.2377	8.50633	4.79492	3.95658	3.87392	3.45636	7.65314	
6.53428	6.71346	7.46384	5.91648	5.17504	5.23276	3.95954	7.41239	5.22612	3.14987	3.16196	3.5356	0	5.1673	4.7546	4.30289	3.4965	2.8187	5.99501	2.12579	6.85669	5.16555	1.6803	2.96811	1.02571	4.86617	5.40675	4.51522	4.64178	8.84269	4.896	5.30229	1.84518	3.94795	3.88987	2.89451	2.7156	2.07319	5.78017	10.4628	2.86304	5.96916	3.57758	10.4338	6.05523	4.36047	4.96209	2.92359	6.84571	1.28248	4.61992	3.78157	3.69892	1.77092	6.84294	
4.36195	3.98487	6.12452	3.43214	5.19768	6.32658	3.52715	5.82717	2.22787	7.57002	2.96476	2.22815	5.1673	0	2.14962	3.11452	7.2672	4.97449	6.60085	4.46722	6.10922	7.6094	4.08345	4.57461	6.46098	5.4938	3.64018	8.29094	1.91319	1.07625	3.21449	2.78683	10.603	1.21935	5.23568	5.15064	3.23431	4.05353	4.20839	1.69163	2.11326	9.77414	6.50221	7.98189	4.84466	4.25601	8.81047	2.75489	7.3801	8.63646	5.14995	4.79052	2.97666	3.90756	5.42499	
2.06678	7.55345	5.24752	2.14843	0.683397	4.00296	2.33882	5.21178	0.438489	6.60401	7.17308	6.44004	4.7546	2.14962	0	3.55634	3.19474	5.68902	1.50337	1.39875	3.03656	3.57526	6.10688	1.47175	6.3885	1.85168	3.69627	6.31047	9.69795	1.07338	2.22567	5.00056	6.52511	1.71666	5.29177	3.91462	4.97421	9.02047	2.15619	3.01894	4.07579	5.98081	5.46864	4.53111	7.51136	1.93145	6.06892	2.81098	8.82669	2.24206	4.57747	5.73972	5.0793	2.98368	4.7667	
4.09321	5.00138	4.47365	4.00226	4.23974	2.99764	4.19265	6.02953	3.99483	5.16175	3.71651	4.47789	4.30289	3.11452	3.55634	0	0.606307	3.76099	5.68746	3.25258	4.1024	5.22373	2.62259	5.91175	5.52425	2.52424	4.01132	2.07333	6.106	4.62972	1.94693	4.38153	2.57996	2.74198	3.35277	1.53063	2.35736	6.53866	5.71253	1.42289	1.84807	5.36076	7.14474	7.98274	6.89233	1.83768	7.64809	4.47082	2.88745	4.09588	2.07576	4.25679	4.64122	2.33188	2.44852	
6.28274	6.17847	7.28156	3.18411	3.87814	2.39133	3.86079	7.03362	3.55513	6.02779	6.52442	5.18193	3.4965	7.2672	3.19474	0.606307	0	7.68512	5.32586	1.76407	2.28492	4.56365	3.2289	3.43924	5.21091	3.47328	5.71456	3.73428	8.71657	3.47887	1.34062	4.98784	5.38788	5.11317	3.95907	2.13694	6.67716	6.50773	4.98728	2.0292	2.45438	4.82669	3.8169	9.38926	6.02816	1.23137	9.08379	2.87824	5.69536	4.30937	2.68206	3.59671	3.8212	1.72557	1.84222	
5.32792	2.65898	3.17632	2.63047	6.64688	6.13069	4.7914	6.25993	5.03331	4.27391	4.08769	2.9937	2.8187	4.97449	5.68902	3.76099	7.68512	0	8.12082	3.38016	8.66314	4.75695	1.1384	5.41178	9.08786	4.32427	6.41728	3.95083	3.86883	4.98637	4.47397	4.7604	8.56843	3.75514	10.6513	2.65227	5.7701	3.66377	4.19951	7.76468	4.64904	5.42726	7.1745	6.57443	2.49386	7.0177	3.57749	7.79339	6.28133	7.77182	4.07802	3.23968	3.15702	7.04303	7.19331	
0	8.40814	7.63616	4.83638	0.819973	5.20187	3.0737	3.50808	2.56961	7.11656	10.9198	8.62865	5.99501	6.60085	1.50337	5.68746	5.32586	8.12082	0	3.52987	3.17314	3.71184	6.87685	1.60832	6.00753	5.05213	4.35631	8.62732	8.3217	3.2045	4.14557	5.35644	8.45124	7.69395	9.45603	8.3003	5.11079	9.12982	1.12842	2.67032	7.25448	10.7351	3.26301	2.00452	7.56164	4.61003	6.47802	4.9421	5.71306	5.87464	3.35733	5.35875	6.72675	4.76336	4.90328	
7.13102	6.22845	5.50254	0.749681	2.08215	4.8562	0.940072	4.37914	1.83724	4.83832	6.52388	7.66302	2.12579	4.46722	1.39875	3.25258	1.76407	3.38016	3.52987	0	1.77121	4.72638	5.87517	1.98753	1.5025	3.23293	5.20086	4.90458	6.61243	2.47213	0.826919	3.22282	6.9214	5.59477	4.29336	4.78321	5.21015	4.95136	3.26009	4.67547	4.70087	8.59492	6.75899	6.30842	8.97024	0.532697	9.27463	4.20973	9.16085	0.843308	5.32833	3.22512	8.05139	4.38243	3.95184	
3.73655	7.91651	7.14454	2.78779	2.35316	4.97357	2.58207	1.92713	3.1588	6.01441	6.64125	5.52614	6.85669	6.10922	3.03656	4.1024	2.28492	8.66314	3.17314	1.77121	0	3.96075	5.33925	3.04291	4.81458	4.87493	5.31824	11.2892	7.65366	3.08254	0.944295	4.86482	8.63482	8.3475	7.45517	5.63303	6.64398	8.71393	4.59096	5.52529	5.95048	6.29025	6.27664	3.88033	8.9089	4.76128	5.30508	8.21301	8.95873	5.61939	6.17816	3.23798	8.90121	7.61297	4.06922	
3.24439	7.41593	8.74243	6.34089	2.89187	3.88082	4.17996	2.90487	7.66822	6.45507	2.70085	6.50388	5.16555	7.6094	3.57526	5.22373	4.56365	4.75695	3.71184	4.72638	3.96075	0	5.89535	3.34466	4.33091	4.96277	1.66033	6.34157	7.08388	7.96508	4.90504	6.46271	6.4849	5.10502	2.73778	4.14102	7.18268	7.70878	2.11598	8.31776	7.28395	4.16469	5.30639	4.4909	7.25081	6.80938	6.28282	2.54563	3.80949	3.88307	6.82251	4.47592	4.98343	7.34265	2.72143	
5.22829	3.79738	3.86895	3.76887	6.85534	4.26783	4.38633	5.45431	4.59907	3.13551	2.9493	1.8553	1.6803	4.08345	6.10688	2.62259	3.2289	1.1384	6.87685	5.87517	5.33925	5.89535	0	5.32856	2.70601	2.50749	3.98981	2.05658	4.45513	7.88704	7.61669	3.622	2.56321	4.25558	4.94449	1.51388	3.1555	3.75348	4.09988	4.04548	4.47067	4.28886	5.17088	3.7712	3.63226	5.8793	5.45856	5.33469	2.8707	2.96278	2.93963	2.10128	2.01862	3.45122	3.85577	
2.17174	6.3819	5.60992	2.7813	0.78835	4.87874	1.04746	1.89358	4.31312	5.09032	7.40409	5.4926	2.96811	4.57461	1.47175	5.91175	3.43924	5.41178	1.60832	1.98753	3.04291	3.34466	5.32856	0	2.34481	3.34032	5.20957	5.45428	9.47424	4.23687	2.09862	3.3302	4.26223	4.21773	5.13567	5.21821	5.07916	5.79367	1.22869	7.43047	5.11606	7.24175	7.09082	3.60361	9.6132	3.19187	5.27153	4.32427	6.57503	1.68563	5.93522	3.33251	5.57373	4.77516	4.87165	
5.81488	8.26827	7.4963	5.09476	6.20075	3.97744	2.93383	6.21143	6.08479	2.12416	7.38184	10.0734	1.02571	6.46098	6.3885	5.52425	5.21091	9.08786	6.00753	1.5025	4.81458	4.33091	2.70601	2.34481	0	5.22669	5.99125	4.72046	9.89652	6.00854	3.87029	5.21658	2.87089	4.97366	3.93314	5.32115	3.74131	3.0989	5.25385	6.94714	6.8806	7.16905	2.55187	7.18423	8.23558	3.73718	9.3192	7.8563	6.67797	0.659187	5.46124	5.21888	8.20377	2.79664	6.91606	
7.22413	4.46437	3.93663	4.45379	3.60441	1.08195	2.29286	8.13279	1.41319	6.10205	3.17949	5.04117	4.86617	5.4938	1.85168	2.52424	3.47328	4.32427	5.05213	3.23293	4.87493	4.96277	2.50749	3.34032	5.22669	0	3.4743	1.53632	5.56899	2.56481	3.6277	4.57561	2.04295	2.69136	4.29307	0.993614	5.30902	5.73304	4.61288	3.99364	5.81831	3.0598	2.50752	8.47063	4.71878	4.73597	7.04363	3.56679	2.35043	6.48984	5.55218	4.57791	2.51713	4.54379	6.15535	
4.35631	5.95144	5.42371	6.21743	4.5522	4.45698	5.8403	4.5652	6.58845	2.88643	1.04051	8.51536	5.40675	3.64018	3.69627	4.01132	5.71456	6.41728	4.35631	5.20086	5.31824	1.66033	3.98981	5.20957	5.99125	3.4743	0	3.02339	7.05606	6.51219	4.37394	6.03399	3.12213	8.05038	1.07744	2.48069	4.14471	2.12929	3.77631	7.02663	3.94213	3.08543	5.26776	6.36083	2.92041	8.19093	7.53706	0.885293	2.14915	4.52749	3.28035	9.54675	3.3231	2.03796	4.38176	
5.35401	2.44419	3.48573	6.58131	7.17959	4.77246	5.98337	10.0074	5.1037	5.89147	2.72858	6.78316	4.51522	8.29094	6.31047	2.07333	3.73428	3.95083	8.62732	4.90458	11.2892	6.34157	2.05658	5.45428	4.72046	1.53632	3.02339	0	3.65404	7.56957	5.0749	4.99708	1.59204	5.20971	7.024	0.542704	7.23082	6.58841	4.22559	8.95087	4.41891	6.7503	5.52874	6.60051	4.2155	4.96566	7.03692	4.47946	1.89952	4.06127	6.65969	8.32154	5.42242	3.3268	5.5765	
8.3217	1.20985	2.67401	6.68861	9.14168	5.62838	6.54429	9.58079	1.97201	7.59064	3.67426	3.09412	4.64178	1.91319	9.69795	6.106	8.71657	3.86883	8.3217	6.61243	7.65366	7.08388	4.45513	9.47424	9.89652	5.56899	7.05606	3.65404	0	5.85444	8.59796	2.26132	5.62471	0.693837	6.28738	4.57537	2.7088	2.58549	3.68288	7.71653	1.58774	4.27939	9.36506	11.534	1.99155	7.86184	3.07517	7.29107	5.93219	6.69354	4.67368	6.55641	5.69758	4.08144	9.06857	
6.97752	7.83466	6.78545	2.3559	1.75677	5.9841	4.51682	5.98535	1.15162	7.31714	4.04101	3.3044	8.84269	1.07625	1.07338	4.62972	3.47887	4.98637	3.2045	2.47213	3.08254	7.96508	7.88704	4.23687	6.00854	2.56481	6.51219	7.56957	5.85444	0	2.13825	6.07394	10.218	2.2956	8.61721	6.79507	7.17556	8.31783	3.22956	2.76787	5.79549	9.54542	5.42596	7.91463	8.62387	3.17976	6.78206	3.83113	9.81154	6.25775	5.2906	7.38821	4.05291	4.05705	5.26317	
4.70899	7.32226	10.0797	1.5766	2.88697	3.73195	1.76699	2.87142	2.21451	5.99445	5.41445	8.48994	4.896	3.21449	2.22567	1.94693	1.34062	4.47397	4.14557	0.826919	0.944295	4.90504	7.61669	2.09862	3.87029	3.6277	4.37394	5.0749	8.59796	2.13825	0	8.67675	6.36084	3.49268	5.45138	5.67916	7.61642	6.78573	3.3273	4.79496	5.52779	6.16731	5.45485	4.82463	7.57686	1.35962	7.84494	5.25923	6.5231	1.67023	4.26603	4.18227	6.76314	3.06619	3.12493	
10.3529	2.55289	0.246956	4.44367	5.68396	6.14763	2.28275	5.57613	2.84565	4.9117	4.3907	1.97712	5.30229	2.78683	5.00056	4.38153	4.98784	4.7604	5.35644	3.22282	4.86482	6.46271	3.622	3.3302	5.21658	4.57561	6.03399	4.99708	2.26132	6.07394	8.67675	0	7.25198	1.56748	6.72069	3.18998	3.02529	5.63761	4.55652	5.73648	2.46138	7.52365	5.70743	8.10027	0.929417	4.91216	2.62597	6.2847	8.65446	8.90672	5.54732	4.5678	5.64062	4.91446	6.88383	
5.49734	4.52009	3.99235	7.04353	5.05058	8.01897	5.30968	6.15581	8.5058	2.34028	3.23521	9.63795	1.84518	10.603	6.52511	2.57996	5.38788	8.56843	8.45124	6.9214	8.63482	6.4849	2.56321	4.26223	2.87089	2.04295	3.12213	1.59204	5.62471	10.218	6.36084	7.25198	0	5.79312	2.04469	1.04933	4.56078	3.91836	4.36892	10.5707	9.37829	4.05268	4.37565	6.74384	9.52577	7.54193	10.4968	4.52549	2.40615	3.12766	9.07545	8.66066	7.62637	3.6161	6.90617	
4.11746	1.90368	1.81443	5.65437	6.30578	6.63909	3.85022	5.9993	1.27817	6.47918	3.79552	2.40028	3.94795	1.21935	1.71666	2.74198	5.11317	3.75514	7.69395	5.59477	8.3475	5.10502	4.25558	4.21773	4.97366	2.69136	8.05038	5.20971	0.693837	2.2956	3.49268	1.56748	5.79312	0	8.27725	5.26921	1.40319	3.27933	2.98904	2.91098	0.893905	4.97323	6.19057	5.36397	2.68539	4.60095	4.83404	3.97424	11.5781	5.23043	3.97984	7.53132	4.19601	1.98602	6.64434	
5.43375	10.4938	9.17245	8.04832	6.05536	5.37502	5.85185	5.89626	5.70626	1.80899	2.11796	10.5223	3.88987	5.23568	5.29177	3.35277	3.95907	10.6513	9.45603	4.29336	7.45517	2.73778	4.94449	5.13567	3.93314	4.29307	1.07744	7.024	6.28738	8.61721	5.45138	6.72069	2.04469	8.27725	0	3.09402	5.74021	6.40249	6.41361	4.77566	5.20084	2.00799	3.84436	6.86906	7.78032	6.52804	6.26508	1.96274	3.2266	3.45005	4.87586	6.94327	4.40055	3.63346	5.18878	
6.837	2.98689	2.94302	7.99951	6.00656	2.07557	3.28647	7.11179	2.40681	3.38961	2.18588	3.36917	2.89451	5.15064	3.91462	1.53063	2.13694	2.65227	8.3003	4.78321	5.63303	4.14102	1.51388	5.21821	5.32115	0.993614	2.48069	0.542704	4.57537	6.79507	5.67916	3.18998	1.04933	5.26921	3.09402	0	6.30263	3.27465	4.76829	2.95352	3.3787	4.05341	6.07145	7.02318	3.62548	5.56992	5.32203	3.36598	1.35682	4.60397	3.60638	3.61515	3.51075	3.8695	4.03293	
5.6742	4.78048	3.27224	8.30722	4.29081	6.39097	5.30803	4.89921	3.29313	7.85172	3.4109	1.3002	2.7156	3.23431	4.97421	2.35736	6.67716	5.7701	5.11079	5.21015	6.64398	7.18268	3.1555	5.07916	3.74131	5.30902	4.14471	7.23082	2.7088	7.17556	7.61642	3.02529	4.56078	1.40319	5.74021	6.30263	0	4.78879	5.00401	5.05956	0.509286	7.56547	5.80595	8.96508	4.392	7.95014	3.30838	3.25942	8.69628	3.99808	3.75175	9.45563	3.39505	1.6014	7.03327	
9.12982	3.79534	5.26791	5.96193	7.24823	10.2754	7.90577	6.26685	7.82336	7.05158	1.08877	5.77137	2.07319	4.05353	9.02047	6.53866	6.50773	3.66377	9.12982	4.95136	8.71393	7.70878	3.75348	5.79367	3.0989	5.73304	2.12929	6.58841	2.58549	8.31783	6.78573	5.63761	3.91836	3.27933	6.40249	3.27465	4.78879	0	7.86328	10.2052	3.99039	6.86488	5.91875	8.94762	2.96867	5.27635	2.8889	6.23393	5.50411	3.35567	6.8557	6.01735	5.93469	3.84411	9.97098	
1.12842	5.75456	6.88249	4.00999	2.01704	3.65005	2.27615	3.12227	2.59468	6.36289	7.04917	5.38933	5.78017	4.20839	2.15619	5.71253	4.98728	4.19951	1.12842	3.26009	4.59096	2.11598	4.09988	1.22869	5.25385	4.61288	3.77631	4.22559	3.68288	3.22956	3.3273	4.55652	4.36892	2.98904	6.41361	4.76829	5.00401	7.86328	0	3.79874	3.88295	6.01306	4.39143	2.37492	6.69337	4.50839	6.5226	4.96717	6.55608	2.91431	4.48575	4.04484	4.34504	5.13986	4.83741	
2.67032	6.50668	9.13565	6.04566	4.05371	9.85183	5.21878	6.1784	2.58045	6.84438	4.65639	3.75936	10.4628	1.69163	3.01894	1.42289	2.0292	7.76468	2.67032	4.67547	5.52529	8.31776	4.04548	7.43047	6.94714	3.99364	7.02663	8.95087	7.71653	2.76787	4.79496	5.73648	10.5707	2.91098	4.77566	2.95352	5.05956	10.2052	3.79874	0	3.27097	12.2148	5.93333	4.67484	8.27799	5.82867	8.21088	4.44652	8.38338	6.13928	3.49865	3.09889	4.66829	6.86605	3.92519	
5.85547	3.65942	4.0693	5.45055	4.8001	4.55395	5.64094	6.7918	2.17207	7.26956	2.90161	1.80949	2.86304	2.11326	4.07579	1.84807	2.45438	4.64904	7.25448	4.70087	5.95048	7.28395	4.47067	5.11606	6.8806	5.81831	3.94213	4.41891	1.58774	5.79549	5.52779	2.46138	9.37829	0.893905	5.20084	3.3787	0.509286	3.99039	3.88295	3.27097	0	8.63757	3.93437	10.7605	4.78152	5.23356	3.81766	2.24478	7.31696	5.54418	3.92383	6.08686	3.18774	1.09211	4.35037	
7.14148	5.48924	6.6361	7.84524	7.05656	4.14175	5.35266	7.06956	4.47299	3.81697	6.80938	6.14416	5.96916	9.77414	5.98081	5.36076	4.82669	5.42726	10.7351	8.59492	6.29025	4.16469	4.28886	7.24175	7.16905	3.0598	3.08543	6.7503	4.27939	9.54542	6.16731	7.52365	4.05268	4.97323	2.00799	4.05341	7.56547	6.86488	6.01306	12.2148	8.63757	0	9.72091	8.38799	5.34071	6.05807	4.25709	4.48878	7.89024	5.45804	7.22849	6.39014	5.57693	6.55227	4.78918	
3.26301	7.97293	5.46048	7.25481	4.6464	1.42557	5.4857	6.12265	5.90713	2.03537	4.82998	6.29861	3.57758	6.50221	5.46864	7.14474	3.8169	7.1745	3.26301	6.75899	6.27664	5.30639	5.17088	7.09082	2.55187	2.50752	5.26776	5.52874	9.36506	5.42596	5.45485	5.70743	4.37565	6.19057	3.84436	6.07145	5.80595	5.91875	4.39143	5.93333	3.93437	9.72091	0	5.26753	5.0624	7.54023	7.83949	3.99492	5.25301	3.21105	5.39771	7.27245	4.93788	2.84225	5.51796	
2.00452	11.0375	16.4029	5.55874	3.38791	6.02497	3.95497	5.5126	10.2631	5.06007	7.85885	7.66488	10.4338	7.98189	4.53111	7.98274	9.38926	6.57443	2.00452	6.30842	3.88033	4.4909	3.7712	3.60361	7.18423	8.47063	6.36083	6.60051	11.534	7.91463	4.82463	8.10027	6.74384	5.36397	6.86906	7.02318	8.96508	8.94762	2.37492	4.67484	10.7605	8.38799	5.26753	0	9.73875	8.68389	8.89752	11.6453	5.66636	9.05509	5.36185	1.66992	6.71996	6.66467	3.42441	
9.76371	1.77131	0.682461	5.12434	8.01873	3.63683	4.79354	4.46157	6.71406	7.4225	1.8799	4.48791	6.05523	4.84466	7.51136	6.89233	6.02816	2.49386	7.56164	8.97024	8.9089	7.25081	3.63226	9.6132	8.23558	4.71878	2.92041	4.2155	1.99155	8.62387	7.57686	0.929417	9.52577	2.68539	7.78032	3.62548	4.392	2.96867	6.69337	8.27799	4.78152	5.34071	5.0624	9.73875	0	9.75149	1.08362	5.29953	6.29524	8.89477	6.40638	6.47621	3.70603	5.80165	7.34424	
4.61003	7.96385	7.19188	1.28238	4.06805	3.62271	1.47277	5.17328	3.32278	6.67228	6.36512	7.7346	4.36047	4.25601	1.93145	1.83768	1.23137	7.0177	4.61003	0.532697	4.76128	6.80938	5.8793	3.19187	3.73718	4.73597	8.19093	4.96566	7.86184	3.17976	1.35962	4.91216	7.54193	4.60095	6.52804	5.56992	7.95014	5.27635	4.50839	5.82867	5.23356	6.05807	7.54023	8.68389	9.75149	0	8.16525	7.20061	9.9421	1.37601	4.15678	4.91447	7.89792	2.95695	3.07359	
6.47802	2.85493	1.76608	7.00741	7.29799	4.72045	5.5493	3.37795	5.63044	7.46523	2.96352	4.60858	4.96209	8.81047	6.06892	7.64809	9.08379	3.57749	6.47802	9.27463	5.30508	6.28282	5.45856	5.27153	9.3192	7.04363	7.53706	7.03692	3.07517	6.78206	7.84494	2.62597	10.4968	4.83404	6.26508	5.32203	3.30838	2.8889	6.5226	8.21088	3.81766	4.25709	7.83949	8.89752	1.08362	8.16525	0	6.38315	5.38791	6.99695	7.06013	9.5949	4.78965	9.91533	9.04627	
5.2416	7.07083	5.98199	5.56523	3.49438	3.57169	5.37173	6.21786	3.24947	4.28978	1.92581	4.55962	2.92359	2.75489	2.81098	4.47082	2.87824	7.79339	4.9421	4.20973	8.21301	2.54563	5.33469	4.32427	7.8563	3.56679	0.885293	4.47946	7.29107	3.83113	5.25923	6.2847	4.52549	3.97424	1.96274	3.36598	3.25942	6.23393	4.96717	4.44652	2.24478	4.48878	3.99492	11.6453	5.29953	7.20061	6.38315	0	3.03445	5.93084	2.39506	6.14742	3.24829	1.15267	6.22468	
5.71306	4.77468	4.29984	9.70395	7.09644	3.82744	9.82085	8.76586	10.4155	6.70559	3.18967	12.2377	6.84571	7.3801	8.82669	2.88745	5.69536	6.28133	5.71306	9.16085	8.95873	3.80949	2.8707	6.57503	6.67797	2.35043	2.14915	1.89952	5.93219	9.81154	6.5231	8.65446	2.40615	11.5781	3.2266	1.35682	8.69628	5.50411	6.55608	8.38338	7.31696	7.89024	5.25301	5.66636	6.29524	9.9421	5.38791	3.03445	0	6.39176	9.07039	7.33628	5.47226	5.65729	7.76706	
7.97433	6.50546	8.43924	1.59299	2.47398	6.17672	1.78338	3.57921	6.40077	2.78335	5.19682	8.50633	1.28248	8.63646	2.24206	4.09588	4.30937	7.77182	5.87464	0.843308	5.61939	3.88307	2.96278	1.68563	0.659187	6.48984	4.52749	4.06127	6.69354	6.25775	1.67023	8.90672	3.12766	5.23043	3.45005	4.60397	3.99808	3.35567	2.91431	6.13928	5.54418	5.45804	3.21105	9.05509	8.89477	1.37601	6.99695	5.93084	6.39176	0	6.12043	6.70631	9.89508	3.0534	6.25687	
3.35733	6.74536	7.08884	8.60135	4.74072	5.31674	7.02655	6.86541	4.13898	6.07513	5.88892	4.79492	4.61992	5.14995	4.57747	2.07576	2.68206	4.07802	3.35733	5.32833	6.17816	6.82251	2.93963	5.93522	5.46124	5.55218	3.28035	6.65969	4.67368	5.2906	4.26603	5.54732	9.07545	3.97984	4.87586	3.60638	3.75175	6.8557	4.48575	3.49865	3.92383	7.22849	5.39771	5.36185	6.40638	4.15678	7.06013	2.39506	9.07039	6.12043	0	5.0409	4.95825	3.54773	4.57805	
3.67444	7.61949	6.6773	4.44598	5.59114	8.27846	2.28505	5.1651	5.67934	5.23679	5.05057	3.95658	3.78157	4.79052	5.73972	4.25679	3.59671	3.23968	5.35875	3.22512	3.23798	4.47592	2.10128	3.33251	5.21888	4.57791	9.54675	8.32154	6.55641	7.38821	4.18227	4.5678	8.66066	7.53132	6.94327	3.61515	9.45563	6.01735	4.04484	3.09889	6.08686	6.39014	7.27245	1.66992	6.47621	4.91447	9.5949	6.14742	7.33628	6.70631	5.0409	0	4.1199	4.99475	1.75449	
5.47346	5.47734	4.38849	6.50818	7.54672	3.59909	4.80999	8.79127	3.93033	5.15413	4.36362	3.87392	3.69892	2.97666	5.0793	4.64122	3.8212	3.15702	6.72675	8.05139	8.90121	4.98343	2.01862	5.57373	8.20377	2.51713	3.3231	5.42242	5.69758	4.05291	6.76314	5.64062	7.62637	4.19601	4.40055	3.51075	3.39505	5.93469	4.34504	4.66829	3.18774	5.57693	4.93788	6.71996	3.70603	7.89792	4.78965	3.24829	5.47226	9.89508	4.95825	4.1199	0	2.09562	3.63821	
4.76336	5.58065	8.29277	4.41256	3.66707	3.46183	5.82262	6.66874	3.42217	4.87763	3.99373	3.45636	1.77092	3.90756	2.98368	2.33188	1.72557	7.04303	4.76336	4.38243	7.61297	7.34265	3.45122	4.77516	2.79664	4.54379	2.03796	3.3268	4.08144	4.05705	3.06619	4.91446	3.6161	1.98602	3.63346	3.8695	1.6014	3.84411	5.13986	6.86605	1.09211	6.55227	2.84225	6.66467	5.80165	2.95695	9.91533	1.15267	5.65729	3.0534	3.54773	4.99475	2.09562	0	3.56779	
5.46669	9.34894	9.35326	4.96842	4.08331	4.23355	4.03954	5.6263	5.33943	6.99777	8.38975	7.65314	6.84294	5.42499	4.7667	2.44852	1.84222	7.19331	4.90328	3.95184	4.06922	2.72143	3.85577	4.87165	6.91606	6.15535	4.38176	5.5765	9.06857	5.26317	3.12493	6.88383	6.90617	6.64434	5.18878	4.03293	7.03327	9.97098	4.83741	3.92519	4.35037	4.78918	5.51796	3.42441	7.34424	3.07359	9.04627	6.22468	7.76706	6.25687	4.57805	1.75449	3.63821	3.56779	0	

0	7.68556	6.87083	5.04308	0.589029	3.73492	3.24706	3.32981	4.97327	2.6089	4.82863	8.87519	4.54597	7.94789	1.97749	3.71275	3.54586	5.89194	0	2.1792	2.73755	7.91635	5.85004	3.23755	6.74704	4.53857	8.20222	5.32607	8.72389	5.98889	4.54957	7.66638	2.89964	5.37328	2.01975	3.79364	9.85325	5.42165	3.73281	6.68225	10.0557	3.44467	7.58207	2.53544	5.33975	5.30529	8.2574	3.8146	5.45732	4.7392	5.46864	1.06076	5.64712	3.60558	6.29621	
7.68556	0	1.31145	3.2327	9.56982	3.86321	8.65586	8.44558	3.23718	7.01306	3.97878	3.14734	8.019	3.53078	7.6691	3.61471	3.7816	4.52457	6.85428	5.75283	8.87899	4.6869	2.80466	4.57024	5.25619	3.26463	3.17429	2.27206	8.26775	1.94314	5.72757	1.14103	6.99363	2.51907	5.94623	3.49503	2.36219	4.22976	4.77459	5.26773	2.25171	7.13411	2.80284	7.56244	2.46803	5.55984	0.702863	4.27397	8.19791	8.15834	4.84245	5.79352	5.98254	3.11032	3.8066	
6.87083	1.31145	0	3.9351	12.1413	4.45959	6.46834	9.76974	7.27937	8.98498	2.0422	3.29358	7.43589	5.01115	4.88319	4.47639	3.77025	2.3468	6.5347	6.79897	8.11516	6.80951	2.9509	3.98025	4.65558	3.65594	2.73338	3.94416	3.28863	5.22465	5.28666	0.700118	9.42235	3.79788	5.02429	4.31372	4.26056	3.63978	5.26665	4.6738	5.93894	6.68096	2.36193	9.35489	1.87805	5.70608	0.608591	4.17969	6.14146	13.7609	3.10318	4.82432	4.97318	2.92911	3.71232	
5.04308	3.2327	3.9351	0	3.90443	4.09045	5.18127	4.00554	2.5836	6.12397	4.61317	4.67058	7.50904	2.87719	2.79091	2.49144	3.64701	3.54986	4.7684	2.86387	3.6879	6.22653	5.01327	2.01966	4.75652	4.41779	5.57679	5.41036	4.49168	1.28956	3.73169	4.63522	4.40156	4.0163	4.34738	5.07557	4.42493	6.21791	1.33155	0.738703	4.28366	2.74586	5.34416	4.69687	5.81315	2.90403	4.54369	2.60458	6.88138	10.4907	2.68937	6.02737	4.612	4.64372	4.41217	
0.589029	9.56982	12.1413	3.90443	0	4.77469	2.61678	2.10724	3.05093	6.52494	7.25187	6.66419	5.11276	12.5218	2.56652	3.73276	5.87395	11.7561	0.589029	3.01371	3.32658	7.46785	5.52544	2.17721	3.7589	2.02818	5.43592	2.59337	7.81611	4.34497	3.40418	7.99072	5.44263	6.68721	3.34976	1.3704	5.5502	11.024	2.57288	7.53333	6.40632	1.74824	5.06721	1.25721	4.27941	4.14536	8.84643	4.6908	3.01411	9.09384	6.80947	1.64979	5.05207	4.19461	5.65349	
3.73492	3.86321	4.45959	4.09045	4.77469	0	4.86947	3.25301	2.99917	2.5321	3.4931	6.90109	5.03767	5.31576	3.83094	1.75246	1.58557	5.3209	3.73492	4.29192	5.39123	3.95723	3.88975	3.447	3.01212	0.803648	1.96265	1.59115	5.68213	5.9516	3.72489	6.09786	2.82283	4.10249	1.94294	1.46143	6.82841	4.05592	2.7589	6.15547	6.08425	3.02645	2.64436	6.12422	6.7917	4.33138	5.64118	6.32087	3.49704	4.97238	3.40779	3.60332	1.9122	2.42671	4.33592	
3.24706	8.65586	6.46834	5.18127	2.61678	4.86947	0	1.6752	3.2088	7.63128	4.42614	5.313	3.20892	7.5904	2.3497	5.0096	4.93698	5.48945	3.24706	2.69568	1.45271	6.76138	7.27861	0.439573	6.00489	5.22587	6.77691	5.68032	7.95677	6.79674	1.7693	6.63953	8.5052	5.55673	2.98526	8.08481	4.37042	6.2336	1.12768	8.05665	4.48091	3.99423	3.68944	2.36355	2.54178	4.52343	7.91583	7.34883	9.75061	10.0913	5.68243	4.13247	2.95727	5.00134	6.93033	
3.32981	8.44558	9.76974	4.00554	2.10724	3.25301	1.6752	0	5.15817	1.89922	6.10133	9.17042	5.8873	10.8424	3.19806	3.83387	4.78301	5.12958	2.69626	4.24761	3.1279	4.9222	6.93866	2.11477	7.65537	6.26071	5.10171	9.15079	7.6608	7.40635	3.72818	7.13497	2.18996	4.6636	1.31007	3.47763	6.04562	4.71197	2.67399	6.6529	9.26977	2.91159	4.73233	2.43098	11.2086	4.24647	9.39033	6.81816	6.06971	4.74011	4.70223	2.65206	4.63247	3.40524	5.06214	
4.97327	3.23718	7.27937	2.5836	3.05093	2.99917	3.2088	5.15817	0	8.83576	4.34371	4.41583	4.16477	2.88168	2.0966	0.90242	1.06931	5.31393	3.63996	3.52618	5.92098	4.74792	6.18869	2.48554	5.42588	3.43433	6.79326	2.44176	5.55546	1.29404	1.15581	5.55971	7.16333	5.84488	7.42054	3.66473	7.09803	6.2224	2.06231	4.08297	7.36489	4.79917	2.81885	4.30814	5.64697	4.06529	5.42148	5.73028	6.18169	8.2788	2.30021	5.97816	4.63006	3.47119	4.82328	
2.6089	7.01306	8.98498	6.12397	6.52494	2.5321	7.63128	1.89922	8.83576	0	6.80995	8.80599	6.19004	7.99259	2.47714	7.8666	7.90233	5.77539	7.16992	3.52669	7.94625	7.02464	9.04862	7.39482	4.02782	5.32904	6.48804	6.32161	11.7618	8.70985	9.57134	10.6233	1.46904	3.94269	0.589151	5.98683	5.60668	3.99106	6.70671	5.38526	4.68773	2.19067	9.72755	5.26773	7.95129	3.9444	10.6624	7.09129	9.45149	4.0192	5.18152	2.24952	7.59764	2.68433	9.22642	
4.82863	3.97878	2.0422	4.61317	7.25187	3.4931	4.42614	6.10133	4.34371	6.80995	0	6.74483	7.95788	6.52628	3.5997	5.88735	5.39277	1.06332	4.82863	7.00783	5.87884	6.55821	2.78322	4.86571	3.37209	2.89452	4.87101	1.90195	2.00514	4.93864	6.47912	2.74232	6.62352	6.21093	5.20937	3.12492	5.02462	1.80747	5.89274	5.5664	5.13511	7.82232	4.49957	6.78968	2.88557	4.32026	2.6508	7.43227	7.8278	9.23694	4.48956	3.54083	4.76701	4.66362	7.33069	
8.87519	3.14734	3.29358	4.67058	6.66419	6.90109	5.313	9.17042	4.41583	8.80599	6.74483	0	5.55702	1.51856	4.2008	4.80434	2.64687	2.06259	9.00875	5.63039	11.3599	3.51997	0.342684	4.58974	9.13503	6.36539	6.25247	7.4752	7.42675	3.10619	3.26002	3.02224	6.81414	1.35214	8.72588	4.49772	1.19527	4.67129	4.60735	4.12588	1.08479	4.67213	2.63349	6.74668	3.01924	3.09786	5.46275	3.41323	6.70532	14.1677	4.46818	10.0668	8.91883	3.60059	10.9353	
4.54597	8.019	7.43589	7.50904	5.11276	5.03767	3.20892	5.8873	4.16477	6.19004	7.95788	5.55702	0	6.51843	2.65321	5.06719	5.56188	6.93424	4.49377	2.99919	1.75622	4.3915	5.21434	2.93555	7.38832	4.23403	5.39302	5.2266	9.25782	5.4588	3.3813	7.11579	5.83384	4.11957	6.77919	4.89181	2.93326	7.31957	3.62366	6.61949	3.04375	6.73522	4.77212	4.31695	5.03775	6.62945	8.37462	8.28488	9.2454	4.11404	4.79184	6.08588	4.03995	6.08402	5.49739	
7.94789	3.53078	5.01115	2.87719	12.5218	5.31576	7.5904	10.8424	2.88168	7.99259	6.52628	1.51856	6.51843	0	6.23776	3.87704	2.92318	5.60753	5.68762	5.39732	8.52349	7.45395	1.86124	10.5018	10.4508	8.71468	10.017	8.61857	4.53044	1.58764	4.77857	4.80418	6.27018	2.9508	4.17721	9.08927	3.58517	6.516	5.03693	2.60732	2.60334	7.38713	3.14237	10.2873	4.89145	4.89436	4.4895	4.4732	9.024	13.0962	2.2561	5.22264	3.87453	2.08204	5.45886	
1.97749	7.6691	4.88319	2.79091	2.56652	3.83094	2.3497	3.19806	2.0966	2.47714	3.5997	4.2008	2.65321	6.23776	0	4.05439	4.22128	2.53638	1.97749	2.13997	0.896994	3.49532	4.25629	2.27051	4.84516	6.6489	8.42829	8.26186	3.47821	4.08046	0.940785	5.52733	2.76788	5.24153	1.88799	6.81523	6.59726	5.2899	3.74439	3.52961	5.93051	3.48951	2.60382	4.51293	9.96409	4.58017	7.96738	4.04362	6.42573	5.31804	4.73868	3.03825	6.24008	3.98317	4.60122	
3.71275	3.61471	4.47639	2.49144	3.73276	1.75246	5.0096	3.83387	0.90242	7.8666	5.88735	4.80434	5.06719	3.87704	4.05439	0	0.16689	4.49634	4.07085	2.77932	3.97255	3.8455	2.47108	1.84799	5.10887	2.9004	5.99663	3.34418	4.35636	2.19646	2.05823	4.75574	7.09024	3.43754	4.0397	5.49542	3.25637	5.78574	1.15989	3.34845	5.20982	4.93698	2.21687	4.52521	6.08274	2.73237	4.31757	4.82786	2.07836	7.06913	1.39779	2.29784	4.00895	1.00803	2.91724	
3.54586	3.7816	3.77025	3.64701	5.87395	1.58557	4.93698	4.78301	1.06931	7.90233	5.39277	2.64687	5.56188	2.92318	4.22128	0.16689	0	4.02409	3.1917	5.04864	3.80566	3.85625	2.30418	4.49741	4.59769	2.38922	3.38491	3.17672	3.28955	6.11082	3.66593	4.98374	6.56525	1.7099	2.93632	3.55518	8.25612	6.36243	1.32678	4.5699	7.06367	4.61202	4.03622	3.89987	4.98074	3.65346	3.2486	4.99475	1.91147	4.49577	1.01521	2.13095	2.88521	0.841141	2.75035	
5.89194	4.52457	2.3468	3.54986	11.7561	5.3209	5.48945	5.12958	5.31393	5.77539	1.06332	2.06259	6.93424	5.60753	2.53638	4.49634	4.02409	0	3.53828	4.94461	3.43338	4.74765	1.71991	6.7222	2.30877	5.97229	4.79039	2.96527	0.941827	4.01989	3.47717	3.04692	6.06613	5.61653	4.13789	5.87494	5.93396	2.07453	4.88141	4.28856	5.82348	4.31943	4.01071	4.24644	3.94889	4.47509	2.9554	4.79045	6.24092	4.84234	3.9004	2.47752	3.70369	3.39023	4.8876	
0	6.85428	6.5347	4.7684	0.589029	3.73492	3.24706	2.69626	3.63996	7.16992	4.82863	9.00875	4.49377	5.68762	1.97749	4.07085	3.1917	3.53828	0	2.1792	2.73755	3.33089	7.17232	2.76624	7.60653	5.39806	11.3308	6.06072	6.05399	5.81505	2.91827	11.5151	3.01939	4.47435	2.01975	1.95943	7.61748	5.29225	3.16191	5.60793	9.87367	2.33727	3.14103	1.84624	7.01211	6.4179	6.01304	4.10177	4.55151	3.42558	3.77965	1.06076	5.41704	3.60558	3.47084	
2.1792	5.75283	6.79897	2.86387	3.01371	4.29192	2.69568	4.24761	3.52618	3.52669	7.00783	5.63039	2.99919	5.39732	2.13997	2.77932	5.04864	4.94461	2.1792	0	1.24298	5.70095	4.70594	2.30754	3.27614	7.07953	5.49095	8.92469	6.86267	3.80969	2.37037	6.95691	3.81743	6.29108	2.86699	5.66122	5.06743	6.33945	1.61944	3.50127	8.18864	1.26547	4.0334	4.98476	9.56337	3.19192	5.2065	1.63539	4.0175	6.36759	4.45067	4.59792	4.5693	4.62473	4.70005	
2.73755	8.87899	8.11516	3.6879	3.32658	5.39123	1.45271	3.1279	5.92098	7.94625	5.87884	11.3599	1.75622	8.52349	0.896994	3.97255	3.80566	3.43338	2.73755	1.24298	0	4.39232	6.10985	1.89228	7.82877	5.99024	10.5992	9.28012	8.09063	5.05266	1.83778	11.9477	5.80915	11.4717	2.78499	7.5753	4.68948	8.69153	2.84739	4.52743	8.49179	2.50845	6.54032	3.81625	7.31406	4.41987	9.95693	2.87837	5.26048	5.87025	5.63567	3.79831	4.40998	4.64681	5.92801	
7.91635	4.6869	6.80951	6.22653	7.46785	3.95723	6.76138	4.9222	4.74792	7.02464	6.55821	3.51997	4.3915	7.45395	3.49532	3.8455	3.85625	4.74765	3.33089	5.70095	4.39232	0	4.99314	5.58308	2.99682	3.15358	4.31258	4.14615	5.91578	5.85653	4.43611	8.44779	6.00629	2.70255	3.93051	3.81136	2.54567	5.44859	3.81043	4.90788	2.43519	5.00749	3.42239	4.03906	7.21031	2.23795	4.20963	6.14045	6.53995	4.63496	2.95722	2.27014	5.42218	3.13128	1.10589	
5.85004	2.80466	2.9509	5.01327	5.52544	3.88975	7.27861	6.93866	6.18869	9.04862	2.78322	0.342684	5.21434	1.86124	4.25629	2.47108	2.30418	1.71991	7.17232	4.70594	6.10985	4.99314	0	4.77876	4.02868	4.81282	4.71282	5.07672	2.66173	4.7478	3.6027	2.67956	6.47146	5.39735	5.93097	4.15504	5.05906	4.32861	4.26467	4.93642	1.42747	4.32945	2.2908	6.40399	2.67655	2.75518	3.50752	3.07054	4.21565	8.19126	3.10988	4.19742	3.02297	3.14533	4.6073	
3.23755	4.57024	3.98025	2.01966	2.17721	3.447	0.439573	2.11477	2.48554	7.39482	4.86571	4.58974	2.93555	10.5018	2.27051	1.84799	4.49741	6.7222	2.76624	2.30754	1.89228	5.58308	4.77876	0	5.66948	6.23331	9.59224	5.24074	5.93134	6.90055	1.32972	3.66015	6.25694	5.63312	5.2573	3.54761	4.48471	3.86393	0.688105	6.46891	6.81819	3.92544	2.99276	2.80312	2.1022	2.26059	4.91898	7.84466	6.13969	6.62439	8.96491	4.25957	3.39685	4.00027	3.76872	
6.74704	5.25619	4.65558	4.75652	3.7589	3.01212	6.00489	7.65537	5.42588	4.02782	3.37209	9.13503	7.38832	10.4508	4.84516	5.10887	4.59769	2.30877	7.60653	3.27614	7.82877	2.99682	4.02868	5.66948	0	3.81577	4.84852	2.98413	3.2506	6.32867	6.73702	6.18053	4.18868	7.9253	3.61218	4.2071	5.81262	6.88903	4.98138	7.85154	5.43201	2.01066	7.5151	8.3467	12.3214	5.23478	8.30234	7.712	6.32196	5.90848	5.95404	4.78629	4.92432	6.24585	4.10272	
4.53857	3.26463	3.65594	4.41779	2.02818	0.803648	5.22587	6.26071	3.43433	5.32904	2.89452	6.36539	4.23403	8.71468	6.6489	2.9004	2.38922	5.97229	5.39806	7.07953	5.99024	3.15358	4.81282	6.23331	3.81577	0	1.159	0.992571	4.38497	5.70735	4.52854	3.19226	5.71414	5.54796	2.74659	0.657782	5.39109	3.25227	3.56255	5.15649	5.2806	3.8301	3.00076	7.82756	3.88032	5.39153	4.26453	7.12452	2.3015	5.77603	6.11079	5.42371	2.2686	4.03737	4.25947	
8.20222	3.17429	2.73338	5.57679	5.43592	1.96265	6.77691	5.10171	6.79326	6.48804	4.87101	6.25247	5.39302	10.017	8.42829	5.99663	3.38491	4.79039	11.3308	5.49095	10.5992	4.31258	4.71282	9.59224	4.84852	1.159	0	2.15157	3.84856	11.3824	6.6198	2.03326	5.18283	6.21608	6.06272	1.81678	7.40239	4.41127	7.7757	8.15175	6.4396	6.85919	3.69507	7.53269	3.59121	8.84652	5.27661	12.5605	1.47344	6.60481	6.80713	7.75378	3.4276	6.29696	5.74803	
5.32607	2.27206	3.94416	5.41036	2.59337	1.59115	5.68032	9.15079	2.44176	6.32161	1.90195	7.4752	5.2266	8.61857	8.26186	3.34418	3.17672	2.96527	6.06072	8.92469	9.28012	4.14615	5.07672	5.24074	2.98413	0.992571	2.15157	0	5.0376	3.7358	3.59757	3.41309	4.72157	4.86475	3.53409	1.22297	6.5009	3.70942	4.35005	7.46835	4.52377	4.6176	6.33965	9.37495	4.4455	6.22221	2.97492	7.91201	2.86669	6.44138	6.39151	7.96244	3.26117	4.82487	5.58161	
8.72389	8.26775	3.28863	4.49168	7.81611	5.68213	7.95677	7.6608	5.55546	11.7618	2.00514	7.42675	9.25782	4.53044	3.47821	4.35636	3.28955	0.941827	6.05399	6.86267	8.09063	5.91578	2.66173	5.93134	3.2506	4.38497	3.84856	5.0376	0	4.96172	7.08364	4.81358	9.03139	3.31717	4.5346	10.3746	4.81715	1.1327	5.24323	4.90923	6.58915	8.5217	3.77765	8.60855	2.89443	5.26072	4.85586	7.2227	5.322	9.69354	2.62247	3.41934	4.49247	2.4484	8.32384	
5.98889	1.94314	5.22465	1.28956	4.34497	5.9516	6.79674	7.40635	1.29404	8.70985	4.93864	3.10619	5.4588	1.58764	4.08046	2.19646	6.11082	4.01989	5.81505	3.80969	5.05266	5.85653	4.7478	6.90055	6.32867	5.70735	11.3824	3.7358	4.96172	0	2.44985	3.08417	6.98745	4.53583	6.41466	8.25391	4.75789	4.92836	2.62111	2.02826	4.19485	4.03541	3.7184	6.52321	4.41117	5.35933	2.646	5.19047	7.47573	7.11911	2.89932	4.75429	4.0394	3.07338	6.11732	
4.54957	5.72757	5.28666	3.73169	3.40418	3.72489	1.7693	3.72818	1.15581	9.57134	6.47912	3.26002	3.3813	4.77857	0.940785	2.05823	3.66593	3.47717	2.91827	2.37037	1.83778	4.43611	3.6027	1.32972	6.73702	4.52854	6.6198	3.59757	7.08364	2.44985	0	3.32485	10.691	5.504	2.82878	4.77457	6.31456	7.88533	2.01783	4.57123	4.3448	3.63584	1.66303	4.41653	3.41212	5.2211	7.0427	4.00577	5.5774	7.49534	2.48212	3.7433	2.3952	4.50707	3.97953	
7.66638	1.14103	0.700118	4.63522	7.99072	6.09786	6.63953	7.13497	5.55971	10.6233	2.74232	3.02224	7.11579	4.80418	5.52733	4.75574	4.98374	3.04692	11.5151	6.95691	11.9477	8.44779	2.67956	3.66015	6.18053	3.19226	2.03326	3.41309	4.81358	3.08417	3.32485	0	7.21609	3.73372	9.058	4.78048	3.94046	3.31968	6.94423	7.91589	3.39274	7.00901	1.66181	9.08355	1.55795	5.43474	1.30871	5.7501	3.5067	12.739	2.4809	3.74208	2.39398	3.62923	3.97831	
2.89964	6.99363	9.42235	4.40156	5.44263	2.82283	8.5052	2.18996	7.16333	1.46904	6.62352	6.81414	5.83384	6.27018	2.76788	7.09024	6.56525	6.06613	3.01939	3.81743	5.80915	6.00629	6.47146	6.25694	4.18868	5.71414	5.18283	4.72157	9.03139	6.98745	10.691	7.21609	0	4.23342	0.87989	5.94454	7.34908	4.28179	6.7522	3.66286	8.44148	2.48141	8.76226	5.9129	9.14801	4.23514	10.7602	5.52874	6.65627	1.7198	5.47226	2.54026	11.2033	2.97507	7.11218	
5.37328	2.51907	3.79788	4.0163	6.68721	4.10249	5.55673	4.6636	5.84488	3.94269	6.21093	1.35214	4.11957	2.9508	5.24153	3.43754	1.7099	5.61653	4.47435	6.29108	11.4717	2.70255	5.39735	5.63312	7.9253	5.54796	6.21608	4.86475	3.31717	4.53583	5.504	3.73372	4.23342	0	2.96394	5.30328	0.377845	5.29264	4.18093	4.75501	0.267359	4.95506	5.28	8.55443	3.53092	3.68108	3.27622	5.74429	6.96052	6.78358	1.04283	5.01391	2.91283	0.868763	8.12258	
2.01975	5.94623	5.02429	4.34738	3.34976	1.94294	2.98526	1.31007	7.42054	0.589151	5.20937	8.72588	6.77919	4.17721	1.88799	4.0397	2.93632	4.13789	2.01975	2.86699	2.78499	3.93051	5.93097	5.2573	3.61218	2.74659	6.06272	3.53409	4.5346	6.41466	2.82878	9.058	0.87989	2.96394	0	7.93469	4.53984	3.4019	3.98405	4.54275	3.62089	1.60152	3.74064	3.4293	5.16363	3.35525	4.50264	4.57294	6.95505	2.59969	2.26924	1.66037	3.85514	2.09518	4.07045	
3.79364	3.49503	4.31372	5.07557	1.3704	1.46143	8.08481	3.47763	3.66473	5.98683	3.12492	4.49772	4.89181	9.08927	6.81523	5.49542	3.55518	5.87494	1.95943	5.66122	7.5753	3.81136	4.15504	3.54761	4.2071	0.657782	1.81678	1.22297	10.3746	8.25391	4.77457	4.78048	5.94454	5.30328	7.93469	0	5.14641	3.91006	3.94328	7.65054	5.03592	3.11864	4.97162	2.62761	3.22253	6.70386	6.03931	7.03785	1.64371	6.77508	6.76599	5.8985	2.92638	6.18557	5.24682	
