20
5
3
5
40

6	21
10	1
47	15
18	25
31	42

9	22
22	5
8	17
2	22
20	29
2	24
25	15
20	24
15	2
4	18
29	47
34	25
27	39
46	33
33	29
28	46
44	28
33	32
35	23
40	39

70

1.79769e+308
1.79769e+308
1.79769e+308
1.79769e+308
1.79769e+308

20
11
18
13
12
17
19
13
18
14
12
15
15
20
13
14
17
19
14
16

0
0
0
0
0

0

0	3.19216	9.10264	5.48982	7.92536	2.41768	3.9966	4.51224	1.26426	5.89667	0.59897	7.2918	3.44349	5.86849	0.715017	4.67561	6.27781	2.77882	9.91521	7.79528	10.7153	4.11812	5.6161	4.05548	5.89634	
3.19216	0	14.3079	11.7248	7.24117	9.43521	5.75873	7.12208	4.29685	13.7398	4.99189	12.7875	15.2532	10.2614	2.47715	15.9995	11.0055	4.54095	17.454	12.6254	18.8647	10.2227	12.6738	7.34971	8.08503	
9.10264	14.3079	0	6.9309	6.31869	8.47157	12.3365	5.58293	11.0941	10.637	13.7838	12.1098	9.96536	10.83	10.9055	9.78665	7.22994	5.13129	10.8121	6.60629	8.02522	5.42888	4.86426	6.83377	3.2063	
5.48982	11.7248	6.9309	0	2.80243	1.72063	10.4324	5.33762	6.75408	1.36646	6.08879	5.32791	0.694818	10.253	6.20484	4.15968	0.787985	3.88357	5.47786	2.40785	3.40085	1.50201	2.45621	3.99399	4.81163	
7.92536	7.24117	6.31869	2.80243	0	4.7083	5.68355	5.48902	4.7686	4.16889	10.2725	4.31903	3.49725	9.28448	3.14494	1.35725	3.17811	1.08113	2.67542	5.33477	2.51445	4.30445	1.50988	3.29722	3.00612	
2.41768	9.43521	8.47157	1.72063	4.7083	0	7.92928	2.09456	2.50549	3.47899	3.01665	5.6589	1.02581	5.78606	3.13269	5.91684	4.84381	5.26254	7.81544	3.67535	3.73184	6.52856	3.19842	1.6378	4.47119	
3.9966	5.75873	12.3365	10.4324	5.68355	7.92928	0	5.19795	5.10129	11.6726	6.77598	1.36451	5.9976	1.50646	3.28158	15.151	9.49748	5.34539	3.98793	6.86801	5.29145	10.2575	9.03735	6.29148	10.9808	
4.51224	7.12208	5.58293	5.33762	5.48902	2.09456	5.19795	0	4.60005	5.57356	6.81582	8.91144	3.12038	3.69149	4.64494	7.46057	6.40027	4.30162	8.77875	4.81866	7.19555	8.49582	4.03459	3.73237	2.37663	
1.26426	4.29685	11.0941	6.75408	4.7686	2.50549	5.10129	4.60005	0	5.98448	1.86323	7.0745	3.5313	8.8809	1.8197	3.41135	7.46633	3.88351	8.34277	6.29788	4.56855	5.38238	5.70391	4.14329	7.1606	
5.89667	13.7398	10.637	1.36646	4.16889	3.47899	11.6726	5.57356	5.98448	0	9.41686	7.93617	2.06128	13.8664	10.4371	10.2442	2.15444	12.621	5.31276	4.66995	12.0362	2.86847	6.67741	5.11679	12.9186	
0.59897	4.99189	13.7838	6.08879	10.2725	3.01665	6.77598	6.81582	1.86323	9.41686	0	7.89077	6.96368	5.26952	1.31399	7.02273	10.9368	8.23182	13.9084	9.76835	15.0926	4.71709	9.1363	7.57568	6.49531	
7.2918	12.7875	12.1098	5.32791	4.31903	5.6589	1.36451	8.91144	7.0745	7.93617	7.89077	0	4.63309	2.87097	4.6461	5.08413	7.12336	5.40017	2.62341	5.5035	3.92694	9.18066	5.63242	7.54105	7.43142	
3.44349	15.2532	9.96536	0.694818	3.49725	1.02581	5.9976	3.12038	3.5313	2.06128	6.96368	4.63309	0	8.3343	7.98387	3.86322	1.4828	9.30949	7.2565	6.29853	2.70603	2.19683	4.22423	2.66362	7.01943	
5.86849	10.2614	10.83	10.253	9.28448	5.78606	1.50646	3.69149	8.8809	13.8664	5.26952	2.87097	8.3343	0	4.78804	13.6445	9.19327	8.35818	7.84336	8.02481	9.14688	8.75103	8.73314	5.98726	6.06812	
0.715017	2.47715	10.9055	6.20484	3.14494	3.13269	3.28158	4.64494	1.8197	10.4371	1.31399	4.6461	7.98387	4.78804	0	5.23105	8.07856	2.06381	11.0502	6.91011	12.5181	4.83314	7.61844	4.87256	3.9888	
4.67561	15.9995	9.78665	4.15968	1.35725	5.91684	15.151	7.46057	3.41135	10.2442	7.02273	5.08413	3.86322	13.6445	5.23105	0	5.74368	2.43838	4.03267	7.32268	1.1572	5.77674	2.86268	4.65447	4.46964	
6.27781	11.0055	7.22994	0.787985	3.17811	4.84381	9.49748	6.40027	7.46633	2.15444	10.9368	7.12336	1.4828	9.19327	8.07856	5.74368	0	5.94864	9.38364	1.61987	3.37372	2.29	1.66823	3.206	3.32619	
2.77882	4.54095	5.13129	3.88357	1.08113	5.26254	5.34539	4.30162	3.88351	12.621	8.23182	5.40017	9.30949	8.35818	2.06381	2.43838	5.94864	0	3.75656	5.66228	6.74392	4.11952	2.59101	3.62473	1.92499	
9.91521	17.454	10.8121	5.47786	2.67542	7.81544	3.98793	8.77875	8.34277	5.31276	13.9084	2.62341	7.2565	7.84336	11.0502	4.03267	9.38364	3.75656	0	8.12691	6.08862	7.23124	4.1853	5.97265	5.78781	
7.79528	12.6254	6.60629	2.40785	5.33477	3.67535	6.86801	4.81866	6.29788	4.66995	9.76835	5.5035	6.29853	8.02481	6.91011	7.32268	1.61987	5.66228	8.12691	0	6.09667	3.67716	3.28809	2.03755	5.64351	
10.7153	18.8647	8.02522	3.40085	2.51445	3.73184	5.29145	7.19555	4.56855	12.0362	15.0926	3.92694	2.70603	9.14688	12.5181	1.1572	3.37372	6.74392	6.08862	6.09667	0	6.93394	1.70549	4.45136	3.36345	
4.11812	10.2227	5.42888	1.50201	4.30445	6.52856	10.2575	8.49582	5.38238	2.86847	4.71709	9.18066	2.19683	8.75103	4.83314	5.77674	2.29	4.11952	7.23124	3.67716	6.93394	0	7.87178	5.71471	6.04451	
5.6161	12.6738	4.86426	2.45621	1.50988	3.19842	9.03735	4.03459	5.70391	6.67741	9.1363	5.63242	4.22423	8.73314	7.61844	2.86268	1.66823	2.59101	4.1853	3.28809	1.70549	7.87178	0	2.74587	1.65796	
4.05548	7.34971	6.83377	3.99399	3.29722	1.6378	6.29148	3.73237	4.14329	5.11679	7.57568	7.54105	2.66362	5.98726	4.87256	4.65447	3.206	3.62473	5.97265	2.03755	4.45136	5.71471	2.74587	0	4.40383	
5.89634	8.08503	3.2063	4.81163	3.00612	4.47119	10.9808	2.37663	7.1606	12.9186	6.49531	7.43142	7.01943	6.06812	3.9888	4.46964	3.32619	1.92499	5.78781	5.64351	3.36345	6.04451	1.65796	4.40383	0	

0	6.30347	5.55417	4.48908	9.76177	3.73197	8.22347	3.74762	3.8204	6.83511	2.95403	5.9811	4.60266	8.59471	5.50229	5.67423	12.1815	4.82764	7.25194	4.7539	4.61923	14.0973	3.692	6.93916	6.37953	
6.30347	0	3.08571	8.28842	8.80814	6.09349	4.01659	2.52734	7.16698	4.10112	3.32093	3.54419	5.9643	2.29124	4.32317	9.25615	5.38786	6.89085	8.96878	8.11802	6.79961	9.55441	4.94788	4.55828	9.93688	
5.55417	3.08571	0	6.24519	7.19908	9.22515	7.10231	5.61305	8.94298	11.6217	9.62166	7.88531	8.85696	5.37696	7.40888	14.2813	4.49531	2.99781	5.42212	2.92407	7.20866	6.4687	1.86217	5.32489	4.5497	
4.48908	8.28842	6.24519	0	5.19259	2.14898	6.64049	3.55055	4.15564	2.87829	4.65389	4.39811	0.113582	7.04069	3.91931	4.69231	5.74625	5.51867	5.43256	2.90304	4.20135	5.11907	4.00557	6.44269	4.44882	
9.76177	8.80814	7.19908	5.19259	0	12.5938	6.73573	6.3716	2.17978	4.4873	7.1652	7.38845	5.03838	9.47216	6.04377	1.87191	4.21751	1.79771	1.78354	2.24892	1.38095	2.07889	2.93335	3.62228	4.9247	
3.73197	6.09349	9.22515	2.14898	12.5938	0	4.4915	3.26598	2.00665	3.99814	4.2791	2.24913	2.26256	6.77182	1.77032	11.1766	10.3291	7.44682	7.12886	5.09265	2.80549	13.6571	6.532	5.12541	5.56866	
8.22347	4.01659	7.10231	6.64049	6.73573	4.4915	0	6.54393	6.33482	8.08291	8.60727	6.74063	10.9723	5.17499	6.26183	13.4462	7.94935	12.3124	4.95218	7.44107	6.85689	5.24753	8.51213	8.57487	8.36815	
3.74762	2.52734	5.61305	3.55055	6.3716	3.26598	6.54393	0	3.06604	1.57378	0.793596	1.01685	3.43697	4.81858	2.19607	3.5138	6.27986	5.0156	4.70451	3.81216	6.33037	10.3128	3.87996	5.45028	3.14431	
3.8204	7.16698	8.94298	4.15564	2.17978	2.00665	6.33482	3.06604	0	6.00479	2.27245	4.25578	5.94179	8.77847	2.84381	1.28979	3.94834	5.08566	2.70354	6.63866	0.798833	12.3443	6.14532	3.04017	4.34258	
6.83511	4.10112	11.6217	2.87829	4.4873	3.99814	8.08291	1.57378	6.00479	0	2.36738	2.59063	2.99188	6.6734	3.76985	5.21464	5.04096	3.69236	3.13073	2.23838	5.03543	3.42608	3.30028	6.02493	1.57053	
2.95403	3.32093	9.62166	4.65389	7.1652	4.2791	8.60727	0.793596	2.27245	2.36738	0	1.81044	4.23056	8.82719	2.98966	2.7202	7.86111	4.8261	7.01181	5.05852	3.07128	7.23393	4.67356	5.39121	5.45162	
5.9811	3.54419	7.88531	4.39811	7.38845	2.24913	6.74063	1.01685	4.25578	2.59063	1.81044	0	4.45381	6.00887	3.21292	8.12829	8.07992	8.49115	7.90014	7.03717	6.54653	10.4597	4.89681	6.46713	4.48418	
4.60266	5.9643	8.85696	0.113582	5.03838	2.26256	10.9723	3.43697	5.94179	2.99188	4.23056	4.45381	0	7.15427	5.63303	8.76857	5.59204	6.18092	5.27835	2.78946	4.31493	4.96486	3.85136	8.88725	6.99994	
8.59471	2.29124	5.37696	7.04069	9.47216	6.77182	5.17499	4.81858	8.77847	6.6734	8.82719	6.00887	7.15427	0	6.61441	13.4932	10.3167	10.3658	7.68862	7.51409	9.59332	7.98397	8.576	6.84952	8.24393	
5.50229	4.32317	7.40888	3.91931	6.04377	1.77032	6.26183	2.19607	2.84381	3.76985	2.98966	3.21292	5.63303	6.61441	0	6.56952	6.59743	5.6765	6.28374	3.79485	3.64264	5.97025	4.85675	5.96257	5.60792	
5.67423	9.25615	14.2813	4.69231	1.87191	11.1766	13.4462	3.5138	1.28979	5.21464	2.7202	8.12829	8.76857	13.4932	6.56952	0	4.5257	2.10589	2.39566	5.97911	0.490959	8.15451	3.24154	2.73229	3.64412	
12.1815	5.38786	4.49531	5.74625	4.21751	10.3291	7.94935	6.27986	3.94834	5.04096	7.86111	8.07992	5.59204	10.3167	6.59743	4.5257	0	2.41981	2.72455	2.80258	3.07092	2.4292	3.55545	0.829582	3.89525	
4.82764	6.89085	2.99781	5.51867	1.79771	7.44682	12.3124	5.0156	5.08566	3.69236	4.8261	8.49115	6.18092	10.3658	5.6765	2.10589	2.41981	0	3.58125	2.19755	2.59685	4.84901	1.13564	2.33258	3.82317	
7.25194	8.96878	5.42212	5.43256	1.78354	7.12886	4.95218	4.70451	2.70354	3.13073	7.01181	7.90014	5.27835	7.68862	6.28374	2.39566	2.72455	3.58125	0	2.47075	1.9047	0.29535	3.55079	3.82675	3.41596	
4.7539	8.11802	2.92407	2.90304	2.24892	5.09265	7.44107	3.81216	6.63866	2.23838	5.05852	7.03717	2.78946	7.51409	3.79485	5.97911	2.80258	2.19755	2.47075	0	3.62987	2.1754	1.0619	3.63217	3.74943	
4.61923	6.79961	7.20866	4.20135	1.38095	2.80549	6.85689	6.33037	0.798833	5.03543	3.07128	6.54653	4.31493	9.59332	3.64264	0.490959	3.07092	2.59685	1.9047	3.62987	0	2.20005	5.34649	2.24134	3.54375	
14.0973	9.55441	6.4687	5.11907	2.07889	13.6571	5.24753	10.3128	12.3443	3.42608	7.23393	10.4597	4.96486	7.98397	5.97025	8.15451	2.4292	4.84901	0.29535	2.1754	2.20005	0	3.23731	3.25879	3.71131	
3.692	4.94788	1.86217	4.00557	2.93335	6.532	8.51213	3.87996	6.14532	3.30028	4.67356	4.89681	3.85136	8.576	4.85675	3.24154	3.55545	1.13564	3.55079	1.0619	5.34649	3.23731	0	3.46822	2.68753	
6.93916	4.55828	5.32489	6.44269	3.62228	5.12541	8.57487	5.45028	3.04017	6.02493	5.39121	6.46713	8.88725	6.84952	5.96257	2.73229	0.829582	2.33258	3.82675	3.63217	2.24134	3.25879	3.46822	0	4.72483	
6.37953	9.93688	4.5497	4.44882	4.9247	5.56866	8.36815	3.14431	4.34258	1.57053	5.45162	4.48418	6.99994	8.24393	5.60792	3.64412	3.89525	3.82317	3.41596	3.74943	3.54375	3.71131	2.68753	4.72483	0	

0	8.88325	6.23368	3.36423	5.42019	0.82529	2.01238	2.37579	1.68613	2.21148	2.08057	6.13848	3.98864	11.7534	1.16454	6.48529	7.58453	4.41704	11.7031	4.61255	5.20236	8.78551	8.56521	6.69318	5.67798	
8.88325	0	10.6278	9.33873	19.7863	10.1937	10.8867	3.2315	7.19712	7.08632	7.59156	8.77851	11.095	8.34152	4.44275	18.6213	12.3999	11.3708	10.9086	5.94144	11.38	12.7763	14.8989	10.684	9.93253	
6.23368	10.6278	0	5.57315	9.38463	9.69231	4.2213	9.02772	10.3381	7.07994	8.00315	6.6335	6.65643	2.2863	8.93379	11.2413	5.07805	5.66079	5.98277	5.14219	6.45423	4.97531	3.36905	4.27005	5.00674	
3.36423	9.33873	5.57315	0	3.68971	3.62499	1.35185	3.89791	4.29948	1.38502	2.90072	7.33636	0.961506	4.04386	2.43196	4.28635	6.89401	3.88137	4.91234	1.18797	3.90753	6.20762	4.08491	4.1153	6.89812	
5.42019	19.7863	9.38463	3.68971	0	6.71394	5.04156	7.65342	7.57478	3.69952	4.09722	3.78393	3.25534	7.79937	5.95428	0.596641	2.59999	1.67768	5.4142	4.87768	0.217826	3.38725	7.84042	5.46542	1.66531	
0.82529	10.1937	9.69231	3.62499	6.71394	0	2.83767	3.1048	2.51142	2.23997	3.43259	6.86749	4.71764	6.64316	1.89355	7.5094	7.32003	5.14605	5.82871	3.54634	5.72167	7.06257	6.6842	4.97025	4.85269	
2.01238	10.8867	4.2213	1.35185	5.04156	2.83767	0	6.79397	3.69851	2.73687	3.78185	4.86342	2.31335	6.5076	3.17692	8.59741	5.59048	3.49705	6.20947	2.53982	4.9569	4.18252	6.98097	9.18178	4.93528	
2.37579	3.2315	9.02772	3.89791	7.65342	3.1048	6.79397	0	6.50542	2.25819	5.37052	5.54702	4.03534	5.56583	1.21125	11.5707	10.1287	4.46375	6.43431	2.70994	7.33652	7.20521	5.60688	6.5851	9.36792	
1.68613	7.19712	10.3381	4.29948	7.57478	2.51142	3.69851	6.50542	0	1.91014	0.394444	8.34635	5.49239	8.40163	2.85067	9.40526	7.79866	6.76955	6.30735	5.54574	4.27384	10.6818	8.44268	9.35034	5.33132	
2.21148	7.08632	7.07994	1.38502	3.69952	2.23997	2.73687	2.25819	1.91014	0	1.5157	5.95134	2.34653	4.16226	1.04694	4.81753	3.31515	3.99978	5.03074	1.30637	3.4817	4.8226	3.63128	2.73028	4.92918	
2.08057	7.59156	8.00315	2.90072	4.09722	3.43259	3.78185	5.37052	0.394444	1.5157	0	7.4455	4.86654	11.586	2.56264	5.21523	6.26156	5.33925	11.7084	2.82207	3.8794	6.3383	16.4041	4.24597	5.32688	
6.13848	8.77851	6.6335	7.33636	3.78393	6.86749	4.86342	5.54702	8.34635	5.95134	7.4455	0	6.20618	11.2854	4.61888	4.90193	2.42638	1.36638	4.0788	4.05978	2.82623	1.65819	5.4644	5.02843	2.80461	
3.98864	11.095	6.65643	0.961506	3.25534	4.71764	2.31335	4.03534	5.49239	2.34653	4.86654	6.20618	0	5.61914	2.8241	4.37334	5.41968	4.49737	7.55223	2.14947	3.03751	5.52528	9.19288	6.51738	4.485	
11.7534	8.34152	2.2863	4.04386	7.79937	6.64316	6.5076	5.56583	8.40163	4.16226	11.586	11.2854	5.61914	0	7.95267	13.6641	7.36435	5.5493	6.58026	2.85589	8.5801	7.26161	5.65535	7.45835	7.29305	
1.16454	4.44275	8.93379	2.43196	5.95428	1.89355	3.17692	1.21125	2.85067	1.04694	2.56264	4.61888	2.8241	7.95267	0	8.35286	5.34594	3.2525	5.96492	2.35331	4.52864	3.93798	11.0161	3.77722	4.69073	
6.48529	18.6213	11.2413	4.28635	0.596641	7.5094	8.59741	11.5707	9.40526	4.81753	5.21523	4.90193	4.37334	13.6641	8.35286	0	3.718	2.79569	7.0296	5.54012	0.814466	5.78584	7.49171	6.58342	2.78331	
7.58453	12.3999	5.07805	6.89401	2.59999	7.32003	5.59048	10.1287	7.79866	3.31515	6.26156	2.42638	5.41968	7.36435	5.34594	3.718	0	1.45366	3.44337	4.78684	2.38217	0.768185	1.48587	0.584873	2.46734	
4.41704	11.3708	5.66079	3.88137	1.67768	5.14605	3.49705	4.46375	6.76955	3.99978	5.33925	1.36638	4.49737	5.5493	3.2525	2.79569	1.45366	0	2.41426	2.69341	1.45986	0.685476	4.49168	2.67831	1.43823	
11.7031	10.9086	5.98277	4.91234	5.4142	5.82871	6.20947	6.43431	6.30735	5.03074	11.7084	4.0788	7.55223	6.58026	5.96492	7.0296	3.44337	2.41426	0	3.72437	2.42351	2.98248	6.62131	6.35272	0.976027	
4.61255	5.94144	5.14219	1.18797	4.87768	3.54634	2.53982	2.70994	5.54574	1.30637	2.82207	4.05978	2.14947	2.85589	2.35331	5.54012	4.78684	2.69341	3.72437	0	4.15326	3.37888	2.89694	3.79794	4.13164	
5.20236	11.38	6.45423	3.90753	0.217826	5.72167	4.9569	7.33652	4.27384	3.4817	3.8794	2.82623	3.03751	8.5801	4.52864	0.814466	2.38217	1.45986	2.42351	4.15326	0	2.14533	6.14859	2.96704	1.44748	
8.78551	12.7763	4.97531	6.20762	3.38725	7.06257	4.18252	7.20521	10.6818	4.8226	6.3383	1.65819	5.52528	7.26161	3.93798	5.78584	0.768185	0.685476	2.98248	3.37888	2.14533	0	3.80621	1.35306	2.12371	
8.56521	14.8989	3.36905	4.08491	7.84042	6.6842	6.98097	5.60688	8.44268	3.63128	16.4041	5.4644	9.19288	5.65535	11.0161	7.49171	1.48587	4.49168	6.62131	2.89694	6.14859	3.80621	0	0.901	7.28218	
6.69318	10.684	4.27005	4.1153	5.46542	4.97025	9.18178	6.5851	9.35034	2.73028	4.24597	5.02843	6.51738	7.45835	3.77722	6.58342	0.584873	2.67831	6.35272	3.79794	2.96704	1.35306	0.901	0	3.05221	
5.67798	9.93253	5.00674	6.89812	1.66531	4.85269	4.93528	9.36792	5.33132	4.92918	5.32688	2.80461	4.485	7.29305	4.69073	2.78331	2.46734	1.43823	0.976027	4.13164	1.44748	2.12371	7.28218	3.05221	0	

0	3.74722	10.8268	3.44766	6.70095	1.54978	7.30804	3.09725	1.5732	6.13817	1.11609	6.02685	3.93484	7.88313	2.62936	7.00478	5.0232	7.94686	12.3636	5.88234	4.28491	9.32068	6.10154	4.94463	2.53195	
3.74722	0	10.3426	4.4457	6.01138	2.19743	7.95668	4.13696	2.84387	2.47038	2.88985	7.10959	4.93288	7.15347	3.27701	6.68163	6.02124	8.48307	7.46112	6.75766	4.93256	13.2119	9.72895	6.74308	3.1796	
10.8268	10.3426	0	12.9015	4.33122	8.93736	6.27652	11.7827	8.29092	8.22725	8.74803	11.7551	10.9396	12.9103	10.3566	5.82692	3.6539	6.80291	5.00879	9.27873	6.13074	1.96587	10.2665	6.08754	10.0502	
3.44766	4.4457	12.9015	0	5.05282	3.58985	3.86039	4.03538	3.35454	4.83394	2.89743	2.66389	0.48718	4.51461	3.1083	3.55712	1.57554	10.4118	5.39096	8.21697	4.55342	3.26357	4.05578	3.00735	5.32144	
6.70095	6.01138	4.33122	5.05282	0	4.53464	1.9453	9.02864	9.13045	8.48176	8.0012	6.83005	5.2218	12.6093	6.97748	1.4957	3.18812	2.47169	3.32954	4.53621	1.79952	6.29709	5.28004	1.75632	4.67827	
1.54978	2.19743	8.93736	3.58985	4.53464	0	8.19966	2.00666	0.646437	2.55817	0.692419	4.19369	4.82645	7.86526	1.07958	6.15088	5.91481	4.46961	12.3664	1.75368	2.73512	10.8705	1.695	3.90412	0.982169	
7.30804	7.95668	6.27652	3.86039	1.9453	8.19966	0	11.1278	8.432	8.69432	6.75781	4.88475	4.34757	6.73546	6.96869	3.441	5.28728	4.41699	7.47047	11.8881	3.74482	7.60576	6.71138	3.70161	6.77743	
3.09725	4.13696	11.7827	4.03538	9.02864	2.00666	11.1278	0	2.43827	3.33023	1.98116	6.89192	8.13492	10.7069	0.927079	10.8186	8.70413	9.48975	13.0722	7.30069	5.57671	12.7329	3.40635	6.14824	3.82376	
1.5732	2.84387	8.29092	3.35454	9.13045	0.646437	8.432	2.43827	0	1.91174	0.457109	3.54725	7.80781	5.39796	1.72602	11.5851	13.4435	6.65876	6.90247	5.77665	3.38156	10.2568	7.61178	9.17106	1.62861	
6.13817	2.47038	8.22725	4.83394	8.48176	2.55817	8.69432	3.33023	1.91174	0	2.36884	5.45899	5.32112	4.68308	2.40315	6.82457	6.40948	7.41493	4.99073	6.57695	9.29285	8.03365	4.88242	7.32243	5.80545	
1.11609	2.88985	8.74803	2.89743	8.0012	0.692419	6.75781	1.98116	0.457109	2.36884	0	4.00436	3.38461	6.76147	1.63191	6.45455	4.47297	7.11587	13.659	5.31954	3.42754	10.4368	4.11119	6.06073	1.67459	
6.02685	7.10959	11.7551	2.66389	6.83005	4.19369	4.88475	6.89192	3.54725	5.45899	4.00436	0	3.15107	1.85071	5.7722	6.22102	4.23944	10.206	11.8294	10.2303	7.21731	12.4905	6.86022	7.72604	10.7449	
3.93484	4.93288	10.9396	0.48718	5.2218	4.82645	4.34757	8.13492	7.80781	5.32112	3.38461	3.15107	0	6.11127	3.59548	4.0443	2.06272	11.9002	7.56884	9.18426	5.0406	5.61218	6.40439	3.46548	6.38743	
7.88313	7.15347	12.9103	4.51461	12.6093	7.86526	6.73546	10.7069	5.39796	4.68308	6.76147	1.85071	6.11127	0	7.08623	15.7279	7.48975	7.81786	9.67382	9.66574	10.0785	15.2016	5.00951	11.8162	5.72234	
2.62936	3.27701	10.3566	3.1083	6.97748	1.07958	6.96869	0.927079	1.72602	2.40315	1.63191	5.7722	3.59548	7.08623	0	6.66543	4.68384	5.28763	7.39388	6.95145	3.8147	13.2067	2.47927	5.22116	2.06175	
7.00478	6.68163	5.82692	3.55712	1.4957	6.15088	3.441	10.8186	11.5851	6.82457	6.45455	6.22102	4.0443	15.7279	6.66543	0	4.27567	3.96739	1.83384	9.81977	3.29522	4.87675	6.75591	3.25201	6.96	
5.0232	6.02124	3.6539	1.57554	3.18812	5.91481	5.28728	8.70413	13.4435	6.40948	4.47297	4.23944	2.06272	7.48975	4.68384	4.27567	0	5.28859	4.73094	6.13439	6.12896	1.68803	2.48024	1.43181	3.19307	
7.94686	8.48307	6.80291	10.4118	2.47169	4.46961	4.41699	9.48975	6.65876	7.41493	7.11587	10.206	11.9002	7.81786	5.28763	3.96739	5.28859	0	7.99686	2.06452	4.27121	9.42401	2.80835	4.22801	2.83603	
12.3636	7.46112	5.00879	5.39096	3.32954	12.3664	7.47047	13.0722	6.90247	4.99073	13.659	11.8294	7.56884	9.67382	7.39388	1.83384	4.73094	7.99686	0	15.8515	5.2496	3.04291	9.73738	7.28148	10.7962	
5.88234	6.75766	9.27873	8.21697	4.53621	1.75368	11.8881	7.30069	5.77665	6.57695	5.31954	10.2303	9.18426	9.66574	6.95145	9.81977	6.13439	2.06452	15.8515	0	4.31575	10.2824	1.48434	3.69346	0.771509	
4.28491	4.93256	6.13074	4.55342	1.79952	2.73512	3.74482	5.57671	3.38156	9.29285	3.42754	7.21731	5.0406	10.0785	3.8147	3.29522	6.12896	4.27121	5.2496	4.31575	0	15.9777	4.25707	3.55584	3.54424	
9.32068	13.2119	1.96587	3.26357	6.29709	10.8705	7.60576	12.7329	10.2568	8.03365	10.4368	12.4905	5.61218	15.2016	13.2067	4.87675	1.68803	9.42401	3.04291	10.2824	15.9777	0	4.16826	3.11983	7.05091	
6.10154	9.72895	10.2665	4.05578	5.28004	1.695	6.71138	3.40635	7.61178	4.88242	4.11119	6.86022	6.40439	5.00951	2.47927	6.75591	2.48024	2.80835	9.73738	1.48434	4.25707	4.16826	0	3.63478	0.712835	
4.94463	6.74308	6.08754	3.00735	1.75632	3.90412	3.70161	6.14824	9.17106	7.32243	6.06073	7.72604	3.46548	11.8162	5.22116	3.25201	1.43181	4.22801	7.28148	3.69346	3.55584	3.11983	3.63478	0	2.92195	
2.53195	3.1796	10.0502	5.32144	4.67827	0.982169	6.77743	3.82376	1.62861	5.80545	1.67459	10.7449	6.38743	5.72234	2.06175	6.96	3.19307	2.83603	10.7962	0.771509	3.54424	7.05091	0.712835	2.92195	0	

0	10.2549	6.34208	3.62125	5.00588	1.33858	7.73828	2.0765	5.32007	6.53411	2.32516	8.74662	4.1329	4.47013	3.80723	5.58909	7.29651	5.94752	10.9442	7.5875	5.82063	7.1654	5.48045	5.92367	7.07992	
10.2549	0	9.30069	4.79133	7.44083	5.29308	14.7051	7.66825	3.57133	2.00742	8.33629	6.46176	5.28938	4.95215	3.60981	6.85726	4.43693	0.684142	11.5416	1.18673	5.0077	2.01618	2.19665	7.33516	4.07764	
6.34208	9.30069	0	6.56417	6.69764	5.96294	4.82349	7.10071	3.55883	8.22587	4.01692	4.06215	3.88182	4.28732	5.01271	7.28085	2.59012	11.6691	3.23606	4.13262	9.1047	3.30317	7.63645	2.09105	7.70466	
3.62125	4.79133	6.56417	0	5.59913	2.28266	7.00305	4.17893	3.00533	2.81258	4.22869	4.76372	3.56203	3.89926	4.45921	7.61845	5.80129	4.81716	6.24029	3.6046	5.24976	4.43405	3.30466	5.3528	3.53011	
5.00588	7.44083	6.69764	5.59913	0	4.62674	8.24271	5.83274	5.67564	4.05225	2.68072	2.29401	3.32427	8.11602	5.97979	2.4552	4.43674	5.46251	4.84531	4.87294	1.63654	7.40104	5.29021	4.93581	2.06902	
1.33858	5.29308	5.96294	2.28266	4.62674	0	8.69488	1.89626	4.94094	5.09524	1.94602	7.04638	5.47148	4.61237	3.627	5.20996	6.63849	4.60894	7.89475	5.19131	6.09247	7.78818	4.14186	6.74973	5.81277	
7.73828	14.7051	4.82349	7.00305	8.24271	8.69488	0	6.79861	7.67504	4.19047	8.39941	5.86855	5.68822	6.08983	6.11801	8.99633	4.39651	7.12834	5.04246	5.01116	7.44033	7.57987	6.43553	3.89744	6.96499	
2.0765	7.66825	7.10071	4.17893	5.83274	1.89626	6.79861	0	3.18461	3.65828	3.76783	4.85367	3.05333	2.71611	1.73073	5.24917	6.03507	6.5052	9.24154	4.15381	4.1962	3.70026	6.03813	5.09912	10.5695	
5.32007	3.57133	3.55883	3.00533	5.67564	4.94094	7.67504	3.18461	0	3.20529	2.99492	5.7487	5.56836	6.1606	1.45388	6.25885	4.27666	6.426	4.92261	2.3846	6.20558	3.21406	3.43405	3.77759	6.53544	
6.53411	2.00742	8.22587	2.81258	4.05225	5.09524	4.19047	3.65828	3.20529	0	4.20895	7.5763	4.40101	4.06378	1.92755	4.80587	4.0709	2.93787	3.42771	0.820691	4.64167	1.65014	1.87014	4.57273	6.12126	
2.32516	8.33629	4.01692	4.22869	2.68072	1.94602	8.39941	3.76783	2.99492	4.20895	0	11.8906	6.32989	6.48394	4.44879	3.26393	7.11746	6.55496	7.4925	5.02964	4.3169	7.32008	6.08789	6.10796	4.74974	
8.74662	6.46176	4.06215	4.76372	2.29401	7.04638	5.86855	4.85367	5.7487	7.5763	11.8906	0	2.3452	4.35412	15.8699	1.71044	2.47018	12.4102	3.11612	4.47845	0.657472	5.65353	8.06838	1.9711	7.58472	
4.1329	5.28938	3.88182	3.56203	3.32427	5.47148	5.68822	3.05333	5.56836	4.40101	6.32989	2.3452	0	0.337227	7.68521	2.7407	2.28984	5.30513	2.93579	4.84208	1.68773	1.32138	3.79263	1.79077	7.01383	
4.47013	4.95215	4.28732	3.89926	8.11602	4.61237	6.08983	2.71611	6.1606	4.06378	6.48394	4.35412	0.337227	0	4.44684	7.57526	2.88208	5.63629	3.52803	1.81361	2.02496	0.984157	4.12986	2.128	6.31618	
3.80723	3.60981	5.01271	4.45921	5.97979	3.627	6.11801	1.73073	1.45388	1.92755	4.44879	15.8699	7.68521	4.44684	0	6.73341	5.67329	4.86542	5.35526	2.42308	5.92693	3.25253	3.47253	5.23147	8.81284	
5.58909	6.85726	7.28085	7.61845	2.4552	5.20996	8.99633	5.24917	6.25885	4.80587	3.26393	1.71044	2.7407	7.57526	6.73341	0	6.89194	6.15499	4.22857	4.87394	1.05297	11.0529	4.64249	5.37358	4.52422	
7.29651	4.43693	2.59012	5.80129	4.43674	6.63849	4.39651	6.03507	4.27666	4.0709	7.11746	2.47018	2.28984	2.88208	5.67329	6.89194	0	4.00913	1.64409	3.2502	4.85134	4.07966	2.49663	0.499071	4.53443	
5.94752	0.684142	11.6691	4.81716	5.46251	4.60894	7.12834	6.5052	6.426	2.93787	6.55496	12.4102	5.30513	5.63629	4.86542	6.15499	4.00913	0	6.16979	1.87087	6.48843	7.4443	1.5125	9.00711	3.3935	
10.9442	11.5416	3.23606	6.24029	4.84531	7.89475	5.04246	9.24154	4.92261	3.42771	7.4925	3.11612	2.93579	3.52803	5.35526	4.22857	1.64409	6.16979	0	4.2484	5.28154	4.82744	5.99749	1.14502	2.77629	
7.5875	1.18673	4.13262	3.6046	4.87294	5.19131	5.01116	4.15381	2.3846	0.820691	5.02964	4.47845	4.84208	1.81361	2.42308	4.87394	3.2502	1.87087	4.2484	0	3.82097	0.829453	1.04945	3.74928	4.27065	
5.82063	5.0077	9.1047	5.24976	1.63654	6.09247	7.44033	4.1962	6.20558	4.64167	4.3169	0.657472	1.68773	2.02496	5.92693	1.05297	4.85134	6.48843	5.28154	3.82097	0	4.65043	4.87042	2.62858	3.70556	
7.1654	2.01618	3.30317	4.43405	7.40104	7.78818	7.57987	3.70026	3.21406	1.65014	7.32008	5.65353	1.32138	0.984157	3.25253	11.0529	4.07966	7.4443	4.82744	0.829453	4.65043	0	1.8789	3.36717	5.33202	
5.48045	2.19665	7.63645	3.30466	5.29021	4.14186	6.43553	6.03813	3.43405	1.87014	6.08789	8.06838	3.79263	4.12986	3.47253	4.64249	2.49663	1.5125	5.99749	1.04945	4.87042	1.8789	0	2.9957	3.2212	
5.92367	7.33516	2.09105	5.3528	4.93581	6.74973	3.89744	5.09912	3.77759	4.57273	6.10796	1.9711	1.79077	2.128	5.23147	5.37358	0.499071	9.00711	1.14502	3.74928	2.62858	3.36717	2.9957	0	3.92131	
7.07992	4.07764	7.70466	3.53011	2.06902	5.81277	6.96499	10.5695	6.53544	6.12126	4.74974	7.58472	7.01383	6.31618	8.81284	4.52422	4.53443	3.3935	2.77629	4.27065	3.70556	5.33202	3.2212	3.92131	0	

0	9.27109	5.80963	4.25875	15.1093	3.18293	6.71559	1.6364	3.5853	4.03295	1.75175	3.50973	1.81253	4.98353	2.82168	6.0841	4.43005	12.6138	5.49235	4.98695	8.45003	12.6587	4.13939	9.89774	6.39437	
9.27109	0	9.55406	4.93474	13.9249	8.01883	3.7383	9.08212	3.1469	7.13892	7.52516	3.9933	5.69051	2.82254	3.91052	7.30242	6.99996	10.4279	14.0858	6.05803	8.82389	15.9216	9.83014	7.90799	15.5201	
5.80963	9.55406	0	3.96897	10.3055	5.71977	6.99856	4.17323	6.40716	7.95532	6.87261	9.26205	6.72069	6.47626	7.17078	7.48908	4.9746	11.6846	4.16783	3.24077	9.42976	5.65167	6.19609	4.99924	5.37752	
4.25875	4.93474	3.96897	0	8.0558	3.19497	3.98218	5.89515	3.39078	4.08705	6.0105	0.941433	2.63864	3.9637	4.1544	4.97651	2.1761	8.35504	7.88479	0.7282	8.13958	3.13911	3.68352	3.08413	11.0638	
15.1093	13.9249	10.3055	8.0558	0	10.8706	9.886	7.13586	6.84368	2.77628	5.05747	5.9219	7.43535	11.4835	7.91413	2.68816	6.21433	6.50551	7.5521	6.93647	6.65924	9.19202	5.61253	5.3063	7.19088	
3.18293	8.01883	5.71977	3.19497	10.8706	0	8.05682	1.54653	7.82376	7.55073	4.24591	5.22136	3.63639	5.85803	6.55319	5.75488	1.01887	9.85492	5.40249	2.62254	4.83006	5.03344	5.39443	1.9269	11.6336	
6.71559	3.7383	6.99856	3.98218	9.886	8.05682	0	8.19444	0.5914	7.01426	10.8974	3.86864	5.56585	2.94658	1.35502	4.74692	8.07113	7.87243	5.34398	5.38375	3.22677	2.97285	6.39054	10.2769	10.2288	
1.6364	9.08212	4.17323	5.89515	7.13586	1.54653	8.19444	0	7.76059	4.98057	2.69937	4.24466	2.54745	9.43478	3.90047	4.4477	2.56541	14.2271	3.85595	4.16907	6.37659	6.22709	4.87432	6.10175	5.06564	
3.5853	3.1469	6.40716	3.39078	6.84368	7.82376	0.5914	7.76059	0	5.90147	1.96471	4.33222	2.39778	2.92546	0.763618	4.15552	5.56688	7.28103	10.1761	4.11898	3.81817	3.56425	7.07989	9.02977	12.7694	
4.03295	7.13892	7.95532	4.08705	2.77628	7.55073	7.01426	4.98057	5.90147	0	2.2812	3.14562	4.84282	7.29969	3.48229	5.46443	6.66203	3.72924	10.8872	4.9282	8.75409	7.3391	7.88352	8.08258	9.21762	
1.75175	7.52516	6.87261	6.0105	5.05747	4.24591	10.8974	2.69937	1.96471	2.2812	0	5.42681	2.83526	3.36294	1.20109	7.14707	6.90019	6.01043	6.55532	7.20939	8.69853	9.181	5.7633	7.80821	7.17986	
3.50973	3.9933	9.26205	0.941433	5.9219	5.22136	3.86864	4.24466	4.33222	3.14562	5.42681	0	1.6972	5.0183	3.33137	6.4444	3.11753	6.87485	8.94477	1.66963	7.09541	6.84149	4.02407	5.11052	6.27905	
1.81253	5.69051	6.72069	2.63864	7.43535	3.63639	5.56585	2.54745	2.39778	4.84282	2.83526	1.6972	0	3.79601	1.63417	4.74719	2.61752	10.0702	5.79153	4.35135	8.78047	5.74456	2.32687	3.52555	3.74342	
4.98353	2.82254	6.47626	3.9637	11.4835	5.85803	2.94658	9.43478	2.92546	7.29969	3.36294	5.0183	3.79601	0	2.16185	7.48381	4.96932	12.7219	11.5743	3.2355	6.17334	5.6464	6.19082	10.0058	16.9108	
2.82168	3.91052	7.17078	4.1544	7.91413	6.55319	1.35502	3.90047	0.763618	3.48229	1.20109	3.33137	1.63417	2.16185	0	4.91914	4.25169	8.04464	9.41243	5.39734	7.49744	11.7658	3.96103	6.70474	6.21601	
6.0841	7.30242	7.48908	4.97651	2.68816	5.75488	4.74692	4.4477	4.15552	5.46443	7.14707	6.4444	4.74719	7.48381	4.91914	0	4.73601	9.05813	7.30999	4.24831	4.03327	6.34206	2.92437	5.64404	4.34093	
4.43005	6.99996	4.9746	2.1761	6.21433	1.01887	8.07113	2.56541	5.56688	6.66203	6.90019	3.11753	2.61752	4.96932	4.25169	4.73601	0	10.5311	3.15383	1.73383	5.84893	4.14473	4.37556	0.908028	5.79211	
12.6138	10.4279	11.6846	8.35504	6.50551	9.85492	7.87243	14.2271	7.28103	3.72924	6.01043	6.87485	10.0702	12.7219	8.04464	9.05813	10.5311	0	6.69807	8.65743	5.02486	12.1225	6.90494	12.3706	5.48838	
5.49235	14.0858	4.16783	7.88479	7.5521	5.40249	5.34398	3.85595	10.1761	10.8872	6.55532	8.94477	5.79153	11.5743	9.41243	7.30999	3.15383	6.69807	0	4.78204	5.26193	2.37113	2.62625	2.2458	1.20969	
4.98695	6.05803	3.24077	0.7282	6.93647	2.62254	5.38375	4.16907	4.11898	4.9282	7.20939	1.66963	4.35135	3.2355	5.39734	4.24831	1.73383	8.65743	4.78204	0	7.41138	2.41091	2.95532	2.64186	4.37188	
8.45003	8.82389	9.42976	8.13958	6.65924	4.83006	3.22677	6.37659	3.81817	8.75409	8.69853	7.09541	8.78047	6.17334	7.49744	4.03327	5.84893	5.02486	5.26193	7.41138	0	6.19961	6.95765	7.50773	6.47163	
12.6587	15.9216	5.65167	3.13911	9.19202	5.03344	2.97285	6.22709	3.56425	7.3391	9.181	6.84149	5.74456	5.6464	11.7658	6.34206	4.14473	12.1225	2.37113	2.41091	6.19961	0	3.41769	4.61693	3.58083	
4.13939	9.83014	6.19609	3.68352	5.61253	5.39443	6.39054	4.87432	7.07989	7.88352	5.7633	4.02407	2.32687	6.19082	3.96103	2.92437	4.37556	6.90494	2.62625	2.95532	6.95765	3.41769	0	5.28358	1.41655	
9.89774	7.90799	4.99924	3.08413	5.3063	1.9269	10.2769	6.10175	9.02977	8.08258	7.80821	5.11052	3.52555	10.0058	6.70474	5.64404	0.908028	12.3706	2.2458	2.64186	7.50773	4.61693	5.28358	0	3.45549	
6.39437	15.5201	5.37752	11.0638	7.19088	11.6336	10.2288	5.06564	12.7694	9.21762	7.17986	6.27905	3.74342	16.9108	6.21601	4.34093	5.79211	5.48838	1.20969	4.37188	6.47163	3.58083	1.41655	3.45549	0	

0	7.18564	8.34389	3.81832	11.8439	1.62865	10.6913	2.6794	2.97125	5.56681	3.31487	6.66868	12.6326	4.40359	2.92604	11.9977	4.7886	2.42617	5.77051	8.52079	7.40925	3.55213	6.30461	4.47092	6.64286	
7.18564	0	11.2389	5.75428	9.33488	3.65801	3.37801	4.61535	5.56421	2.42464	6.2605	4.20428	4.51631	6.37827	2.36062	3.95971	4.88193	7.17628	8.21488	3.89283	5.87929	4.43933	5.13388	6.13557	4.17846	
8.34389	11.2389	0	16.0521	7.28868	6.71524	13.2442	7.19062	10.5012	13.5641	12.849	11.3953	8.37786	10.8501	4.78048	11.9956	8.55474	7.51275	6.79608	7.75438	11.0198	6.70346	6.74179	9.99712	2.96264	
3.81832	5.75428	16.0521	0	9.60362	5.67346	9.93325	1.13893	3.03244	8.2888	2.78408	5.65078	3.92275	13.1791	8.68105	7.87599	3.24814	4.87595	4.73846	4.54623	6.31933	9.75481	9.9412	8.83601	5.36691	
11.8439	9.33488	7.28868	9.60362	0	5.52519	7.47565	8.55402	11.6858	5.29045	12.037	5.62666	8.62986	7.73827	6.14388	3.75539	7.71319	4.58237	8.15949	7.99657	3.13899	6.99612	3.86022	7.14128	4.32604	
1.62865	3.65801	6.71524	5.67346	5.52519	0	7.16371	4.30805	4.50098	4.09845	4.94352	3.14104	9.02262	4.13485	1.29738	3.79756	6.44886	0.797514	10.9691	5.917	2.24089	5.18078	4.67596	6.27061	3.11522	
10.6913	3.37801	13.2442	9.93325	7.47565	7.16371	0	6.36084	8.35806	5.80266	10.4395	1.84899	15.0908	9.75628	3.69265	18.5084	3.93552	8.4397	12.3939	7.27084	14.4978	12.8324	13.5083	3.36361	7.68417	
2.6794	4.61535	7.19062	1.13893	8.55402	4.30805	6.36084	0	1.89351	5.90729	1.64515	4.19574	5.06168	5.96064	5.0971	8.45786	2.10921	6.01488	3.20563	3.09831	11.4951	5.78995	6.34335	2.5584	4.22798	
2.97125	5.56421	10.5012	3.03244	11.6858	4.50098	8.35806	1.89351	0	4.01378	2.34781	5.04725	8.37982	4.06713	3.20359	5.54884	4.00271	6.50218	5.49304	7.7349	7.46842	6.02846	10.3806	8.0237	5.02143	
5.56681	2.42464	13.5641	8.2888	5.29045	4.09845	5.80266	5.90729	4.01378	0	6.36159	4.64473	4.36604	8.08091	2.80107	1.53506	4.38079	4.53511	4.23307	4.98952	3.45464	2.01468	2.61576	2.93348	4.61891	
3.31487	6.2605	12.849	2.78408	12.037	4.94352	10.4395	1.64515	2.34781	6.36159	0	6.157	7.33435	6.41494	5.5514	9.65875	3.75435	7.30933	5.24468	6.71087	8.7527	6.86699	7.95191	8.95361	5.87313	
6.66868	4.20428	11.3953	5.65078	5.62666	3.14104	1.84899	4.19574	5.04725	4.64473	6.157	0	9.5435	10.5762	1.84366	7.75808	1.96382	6.59071	3.18296	3.07563	8.03408	2.43342	3.10927	1.51462	3.6615	
12.6326	4.51631	8.37786	3.92275	8.62986	9.02262	15.0908	5.06168	8.37982	4.36604	7.33435	9.5435	0	9.25633	7.16711	4.86466	1.61258	7.87451	12.3023	0.62348	7.46069	6.38073	1.86453	2.86622	6.12913	
4.40359	6.37827	10.8501	13.1791	7.73827	4.13485	9.75628	5.96064	4.06713	8.08091	6.41494	10.5762	9.25633	0	5.43223	8.64767	12.5223	4.93236	12.7827	9.87981	10.8773	7.95571	8.81081	11.4831	12.0643	
2.92604	2.36062	4.78048	8.68105	6.14388	1.29738	3.69265	5.0971	3.20359	2.80107	5.5514	1.84366	7.16711	5.43223	0	4.33613	3.93019	2.0949	5.65129	6.14058	6.25571	4.81575	5.59699	3.35828	1.81784	
11.9977	3.95971	11.9956	7.87599	3.75539	3.79756	18.5084	8.45786	5.54884	1.53506	9.65875	7.75808	4.86466	8.64767	4.33613	0	5.23028	3.00004	7.44508	2.32175	1.80193	3.54975	1.0807	2.67535	4.85985	
4.7886	4.88193	8.55474	3.24814	7.71319	6.44886	3.93552	2.10921	4.00271	4.38079	3.75435	1.96382	1.61258	12.5223	3.93019	5.23028	0	8.67724	1.09643	0.9891	4.95537	1.36799	2.04385	0.449199	4.92987	
2.42617	7.17628	7.51275	4.87595	4.58237	0.797514	8.4397	6.01488	6.50218	4.53511	7.30933	6.59071	7.87451	4.93236	2.0949	3.00004	8.67724	0	10.7672	7.24123	1.44337	5.3005	2.1646	8.10533	6.6335	
5.77051	8.21488	6.79608	4.73846	8.15949	10.9691	12.3939	3.20563	5.49304	4.23307	5.24468	3.18296	12.3023	12.7827	5.65129	7.44508	1.09643	10.7672	0	2.08553	6.07551	2.21839	5.33057	1.54563	3.83345	
8.52079	3.89283	7.75438	4.54623	7.99657	5.917	7.27084	3.09831	7.7349	4.98952	6.71087	3.07563	0.62348	9.87981	6.14058	2.32175	0.9891	7.24123	2.08553	0	1.96227	3.16154	1.24105	1.4383	5.0202	
7.40925	5.87929	11.0198	6.31933	3.13899	2.24089	14.4978	11.4951	7.46842	3.45464	8.7527	8.03408	7.46069	10.8773	6.25571	1.80193	4.95537	1.44337	6.07551	1.96227	0	3.85713	0.721225	2.31588	4.50037	
3.55213	4.43933	6.70346	9.75481	6.99612	5.18078	12.8324	5.78995	6.02846	2.01468	6.86699	2.43342	6.38073	7.95571	4.81575	3.54975	1.36799	5.3005	2.21839	3.16154	3.85713	0	2.51345	0.918795	3.74082	
6.30461	5.13388	6.74179	9.9412	3.86022	4.67596	13.5083	6.34335	10.3806	2.61576	7.95191	3.10927	1.86453	8.81081	5.59699	1.0807	2.04385	2.1646	5.33057	1.24105	0.721225	2.51345	0	1.59465	3.77915	
4.47092	6.13557	9.99712	8.83601	7.14128	6.27061	3.36361	2.5584	8.0237	2.93348	8.95361	1.51462	2.86622	11.4831	3.35828	2.67535	0.449199	8.10533	1.54563	1.4383	2.31588	0.918795	1.59465	0	4.65962	
6.64286	4.17846	2.96264	5.36691	4.32604	3.11522	7.68417	4.22798	5.02143	4.61891	5.87313	3.6615	6.12913	12.0643	1.81784	4.85985	4.92987	6.6335	3.83345	5.0202	4.50037	3.74082	3.77915	4.65962	0	

0	3.35635	8.72724	4.5277	14.2024	1.93918	6.8686	4.21703	1.30519	3.57486	1.04104	3.37138	6.6053	6.13172	3.23639	5.7357	7.44915	3.83754	10.8404	6.81034	5.09292	4.36035	5.10751	7.19532	9.81908	
3.35635	0	15.1904	8.41317	10.846	5.29553	3.60816	2.80133	4.66154	6.42389	4.39739	6.72773	7.24708	5.76637	6.59274	7.79544	14.2169	5.97865	18.1918	7.68576	15.1639	7.3806	8.46386	12.9231	13.1754	
8.72724	15.1904	0	9.2948	4.71254	4.2586	4.73073	16.6216	8.45519	5.52285	17.0968	5.35587	11.9451	8.27312	16.2245	13.2521	7.0823	2.36024	9.63602	9.00628	3.04541	5.70409	4.33467	5.18343	11.953	
4.5277	8.41317	9.2948	0	12.9398	2.58852	4.805	6.15158	5.93568	2.71996	7.32939	3.93893	1.89677	6.78105	8.27801	7.78554	6.75954	4.48688	13.4751	6.57926	6.92949	5.00969	8.42157	11.6908	12.4538	
14.2024	10.846	4.71254	12.9398	0	4.25066	4.72279	8.46857	8.44725	5.51491	10.708	9.32645	8.44555	8.26518	7.42527	4.92596	8.80795	2.3523	6.11357	8.61779	3.03747	5.69616	4.32674	4.79181	5.09224	
1.93918	5.29553	4.2586	2.58852	4.25066	0	4.26885	6.259	3.24437	5.06097	2.98022	5.31055	4.48529	4.19254	5.17557	8.23338	7.774	1.89836	9.17415	6.56142	2.58353	2.42117	3.8728	4.72156	11.7583	
6.8686	3.60816	4.73073	4.805	4.72279	4.26885	0	5.15191	7.76673	5.20131	8.77578	3.49722	6.70178	2.15821	4.64224	7.14155	14.3201	2.37049	9.64627	8.13335	3.05565	5.71434	4.34492	5.19368	16.1898	
4.21703	2.80133	16.6216	6.15158	8.46857	6.259	5.15191	0	2.91184	5.18151	3.82683	10.0905	5.19132	2.9937	6.03633	4.99411	9.0558	7.92312	10.4341	7.61511	5.85016	4.57927	7.29602	11.4411	10.491	
1.30519	4.66154	8.45519	5.93568	8.44725	3.24437	7.76673	2.91184	0	2.26967	0.914986	3.97376	3.09285	5.90554	3.12449	4.94894	6.14396	4.77806	13.3707	3.53154	4.09289	5.76834	6.28765	8.76886	10.3306	
3.57486	6.42389	5.52285	2.71996	5.51491	5.06097	5.20131	5.18151	2.26967	0	3.18465	1.70409	0.823187	7.70991	2.96061	5.45992	3.18585	3.16261	4.08091	1.26187	3.84777	6.50646	2.96471	5.08784	5.0556	
1.04104	4.39739	17.0968	7.32939	10.708	2.98022	8.77578	3.82683	0.914986	3.18465	0	4.41242	7.64634	8.79242	4.03948	4.90793	7.05894	4.73705	15.0214	11.9385	4.05188	7.16205	6.14855	11.3071	10.2896	
3.37138	6.72773	5.35587	3.93893	9.32645	5.31055	3.49722	10.0905	3.97376	1.70409	4.41242	0	2.52728	5.65543	4.6647	14.3784	7.95054	4.8667	8.84561	2.96596	10.8684	8.36583	5.72207	8.20328	9.8203	
6.6053	7.24708	11.9451	1.89677	8.44555	4.48529	6.70178	5.19132	3.09285	0.823187	7.64634	2.52728	0	8.18502	3.7838	8.85321	4.86277	3.98579	13.8809	2.08506	8.82626	7.48493	4.84117	7.32238	12.6356	
6.13172	5.76637	8.27312	6.78105	8.26518	4.19254	2.15821	2.9937	5.90554	7.70991	8.79242	5.65543	8.18502	0	6.80044	7.98781	11.1517	4.52869	13.1887	8.97178	6.59805	6.61371	7.88731	8.73607	14.3657	
3.23639	6.59274	16.2245	8.27801	7.42527	5.17557	4.64224	6.03633	3.12449	2.96061	4.03948	4.6647	3.7838	6.80044	0	2.49931	9.26845	6.12322	14.8148	4.22248	3.35536	8.77701	6.9786	9.45981	7.99623	
5.7357	7.79544	13.2521	7.78554	4.92596	8.23338	7.14155	4.99411	4.94894	5.45992	4.90793	14.3784	8.85321	7.98781	2.49931	0	6.1213	1.54121	6.51825	9.29065	0.856047	9.57338	11.6077	9.51737	5.49692	
7.44915	14.2169	7.0823	6.75954	8.80795	7.774	14.3201	9.0558	6.14396	3.18585	7.05894	7.95054	4.86277	11.1517	9.26845	6.1213	0	4.87118	4.74301	1.92397	5.26525	5.6135	2.89674	4.01613	5.7177	
3.83754	5.97865	2.36024	4.48688	2.3523	1.89836	2.37049	7.92312	4.77806	3.16261	4.73705	4.8667	3.98579	4.52869	6.12322	1.54121	4.87118	0	7.27578	3.67727	0.685168	3.34385	1.97443	2.82319	6.84364	
10.8404	18.1918	9.63602	13.4751	6.11357	9.17415	9.64627	10.4341	13.3707	4.08091	15.0214	8.84561	13.8809	13.1887	14.8148	6.51825	4.74301	7.27578	0	2.81904	7.25903	10.6196	4.52188	5.04178	1.02133	
6.81034	7.68576	9.00628	6.57926	8.61779	6.56142	8.13335	7.61511	3.53154	1.26187	11.9385	2.96596	2.08506	8.97178	4.22248	9.29065	1.92397	3.67727	2.81904	0	7.18923	4.41959	1.70284	3.79065	3.79373	
5.09292	15.1639	3.04541	6.92949	3.03747	2.58353	3.05565	5.85016	4.09289	3.84777	4.05188	10.8684	8.82626	6.59805	3.35536	0.856047	5.26525	0.685168	7.25903	7.18923	0	4.02902	2.6596	3.50836	6.2377	
4.36035	7.3806	5.70409	5.00969	5.69616	2.42117	5.71434	4.57927	5.76834	6.50646	7.16205	8.36583	7.48493	6.61371	8.77701	9.57338	5.6135	3.34385	10.6196	4.41959	4.02902	0	2.71675	4.80457	8.82757	
5.10751	8.46386	4.33467	8.42157	4.32674	3.8728	4.34492	7.29602	6.28765	2.96471	6.14855	5.72207	4.84117	7.88731	6.9786	11.6077	2.89674	1.97443	4.52188	1.70284	2.6596	2.71675	0	2.08782	5.49657	
7.19532	12.9231	5.18343	11.6908	4.79181	4.72156	5.19368	11.4411	8.76886	5.08784	11.3071	8.20328	7.32238	8.73607	9.45981	9.51737	4.01613	2.82319	5.04178	3.79065	3.50836	4.80457	2.08782	0	4.02045	
9.81908	13.1754	11.953	12.4538	5.09224	11.7583	16.1898	10.491	10.3306	5.0556	10.2896	9.8203	12.6356	14.3657	7.99623	5.49692	5.7177	6.84364	1.02133	3.79373	6.2377	8.82757	5.49657	4.02045	0	

0	8.67751	5.18369	5.22246	2.54667	3.06805	5.86388	3.01384	2.0208	6.50786	2.519	3.70414	4.99246	8.25706	4.87846	5.41569	8.28891	4.87322	11.2343	4.20369	5.1787	8.13239	5.78278	6.70394	4.10475	
8.67751	0	13.2399	6.77357	2.73769	10.3827	0.895082	5.66367	6.56824	7.10028	11.6859	7.86514	7.64228	1.04755	7.52828	7.23805	10.1347	7.48111	7.27717	6.36124	14.4533	3.83048	3.6234	6.38559	1.17961	
5.18369	13.2399	0	2.38217	3.56556	8.25174	14.3489	6.56285	7.20449	3.11417	5.08599	5.05075	3.8396	8.79213	7.65195	2.40887	3.10522	1.23902	11.7644	5.39395	5.65653	5.28925	6.16934	5.29589	7.54051	
5.22246	6.77357	2.38217	0	3.4697	5.63421	8.34943	2.55477	3.20166	0.723501	3.35536	1.74162	0.576155	5.72601	4.66039	2.31301	1.31053	1.14316	6.16127	4.1367	5.56067	4.032	5.25358	4.03864	6.54214	
2.54667	2.73769	3.56556	3.4697	0	5.61472	3.31721	5.56051	4.121	4.2017	5.84201	6.25081	6.46626	5.94063	8.73948	2.86901	4.22684	2.32655	7.65564	1.93811	2.63203	4.20895	3.23666	6.76406	1.55808	
