10
5
3
3
20

6	21
10	1
47	15
18	25
31	42

29	47
34	25
27	39
46	33
33	29
28	46
44	28
33	32
35	23
40	39

70

1.79769e+308
1.79769e+308
1.79769e+308
1.79769e+308
1.79769e+308

12
15
15
20
13
14
17
19
14
16

0
0
0
0
0

0

0	2.58324	13.6448	6.48782	5.47665	4.90935	7.95854	8.90339	9.05928	7.01152	4.55113	13.933	6.17936	9.7869	9.39487	
2.58324	0	11.4154	4.89631	9.97323	14.0437	5.3753	10.0211	7.46777	4.78209	7.13437	16.3814	6.14771	6.36294	7.80335	
13.6448	11.4154	0	13.1943	5.85633	5.91294	5.34664	5.34552	4.64073	6.63333	6.78184	1.74373	6.55735	4.359	5.07107	
6.48782	4.89631	13.1943	0	6.16952	5.80803	4.86268	2.46323	2.57146	2.99826	2.87963	5.46846	1.2514	4.26903	2.90705	
5.47665	9.97323	5.85633	6.16952	0	1.28373	4.59792	3.11664	6.88914	6.66497	0.925515	7.60005	2.55374	4.37953	5.03203	
4.90935	14.0437	5.91294	5.80803	1.28373	0	2.54158	4.71047	11.1485	4.32932	0.358214	6.22832	1.98644	1.55394	2.90098	
7.95854	5.3753	5.34664	4.86268	4.59792	2.54158	0	4.88698	2.29122	3.76302	5.30338	5.18821	3.67515	0.987641	10.1172	
8.90339	10.0211	5.34552	2.46323	3.11664	4.71047	4.88698	0	3.82182	2.95869	2.84006	5.24274	1.21183	4.22946	1.9154	
9.05928	7.46777	4.64073	2.57146	6.88914	11.1485	2.29122	3.82182	0	2.90596	4.23822	2.897	2.60999	3.27886	5.47851	
7.01152	4.78209	6.63333	2.99826	6.66497	4.32932	3.76302	2.95869	2.90596	0	3.37508	5.80295	1.74686	2.77538	7.15443	
4.55113	7.13437	6.78184	2.87963	0.925515	0.358214	5.30338	2.84006	4.23822	3.37508	0	8.6207	1.62823	1.91216	3.25919	
13.933	16.3814	1.74373	5.46846	7.60005	6.22832	5.18821	5.24274	2.897	5.80295	8.6207	0	5.50699	6.10273	3.32734	
6.17936	6.14771	6.55735	1.2514	2.55374	1.98644	3.67515	1.21183	2.60999	1.74686	1.62823	5.50699	0	3.01763	3.12723	
9.7869	6.36294	4.359	4.26903	4.37953	1.55394	0.987641	4.22946	3.27886	2.77538	1.91216	6.10273	3.01763	0	4.45492	
9.39487	7.80335	5.07107	2.90705	5.03203	2.90098	10.1172	1.9154	5.47851	7.15443	3.25919	3.32734	3.12723	4.45492	0	

0	10.4685	15.8193	8.63258	10.72	13.1523	10.6916	11.7146	8.71864	7.6817	11.0948	8.19089	11.4362	6.26359	8.56874	
10.4685	0	10.2997	6.5739	9.23477	6.80246	5.83783	8.66326	8.46379	5.62302	7.11759	7.42511	6.89834	4.20491	3.71182	
15.8193	10.2997	0	14.5856	5.09929	5.97569	4.46184	5.18421	11.4796	5.62041	6.29082	7.61731	6.68575	7.03852	9.16585	
8.63258	6.5739	14.5856	0	4.78924	1.4	6.79702	2.21794	3.27921	3.7871	1.08487	5.58919	3.90021	2.36899	6.02052	
10.72	9.23477	5.09929	4.78924	0	2.43231	8.99013	4.83744	4.93485	5.86951	2.74744	4.40709	6.93484	5.04986	6.21575	
13.1523	6.80246	5.97569	1.4	2.43231	0	7.83387	1.4482	2.50947	3.64053	0.31513	5.63743	4.70587	5.05864	6.68352	
10.6916	5.83783	4.46184	6.79702	8.99013	7.83387	0	9.64605	5.11079	4.19333	9.43963	4.58303	5.25867	4.42803	4.70401	
11.7146	8.66326	5.18421	2.21794	4.83744	1.4482	9.64605	0	3.32741	3.26049	1.13307	5.72236	2.19516	5.45101	4.95145	
8.71864	8.46379	11.4796	3.27921	4.93485	2.50947	5.11079	3.32741	0	2.52465	2.19434	0.527758	4.05496	3.74796	5.1663	
7.6817	5.62302	5.62041	3.7871	5.86951	3.64053	4.19333	3.26049	2.52465	0	3.95566	1.99689	1.06533	1.41811	3.84972	
11.0948	7.11759	6.29082	1.08487	2.74744	0.31513	9.43963	1.13307	2.19434	3.95566	0	2.7221	3.32823	3.45386	6.08452	
8.19089	7.42511	7.61731	5.58919	4.40709	5.63743	4.58303	5.72236	0.527758	1.99689	2.7221	0	3.06223	3.2202	5.39407	
11.4362	6.89834	6.68575	3.90021	6.93484	4.70587	5.25867	2.19516	4.05496	1.06533	3.32823	3.06223	0	2.48344	3.18652	
6.26359	4.20491	7.03852	2.36899	5.04986	5.05864	4.42803	5.45101	3.74796	1.41811	3.45386	3.2202	2.48344	0	5.26783	
8.56874	3.71182	9.16585	6.02052	6.21575	6.68352	4.70401	4.95145	5.1663	3.84972	6.08452	5.39407	3.18652	5.26783	0	

0	10.4693	12.231	6.76231	7.67589	6.96585	6.1465	4.27358	7.18673	8.59759	5.69767	10.4192	8.60857	10.3201	8.54569	
10.4693	0	10.3896	5.427	9.83088	8.34244	8.06863	6.19571	9.10885	7.95221	7.32771	11.1583	9.22249	9.01265	10.4678	
12.231	10.3896	0	8.18059	4.85179	5.26515	2.95578	12.2732	3.11528	1.94142	5.99811	2.10848	2.24235	0.880972	1.99433	
6.76231	5.427	8.18059	0	4.00296	2.63368	3.95414	3.3248	10.3379	6.29829	1.90071	9.10781	3.66887	6.02894	5.14745	
7.67589	9.83088	4.85179	4.00296	0	2.83522	5.50809	3.52634	5.75641	5.31729	2.10225	2.74331	3.87041	5.30857	7.75746	
6.96585	8.34244	5.26515	2.63368	2.83522	0	4.31046	2.15705	9.17011	5.55407	0.732967	6.19237	2.50113	4.23051	3.11715	
6.1465	8.06863	2.95578	3.95414	5.50809	4.31046	0	1.87292	4.30911	2.34415	3.29701	4.64007	3.43618	2.0748	1.19331	
4.27358	6.19571	12.2732	3.3248	3.52634	2.15705	1.87292	0	2.91314	4.21707	1.42409	5.92624	3.19224	3.94772	3.06623	
7.18673	9.10885	3.11528	10.3379	5.75641	9.17011	4.30911	2.91314	0	3.29475	4.33723	3.0131	3.59568	2.2343	3.34766	
8.59759	7.95221	1.94142	6.29829	5.31729	5.55407	2.34415	4.21707	3.29475	0	3.03844	3.20609	1.27028	1.06045	2.1738	
5.69767	7.32771	5.99811	1.90071	2.10225	0.732967	3.29701	1.42409	4.33723	3.03844	0	4.84556	1.76816	3.12954	3.85012	
10.4192	11.1583	2.10848	9.10781	2.74331	6.19237	4.64007	5.92624	3.0131	3.20609	4.84556	0	3.92664	2.56526	3.67862	
8.60857	9.22249	2.24235	3.66887	3.87041	2.50113	3.43618	3.19224	3.59568	1.27028	1.76816	3.92664	0	1.36138	2.47473	
10.3201	9.01265	0.880972	6.02894	5.30857	4.23051	2.0748	3.94772	2.2343	1.06045	3.12954	2.56526	1.36138	0	1.11336	
8.54569	10.4678	1.99433	5.14745	7.75746	3.11715	1.19331	3.06623	3.34766	2.1738	3.85012	3.67862	2.47473	1.11336	0	

0	5.7379	4.24972	4.03081	9.85019	5.79333	6.18744	7.99314	11.5322	8.91995	8.89654	6.65034	6.5166	6.79477	8.18207	
5.7379	0	1.48817	13.2562	10.4094	15.3978	3.42588	9.59999	8.77061	10.0351	11.3631	3.88879	8.95988	4.03321	5.42051	
4.24972	1.48817	0	4.57322	5.8376	13.6268	1.93771	5.00594	2.49195	3.54947	6.94857	2.40062	5.9939	2.39067	3.93234	
4.03081	13.2562	4.57322	0	10.7702	1.76252	2.63551	5.05648	3.18974	4.24726	5.49199	11.6557	6.53303	3.08847	5.70248	
9.85019	10.4094	5.8376	10.7702	0	4.68312	7.19298	4.35191	5.05969	5.58122	0.953646	3.43698	7.19022	10.9242	5.82955	
5.79333	15.3978	13.6268	1.76252	4.68312	0	4.39803	5.51498	7.61012	3.26167	3.72947	5.59528	5.66502	11.4848	11.9652	
6.18744	3.42588	1.93771	2.63551	7.19298	4.39803	0	3.06823	0.554233	1.61175	6.4665	2.17694	4.01511	0.452961	3.06697	
7.99314	9.59999	5.00594	5.05648	4.35191	5.51498	3.06823	0	3.62246	3.8799	3.39827	5.58595	1.47654	3.52119	5.01246	
11.5322	8.77061	2.49195	3.18974	5.05969	7.61012	0.554233	3.62246	0	2.16599	6.17066	1.62271	4.61042	1.00719	3.6212	
8.91995	10.0351	3.54947	4.24726	5.58122	3.26167	1.61175	3.8799	2.16599	0	6.53487	2.33361	2.40335	2.06471	4.67872	
8.89654	11.3631	6.94857	5.49199	0.953646	3.72947	6.4665	3.39827	6.17066	6.53487	0	4.39063	4.87481	8.07115	6.94051	
6.65034	3.88879	2.40062	11.6557	3.43698	5.59528	2.17694	5.58595	1.62271	2.33361	4.39063	0	4.10941	4.94566	2.39256	
6.5166	8.95988	5.9939	6.53303	7.19022	5.66502	4.01511	1.47654	4.61042	2.40335	4.87481	4.10941	0	4.50915	3.53591	
6.79477	4.03321	2.39067	3.08847	10.9242	11.4848	0.452961	3.52119	1.00719	2.06471	8.07115	4.94566	4.50915	0	3.51993	
8.18207	5.42051	3.93234	5.70248	5.82955	11.9652	3.06697	5.01246	3.6212	4.67872	6.94051	2.39256	3.53591	3.51993	0	

0	4.79303	17.1591	5.56353	8.16383	5.26857	10.0808	9.09335	12.2551	13.064	7.04682	10.508	7.26841	9.07921	21.1021	
4.79303	0	12.6353	6.61236	8.89315	7.92391	9.5707	7.56442	15.0362	11.2702	6.14566	10.2556	15.7388	10.1609	22.1509	
17.1591	12.6353	0	9.05175	12.9901	5.68557	4.91448	7.2566	5.02903	10.3081	13.6687	5.53382	3.68573	2.47442	6.76324	
5.56353	6.61236	9.05175	0	4.27058	3.30133	6.74467	2.94184	11.4526	7.50051	1.52308	5.63299	12.1553	6.57732	13.8111	
8.16383	8.89315	12.9901	4.27058	0	2.89526	7.70745	2.19288	5.87878	6.59476	2.7475	6.85742	4.8951	6.70591	7.90992	
5.26857	7.92391	5.68557	3.30133	2.89526	0	4.81219	3.19702	5.15157	6.51171	1.77825	3.84793	1.99984	3.81065	5.07735	
10.0808	9.5707	4.91448	6.74467	7.70745	4.81219	0	8.00598	7.31537	1.69952	6.59044	7.21141	6.81203	2.44006	8.01013	
9.09335	7.56442	7.2566	2.94184	2.19288	3.19702	8.00598	0	3.68591	8.78764	1.41876	5.41896	3.57087	7.63543	5.71704	
12.2551	15.0362	5.02903	11.4526	5.87878	5.15157	7.31537	3.68591	0	5.73689	5.10467	4.99982	3.15173	4.87531	3.44676	
13.064	11.2702	10.3081	7.50051	6.59476	6.51171	1.69952	8.78764	5.73689	0	7.95268	7.63134	8.76379	4.13958	6.31062	
7.04682	6.14566	13.6687	1.52308	2.7475	1.77825	6.59044	1.41876	5.10467	7.95268	0	4.10992	3.77809	5.5889	7.13581	
10.508	10.2556	5.53382	5.63299	6.85742	3.84793	7.21141	5.41896	4.99982	7.63134	4.10992	0	1.84809	7.42605	4.9256	
7.26841	15.7388	3.68573	12.1553	4.8951	1.99984	6.81203	3.57087	3.15173	8.76379	3.77809	1.84809	0	5.57796	3.07751	
9.07921	10.1609	2.47442	6.57732	6.70591	3.81065	2.44006	7.63543	4.87531	4.13958	5.5889	7.42605	5.57796	0	8.32208	
21.1021	22.1509	6.76324	13.8111	7.90992	5.07735	8.01013	5.71704	3.44676	6.31062	7.13581	4.9256	3.07751	8.32208	0	

0	21.4225	17.0887	14.3786	8.27731	9.24162	15.4993	10.025	14.7874	13.2282	10.8347	13.178	9.05619	9.87092	12.9001	
21.4225	0	7.89199	8.12841	5.61893	4.40691	5.53387	3.87126	15.0377	9.54167	8.58533	6.10726	5.37745	10.5367	9.74948	
17.0887	7.89199	0	9.35872	5.58095	8.00682	3.98878	6.30827	5.20275	8.57241	7.49009	4.40329	4.80208	6.2029	5.41564	
14.3786	8.12841	9.35872	0	6.00483	4.79281	5.73404	4.25716	5.7549	1.15041	8.04225	4.95544	5.76335	4.98649	7.5956	
8.27731	5.61893	5.58095	6.00483	0	0.964309	5.8586	1.49997	7.13402	6.40838	1.76243	3.98367	0.77887	2.17969	1.39243	
9.24162	4.40691	8.00682	4.79281	0.964309	0	8.18631	0.535657	5.66385	6.20607	0.798118	2.77166	1.74318	2.597	3.8183	
15.4993	5.53387	3.98878	5.73404	5.8586	8.18631	0	6.58592	10.0505	4.58363	9.77937	8.39207	5.07973	6.48055	5.69328	
10.025	3.87126	6.30827	4.25716	1.49997	0.535657	6.58592	0	3.03546	5.40756	1.33377	2.236	1.50619	2.90701	2.11975	
14.7874	15.0377	5.20275	5.7549	7.13402	5.66385	10.0505	3.03546	0	6.05062	3.88627	0.799463	4.51754	4.10653	3.54106	
13.2282	9.54167	8.57241	1.15041	6.40838	6.20607	4.58363	5.40756	6.05062	0	8.96575	6.10585	5.23691	3.83608	6.44519	
10.8347	8.58533	7.49009	8.04225	1.76243	0.798118	9.77937	1.33377	3.88627	8.96575	0	3.08681	3.33624	3.39512	5.82841	
13.178	6.10726	4.40329	4.95544	3.98367	2.77166	8.39207	2.236	0.799463	6.10585	3.08681	0	3.35516	3.30707	2.7416	
9.05619	5.37745	4.80208	5.76335	0.77887	1.74318	5.07973	1.50619	4.51754	5.23691	3.33624	3.35516	0	1.40082	0.613557	
9.87092	10.5367	6.2029	4.98649	2.17969	2.597	6.48055	2.90701	4.10653	3.83608	3.39512	3.30707	1.40082	0	2.01438	
12.9001	9.74948	5.41564	7.5956	1.39243	3.8183	5.69328	2.11975	3.54106	6.44519	5.82841	2.7416	0.613557	2.01438	0	

0	18.5822	14.5443	7.82525	15.668	13.8672	8.86757	14.2076	21.3486	9.37574	13.6246	11.7007	17.062	6.44212	18.2648	
18.5822	0	15.0129	11.0415	7.42545	22.829	6.61836	6.22464	3.79598	8.79801	14.3367	5.25778	14.5259	10.5164	9.48553	
14.5443	15.0129	0	9.48531	3.79097	2.83095	10.5276	5.2542	11.2169	7.29116	2.22253	13.3608	6.04066	8.10218	7.24347	
7.82525	11.0415	9.48531	0	1.89708	2.41604	3.80858	6.65962	5.52656	4.25776	3.46552	5.78368	5.50827	1.38313	2.66826	
15.668	7.42545	3.79097	1.89708	0	0.518955	4.69401	4.24707	3.62947	3.65131	1.12737	4.07067	1.97399	3.28022	0.77118	
13.8672	22.829	2.83095	2.41604	0.518955	0	5.21296	3.64008	4.14843	6.68989	0.608412	4.58963	5.01257	7.42512	1.29013	
8.86757	6.61836	10.5276	3.80858	4.69401	5.21296	0	2.32743	4.27144	4.86633	6.26244	1.36057	5.5234	2.42545	4.32059	
14.2076	6.22464	5.2542	6.65962	4.24707	3.64008	2.32743	0	3.87772	6.35603	3.03167	0.966855	4.67871	6.22543	3.47589	
21.3486	3.79598	11.2169	5.52656	3.62947	4.14843	4.27144	3.87772	0	5.00203	5.19791	2.91087	6.25254	7.25456	4.40065	
9.37574	8.79801	7.29116	4.25776	3.65131	6.68989	4.86633	6.35603	5.00203	0	8.47842	6.2269	1.25051	2.93362	2.45332	
13.6246	14.3367	2.22253	3.46552	1.12737	0.608412	6.26244	3.03167	5.19791	8.47842	0	3.99852	7.48873	7.18246	2.33962	
11.7007	5.25778	13.3608	5.78368	4.07067	4.58963	1.36057	0.966855	2.91087	6.2269	3.99852	0	7.10959	3.78602	4.44275	
17.062	14.5259	6.04066	5.50827	1.97399	5.01257	5.5234	4.67871	6.25254	1.25051	7.48873	7.10959	0	4.18413	1.20281	
6.44212	10.5164	8.10218	1.38313	3.28022	7.42512	2.42545	6.22543	7.25456	2.93362	7.18246	3.78602	4.18413	0	5.81376	
18.2648	9.48553	7.24347	2.66826	0.77118	1.29013	4.32059	3.47589	4.40065	2.45332	2.33962	4.44275	1.20281	5.81376	0	

0	10.2596	16.6222	2.92823	10.1022	9.48273	7.70777	10.9646	9.33542	5.08203	8.16021	11.6477	7.01828	15.904	12.0898	
10.2596	0	6.36262	8.93865	5.37779	5.19438	7.97575	10.6369	15.9475	7.52857	3.70668	6.75727	10.1341	8.35888	10.5953	
16.6222	6.36262	0	10.3156	8.99427	3.76113	6.91403	5.52899	8.92883	6.46685	5.24884	5.69555	5.2357	7.29716	8.14356	
2.92823	8.93865	10.3156	0	6.90309	5.56462	4.74056	7.73258	8.24944	2.1538	5.23198	2.92509	4.09005	4.49797	5.80671	
10.1022	5.37779	8.99427	6.90309	0	3.15882	4.00021	4.27059	3.19777	6.13035	1.67112	5.21869	4.65072	8.32708	3.10302	
9.48273	5.19438	3.76113	5.56462	3.15882	0	2.12508	1.76785	5.1677	5.38418	1.48771	4.85142	1.47457	1.88249	3.19123	
7.70777	7.97575	6.91403	4.74056	4.00021	2.12508	0	8.2708	3.4699	1.98977	5.67133	1.21848	0.650509	1.05843	2.36717	
10.9646	10.6369	5.52899	7.73258	4.27059	1.76785	8.2708	0	5.8812	5.57879	3.25556	6.35008	3.24242	8.37708	7.37361	
9.33542	15.9475	8.92883	8.24944	3.19777	5.1677	3.4699	5.8812	0	6.82004	4.86888	4.68838	4.12041	10.7478	2.75435	
5.08203	7.52857	6.46685	2.1538	6.13035	5.38418	1.98977	5.57879	6.82004	0	7.38578	0.771296	3.3384	2.3729	4.0657	
8.16021	3.70668	5.24884	5.23198	1.67112	1.48771	5.67133	3.25556	4.86888	7.38578	0	8.39659	2.96227	8.09693	4.77414	
11.6477	6.75727	5.69555	2.92509	5.21869	4.85142	1.21848	6.35008	4.68838	0.771296	8.39659	0	1.86899	1.60161	3.83798	
7.01828	10.1341	5.2357	4.09005	4.65072	1.47457	0.650509	3.24242	4.12041	3.3384	2.96227	1.86899	0	0.40792	1.71666	
15.904	8.35888	7.29716	4.49797	8.32708	1.88249	1.05843	8.37708	10.7478	2.3729	8.09693	1.60161	0.40792	0	2.12458	
12.0898	10.5953	8.14356	5.80671	3.10302	3.19123	2.36717	7.37361	2.75435	4.0657	4.77414	3.83798	1.71666	2.12458	0	

0	12.3934	7.35661	10.6136	11.298	10.1822	4.38026	11.0038	7.93002	4.88047	13.6144	6.82223	8.91907	5.74541	6.09808	
12.3934	0	9.85273	9.22044	3.32694	2.21116	12.8291	3.03277	6.31509	9.25686	5.64333	15.6189	7.28195	5.57273	13.3548	
7.35661	9.85273	0	5.65802	7.62916	6.21288	2.97636	4.15211	2.17733	3.47656	11.6491	4.50074	3.94461	2.85131	3.78035	
10.6136	9.22044	5.65802	0	4.95037	2.31924	3.766	1.49763	7.31235	3.26579	4.0475	6.13178	3.91887	2.8067	1.8694	
11.298	3.32694	7.62916	4.95037	0	1.11578	5.56663	1.93739	5.21971	8.16148	4.54795	13.25	6.18657	4.47735	3.8245	
10.1822	2.21116	6.21288	2.31924	1.11578	0	4.72672	0.821606	4.10393	7.0457	3.37147	6.42734	4.47374	3.36157	1.19337	
4.38026	12.8291	2.97636	3.766	5.56663	4.72672	0	2.08958	3.54976	0.500206	8.21133	2.44197	2.47732	1.36515	1.71782	
11.0038	3.03277	4.15211	1.49763	1.93739	0.821606	2.08958	0	4.92553	4.76343	2.54987	8.43284	4.27985	2.38475	0.371764	
7.93002	6.31509	2.17733	7.31235	5.21971	4.10393	3.54976	4.92553	0	4.04996	7.5361	2.32342	1.76728	2.87946	5.26758	
4.88047	9.25686	3.47656	3.26579	8.16148	7.0457	0.500206	4.76343	4.04996	0	7.39183	2.86598	2.30186	1.86536	2.21803	
13.6144	5.64333	11.6491	4.0475	4.54795	3.37147	8.21133	2.54987	7.5361	7.39183	0	5.88298	6.82972	6.79374	2.92163	
6.82223	15.6189	4.50074	6.13178	13.25	6.42734	2.44197	8.43284	2.32342	2.86598	5.88298	0	4.0907	3.80712	4.15979	
8.91907	7.28195	3.94461	3.91887	6.18657	4.47374	2.47732	4.27985	1.76728	2.30186	6.82972	4.0907	0	1.11217	3.12516	
5.74541	5.57273	2.85131	2.8067	4.47735	3.36157	1.36515	2.38475	2.87946	1.86536	6.79374	3.80712	1.11217	0	2.01299	
6.09808	13.3548	3.78035	1.8694	3.8245	1.19337	1.71782	0.371764	5.26758	2.21803	2.92163	4.15979	3.12516	2.01299	0	

0	5.30671	21.3272	5.19681	12.1112	9.22165	8.93669	8.00789	12.1108	15.3305	7.19261	16.6544	16.9282	12.152	10.0262	
5.30671	0	7.67248	10.5035	19.6129	15.7515	6.5236	20.0594	12.1509	7.11854	8.26767	12.394	11.6215	8.41683	10.0115	
21.3272	7.67248	0	13.456	3.59239	5.78167	1.14888	6.74032	8.27111	1.74382	2.89295	7.01925	7.94128	3.04211	4.6368	
5.19681	10.5035	13.456	0	5.95901	5.92311	5.63815	2.81108	8.81223	7.82833	3.89407	11.4576	11.2489	8.85346	10.7023	
12.1112	19.6129	3.59239	5.95901	0	2.18928	2.23397	3.14793	7.53941	1.63903	4.21831	7.5312	4.24158	2.3305	2.08493	
9.22165	15.7515	5.78167	5.92311	2.18928	0	3.77311	3.41398	6.9472	3.82831	2.02904	7.79858	4.12997	6.17734	3.32524	
8.93669	6.5236	1.14888	5.63815	2.23397	3.77311	0	3.12902	6.66224	0.594943	1.74408	4.22643	3.19749	1.28641	3.48792	
8.00789	20.0594	6.74032	2.81108	3.14793	3.41398	3.12902	0	6.30311	4.78696	1.38495	10.6791	7.6198	5.70872	5.23286	
12.1108	12.1509	8.27111	8.81223	7.53941	6.9472	6.66224	6.30311	0	7.71718	4.91816	0.980949	4.64956	3.31414	5.45448	
15.3305	7.11854	1.74382	7.82833	1.63903	3.82831	0.594943	4.78696	7.71718	0	2.33902	3.02466	2.60255	0.691468	3.54356	
7.19261	8.26767	2.89295	3.89407	4.21831	2.02904	1.74408	1.38495	4.91816	2.33902	0	5.89911	6.159	3.63731	5.232	
16.6544	12.394	7.01925	11.4576	7.5312	7.79858	4.22643	10.6791	0.980949	3.02466	5.89911	0	3.66862	2.33319	5.18529	
16.9282	11.6215	7.94128	11.2489	4.24158	4.12997	3.19749	7.6198	4.64956	2.60255	6.159	3.66862	0	3.29402	7.45521	
12.152	8.41683	3.04211	8.85346	2.3305	6.17734	1.28641	5.70872	3.31414	0.691468	3.63731	2.33319	3.29402	0	2.8521	
10.0262	10.0115	4.6368	10.7023	2.08493	3.32524	3.48792	5.23286	5.45448	3.54356	5.232	5.18529	7.45521	2.8521	0	

0	33.4177	7.96307	2.7864	6.85286	2.2928	9.27994	8.38894	8.81758	4.46433	1.83692	9.22736	3.74287	8.81429	9.02333	
33.4177	0	24.9145	29.562	8.26749	12.882	5.84041	21.721	9.05197	9.37169	18.5003	13.029	25.8099	6.60819	22.1254	
7.96307	24.9145	0	10.7495	14.8159	7.18643	4.46477	12.2761	7.36894	5.72087	9.79999	10.6419	9.17206	3.69698	4.6048	
2.7864	29.562	10.7495	0	9.63926	7.03164	12.9574	10.0365	13.2096	9.20318	4.62332	9.2366	6.52927	13.3569	12.4491	
6.85286	8.26749	14.8159	9.63926	0	6.36756	2.42708	2.9822	5.63864	5.95836	6.82344	5.82839	9.60989	3.19486	9.8389	
2.2928	12.882	7.18643	7.03164	6.36756	0	4.25724	7.0079	3.49274	3.0833	0.45588	10.187	8.96452	3.48945	3.6985	
9.27994	5.84041	4.46477	12.9574	2.42708	4.25724	0	5.40928	3.21156	2.79167	6.1587	7.18859	6.24286	0.767785	1.6756	
8.38894	21.721	12.2761	10.0365	2.9822	7.0079	5.40928	0	13.2653	9.17944	6.55202	2.96832	6.62769	8.57907	9.48688	
8.81758	9.05197	7.36894	13.2096	5.63864	3.49274	3.21156	13.2653	0	1.86544	3.94862	10.0208	8.1817	1.66833	0.760518	
4.46433	9.37169	5.72087	9.20318	5.95836	3.0833	2.79167	9.17944	1.86544	0	2.62742	8.15533	6.52179	2.02389	2.62596	
1.83692	18.5003	9.79999	4.62332	6.82344	0.45588	6.1587	6.55202	3.94862	2.62742	0	9.52034	5.57978	3.94533	4.15438	
9.22736	13.029	10.6419	9.2366	5.82839	10.187	7.18859	2.96832	10.0208	8.15533	9.52034	0	5.48449	6.94488	7.85269	
3.74287	25.8099	9.17206	6.52927	9.60989	8.96452	6.24286	6.62769	8.1817	6.52179	5.57978	5.48449	0	5.47507	6.38289	
8.81429	6.60819	3.69698	13.3569	3.19486	3.48945	0.767785	8.57907	1.66833	2.02389	3.94533	6.94488	5.47507	0	0.907812	
9.02333	22.1254	4.6048	12.4491	9.8389	3.6985	1.6756	9.48688	0.760518	2.62596	4.15438	7.85269	6.38289	0.907812	0	

0	1.40739	4.94211	0.569828	7.74407	9.35517	1.83862	6.72611	7.44668	6.10029	7.26893	4.20662	3.42684	2.16019	5.83311	
1.40739	0	10.4205	0.837561	14.6314	11.0315	8.05263	6.99384	7.71441	8.30424	11.2474	10.2266	6.46441	8.97171	7.18231	
4.94211	10.4205	0	5.51194	4.21088	8.19229	3.11606	4.64647	4.69008	3.39359	2.9452	3.04373	6.24715	2.79449	7.81742	
0.569828	0.837561	5.51194	0	7.35605	6.54721	2.40844	6.15628	6.87685	9.54033	9.94162	4.77644	7.30197	8.00827	6.34475	
7.74407	14.6314	4.21088	7.35605	0	4.24405	7.81866	5.50214	0.479202	3.59045	7.15608	4.73116	2.81354	3.84999	1.19947	
9.35517	11.0315	8.19229	6.54721	4.24405	0	5.08954	0.390928	1.81531	3.77498	6.99314	3.37286	5.31986	2.24292	1.09504	
1.83862	8.05263	3.11606	2.40844	7.81866	5.08954	0	2.17356	3.69236	0.920678	5.43031	5.35036	1.58822	0.321574	3.9945	
6.72611	6.99384	4.64647	6.15628	5.50214	0.390928	2.17356	0	4.15577	2.45109	6.60221	2.98193	5.22388	1.85199	1.48597	
7.44668	7.71441	4.69008	6.87685	0.479202	1.81531	3.69236	4.15577	0	3.11125	7.77686	4.25195	2.33434	3.37079	0.720269	
6.10029	8.30424	3.39359	9.54033	3.59045	3.77498	0.920678	2.45109	3.11125	0	9.69199	5.60197	1.83983	0.599104	3.83152	
7.26893	11.2474	2.9452	9.94162	7.15608	6.99314	5.43031	6.60221	7.77686	9.69199	0	4.06847	7.01853	5.73969	7.05659	
4.20662	10.2266	3.04373	4.77644	4.73116	3.37286	5.35036	2.98193	4.25195	5.60197	4.06847	0	3.76214	4.83392	4.97222	
3.42684	6.46441	6.24715	7.30197	2.81354	5.31986	1.58822	5.22388	2.33434	1.83983	7.01853	3.76214	0	1.9098	3.05461	
2.16019	8.97171	2.79449	8.00827	3.84999	2.24292	0.321574	1.85199	3.37079	0.599104	5.73969	4.83392	1.9098	0	4.09106	
5.83311	7.18231	7.81742	6.34475	1.19947	1.09504	3.9945	1.48597	0.720269	3.83152	7.05659	4.97222	3.05461	4.09106	0	

0	8.37042	8.4435	2.73258	4.4386	6.05989	3.3556	7.57612	5.25165	8.08348	5.4206	2.49318	6.80784	7.4223	5.70647	
8.37042	0	4.2428	12.6505	11.4966	9.87537	6.73966	11.4014	8.63571	11.9731	9.69887	5.87724	11.5626	10.8064	9.32628	
8.4435	4.2428	0	8.05738	6.43807	6.06984	6.81274	6.7685	7.33453	6.20188	5.45608	5.95032	8.01726	8.18293	5.08348	
2.73258	12.6505	8.05738	0	4.20175	3.83352	6.37327	4.65891	5.22494	4.09229	3.21976	5.22576	9.19975	6.07335	2.97389	
4.4386	11.4966	6.43807	4.20175	0	1.59576	4.13552	3.13751	4.2732	2.77971	0.981996	6.93179	2.36923	6.23255	3.1331	
6.05989	9.87537	6.06984	3.83352	1.59576	0	3.1475	1.52606	5.89448	5.26616	0.613764	4.00992	3.82708	6.45219	3.21107	
3.3556	6.73966	6.81274	6.37327	4.13552	3.1475	0	4.67356	3.62088	6.1257	3.15352	0.862418	5.71522	3.30469	6.40414	
7.57612	11.4014	6.7685	4.65891	3.13751	1.52606	4.67356	0	3.93606	2.71149	2.13983	10.6502	2.30102	4.78447	1.68501	
5.25165	8.63571	7.33453	5.22494	4.2732	5.89448	3.62088	3.93606	0	3.36945	5.2552	2.75847	6.64243	5.3505	2.25105	
8.08348	11.9731	6.20188	4.09229	2.77971	5.26616	6.1257	2.71149	3.36945	0	4.62687	6.85177	0.410475	3.97488	1.1184	
5.4206	9.69887	5.45608	3.21976	0.981996	0.613764	3.15352	2.13983	5.2552	4.62687	0	4.01594	3.35123	6.45821	4.11509	
2.49318	5.87724	5.95032	5.22576	6.93179	4.00992	0.862418	10.6502	2.75847	6.85177	4.01594	0	6.57764	4.16711	5.00951	
6.80784	11.5626	8.01726	9.19975	2.36923	3.82708	5.71522	2.30102	6.64243	0.410475	3.35123	6.57764	0	4.38535	1.52887	
7.4223	10.8064	8.18293	6.07335	6.23255	6.45219	3.30469	4.78447	5.3505	3.97488	6.45821	4.16711	4.38535	0	3.09945	
5.70647	9.32628	5.08348	2.97389	3.1331	3.21107	6.40414	1.68501	2.25105	1.1184	4.11509	5.00951	1.52887	3.09945	0	

0	18.7451	3.038	8.80447	6.76054	5.58602	7.98433	1.58683	9.78189	3.372	3.45361	9.03164	4.99014	9.57586	4.16364	
18.7451	0	8.94687	2.00349	14.0046	17.4239	10.8348	10.398	13.6492	3.37759	8.40553	11.4368	10.1875	5.44896	16.5802	
3.038	8.94687	0	7.95634	6.62487	7.77695	1.88794	1.45116	5.04465	3.23633	4.3806	3.41574	4.85447	6.40699	5.70863	
8.80447	2.00349	7.95634	0	11.3993	7.85009	2.98413	3.15926	11.0622	1.37409	6.40204	2.97536	1.94969	3.44546	9.60865	
6.76054	14.0046	6.62487	11.3993	0	4.40527	5.42948	5.17371	2.13755	3.79094	6.53769	3.76646	3.21534	6.35519	7.7558	
5.58602	17.4239	7.77695	7.85009	4.40527	0	5.66398	5.06185	2.37205	5.96248	2.13241	4.00096	7.05159	7.35247	5.33903	
7.98433	10.8348	1.88794	2.98413	5.42948	5.66398	0	3.3391	3.29193	1.61004	7.02731	3.2113	2.18564	3.75553	3.82069	
1.58683	10.398	1.45116	3.15926	5.17371	5.06185	3.3391	0	7.31126	1.78517	2.92944	3.38644	2.36077	3.93066	5.75047	
9.78189	13.6492	5.04465	11.0622	2.13755	2.37205	3.29193	7.31126	0	3.23017	4.50446	1.62891	4.84613	4.62017	5.61825	
3.372	3.37759	3.23633	1.37409	3.79094	5.96248	1.61004	1.78517	3.23017	0	4.71461	1.60126	0.575601	2.14549	5.43073	
3.45361	8.40553	4.3806	6.40204	6.53769	2.13241	7.02731	2.92944	4.50446	4.71461	0	5.97214	6.33275	6.88106	3.20662	
9.03164	11.4368	3.41574	2.97536	3.76646	4.00096	3.2113	3.38644	1.62891	1.60126	5.97214	0	2.17687	2.99126	6.82526	
4.99014	10.1875	4.85447	1.94969	3.21534	7.05159	2.18564	2.36077	4.84613	0.575601	6.33275	2.17687	0	2.72109	7.09432	
9.57586	5.44896	6.40699	3.44546	6.35519	7.35247	3.75553	3.93066	4.62017	2.14549	6.88106	2.99126	2.72109	0	9.81652	
4.16364	16.5802	5.70863	9.60865	7.7558	5.33903	3.82069	5.75047	5.61825	5.43073	3.20662	6.82526	7.09432	9.81652	0	

0	10.3564	16.8015	2.59638	6.42315	9.37463	1.68399	5.4688	7.22835	3.43222	8.46551	13.7934	3.46427	2.56532	4.24415	
10.3564	0	16.5956	7.76002	7.08968	4.1382	11.7027	12.856	9.75553	13.3897	4.53642	19.7284	18.4842	6.58646	9.40779	
16.8015	16.5956	0	8.5901	11.3725	5.96313	4.3962	8.5658	5.68816	5.64139	7.45113	10.9938	6.49384	3.51488	8.9169	
2.59638	7.76002	8.5901	0	9.01953	7.52348	3.94268	7.72749	7.2485	4.92328	10.8995	11.9683	5.72296	4.82401	1.64777	
6.42315	7.08968	11.3725	9.01953	0	2.44058	5.29019	1.98023	8.56881	3.85209	2.04236	10.4555	2.75801	5.39974	10.4557	
9.37463	4.1382	5.96313	7.52348	2.44058	0	3.32958	4.9317	4.62154	2.20795	0.39822	7.94117	8.7276	2.44826	9.11885	
1.68399	11.7027	4.3962	3.94268	5.29019	3.32958	0	2.55806	3.05461	1.74823	3.55796	7.86819	1.78028	0.881327	5.02374	
5.4688	12.856	8.5658	7.72749	1.98023	4.9317	2.55806	0	7.2242	1.63023	4.02259	8.47527	0.77778	4.66613	10.9626	
7.22835	9.75553	5.68816	7.2485	8.56881	4.62154	3.05461	7.2242	0	2.04136	3.85109	2.32384	2.89381	2.17328	5.31686	
3.43222	13.3897	5.64139	4.92328	3.85209	2.20795	1.74823	1.63023	2.04136	0	1.80973	4.3652	0.852449	2.62956	3.27551	
8.46551	4.53642	7.45113	10.8995	2.04236	0.39822	3.55796	4.02259	3.85109	1.80973	0	18.3172	2.66218	2.84648	5.08524	
13.7934	19.7284	10.9938	11.9683	10.4555	7.94117	7.86819	8.47527	2.32384	4.3652	18.3172	0	9.25305	4.49712	8.26136	
3.46427	18.4842	6.49384	5.72296	2.75801	8.7276	1.78028	0.77778	2.89381	0.852449	2.66218	9.25305	0	2.66161	4.12795	
2.56532	6.58646	3.51488	4.82401	5.39974	2.44826	0.881327	4.66613	2.17328	2.62956	2.84648	4.49712	2.66161	0	6.72299	
4.24415	9.40779	8.9169	1.64777	10.4557	9.11885	5.02374	10.9626	5.31686	3.27551	5.08524	8.26136	4.12795	6.72299	0	

0	8.65108	12.4343	1.66875	6.23277	6.75591	5.14278	12.1448	12.163	3.56685	9.03799	5.16444	3.6608	7.21416	6.29705	
8.65108	0	12.5878	10.799	4.31685	5.01225	14.1269	3.09624	19.0953	5.82618	3.98375	9.11416	4.99028	9.90005	5.97451	
12.4343	12.5878	0	10.2005	8.69404	13.1568	7.77036	11.7375	6.21479	8.61816	10.463	6.70479	9.24952	9.70874	6.61327	
1.66875	10.799	10.2005	0	7.02015	5.70065	3.47403	4.62804	4.21774	1.8981	7.36924	3.4957	2.96501	4.56568	6.63534	
6.23277	4.31685	8.69404	7.02015	0	1.70476	4.826	1.22061	5.98545	3.63888	1.47708	5.22042	2.57197	6.27202	2.08077	
6.75591	5.01225	13.1568	5.70065	1.70476	0	2.22662	1.11519	16.104	4.16202	0.227678	3.29219	3.09511	3.31827	4.07739	
5.14278	14.1269	7.77036	3.47403	4.826	2.22662	0	4.14263	1.7876	2.97894	2.4543	1.06557	5.0134	1.09165	4.20521	
12.1448	3.09624	11.7375	4.62804	1.22061	1.11519	4.14263	0	8.59678	2.72994	0.887511	4.64331	3.79258	6.49892	3.30138	
12.163	19.0953	6.21479	4.21774	5.98545	16.104	1.7876	8.59678	0	2.63541	6.31081	0.722037	9.85861	3.72599	3.86168	
3.56685	5.82618	8.61816	1.8981	3.63888	4.16202	2.97894	2.72994	2.63541	0	3.61745	1.91337	1.06691	3.76897	3.70316	
9.03799	3.98375	10.463	7.36924	1.47708	0.227678	2.4543	0.887511	6.31081	3.61745	0	5.58877	3.32279	8.04096	3.55785	
5.16444	9.11416	6.70479	3.4957	5.22042	3.29219	1.06557	4.64331	0.722037	1.91337	5.58877	0	2.98028	2.15722	3.13965	
3.6608	4.99028	9.24952	2.96501	2.57197	3.09511	5.0134	3.79258	9.85861	1.06691	3.32279	2.98028	0	4.83589	2.63625	
7.21416	9.90005	9.70874	4.56568	6.27202	3.31827	1.09165	6.49892	3.72599	3.76897	8.04096	2.15722	4.83589	0	4.19125	
6.29705	5.97451	6.61327	6.63534	2.08077	4.07739	4.20521	3.30138	3.86168	3.70316	3.55785	3.13965	2.63625	4.19125	0	

0	8.0019	5.6922	5.22445	8.89655	9.39895	8.80171	9.20689	5.37567	4.70459	2.70268	6.27759	5.70687	8.17046	7.25278	
8.0019	0	9.66921	7.821	11.5328	11.9955	15.0997	10.7425	17.407	7.30114	5.29923	16.2255	11.4424	12.3056	11.1423	
5.6922	9.66921	0	5.26866	4.35848	5.42424	3.10951	4.88283	2.35517	0.31078	2.31269	3.25709	2.39477	5.14996	2.09467	
5.22445	7.821	5.26866	0	2.63974	5.71871	6.2066	1.84945	9.31109	4.03919	2.52178	5.94084	1.9552	3.41252	6.74177	
8.89655	11.5328	4.35848	2.63974	0	6.9532	3.61173	0.790292	5.03429	4.66926	5.80177	5.12493	3.18969	2.2395	3.75685	
9.39895	11.9955	5.42424	5.71871	6.9532	0	6.52957	6.57522	8.17244	5.11346	6.69628	7.74916	3.76351	8.13829	6.89735	
8.80171	15.0997	3.10951	6.2066	3.61173	6.52957	0	4.35715	5.46468	3.42029	9.18405	8.73666	6.80141	5.85122	7.36857	
9.20689	10.7425	4.88283	1.84945	0.790292	6.57522	4.35715	0	4.35786	4.57205	4.37122	5.91522	3.50002	1.56307	4.54714	
5.37567	17.407	2.35517	9.31109	5.03429	8.17244	5.46468	4.35786	0	2.66595	8.07835	0.901918	4.88756	2.79479	2.2756	
4.70459	7.30114	0.31078	4.03919	4.66926	5.11346	3.42029	4.57205	2.66595	0	2.00191	6.06964	2.08399	6.13512	1.78389	
2.70268	5.29923	2.31269	2.52178	5.80177	6.69628	9.18405	4.37122	8.07835	2.00191	0	10.9263	4.0859	11.4758	3.7858	
6.27759	16.2255	3.25709	5.94084	5.12493	7.74916	8.73666	5.91522	0.901918	6.06964	10.9263	0	3.98565	3.69671	3.17751	
5.70687	11.4424	2.39477	1.9552	3.18969	3.76351	6.80141	3.50002	4.88756	2.08399	4.0859	3.98565	0	5.06309	3.86788	
8.17046	12.3056	5.14996	3.41252	2.2395	8.13829	5.85122	1.56307	2.79479	6.13512	11.4758	3.69671	5.06309	0	5.07038	
7.25278	11.1423	2.09467	6.74177	3.75685	6.89735	7.36857	4.54714	2.2756	1.78389	3.7858	3.17751	3.86788	5.07038	0	

0	20.2639	16.8596	5.19708	3.1831	3.09848	10.6201	1.13598	9.78953	5.72897	2.06763	7.96073	6.0683	6.30233	8.6595	
20.2639	0	6.66751	8.98265	12.5497	10.8543	7.09048	10.0497	7.54867	9.31255	11.1199	7.52992	10.9507	4.88335	10.3104	
16.8596	6.66751	0	4.50066	9.46313	10.6513	9.32796	7.68717	6.02948	11.1549	8.3408	0.862411	5.0147	8.4558	4.86824	
5.19708	8.98265	4.50066	0	6.10822	6.0236	3.70589	4.0611	5.06757	5.77227	4.99275	3.63825	4.61587	4.09931	6.77012	
3.1831	12.5497	9.46313	6.10822	0	1.71179	4.97359	2.03154	3.62558	2.14196	1.09989	7.20522	6.23962	6.29091	3.19939	
3.09848	10.8543	10.6513	6.0236	1.71179	0	4.4856	1.54355	7.11779	1.65397	0.6119	8.09029	6.24917	5.97095	4.38753	
10.6201	7.09048	9.32796	3.70589	4.97359	4.4856	0	4.80536	4.87246	2.06638	3.10845	7.07005	8.27445	2.20713	3.06422	
1.13598	10.0497	7.68717	4.0611	2.03154	1.54355	4.80536	0	5.67271	1.97372	0.931653	6.82476	4.93232	5.16635	5.24652	
9.78953	7.54867	6.02948	5.06757	3.62558	7.11779	4.87246	5.67271	0	6.30918	4.72547	5.16706	2.61404	2.66532	2.73026	
5.72897	9.31255	11.1549	5.77227	2.14196	1.65397	2.06638	1.97372	6.30918	0	1.04207	8.52046	6.67934	4.27351	4.89117	
2.06763	11.1199	8.3408	4.99275	1.09989	0.6119	3.10845	0.931653	4.72547	1.04207	0	7.47839	5.63727	6.08084	4.29928	
7.96073	7.52992	0.862411	3.63825	7.20522	8.09029	7.07005	6.82476	5.16706	8.52046	7.47839	0	4.15229	7.59339	4.00583	
6.0683	10.9507	5.0147	4.61587	6.23962	6.24917	8.27445	4.93232	2.61404	6.67934	5.63727	4.15229	0	5.27936	5.3443	
6.30233	4.88335	8.4558	4.09931	6.29091	5.97095	2.20713	5.16635	2.66532	4.27351	6.08084	7.59339	5.27936	0	5.27136	
8.6595	10.3104	4.86824	6.77012	3.19939	4.38753	3.06422	5.24652	2.73026	4.89117	4.29928	4.00583	5.3443	5.27136	0	

0	7.90844	12.6304	4.67299	8.18077	23.9608	4.52938	6.94264	30.0406	8.65457	15.9292	7.06543	8.00668	5.98555	27.4046	
7.90844	0	11.4248	3.46736	7.03045	16.4612	3.37906	5.73701	21.7376	7.44894	15.8859	5.91511	6.85635	4.83523	16.8231	
12.6304	11.4248	0	7.9574	12.0589	9.5067	3.1811	8.19703	8.93152	3.67787	10.6151	2.88725	7.06392	1.72493	11.6607	
4.67299	3.46736	7.9574	0	4.88478	3.52165	2.51819	2.26965	9.93447	3.98158	6.95317	5.05424	4.25549	3.97436	3.88355	
8.18077	7.03045	12.0589	4.88478	0	2.54706	3.65139	2.61513	9.42871	4.40652	1.44381	6.18744	3.74973	5.10756	4.22903	
23.9608	16.4612	9.5067	3.52165	2.54706	0	4.98466	1.252	3.92698	3.04339	1.10326	2.44861	3.75936	3.61093	2.8659	
4.52938	3.37906	3.1811	2.51819	3.65139	4.98466	0	4.78785	4.01441	3.40911	5.0952	2.53605	3.4773	1.45617	7.002	
6.94264	5.73701	8.19703	2.26965	2.61513	1.252	4.78785	0	9.04438	1.79139	2.35525	3.70061	2.44969	3.74433	1.6139	
30.0406	21.7376	8.93152	9.93447	9.42871	3.92698	4.01441	9.04438	0	6.33727	14.685	1.47837	5.67898	2.64068	5.94432	
8.65457	7.44894	3.67787	3.98158	4.40652	3.04339	3.40911	1.79139	6.33727	0	4.20433	3.11526	0.658292	1.95294	3.40529	
15.9292	15.8859	10.6151	6.95317	1.44381	1.10326	5.0952	2.35525	14.685	4.20433	0	3.55187	5.19353	12.34	7.70021	
7.06543	5.91511	2.88725	5.05424	6.18744	2.44861	2.53605	3.70061	1.47837	3.11526	3.55187	0	6.01334	1.16232	4.46596	
8.00668	6.85635	7.06392	4.25549	3.74973	3.75936	3.4773	2.44969	5.67898	0.658292	5.19353	6.01334	0	2.61123	4.9793	
5.98555	4.83523	1.72493	3.97436	5.10756	3.61093	1.45617	3.74433	2.64068	1.95294	12.34	1.16232	2.61123	0	5.62827	
27.4046	16.8231	11.6607	3.88355	4.22903	2.8659	7.002	1.6139	5.94432	3.40529	7.70021	4.46596	4.9793	5.62827	0	

0	3.97745	8.82634	6.73072	2.0898	3.89899	2.44659	5.24654	6.01921	4.57294	6.29434	3.80942	2.873	3.23985	1.40747	
3.97745	0	12.8259	9.17656	6.06726	21.9032	4.89243	7.69238	8.19831	7.01878	8.74018	9.99988	5.31884	5.68569	5.38493	
8.82634	12.8259	0	9.26793	6.65942	6.06846	5.2852	3.73148	8.1281	3.15885	5.6949	1.73037	5.34275	7.11599	4.13232	
6.73072	9.17656	9.26793	0	9.60966	5.44224	4.28413	7.08408	8.39424	6.10908	5.2113	9.39158	4.71054	4.50751	14.0315	
2.0898	6.06726	6.65942	9.60966	0	1.80918	4.5364	3.63901	3.92941	3.50057	2.04013	3.12572	5.68447	6.3522	0.723773	
3.89899	21.9032	6.06846	5.44224	1.80918	0	4.07869	5.4482	5.73859	2.767	0.230944	7.64781	10.064	14.4734	2.53296	
2.44659	4.89243	5.2852	4.28413	4.5364	4.07869	0	2.79995	4.67999	2.12635	3.84775	4.80105	0.426412	0.793254	3.85406	
5.24654	7.69238	3.73148	7.08408	3.63901	5.4482	2.79995	0	7.56842	3.59552	5.87765	2.00111	3.22636	3.5932	3.90206	
6.01921	8.19831	8.1281	8.39424	3.92941	5.73859	4.67999	7.56842	0	5.6901	8.22616	6.39773	7.874	3.88674	4.65318	
4.57294	7.01878	3.15885	6.10908	3.50057	2.767	2.12635	3.59552	5.6901	0	2.53606	4.88922	2.1839	2.91961	4.22435	
6.29434	8.74018	5.6949	5.2113	2.04013	0.230944	3.84775	5.87765	8.22616	2.53606	0	7.56789	4.27416	4.641	9.47229	
3.80942	9.99988	1.73037	9.39158	3.12572	7.64781	4.80105	2.00111	6.39773	4.88922	7.56789	0	5.53386	5.38562	2.40195	
2.873	5.31884	5.34275	4.71054	5.68447	10.064	0.426412	3.22636	7.874	2.1839	4.27416	5.53386	0	1.21967	8.83227	
3.23985	5.68569	7.11599	4.50751	6.3522	14.4734	0.793254	3.5932	3.88674	2.91961	4.641	5.38562	1.21967	0	7.78757	
1.40747	5.38493	4.13232	14.0315	0.723773	2.53296	3.85406	3.90206	4.65318	4.22435	9.47229	2.40195	8.83227	7.78757	0	

-111