10
10
3
3
50

6	21
10	1
47	15
18	25
31	42
9	22
22	5
8	17
2	22
20	29

29	47
34	25
27	39
46	33
33	29
28	46
44	28
33	32
35	23
40	39

70

1.79769e+308
1.79769e+308
1.79769e+308
1.79769e+308
1.79769e+308
1.79769e+308
1.79769e+308
1.79769e+308
1.79769e+308
1.79769e+308

12
15
15
20
13
14
17
19
14
16

0
0
0
0
0
0
0
0
0
0

0

0	24.7069	15.0575	5.50236	10.7744	1.61276	21.5745	4.0093	3.13356	7.90101	14.0989	8.85483	12.835	19.755	17.4242	14.4744	10.5436	12.704	7.55791	12.6718	
24.7069	0	12.6592	18.397	14.4725	23.7092	12.5226	18.4677	21.5733	21.1054	19.8239	16.4315	12.0725	32.7915	14.8565	15.2545	20.7297	16.9842	18.6913	19.8612	
15.0575	12.6592	0	9.21228	13.0219	13.9102	14.8477	14.6908	25.4358	12.0705	13.9229	3.77228	10.6219	14.7332	6.73166	8.57715	10.4853	7.2675	5.0692	11.4253	
5.50236	18.397	9.21228	0	8.72446	3.8896	13.8693	6.28614	13.1264	1.02859	9.14157	5.44	6.32446	16.4009	9.23326	6.97782	10.2012	5.83159	6.73692	10.6134	
10.7744	14.4725	13.0219	8.72446	0	12.3871	21.5175	8.79515	13.9079	11.4329	5.86375	8.50487	2.4	15.3736	6.90205	3.7	4.70649	6.05515	9.01876	1.89737	
1.61276	23.7092	13.9102	3.8896	12.3871	0	17.7589	2.39654	4.74632	4.91819	12.4861	9.3296	8.79169	18.1422	19.6773	10.8674	23.5813	10.3453	9.17067	17.9711	
21.5745	12.5226	14.8477	13.8693	21.5175	17.7589	0	16.042	22.9931	12.3832	24.8121	11.8936	17.4452	17.8518	11.8702	20.8472	11.3257	7.58024	15.3985	11.738	
4.0093	18.4677	14.6908	6.28614	8.79515	2.39654	16.042	0	6.95112	14.0007	14.1466	8.48816	6.39515	20.5388	17.0576	9.57713	10.177	16.2601	7.19124	20.6017	
3.13356	21.5733	25.4358	13.1264	13.9079	4.74632	22.9931	6.95112	0	11.0346	22.5653	25.404	13.3463	30.5322	21.6107	17.9959	26.7286	17.1278	10.6915	26.6154	
7.90101	21.1054	12.0705	1.02859	11.4329	4.91819	12.3832	14.0007	11.0346	0	12.8798	6.46859	7.35305	20.1338	9.093	8.00641	8.5485	4.803	10.4699	8.96079	
14.0989	19.8239	13.9229	9.14157	5.86375	12.4861	24.8121	14.1466	22.5653	12.8798	0	6.96862	5.34573	15.4159	7.19124	2.16375	18.0662	11.4812	14.3702	10.029	
8.85483	16.4315	3.77228	5.44	8.50487	9.3296	11.8936	8.48816	25.404	6.46859	6.96862	0	7.91568	10.9609	3.79326	4.80487	4.28265	4.31335	1.29692	8.47114	
12.835	12.0725	10.6219	6.32446	2.4	8.79169	17.4452	6.39515	13.3463	7.35305	5.34573	7.91568	0	21.6421	14.1549	3.18198	9.60449	9.86491	6.61876	4.29737	
19.755	32.7915	14.7332	16.4009	15.3736	18.1422	17.8518	20.5388	30.5322	20.1338	15.4159	10.9609	21.6421	0	14.7541	15.7657	5.43902	9.18452	8.42475	8.24814	
17.4242	14.8565	6.73166	9.23326	6.90205	19.6773	11.8702	17.0576	21.6107	9.093	7.19124	3.79326	14.1549	14.7541	0	8.59813	7.81382	4.29	5.09018	5.00469	
14.4744	15.2545	8.57715	6.97782	3.7	10.8674	20.8472	9.57713	17.9959	8.00641	2.16375	4.80487	3.18198	15.7657	8.59813	0	11.6955	9.11822	6.10179	5.59737	
10.5436	20.7297	10.4853	10.2012	4.70649	23.5813	11.3257	10.177	26.7286	8.5485	18.0662	4.28265	9.60449	5.43902	7.81382	11.6955	0	3.7455	2.98573	2.80913	
12.704	16.9842	7.2675	5.83159	6.05515	10.3453	7.58024	16.2601	17.1278	4.803	11.4812	4.31335	9.86491	9.18452	4.29	9.11822	3.7455	0	5.61027	4.15779	
7.55791	18.6913	5.0692	6.73692	9.01876	9.17067	15.3985	7.19124	10.6915	10.4699	14.3702	1.29692	6.61876	8.42475	5.09018	6.10179	2.98573	5.61027	0	5.79486	
12.6718	19.8612	11.4253	10.6134	1.89737	17.9711	11.738	20.6017	26.6154	8.96079	10.029	8.47114	4.29737	8.24814	5.00469	5.59737	2.80913	4.15779	5.79486	0	

0	15.8992	24.9093	7.12758	16.22	2.43495	11.5024	6.51417	6.18466	5.15984	13.191	11.3137	18.0513	20.2297	13.435	11.6181	10.6846	10.0963	12.0293	20.5358	
15.8992	0	16.5861	16.2344	13.6712	13.2702	6.70403	9.19097	15.7516	13.8145	14.3869	15.9182	12.7115	22.1929	10.1459	20.6223	16.2208	8.87812	14.9526	13.5309	
24.9093	16.5861	0	15.6446	12.501	25.1669	25.8818	21.0877	27.6483	12.6444	21.0701	17.6782	19.3948	21.6971	12.028	19.4521	16.6771	7.70795	20.9122	12.3607	
7.12758	16.2344	15.6446	0	6.63429	6.00965	11.8376	7.04344	13.604	1.96774	6.15426	12.8	8.03429	12.9101	13.1477	5.81485	7.49253	6.90416	13.5155	11.213	
16.22	13.6712	12.501	6.63429	0	11.5331	14.3059	9.51176	16.0724	8.60203	2.68941	10.7915	1.4	10.3433	3.96562	2.35	6.68674	4.79308	5.87214	9.44584	
2.43495	13.2702	25.1669	6.00965	11.5331	0	8.87338	4.07922	4.13	4.04191	9.52255	11.1232	13.5656	17.1764	11	9.18314	9.5667	8.97832	10.4077	20.277	
11.5024	6.70403	25.8818	11.8376	14.3059	8.87338	0	4.79416	11.3548	13.7274	22.567	13.5278	22.9193	15.4888	16.8499	22.9065	19.2522	15.5821	14.2434	17.1859	
6.51417	9.19097	21.0877	7.04344	9.51176	4.07922	4.79416	0	6.56061	8.12112	14.7354	15.5599	10.9118	20.283	15.0792	11.8618	16.1985	14.3048	14.4869	18.2565	
6.18466	15.7516	27.6483	13.604	16.0724	4.13	11.3548	6.56061	0	8.17191	19.3756	8.99929	18.3908	23.8542	14.7716	13.3131	20.0097	18.9695	9.71483	19.966	
5.15984	13.8145	12.6444	1.96774	8.60203	4.04191	13.7274	8.12112	8.17191	0	14.4897	12.6706	13.061	11.0715	9.25642	7.78259	5.52479	4.93642	11.9551	9.58918	
13.191	14.3869	21.0701	6.15426	2.68941	9.52255	22.567	14.7354	19.3756	14.4897	0	10.0133	6.62361	8.33271	4.24099	0.339411	10.2135	8.56099	9.04765	7.34479	
11.3137	15.9182	17.6782	12.8	10.7915	11.1232	13.5278	15.5599	8.99929	12.6706	10.0133	0	5.18768	12.6638	5.5222	17.3818	11.8473	9.97021	0.715542	10.9667	
18.0513	12.7115	19.3948	8.03429	1.4	13.5656	22.9193	10.9118	18.3908	13.061	6.62361	5.18768	0	15.9836	2.56562	3.75	8.08674	6.19308	4.47214	11.8426	
20.2297	22.1929	21.6971	12.9101	10.3433	17.1764	15.4888	20.283	23.8542	11.0715	8.33271	12.6638	15.9836	0	10.974	7.9933	5.54672	6.34982	14.8661	1.69706	
13.435	10.1459	12.028	13.1477	3.96562	11	16.8499	15.0792	14.7716	9.25642	4.24099	5.5222	2.56562	10.974	0	4.5804	6.07495	4.32	4.80666	8.97276	
11.6181	20.6223	19.4521	5.81485	2.35	9.18314	22.9065	11.8618	13.3131	7.78259	0.339411	17.3818	3.75	7.9933	4.5804	0	9.03674	7.14308	12.4624	7.68421	
10.6846	16.2208	16.6771	7.49253	6.68674	9.5667	19.2522	16.1985	20.0097	5.52479	10.2135	11.8473	8.08674	5.54672	6.07495	9.03674	0	10.3949	10.8816	7.24378	
10.0963	8.87812	7.70795	6.90416	4.79308	8.97832	15.5821	14.3048	18.9695	4.93642	8.56099	9.97021	6.19308	6.34982	4.32	7.14308	10.3949	0	9.12666	4.65276	
12.0293	14.9526	20.9122	13.5155	5.87214	10.4077	14.2434	14.4869	9.71483	11.9551	9.04765	0.715542	4.47214	14.8661	4.80666	12.4624	10.8816	9.12666	0	11.6823	
20.5358	13.5309	12.3607	11.213	9.44584	20.277	17.1859	18.2565	19.966	9.58918	7.34479	10.9667	11.8426	1.69706	8.97276	7.68421	7.24378	4.65276	11.6823	0	

0	19.2868	16.2183	4.17421	13.0887	2.59307	17.8757	6.86352	2.43263	8.37801	15.7531	6.50538	15.3642	9.18747	9.01128	13.3207	9.69518	9.80221	10.3961	12.258	
19.2868	0	11.868	15.1052	14.7084	19.8095	2.9093	12.4159	16.8542	20.7547	12.8692	31.8308	9.15845	15.3352	22.4459	19.2701	12.4576	17.456	14.1672	12.9117	
16.2183	11.868	0	12.2703	19.34	16.2548	14.7773	14.9596	26.5742	16.4741	16.9762	16.0054	13.2075	7.03082	16.4786	14.5437	13.6085	12.8981	12.1147	18.8254	
4.17421	15.1052	12.2703	0	17.4577	3.98447	16.5186	2.68931	6.60684	4.20381	14.7485	8.32	12.6489	11.4953	6.978	15.03	11.0866	5.628	12.2108	8.08381	
13.0887	14.7084	19.34	17.4577	0	12.8336	15.2798	19.3632	12.3403	17.1462	8.56241	10.2208	5.55	11.7267	4.07741	6.35	5.73149	5.42741	8.44136	9.48683	
2.59307	19.8095	16.2548	3.98447	12.8336	0	16.6504	6.67378	5.0257	8.18828	17.0806	9.09845	13.3698	11.7805	11.6043	15.9137	7.10211	9.61247	13.6913	12.0683	
17.8757	2.9093	14.7773	16.5186	15.2798	16.6504	0	13.8293	19.7634	26.0298	16.6671	23.4339	12.0677	16.2798	18.3846	16.9486	9.5483	14.5562	16.1375	10.0024	
6.86352	12.4159	14.9596	2.68931	19.3632	6.67378	13.8293	0	6.71681	6.89312	17.9545	11.0093	14.2438	16.4771	14.9797	18.7472	14.4957	8.31731	18.6264	10.7731	
2.43263	16.8542	26.5742	6.60684	12.3403	5.0257	19.7634	6.71681	0	11.2017	14.4629	8.93801	20.9606	11.6201	8.26293	12.0304	16.6921	9.61293	12.6269	18.9767	
8.37801	20.7547	16.4741	4.20381	17.1462	8.18828	26.0298	6.89312	11.2017	0	15.307	12.5238	11.5962	12.2713	7.754	13.1518	20.4177	6.404	14.0553	10.9578	
15.7531	12.8692	16.9762	14.7485	8.56241	17.0806	16.6671	17.9545	14.4629	15.307	0	19.3352	3.7108	9.8875	12.6398	2.43245	14.2939	11.2185	8.71959	6.66472	
6.50538	31.8308	16.0054	8.32	10.2208	9.09845	23.4339	11.0093	8.93801	12.5238	19.3352	0	8.89955	12.9383	6.14343	19.826	10.48	7.07107	3.89076	11.6248	
15.3642	9.15845	13.2075	12.6489	5.55	13.3698	12.0677	14.2438	20.9606	11.5962	3.7108	8.89955	0	6.17671	9.37274	6.14324	11.2815	8.29759	5.00879	10.3755	
9.18747	15.3352	7.03082	11.4953	11.7267	11.7805	16.2798	16.4771	11.6201	12.2713	9.8875	12.9383	6.17671	0	7.21728	16.2883	6.73146	5.86728	11.1855	10.421	
9.01128	22.4459	16.4786	6.978	4.07741	11.6043	18.3846	14.9797	8.26293	7.754	12.6398	6.14343	9.37274	7.21728	0	10.4274	8.83629	1.35	4.36394	5.90377	
13.3207	19.2701	14.5437	15.03	6.35	15.9137	16.9486	18.7472	12.0304	13.1518	2.43245	19.826	6.14324	16.2883	10.4274	0	12.0815	11.5	15.1204	6.94622	
9.69518	12.4576	13.6085	11.0866	5.73149	7.10211	9.5483	14.4957	16.6921	20.4177	14.2939	10.48	11.2815	6.73146	8.83629	12.0815	0	10.1863	6.5892	14.7479	
9.80221	17.456	12.8981	5.628	5.42741	9.61247	14.5562	8.31731	9.61293	6.404	11.2185	7.07107	8.29759	5.86728	1.35	11.5	10.1863	0	5.71394	4.55377	
10.3961	14.1672	12.1147	12.2108	8.44136	13.6913	16.1375	18.6264	12.6269	14.0553	8.71959	3.89076	5.00879	11.1855	4.36394	15.1204	6.5892	5.71394	0	15.2544	
12.258	12.9117	18.8254	8.08381	9.48683	12.0683	10.0024	10.7731	18.9767	10.9578	6.66472	11.6248	10.3755	10.421	5.90377	6.94622	14.7479	4.55377	15.2544	0	

0	11.0772	26.4439	6.91914	12.7136	1.67601	14.0495	2.86217	2.76248	3.38615	22.3033	8.48223	9.97769	12.444	15.1817	10.5257	11.2054	14.9509	6.94036	9.45418	
11.0772	0	26.8302	22.156	19.7158	12.8647	6.45105	13.86	8.31472	26.5544	32.2067	15.8489	17.9119	11.6586	12.2592	22.4247	10.42	14.1655	19.87	30.2009	
26.4439	26.8302	0	22.6589	13.753	28.2314	22.0433	29.2267	23.6814	17.2553	15.9356	16.116	20.9119	9.55471	12.275	13.9954	10.7933	17.2045	13.7011	18.9734	
6.91914	22.156	22.6589	0	16.6927	9.00912	15.705	12.6782	18.2235	3.53299	22.3472	8.62906	10.1245	13.1042	15.8245	10.6725	14.3428	14.2873	7.0872	17.4715	
12.7136	19.7158	13.753	16.6927	0	14.2292	23.0385	9.85147	15.3967	13.6915	5.65442	4.60829	7.1	4.19829	6.90555	6.3191	5.43687	2.34555	5.84898	6.45105	
1.67601	12.8647	28.2314	9.00912	14.2292	0	12.4125	4.53817	4.43849	5.06216	12.9467	10.5722	12.0677	17.1968	11.6843	12.6157	12.8814	19.6183	9.03034	7.77817	
14.0495	6.45105	22.0433	15.705	23.0385	12.4125	0	16.8323	11.287	17.8887	27.5985	11.2507	21.9016	8.52846	5.80817	21.7562	9.7845	10.3682	15.7377	9.71426	
2.86217	13.86	29.2267	12.6782	9.85147	4.53817	16.8323	0	5.54528	6.24832	15.5059	22.6711	16.9515	14.0498	19.2109	17.2015	14.0676	12.197	17.1006	14.5599	
2.76248	8.31472	23.6814	18.2235	15.3967	4.43849	11.287	5.54528	0	6.14863	28.2639	13.9703	21.7674	16.3859	13.6656	27.5992	13.9679	15.0587	11.5553	12.3282	
3.38615	26.5544	17.2553	3.53299	13.6915	5.06216	17.8887	6.24832	6.14863	0	7.80423	5.09608	6.59154	11.5803	10.5386	7.13955	10.525	7.05764	3.55421	13.2543	
22.3033	32.2067	15.9356	22.3472	5.65442	12.9467	27.5985	15.5059	28.2639	7.80423	0	14.7644	9.73053	5.1054	9.07466	0.66468	12.4702	5.71914	17.9821	5.16856	
8.48223	15.8489	16.116	8.62906	4.60829	10.5722	11.2507	22.6711	13.9703	5.09608	14.7644	0	9.0852	6.66755	5.4425	7.31721	5.42896	2.26274	2.41495	9.3486	
9.97769	17.9119	20.9119	10.1245	7.1	12.0677	21.9016	16.9515	21.7674	6.59154	9.73053	9.0852	0	8.73052	11.3825	10.1116	7.49193	6.82246	10.1457	13.551	
12.444	11.6586	9.55471	13.1042	4.19829	17.1968	8.52846	14.0498	16.3859	11.5803	5.1054	6.66755	8.73052	0	2.72029	4.44072	1.23859	4.98409	12.6498	6.62639	
15.1817	12.2592	12.275	15.8245	6.90555	11.6843	5.80817	19.2109	13.6656	10.5386	9.07466	5.4425	11.3825	2.72029	0	7.16101	3.95888	4.56	7.85745	3.9061	
10.5257	22.4247	13.9954	10.6725	6.3191	12.6157	21.7562	17.2015	27.5992	7.13955	0.66468	7.31721	10.1116	4.44072	7.16101	0	5.67931	5.05446	8.55789	5.83324	
11.2054	10.42	10.7933	14.3428	5.43687	12.8814	9.7845	14.0676	13.9679	10.525	12.4702	5.42896	7.49193	1.23859	3.95888	5.67931	0	3.7455	7.24893	7.88243	
14.9509	14.1655	17.2045	14.2873	2.34555	19.6183	10.3682	12.197	15.0587	7.05764	5.71914	2.26274	6.82246	4.98409	4.56	5.05446	3.7455	0	3.50343	8.4661	
6.94036	19.87	13.7011	7.0872	5.84898	9.03034	15.7377	17.1006	11.5553	3.55421	17.9821	2.41495	10.1457	12.6498	7.85745	8.55789	7.24893	3.50343	0	12.0108	
9.45418	30.2009	18.9734	17.4715	6.45105	7.77817	9.71426	14.5599	12.3282	13.2543	5.16856	9.3486	13.551	6.62639	3.9061	5.83324	7.88243	8.4661	12.0108	0	

0	7.34259	17.8537	10.6232	15.0188	3.09903	9.05097	2.68328	5.33903	12.0611	11.1058	17.4513	15.726	16.9459	14.099	14.3197	8.11427	12.3044	17.2663	17.2439	
7.34259	0	11.4724	15.6796	12.4376	10.4416	15.4319	7.73977	13.6097	15.4607	16.1623	14.5947	18.1376	23.6441	17.4422	21.2376	15.4569	16.2122	17.7252	14.9042	
17.8537	11.4724	0	15.1269	12.6713	14.0807	10.2318	19.2122	11.8407	17.6347	13.3704	5.24839	9.78761	13.3405	12.0515	25.4339	9.73941	9.91529	8.37889	10.8841	
10.6232	15.6796	15.1269	0	16.7082	10.2166	4.89506	7.93987	7.97662	5.32184	9.57697	23.0876	13.0123	9.02734	13.6073	7.9082	14.9183	14.5979	13.1104	14.2882	
15.0188	12.4376	12.6713	16.7082	0	15.1634	16.8671	12.5691	17.4034	22.0568	4.14658	7.42295	5.7	7.72745	8.15483	5.81535	11.5962	9.11431	6.82497	2.46658	
3.09903	10.4416	14.0807	10.2166	15.1634	0	12.15	3.21238	2.24	8.03396	11.6349	14.3522	12.627	16.612	11	17.4187	11.2133	11.96	16.8464	16.8591	
9.05097	15.4319	10.2318	4.89506	16.8671	12.15	0	11.7342	12.3369	10.2169	18.6694	11.3458	22.7318	13.9224	8.71225	12.8033	17.1652	9.94225	8.21533	12.5737	
2.68328	7.73977	19.2122	7.93987	12.5691	3.21238	11.7342	0	5.45238	13.2617	8.42252	14.288	15.8394	16.9672	10.8511	10.0913	10.7975	9.62107	14.5074	21.752	
5.33903	13.6097	11.8407	7.97662	17.4034	2.24	12.3369	5.45238	0	5.79396	18.3415	16.5922	14.867	17.004	13.24	15.8848	14.3814	14.2	20.5523	30.2057	
12.0611	15.4607	17.6347	5.32184	22.0568	8.03396	10.2169	13.2617	5.79396	0	21.1111	17.9091	16.3568	14.3492	17.3734	13.23	20.2402	16.1434	21.0021	23.2791	
11.1058	16.1623	13.3704	9.57697	4.14658	11.6349	18.6694	8.42252	18.3415	21.1111	0	8.12197	9.1641	12.3996	6.19774	1.66877	17.2577	4.96774	9.85409	6.61315	
17.4513	14.5947	5.24839	23.0876	7.42295	14.3522	11.3458	14.288	16.5922	17.9091	8.12197	0	4.53922	8.52419	5.8969	9.79074	14.7653	4.6669	3.1305	5.63567	
15.726	18.1376	9.78761	13.0123	5.7	12.627	22.7318	15.8394	14.867	16.3568	9.1641	4.53922	0	3.98497	8.32905	7.49533	12.8166	7.09905	7.66971	8.16658	
16.9459	23.6441	13.3405	9.02734	7.72745	16.612	13.9224	16.9672	17.004	14.3492	12.3996	8.52419	3.98497	0	8.66189	11.4803	8.83167	7.43189	9.61927	5.26087	
14.099	17.4422	12.0515	13.6073	8.15483	11	8.71225	10.8511	13.24	17.3734	6.19774	5.8969	8.32905	8.66189	0	7.91973	13.5199	1.23	6.11636	5.85915	
14.3197	21.2376	25.4339	7.9082	5.81535	17.4187	12.8033	10.0913	15.8848	13.23	1.66877	9.79074	7.49533	11.4803	7.91973	0	18.9797	6.63651	11.5761	11.2666	
8.11427	15.4569	9.73941	14.9183	11.5962	11.2133	17.1652	10.7975	14.3814	20.2402	17.2577	14.7653	12.8166	8.83167	13.5199	18.9797	0	12.2899	13.4881	9.12967	
12.3044	16.2122	9.91529	14.5979	9.11431	11.96	9.94225	9.62107	14.2	16.1434	4.96774	4.6669	7.09905	7.43189	1.23	6.63651	12.2899	0	4.88636	7.08915	
17.2663	17.7252	8.37889	13.1104	6.82497	16.8464	8.21533	14.5074	20.5523	21.0021	9.85409	3.1305	7.66971	9.61927	6.11636	11.5761	13.4881	4.88636	0	4.35839	
17.2439	14.9042	10.8841	14.2882	2.46658	16.8591	12.5737	21.752	30.2057	23.2791	6.61315	5.63567	8.16658	5.26087	5.85915	11.2666	9.12967	7.08915	4.35839	0	

0	10.198	14.1108	10.1825	13.3157	1.35978	27.1478	6.20385	1.69047	18.5705	21.8498	15.5484	28.5939	17.7565	15.1349	9.8287	10.4326	12.3835	15.0657	15.0036	
10.198	0	24.0702	8.09543	11.5163	11.5578	14.0103	15.7726	11.8885	11.4048	15.1244	12.2664	14.6287	16.4301	12.0801	16.5163	13.6297	9.65013	19.7963	13.9829	
14.1108	24.0702	0	21.5737	12.5539	12.751	25.041	8.20076	15.1519	23.6414	16.1619	13.285	17.3539	14.0616	11.6814	17.5539	15.6097	14.1114	14.0847	15.0205	
10.1825	8.09543	21.5737	0	19.104	8.82275	5.91486	13.6668	15.4649	3.30938	15.3841	14.2034	13.4408	11.357	14.0171	9.13375	15.5667	11.5871	13.1803	20.556	
13.3157	11.5163	12.5539	19.104	0	20.2179	24.4337	14.8928	11.6252	10.8244	3.60806	11.3866	4.8	11.8951	11.2003	3.96161	10.3087	8.77031	9.84232	2.46658	
1.35978	11.5578	12.751	8.82275	20.2179	0	14.7376	4.84407	3.05025	12.1321	17.4954	17.4818	25.0179	20.1797	13.7179	17.1419	11.7924	10.9666	22.003	16.3634	
27.1478	14.0103	25.041	5.91486	24.4337	14.7376	0	21.5385	21.3797	9.22424	21.4108	15.9999	26.2615	12.5386	23.4967	25.2202	19.8624	17.5019	19.0951	24.8422	
6.20385	15.7726	8.20076	13.6668	14.8928	4.84407	21.5385	0	6.95112	18.933	24.6608	8.73879	11.1011	12.9025	8.5525	15.0894	10.1021	6.1225	11.2772	20.4768	
1.69047	11.8885	15.1519	15.4649	11.6252	3.05025	21.3797	6.95112	0	13.9626	8.49178	17.8125	16.4252	18.1417	15.825	8.13823	12.1231	13.0736	28.6452	10.9167	
18.5705	11.4048	23.6414	3.30938	10.8244	12.1321	9.22424	18.933	13.9626	0	6.17792	13.361	10.1314	10.7854	11.96	5.82437	15.7803	14.39	11.1473	8.60286	
21.8498	15.1244	16.1619	15.3841	3.60806	17.4954	21.4108	24.6608	8.49178	6.17792	0	9.92685	8.40806	13.3882	15.8403	0.353553	15.0426	12.0977	12.1406	3.13204	
15.5484	12.2664	13.285	14.2034	11.3866	17.4818	15.9999	8.73879	17.8125	13.361	9.92685	0	7.59485	3.46133	4.61704	10.2804	5.11575	2.6163	2.21371	9.58945	
28.5939	14.6287	17.3539	13.4408	4.8	25.0179	26.2615	11.1011	16.4252	10.1314	8.40806	7.59485	0	11.7585	7.40855	9.8	8.95815	4.97855	7.3343	7.26658	
17.7565	16.4301	14.0616	11.357	11.8951	20.1797	12.5386	12.9025	18.1417	10.7854	13.3882	3.46133	11.7585	0	9.20997	15.0821	7.32382	6.07762	5.67504	12.3037	
15.1349	12.0801	11.6814	14.0171	11.2003	13.7179	23.4967	8.5525	15.825	11.96	15.8403	4.61704	7.40855	9.20997	0	14.1742	6.4096	2.43	2.40333	9.77908	
9.8287	16.5163	17.5539	9.13375	3.96161	17.1419	25.2202	15.0894	8.13823	5.82437	0.353553	10.2804	9.8	15.0821	14.1742	0	10.6206	11.7442	10.1542	2.77849	
10.4326	13.6297	15.6097	15.5667	10.3087	11.7924	19.8624	10.1021	12.1231	15.7803	15.0426	5.11575	8.95815	7.32382	6.4096	10.6206	0	3.9796	4.63303	7.84215	
12.3835	9.65013	14.1114	11.5871	8.77031	10.9666	17.5019	6.1225	13.0736	14.39	12.0977	2.6163	4.97855	6.07762	2.43	11.7442	3.9796	0	4.83	11.2369	
15.0657	19.7963	14.0847	13.1803	9.84232	22.003	19.0951	11.2772	28.6452	11.1473	12.1406	2.21371	7.3343	5.67504	2.40333	10.1542	4.63303	4.83	0	7.37574	
15.0036	13.9829	15.0205	20.556	2.46658	16.3634	24.8422	20.4768	10.9167	8.60286	3.13204	9.58945	7.26658	12.3037	9.77908	2.77849	7.84215	11.2369	7.37574	0	

0	13.6792	19.1383	4.04772	15.9508	3.76311	5.20431	1.56525	3.1273	3.86988	21.4236	7.21873	8.71488	13.2046	14.1806	14.0493	9.27345	11.6144	13.6334	12.3106	
13.6792	0	23.3404	15.4096	20.6601	23.5373	8.4749	14.5121	13.0339	23.53	28.9206	16.405	21.469	13.0487	17.4512	21.3999	9.11748	11.4584	16.0156	13.6823	
19.1383	23.3404	0	20.9792	29.4304	26.5983	28.7596	17.5731	19.1351	22.5408	17.5782	14.0321	24.6804	18.8738	21.1334	27.2251	14.9427	17.2836	11.3935	16.9254	
4.04772	15.4096	20.9792	0	9.90943	7.81083	6.93467	5.61296	9.0779	6.7082	11.0056	4.64	5.15943	14.1256	9.62896	10.0015	13.3212	7.27992	7.27856	12.919	
15.9508	20.6601	29.4304	9.90943	0	9.70177	11.8699	12.4827	10.9206	14.3932	2.40409	7.88261	4.75	10.6465	2.89365	1.4	12.1311	6.8705	12.6335	4.31741	
3.76311	23.5373	26.5983	7.81083	9.70177	0	8.96742	5.32836	8.7933	7.63299	12.6207	12.7987	4.95177	13.918	13.5816	14.4821	13.0366	7.07226	16.6523	16.0738	
5.20431	8.4749	28.7596	6.93467	11.8699	8.96742	0	6.76955	10.2345	9.07419	19.4552	7.93009	12.0941	16.7291	8.97626	13.5852	14.4778	11.0414	10.5687	17.515	
1.56525	14.5121	17.5731	5.61296	12.4827	5.32836	6.76955	0	1.56205	5.43513	15.5176	16.6779	7.8486	16.8148	16.4784	20.1523	10.8387	9.96909	14.6591	13.8759	
3.1273	13.0339	19.1351	9.0779	10.9206	8.7933	10.2345	1.56205	0	8.90007	18.1906	19.6165	9.41065	26.759	13.8143	12.3206	14.3036	20.7107	16.2211	17.3408	
3.86988	23.53	22.5408	6.7082	14.3932	7.63299	9.07419	5.43513	8.90007	0	17.3122	3.34885	9.64318	11.5746	8.33781	10.1194	13.1433	6.46012	5.98741	12.2984	
21.4236	28.9206	17.5782	11.0056	2.40409	12.6207	19.4552	15.5176	18.1906	17.3122	0	7.77459	7.66898	11.6618	10.1636	1.00409	13.0827	9.78947	6.18466	3.9215	
7.21873	16.405	14.0321	4.64	7.88261	12.7987	7.93009	16.6779	19.6165	3.34885	7.77459	0	5.23177	12.7418	4.98896	6.7705	5.45221	3.11127	2.63856	8.17037	
8.71488	21.469	24.6804	5.15943	4.75	4.95177	12.0941	7.8486	9.41065	9.64318	7.66898	5.23177	0	8.96619	7.1605	6.15	4.46144	2.1205	13.8536	7.36723	
13.2046	13.0487	18.8738	14.1256	10.6465	13.918	16.7291	16.8148	26.759	11.5746	11.6618	12.7418	8.96619	0	7.75284	10.6577	3.93117	6.27211	10.8292	8.496	
14.1806	17.4512	21.1334	9.62896	2.89365	13.5816	8.97626	16.4784	13.8143	8.33781	10.1636	4.98896	7.1605	7.75284	0	4.29365	7.38094	5.04	7.62752	10.2867	
14.0493	21.3999	27.2251	10.0015	1.4	14.4821	13.5852	20.1523	12.3206	10.1194	1.00409	6.7705	6.15	10.6577	4.29365	0	7.48225	8.16415	7.18875	2.91741	
9.27345	9.11748	14.9427	13.3212	12.1311	13.0366	14.4778	10.8387	14.3036	13.1433	13.0827	5.45221	4.46144	3.93117	7.38094	7.48225	0	2.34094	6.89807	4.56483	
11.6144	11.4584	17.2836	7.27992	6.8705	7.07226	11.0414	9.96909	20.7107	6.46012	9.78947	3.11127	2.1205	6.27211	5.04	8.16415	2.34094	0	5.74983	5.24673	
13.6334	16.0156	11.3935	7.27856	12.6335	16.6523	10.5687	14.6591	16.2211	5.98741	6.18466	2.63856	13.8536	10.8292	7.62752	7.18875	6.89807	5.74983	0	5.53181	
12.3106	13.6823	16.9254	12.919	4.31741	16.0738	17.515	13.8759	17.3408	12.2984	3.9215	8.17037	7.36723	8.496	10.2867	2.91741	4.56483	5.24673	5.53181	0	

0	19.3671	13.2504	4.04772	7.50942	5.43912	15.2974	1.8783	4.53542	6.19434	12.9484	12.617	8.29759	16.6057	12.146	11.4089	14.8265	10.4957	14.5586	12.3276	
19.3671	0	29.6943	12.5529	23.4932	14.7089	19.7326	20.8006	14.8317	10.4062	24.0308	19.1009	20.5167	23.1199	16.6683	23.4019	24.3046	18.4112	16.3178	26.5059	
13.2504	29.6943	0	9.20272	21.6153	13.3769	23.4255	12.6604	23.0397	11.3493	23.1913	21.3125	23.8488	14.6025	17.5858	28.2856	15.7872	20.7014	18.3162	21.1361	
4.04772	12.5529	9.20272	0	11.5571	4.17421	14.4467	3.45769	8.58313	2.14663	17.8516	10.8157	12.2315	19.9443	8.38305	15.1167	16.5566	10.1516	11.5453	14.8638	
7.50942	23.4932	21.6153	11.5571	0	12.9485	21.8743	9.38772	12.0448	14.5592	5.43902	12.6253	3.1	9.09628	6.94843	5.5	10.281	10.504	9.36099	7.13	
5.43912	14.7089	13.3769	4.17421	12.9485	0	10.2724	7.31741	9.97453	4.30267	19.8497	14.9326	13.7367	24.0612	12.5	19.2336	20.6736	12.3077	15.6623	19.038	
15.2974	19.7326	23.4255	14.4467	21.8743	10.2724	0	17.5171	10.762	14.5751	16.0111	10.1015	13.3661	13.9435	10.2674	31.7369	15.7011	11.3704	7.10515	20.5769	
1.8783	20.8006	12.6604	3.45769	9.38772	7.31741	17.5171	0	6.41371	5.60431	19.6738	13.2477	10.1759	22.3763	10.815	15.6109	18.9886	12.374	13.9773	16.5296	
4.53542	14.8317	23.0397	8.58313	12.0448	9.97453	10.762	6.41371	0	15.2227	9.19918	19.126	9.06973	17.788	12.9182	11.2498	21.7871	15.0311	15.3307	13.0997	
6.19434	10.4062	11.3493	2.14663	14.5592	4.30267	14.5751	5.60431	15.2227	0	19.5028	10.1263	12.3286	20.6523	10.27	15.4399	12.3357	8.005	13.4323	16.0997	
12.9484	24.0308	23.1913	17.8516	5.43902	19.8497	16.0111	19.6738	9.19918	19.5028	0	9.92685	5.16188	8.58886	8.78423	2.05061	9.7736	12.0482	8.90591	11.2042	
12.617	19.1009	21.3125	10.8157	12.6253	14.9326	10.1015	13.2477	19.126	10.1263	9.92685	0	6.28106	9.83472	2.43263	8.95454	6.45206	2.12132	2.99633	11.3279	
8.29759	20.5167	23.8488	12.2315	3.1	13.7367	13.3661	10.1759	9.06973	12.3286	5.16188	6.28106	0	10.5637	3.84843	3.11127	12.022	9.06843	6.26099	4.03	
16.6057	23.1199	14.6025	19.9443	9.09628	24.0612	13.9435	22.3763	17.788	20.6523	8.58886	9.83472	10.5637	0	9.3583	10.6395	1.18474	5.51548	6.83839	6.53367	
12.146	16.6683	17.5858	8.38305	6.94843	12.5	10.2674	10.815	12.9182	10.27	8.78423	2.43263	3.84843	9.3583	0	6.73362	8.17357	4.55395	3.16228	7.87843	
11.4089	23.4019	28.2856	15.1167	5.5	19.2336	31.7369	15.6109	11.2498	15.4399	2.05061	8.95454	3.11127	10.6395	6.73362	0	9.87411	11.0759	9.37226	7.14127	
14.8265	24.3046	15.7872	16.5566	10.281	20.6736	15.7011	18.9886	21.7871	12.3357	9.7736	6.45206	12.022	1.18474	8.17357	9.87411	0	4.33074	8.02313	7.7184	
10.4957	18.4112	20.7014	10.1516	10.504	12.3077	11.3704	12.374	15.0311	8.005	12.0482	2.12132	9.06843	5.51548	4.55395	11.0759	4.33074	0	5.11765	9.20653	
14.5586	16.3178	18.3162	11.5453	9.36099	15.6623	7.10515	13.9773	15.3307	13.4323	8.90591	2.99633	6.26099	6.83839	3.16228	9.37226	8.02313	5.11765	0	10.291	
12.3276	26.5059	21.1361	14.8638	7.13	19.038	20.5769	16.5296	13.0997	16.0997	11.2042	11.3279	4.03	6.53367	7.87843	7.14127	7.7184	9.20653	10.291	0	

0	10.9421	15.8439	8.62713	20.287	2.15035	13.9052	3.04105	3.09233	4.03113	12.0752	14.3414	10.6504	21.7158	9.23113	17.4154	23.7282	10.0349	19.0628	18.8507	
10.9421	0	21.291	14.0742	28.0348	11.2694	4.80666	7.90101	8.53944	14.6808	30.1335	15.7689	16.0975	12.9199	21.85	24.1058	32.2982	18.8009	16.9838	25.1912	
15.8439	21.291	0	18.2863	10.2558	15.4557	15.6849	17.8282	12.7515	15.8915	9.17878	12.5469	13.1506	7.57166	10.6915	10.395	11.0736	12.3115	12.6261	14.275	
8.62713	14.0742	18.2863	0	12.7256	8.2648	11.8297	10.6115	5.5348	5.76906	8.89183	13.28	12.8375	19.4435	10.9691	7.6756	25.4661	11.7728	16.4552	16.9356	
20.287	28.0348	10.2558	12.7256	0	11.0019	19.6585	21.2548	16.5581	14.5605	1.07703	8.20925	7.15368	11.2571	7.7151	2.29326	13.8004	8.90946	12.9355	4.55368	
2.15035	11.2694	15.4557	8.2648	11.0019	0	21.829	5.1914	2.73	6.18148	9.92484	13.9791	10.2881	21.967	16.5629	11.1411	26.4888	14.1305	16.9125	19.3817	
13.9052	4.80666	15.6849	11.8297	19.6585	21.829	0	12.7077	13.3461	9.87411	23.3576	10.9622	13.6922	8.1132	12.8176	19.5053	12.8521	13.9943	13.1677	14.6178	
3.04105	7.90101	17.8282	10.6115	21.2548	5.1914	12.7077	0	5.07666	7.07218	15.7377	16.3258	12.6348	24.7569	26.6957	16.2048	28.8355	16.4772	22.7254	21.7284	
3.09233	8.53944	12.7515	5.5348	16.5581	2.73	13.3461	5.07666	0	7.12346	12.6548	11.2491	7.55811	13.1371	13.0205	12.72	23.7588	11.4005	11.4936	10.1581	
4.03113	14.6808	15.8915	5.76906	14.5605	6.18148	9.87411	7.07218	7.12346	0	11.8381	7.0554	15.8628	17.9873	5.2	13.4447	19.6971	6.00375	11.2716	10.3595	
12.0752	30.1335	9.17878	8.89183	1.07703	9.92484	23.3576	15.7377	12.6548	11.8381	0	8.49347	6.3781	12.6223	6.63807	1.21622	20.2524	8.25807	12.7096	5.63071	
14.3414	15.7689	12.5469	13.28	8.20925	13.9791	10.9622	16.3258	11.2491	7.0554	8.49347	0	6.25557	6.77844	1.8554	18.5463	11.5174	3.4754	3.17522	3.65557	
10.6504	16.0975	13.1506	12.8375	7.15368	10.2881	13.6922	12.6348	7.55811	15.8628	6.3781	6.25557	0	5.57896	10.0071	5.16188	10.3179	6.95578	3.93548	2.6	
21.7158	12.9199	7.57166	19.4435	11.2571	21.967	8.1132	24.7569	13.1371	17.9873	12.6223	6.77844	5.57896	0	8.63383	10.7408	4.73895	11.0592	5.05446	6.70337	
9.23113	21.85	10.6915	10.9691	7.7151	16.5629	12.8176	26.6957	13.0205	5.2	6.63807	1.8554	10.0071	8.63383	0	7.8543	16.8994	1.62	5.03061	5.51097	
17.4154	24.1058	10.395	7.6756	2.29326	11.1411	19.5053	16.2048	12.72	13.4447	1.21622	18.5463	5.16188	10.7408	7.8543	0	16.5069	17.5161	9.09736	7.76188	
23.7282	32.2982	11.0736	25.4661	13.8004	26.4888	12.8521	28.8355	23.7588	19.6971	20.2524	11.5174	10.3179	4.73895	16.8994	16.5069	0	13.6025	9.79341	9.24671	
10.0349	18.8009	12.3115	11.7728	8.90946	14.1305	13.9943	16.4772	11.4005	6.00375	8.25807	3.4754	6.95578	11.0592	1.62	17.5161	13.6025	0	7.69157	4.35578	
19.0628	16.9838	12.6261	16.4552	12.9355	16.9125	13.1677	22.7254	11.4936	11.2716	12.7096	3.17522	3.93548	5.05446	5.03061	9.09736	9.79341	7.69157	0	6.53548	
18.8507	25.1912	14.275	16.9356	4.55368	19.3817	14.6178	21.7284	10.1581	10.3595	5.63071	3.65557	2.6	6.70337	5.51097	7.76188	9.24671	4.35578	6.53548	0	

0	13.3965	18.0781	9.51846	14.5031	5.15451	5.40375	1.16276	2.95911	10.836	18.374	16.4929	7.8486	9.60508	16.9693	17.0501	12.0284	22.982	11.8818	15.7722	
13.3965	0	17.9524	16.4076	16.9396	19.4655	16.3174	11.2347	9.43833	27.5578	25.5902	7.12764	17.3017	12.0416	10.8384	19.5908	14.4649	13.8452	10.8619	17.4294	
18.0781	17.9524	0	20.1048	13.371	20.8653	16.5862	25.6073	16.6477	16.1455	26.0912	10.8248	20.9989	8.47305	14.2553	16.0223	7.73817	14.878	9.90025	22.25	
9.51846	16.4076	20.1048	0	12.4588	4.36394	13.3334	9.09244	7.81383	4.11437	14.9817	9.28	14.1237	17.3417	12.9908	8.81144	12.5217	11.9859	13.0142	16.6861	
14.5031	16.9396	13.371	12.4588	0	13.9741	9.13893	13.3799	16.6901	8.3444	5.93083	8.96108	8.15	4.898	5.99357	5.45	7.32132	2.24357	10.8732	2.56144	
5.15451	19.4655	20.8653	4.36394	13.9741	0	8.98308	4.74209	6.53845	8.47831	16.8328	12.3379	11.4279	14.7596	16.0487	16.0405	18.0338	16.2177	15.8717	16.5355	
5.40375	16.3174	16.5862	13.3334	9.13893	8.98308	0	4.24099	6.03735	13.9142	15.398	23.445	10.9268	8.1132	17.9662	14.5889	10.5365	11.3825	20.0122	8.07886	
1.16276	11.2347	25.6073	9.09244	13.3799	4.74209	4.24099	0	1.79636	9.67322	10.644	14.3311	6.68584	10.7678	15.8066	14.3703	10.7059	16.4586	9.71999	12.3199	
2.95911	9.43833	16.6477	7.81383	16.6901	6.53845	6.03735	1.79636	0	11.4696	13.5728	11.6579	8.4822	11.3329	14.3114	13.0919	8.90955	16.0494	7.92364	25.5461	
10.836	27.5578	16.1455	4.11437	8.3444	8.47831	13.9142	9.67322	11.4696	0	5.17791	13.3944	10.0094	10.8306	11.6216	4.69707	8.40729	7.87158	10.5694	10.9058	
18.374	25.5902	26.0912	14.9817	5.93083	16.8328	15.398	10.644	13.5728	5.17791	0	14.1323	3.95818	8.03006	10.5813	0.480833	19.2746	10.806	19.4356	8.16088	
16.4929	7.12764	10.8248	9.28	8.96108	12.3379	23.445	14.3311	11.6579	13.3944	14.1323	0	10.1741	14.5341	3.7108	13.8112	5.89632	6.71751	3.73423	11.1723	
7.8486	17.3017	20.9989	14.1237	8.15	11.4279	10.9268	6.68584	8.4822	10.0094	3.95818	10.1741	0	13.048	13.5227	4.43901	16.9126	9.77272	13.9083	10.7114	
9.60508	12.0416	8.47305	17.3417	4.898	14.7596	8.1132	10.7678	11.3329	10.8306	8.03006	14.5341	13.048	0	12.5134	7.54923	2.42332	7.14157	4.58541	7.45944	
16.9693	10.8384	14.2553	12.9908	5.99357	16.0487	17.9662	15.8066	14.3114	11.6216	10.5813	3.7108	13.5227	12.5134	0	10.1004	8.54988	3.75	6.3878	8.20477	
17.0501	19.5908	16.0223	8.81144	5.45	16.0405	14.5889	14.3703	13.0919	4.69707	0.480833	13.8112	4.43901	7.54923	10.1004	0	9.97255	7.69357	16.3232	8.01144	
12.0284	14.4649	7.73817	12.5217	7.32132	18.0338	10.5365	10.7059	8.90955	8.40729	19.2746	5.89632	16.9126	2.42332	8.54988	9.97255	0	7.13987	2.16208	11.5946	
22.982	13.8452	14.878	11.9859	2.24357	16.2177	11.3825	16.4586	16.0494	7.87158	10.806	6.71751	9.77272	7.14157	3.75	7.69357	7.13987	0	9.30195	4.45477	
11.8818	10.8619	9.90025	13.0142	10.8732	15.8717	20.0122	9.71999	7.92364	10.5694	19.4356	3.73423	13.9083	4.58541	6.3878	16.3232	2.16208	9.30195	0	13.4347	
15.7722	17.4294	22.25	16.6861	2.56144	16.5355	8.07886	12.3199	25.5461	10.9058	8.16088	11.1723	10.7114	7.45944	8.20477	8.01144	11.5946	4.45477	13.4347	0	

0	11.4775	16.2187	8.25391	13.0895	2.15035	8.85604	4.38269	2.55633	12.0934	12.1916	10.1823	16.4632	12.9585	9.15035	10.7213	15.9995	11.6619	11.4793	14.0909	
11.4775	0	16.6152	20.0674	18.5815	9.33836	11.0047	7.09479	16.1547	21.3105	12.4424	16.0718	18.9569	22.2038	17.5402	13.6444	18.0101	15.4402	15.4454	16.803	
16.2187	16.6152	0	15.9514	15.6017	14.683	19.9621	16.876	13.6624	11.376	11.0378	16.4732	15.3918	5.5886	7.60568	17.3567	5.47008	5.50568	7.34959	8.9705	
8.25391	20.0674	15.9514	0	5.76752	12.4176	11.9973	14.7575	5.69759	2.19135	7.62499	21.7941	11.2242	9.557	5.18135	8.82707	11.2542	8.06168	7.84577	12.2537	
13.0895	18.5815	15.6017	5.76752	0	10.6709	11.0429	21.4664	13.7389	3.57617	3.30208	14.0583	5.95	10.9418	6.56617	2.1	11.7068	9.4465	9.23059	11.54	
2.15035	9.33836	14.683	12.4176	10.6709	0	13.0197	2.24357	4.70667	9.99	9.77301	10.0099	18.6826	10.8081	7	8.57093	12.9645	9.1	9.7828	11.9518	
8.85604	11.0047	19.9621	11.9973	11.0429	13.0197	0	15.3596	6.29971	10.0951	17.182	5.73764	12.028	25.2454	7.22353	13.1429	13.089	6.28463	4.44072	17.618	
4.38269	7.09479	16.876	14.7575	21.4664	2.24357	15.3596	0	6.93902	16.4761	17.053	8.97697	15.2982	13.0517	9.24357	10.8145	15.3265	11.3704	10.2739	9.70824	
2.55633	16.1547	13.6624	5.69759	13.7389	4.70667	6.29971	6.93902	0	7.88893	11.039	12.7387	13.9069	16.4721	13.72	12.2411	16.6067	14.2182	10.7404	18.3838	
12.0934	21.3105	11.376	2.19135	3.57617	9.99	10.0951	16.4761	7.88893	0	9.71526	5.99987	9.03285	7.36565	2.99	5.67617	8.95449	5.09	5.65442	9.33516	
12.1916	12.4424	11.0378	7.62499	3.30208	9.77301	17.182	17.053	11.039	9.71526	0	15.1234	6.51451	12.353	11.5322	1.20208	5.56771	10.8096	14.216	7.34479	
10.1823	16.0718	16.4732	21.7941	14.0583	10.0099	5.73764	8.97697	12.7387	5.99987	15.1234	0	8.60886	12.8029	3.00987	15.9623	8.97436	3.14083	1.29692	11.5545	
16.4632	18.9569	15.3918	11.2242	5.95	18.6826	12.028	15.2982	13.9069	9.03285	6.51451	8.60886	0	14.1601	11.6187	7.71659	9.92174	9.05482	9.90578	5.59	
12.9585	22.2038	5.5886	9.557	10.9418	10.8081	25.2454	13.0517	16.4721	7.36565	12.353	12.8029	14.1601	0	9.79306	18.7182	6.78531	11.0943	12.5759	8.57013	
9.15035	17.5402	7.60568	5.18135	6.56617	7	7.22353	9.24357	13.72	2.99	11.5322	3.00987	11.6187	9.79306	0	13.1485	5.96449	2.1	2.7828	5.56482	
10.7213	13.6444	17.3567	8.82707	2.1	8.57093	13.1429	10.8145	12.2411	5.67617	1.20208	15.9623	7.71659	18.7182	13.1485	0	6.76979	12.1961	14.6654	8.54688	
15.9995	18.0101	5.47008	11.2542	11.7068	12.9645	13.089	15.3265	16.6067	8.95449	5.56771	8.97436	9.92174	6.78531	5.96449	6.76979	0	5.38416	7.22807	5.61826	
11.6619	15.4402	5.50568	8.06168	9.4465	9.1	6.28463	11.3704	14.2182	5.09	10.8096	3.14083	9.05482	11.0943	2.1	12.1961	5.38416	0	1.84391	3.46482	
11.4793	15.4454	7.34959	7.84577	9.23059	9.7828	4.44072	10.2739	10.7404	5.65442	14.216	1.29692	9.90578	12.5759	2.7828	14.6654	7.22807	1.84391	0	5.30873	
14.0909	16.803	8.9705	12.2537	11.54	11.9518	17.618	9.70824	18.3838	9.33516	7.34479	11.5545	5.59	8.57013	5.56482	8.54688	5.61826	3.46482	5.30873	0	

0	11.4218	20.3602	8.01115	12.2539	4.45881	13.4472	5.32184	6.1022	13.0609	16.6623	14.027	9.40394	18.5851	18.267	18.1896	19.3257	11.7088	10.183	22.2389	
11.4218	0	16.1827	19.3055	20.8336	10.0914	19.0798	16.3122	17.524	18.773	28.0841	16.3456	20.096	13.4866	11.233	16.9034	13.025	15.133	15.8157	19.4113	
20.3602	16.1827	0	13.0223	26.0959	13.5122	12.1166	30.95	34.1693	7.29932	20.5816	9.33088	13.8128	12.8236	4.94975	10.6202	9.606	8.84975	7.78799	13.1281	
8.01115	19.3055	13.0223	0	8.77438	8.91012	21.4467	2.68931	4.95428	6.66348	17.7676	5.12	11.6244	10.1922	8.07257	13.743	13.043	8.72624	6.66289	13.2992	
12.2539	20.8336	26.0959	8.77438	0	12.4194	22.0705	11.4637	12.1799	7.06191	8.99323	6.66566	2.85	7.347	6.95941	8.15	11.1166	3.05941	13.7394	6.45105	
4.45881	10.0914	13.5122	8.91012	12.4194	0	8.98839	6.2208	8.48578	11.7346	20.5058	7.26712	11.6649	12.1166	10.7206	18.9785	17.5819	9.36	5.72423	19.5332	
13.4472	19.0798	12.1166	21.4467	22.0705	8.98839	0	15.2092	18.9284	19.4159	24.0426	16.3267	18.5152	12.3631	13.5639	15.0959	8.59347	18.3484	14.7126	18.466	
5.32184	16.3122	30.95	2.68931	11.4637	6.2208	15.2092	0	2.26497	9.35279	17.7322	7.80931	14.7258	12.8815	10.7619	16.2048	22.7073	11.3854	11.945	15.9885	
6.1022	17.524	34.1693	4.95428	12.1799	8.48578	18.9284	2.26497	0	13.1229	21.696	12.7267	11.4253	15.4204	13.0204	18.4698	19.19	9.12044	15.6642	22.5838	
13.0609	18.773	7.29932	6.66348	7.06191	11.7346	19.4159	9.35279	13.1229	0	13.2822	5.82409	6.30739	5.52424	7.54	12.4003	9.29385	4.0025	7.36697	15.7184	
16.6623	28.0841	20.5816	17.7676	8.99323	20.5058	24.0426	17.7322	21.696	13.2822	0	12.4475	10.7904	16.0135	7.19777	1.52735	8.02981	12.0526	14.6283	5.5766	
14.027	16.3456	9.33088	5.12	6.66566	7.26712	16.3267	7.80931	12.7267	5.82409	12.4475	0	5.91113	7.9353	5.11265	10.7831	10.0831	3.60624	1.54289	13.291	
9.40394	20.096	13.8128	11.6244	2.85	11.6649	18.5152	14.7258	11.4253	6.30739	10.7904	5.91113	0	10.197	6.20489	9.2631	9.92174	2.30489	13.5527	9.30105	
18.5851	13.4866	12.8236	10.1922	7.347	12.1166	12.3631	12.8815	15.4204	5.52424	16.0135	7.9353	10.197	0	8.74003	10.2721	3.76962	9.52674	6.39241	10.4369	
18.267	11.233	4.94975	8.07257	6.95941	10.7206	13.5639	10.7619	13.0204	7.54	7.19777	5.11265	6.20489	8.74003	0	5.67041	4.97041	3.9	4.9964	8.17839	
18.1896	16.9034	10.6202	13.743	8.15	18.9785	15.0959	16.2048	18.4698	12.4003	1.52735	10.7831	9.2631	10.2721	5.67041	0	6.50246	9.57041	10.6668	7.10395	
19.3257	13.025	9.606	13.043	11.1166	17.5819	8.59347	22.7073	19.19	9.29385	8.02981	10.0831	9.92174	3.76962	4.97041	6.50246	0	8.87041	9.96681	10.7683	
11.7088	15.133	8.84975	8.72624	3.05941	9.36	18.3484	11.3854	9.12044	4.0025	12.0526	3.60624	2.30489	9.52674	3.9	9.57041	8.87041	0	5.14913	9.51046	
10.183	15.8157	7.78799	6.66289	13.7394	5.72423	14.7126	11.945	15.6642	7.36697	14.6283	1.54289	13.5527	6.39241	4.9964	10.6668	9.96681	5.14913	0	13.1748	
22.2389	19.4113	13.1281	13.2992	6.45105	19.5332	18.466	15.9885	22.5838	15.7184	5.5766	13.291	9.30105	10.4369	8.17839	7.10395	10.7683	9.51046	13.1748	0	

0	16.9772	29.023	7.02026	8.48891	3.13065	8.37214	3.80132	1.36062	4.19237	14.3361	15.8238	10.0515	9.18747	11.5304	9.82886	15.9626	8.20095	18.6041	10.3863	
16.9772	0	20.9668	20.4916	20.4506	20.0123	9.73982	16.447	20.977	12.7848	27.6311	20.0023	17.9006	22.1565	27.9298	18.4213	24.555	20.1227	26.4826	29.0489	
29.023	20.9668	0	20.4132	12.1701	25.9348	23.4322	18.8262	16.9708	12.9084	9.77502	12.3225	16.8178	13.297	12.8904	7.27186	6.404	10.1304	14.4222	13.25	
7.02026	20.4916	20.4132	0	10.0584	3.8896	14.1621	12.15	10.1196	7.78152	15.0951	8.1153	12.6084	17.2892	10.3619	13.418	14.1332	11.152	5.99103	11.9558	
8.48891	20.4506	12.1701	10.0584	0	11.6196	16.8611	12.2902	8.87994	8.40915	8.65316	4.23164	2.55	11.4273	4.79961	6.15	6.37035	2.03961	13.9328	1.89737	
3.13065	20.0123	25.9348	3.8896	11.6196	0	10.2724	6.93197	4.49128	7.32303	11.2055	12.8496	13.6174	12.3181	16.3998	13.7086	18.0228	13.0703	9.88064	18.1422	
8.37214	9.73982	23.4322	14.1621	16.8611	10.2724	0	12.1735	9.73277	12.5645	18.6635	10.2625	23.8898	17.5596	11.6643	16.1603	21.4336	12.4545	12.3867	19.8583	
3.80132	16.447	18.8262	12.15	12.2902	6.93197	12.1735	0	4.52994	7.99369	15.8897	18.9931	15.7021	12.9888	14.6997	13.3866	12.4222	11.3703	21.7104	15.9215	
1.36062	20.977	16.9708	10.1196	8.87994	4.49128	9.73277	4.52994	0	5.553	13.6148	9.03236	19.8474	10.4315	9.60033	13.8274	11.1711	6.84033	16.5874	17.1336	
4.19237	12.7848	12.9084	7.78152	8.40915	7.32303	12.5645	7.99369	5.553	0	8.13965	9.52995	5.85915	11.0485	10.0979	5.63649	11.6687	7.33792	13.7726	12.2853	
14.3361	27.6311	9.77502	15.0951	8.65316	11.2055	18.6635	15.8897	13.6148	8.13965	0	12.5145	9.73053	9.60831	16.7318	2.50316	13.072	9.49021	10.3902	6.93675	
15.8238	20.0023	12.3225	8.1153	4.23164	12.8496	10.2625	18.9931	9.03236	9.52995	12.5145	0	11.4311	10.384	1.40186	9.17908	6.52277	2.19203	2.12426	9.59587	
10.0515	17.9006	16.8178	12.6084	2.55	13.6174	23.8898	15.7021	19.8474	5.85915	9.73053	11.4311	0	16.6511	10.0292	8.7	15.1593	4.58961	11.8064	4.44737	
9.18747	22.1565	13.297	17.2892	11.4273	12.3181	17.5596	12.9888	10.4315	11.0485	9.60831	10.384	16.6511	0	11.7858	7.10515	6.89301	9.38765	11.2982	11.6248	
11.5304	27.9298	12.8904	10.3619	4.79961	16.3998	11.6643	14.6997	9.60033	10.0979	16.7318	1.40186	10.0292	11.7858	0	9.74705	7.09074	2.76	3.52612	10.9977	
9.82886	18.4213	7.27186	13.418	6.15	13.7086	16.1603	13.3866	13.8274	5.63649	2.50316	9.17908	8.7	7.10515	9.74705	0	11.3178	6.98705	12.8934	8.04737	
15.9626	24.555	6.404	14.1332	6.37035	18.0228	21.4336	12.4222	11.1711	11.6687	13.072	6.52277	15.1593	6.89301	7.09074	11.3178	0	4.33074	13.2954	14.5066	
8.20095	20.1227	10.1304	11.152	2.03961	13.0703	12.4545	11.3703	6.84033	7.33792	9.49021	2.19203	4.58961	9.38765	2.76	6.98705	4.33074	0	4.3163	3.93697	
18.6041	26.4826	14.4222	5.99103	13.9328	9.88064	12.3867	21.7104	16.5874	13.7726	10.3902	2.12426	11.8064	11.2982	3.52612	12.8934	13.2954	4.3163	0	11.7201	
10.3863	29.0489	13.25	11.9558	1.89737	18.1422	19.8583	15.9215	17.1336	12.2853	6.93675	9.59587	4.44737	11.6248	10.9977	8.04737	14.5066	3.93697	11.7201	0	

0	8.40686	18.6888	4.42719	13.5555	4.93315	22.3757	3.08577	5.93727	6.52909	23.0552	8.76812	17.0388	27.4121	7.99775	22.6451	10.7086	8.91673	11.9433	15.3794	
8.40686	0	26.8595	5.56561	20.2687	8.8904	15.9379	5.32109	12.5065	7.66751	24.0383	16.4456	19.2742	24.6419	9.13617	25.5687	11.847	11.152	20.6288	16.5179	
