10
5
2
2
50

6	11
10	43
1	33
14	23
27	48

12	21
1	2
11	28
2	10
14	5
10	12
23	24
24	11
8	30
11	27

150

1.79769e+308
1.79769e+308
1.79769e+308
1.79769e+308
1.79769e+308

11
15
11
14
17
13
14
15
13
17

0
0
0
0
0

0

0	8.21496	1.49502	2.06917	12.1611	1.37693	6.14832	5.1304	3.97465	3.02694	0.383367	3.6075	6.32244	7.285	2.3382
8.21496	0	6.71994	6.45719	11.0277	6.12344	6.23604	7.99032	6.68021	4.69505	6.95665	3.96043	1.39956	5.73133	5.00182
1.49502	6.71994	0	1.40355	6.82966	2.09579	9.0415	3.58284	5.46967	4.52197	1.87839	2.98888	5.54975	1.95357	3.14843
2.06917	6.45719	1.40355	0	5.42611	0.692236	9.02072	2.17929	8.36715	3.21759	3.69971	4.39243	7.31494	0.550015	1.27952
12.1611	11.0277	6.82966	5.42611	0	6.11834	9.29786	7.60539	13.2623	9.49378	12.3833	16.055	13.4509	5.12049	5.85
1.37693	6.12344	2.09579	0.692236	6.11834	0	5.64673	2.87152	5.35158	2.52535	1.7603	6.49828	5.82084	1.24225	1.12162
6.14832	6.23604	9.0415	9.02072	9.29786	5.64673	0	6.22487	4.88646	3.12138	7.92985	7.39735	4.83648	7.49467	9.82994
5.1304	7.99032	3.58284	2.17929	7.60539	2.87152	6.22487	0	8.70917	3.10349	4.74704	6.67288	6.39898	2.7293	2.9885
3.97465	6.68021	5.46967	8.36715	13.2623	5.35158	4.88646	8.70917	0	7.00159	4.35801	7.84152	5.28064	7.49119	6.76169
3.02694	4.69505	4.52197	3.21759	9.49378	2.52535	3.12138	3.10349	7.00159	0	3.41031	5.85636	3.29549	4.37329	3.64698
0.383367	6.95665	1.87839	3.69971	12.3833	1.7603	7.92985	4.74704	4.35801	3.41031	0	3.22413	5.785	2.68434	1.95483
3.6075	3.96043	2.98888	4.39243	16.055	6.49828	7.39735	6.67288	7.84152	5.85636	3.22413	0	2.56087	9.9356	5.17896
6.32244	1.39956	5.54975	7.31494	13.4509	5.82084	4.83648	6.39898	5.28064	3.29549	5.785	2.56087	0	6.29957	5.57006
7.285	5.73133	1.95357	0.550015	5.12049	1.24225	7.49467	2.7293	7.49119	4.37329	2.68434	9.9356	6.29957	0	0.729505
2.3382	5.00182	3.14843	1.27952	5.85	1.12162	9.82994	2.9885	6.76169	3.64698	1.95483	5.17896	5.57006	0.729505	0
														
0	3.89893	3.99199	10.8861	9.88058	6.93172	11.7584	5.97654	3.01315	5.44017	1.40945	4.64324	3.58287	5.41009	5.43939
3.89893	0	6.09766	4.10206	9.55272	3.03279	7.80315	2.84468	6.91208	1.54124	3.88073	6.22274	3.56945	1.51116	1.54046
3.99199	6.09766	0	7.54098	12.0896	6.66704	16.4071	7.46943	7.00514	10.1452	5.40144	10.8168	6.64479	4.5865	6.89242
10.8861	4.10206	7.54098	0	2.31457	1.06927	10.2754	0.727091	5.50327	4.01349	4.49024	1.25645	4.19423	2.95448	2.03131
9.88058	9.55272	12.0896	2.31457	0	1.97996	14.4732	1.58748	11.509	6.70531	6.15457	3.94827	6.2977	4.47041	2.8917
6.93172	3.03279	6.66704	1.06927	1.97996	0	14.1263	0.39248	8.96906	4.57403	4.95957	2.32573	4.13883	2.08054	1.6967
11.7584	7.80315	16.4071	10.2754	14.4732	14.1263	0	14.2688	14.9545	6.26191	15.1958	10.9434	8.17554	10.2338	12.9646
5.97654	2.84468	7.46943	0.727091	1.58748	0.39248	14.2688	0	7.62088	4.74059	4.56709	1.98354	4.94122	2.47302	1.30421
3.01315	6.91208	7.00514	5.50327	11.509	8.96906	14.9545	7.62088	0	8.69261	3.05379	4.24682	6.59603	9.79134	10.6889
5.44017	1.54124	10.1452	4.01349	6.70531	4.57403	6.26191	4.74059	8.69261	0	5.42197	4.6815	7.61929	3.0524	3.0817
1.40945	3.88073	5.40144	4.49024	6.15457	4.95957	15.1958	4.56709	3.05379	5.42197	0	3.23379	4.99233	5.39189	5.42119
4.64324	6.22274	10.8168	1.25645	3.94827	2.32573	10.9434	1.98354	4.24682	4.6815	3.23379	0	2.93778	4.21093	5.35327
3.58287	3.56945	6.64479	4.19423	6.2977	4.13883	8.17554	4.94122	6.59603	7.61929	4.99233	2.93778	0	2.05829	6.45794
5.41009	1.51116	4.5865	2.95448	4.47041	2.08054	10.2338	2.47302	9.79134	3.0524	5.39189	4.21093	2.05829	0	3.05162
5.43939	1.54046	6.89242	2.03131	2.8917	1.6967	12.9646	1.30421	10.6889	3.0817	5.42119	5.35327	6.45794	3.05162	0
														
0	3.48422	5.2352	3.4657	7.32803	5.71786	1.64897	2.92128	1.6239	4.71394	3.17919	3.87547	14.8322	5.12274	5.69185
3.48422	0	5.83171	4.06221	7.51431	9.13528	1.83525	3.51779	2.22041	9.4422	3.7757	4.47198	13.7433	4.03384	7.17056
5.2352	5.83171	0	2.82179	11.2476	1.76724	5.56854	4.90868	3.6113	12.0787	5.16658	3.6319	2.28912	3.30039	3.40197
3.4657	4.06221	2.82179	0	11.1082	1.05455	5.07232	3.13917	1.8418	10.5435	3.39708	3.73509	4.29067	9.78605	2.68928
7.32803	7.51431	11.2476	11.1082	0	9.03333	5.67906	1.40604	2.70341	8.66288	5.35311	8.84656	8.17601	3.40094	7.7028
5.71786	9.13528	1.76724	1.05455	9.03333	0	6.97004	7.6273	2.89635	6.77134	6.28948	3.32194	3.23612	5.06763	1.63473
1.64897	1.83525	5.56854	5.07232	5.67906	6.97004	0	4.5279	3.23052	7.52915	4.7858	5.48209	7.85766	5.86909	5.33531
2.92128	3.51779	4.90868	3.13917	1.40604	7.6273	4.5279	0	1.29738	4.42893	2.85266	3.54895	6.76997	1.99491	6.29677
1.6239	2.22041	3.6113	1.8418	2.70341	2.89635	3.23052	1.29738	0	2.03714	1.55528	2.25157	5.90042	3.29228	3.93878
4.71394	9.4422	12.0787	10.5435	8.66288	6.77134	7.52915	4.42893	2.03714	0	0.481855	8.38643	14.0031	9.25175	6.69921
3.17919	3.7757	5.16658	3.39708	5.35311	6.28948	4.7858	2.85266	1.55528	0.481855	0	3.80685	9.5256	5.94198	7.18107
3.87547	4.47198	3.6319	3.73509	8.84656	3.32194	5.48209	3.54895	2.25157	8.38643	3.80685	0	5.92102	6.34825	1.68722
14.8322	13.7433	2.28912	4.29067	8.17601	3.23612	7.85766	6.76997	5.90042	14.0031	9.5256	5.92102	0	5.58951	4.87085
5.12274	4.03384	3.30039	9.78605	3.40094	5.06763	5.86909	1.99491	3.29228	9.25175	5.94198	6.34825	5.58951	0	4.66103
5.69185	7.17056	3.40197	2.68928	7.7028	1.63473	5.33531	6.29677	3.93878	6.69921	7.18107	1.68722	4.87085	4.66103	0
														
0	13.0235	7.28981	2.9174	10.3901	6.37902	3.56897	4.12231	2.80335	1.02286	3.22514	5.63381	1.60507	2.31405	9.09193
13.0235	0	4.73495	5.68789	21.2057	12.2911	9.87018	3.86631	19.8401	18.6056	4.69157	7.67488	7.00022	6.98948	5.43284
7.28981	4.73495	0	4.35819	5.00338	4.13447	6.87251	0.868642	10.2419	2.96948	1.6939	11.0231	3.29199	1.67829	2.43518
2.9174	5.68789	4.35819	0	9.73284	7.41041	7.21732	3.32289	4.36999	6.24542	4.31481	1.98699	1.31233	2.92603	1.75635
10.3901	21.2057	5.00338	9.73284	0	7.2348	17.4811	5.87202	14.009	6.06981	9.42917	8.06284	6.39231	4.77862	9.19356
6.37902	12.2911	4.13447	7.41041	7.2348	0	7.61449	5.57935	6.84888	3.74737	7.10673	9.67211	4.06988	2.45618	6.87112
3.56897	9.87018	6.87251	7.21732	17.4811	7.61449	0	6.00387	0.765613	2.84971	6.82913	6.7118	3.82327	7.51869	7.57041
4.12231	3.86631	0.868642	3.32289	5.87202	5.57935	6.00387	0	6.42233	3.02755	0.82526	5.47654	3.36467	2.54693	1.56654
2.80335	19.8401	10.2419	4.36999	14.009	6.84888	0.765613	6.42233	0	2.0841	4.28639	5.94619	3.05766	3.37529	12.5907
1.02286	18.6056	2.96948	6.24542	6.06981	3.74737	2.84971	3.02755	2.0841	0	2.20229	7.90318	2.62793	1.29119	5.70613
3.22514	4.69157	1.6939	4.31481	9.42917	7.10673	6.82913	0.82526	4.28639	2.20229	0	10.1774	4.18993	3.49348	2.3918
5.63381	7.67488	11.0231	1.98699	8.06284	9.67211	6.7118	5.47654	5.94619	7.90318	10.1774	0	3.29932	5.64244	3.74334
1.60507	7.00022	3.29199	1.31233	6.39231	4.06988	3.82327	3.36467	3.05766	2.62793	4.18993	3.29932	0	1.6137	3.06868
2.31405	6.98948	1.67829	2.92603	4.77862	2.45618	7.51869	2.54693	3.37529	1.29119	3.49348	5.64244	1.6137	0	4.41494
9.09193	5.43284	2.43518	1.75635	9.19356	6.87112	7.57041	1.56654	12.5907	5.70613	2.3918	3.74334	3.06868	4.41494	0
														
0	10.2547	9.99806	3.25939	7.115	2.19125	8.07736	5.18746	4.64935	0.773968	4.68449	5.5466	4.9061	6.11727	3.56336
10.2547	0	13.2896	7.49582	9.89099	8.06349	14.9805	5.6255	16.2053	16.523	11.6395	5.20861	12.3909	7.66995	9.18673
9.99806	13.2896	0	3.91272	7.01084	6.95512	9.61974	6.32813	5.40861	8.62457	2.48762	8.08095	5.24561	4.28367	4.58738
3.25939	7.49582	3.91272	0	2.72743	2.6717	11.1654	2.99061	4.34609	4.03336	1.4251	2.28721	4.18309	1.53748	0.303969
7.115	9.89099	7.01084	2.72743	0	4.79119	5.89366	5.38578	2.46565	6.43696	5.38664	4.68238	13.6021	3.65697	2.42346
2.19125	8.06349	6.95512	2.6717	4.79119	0	6.91701	2.99621	6.8406	2.96522	6.72632	3.69961	6.94344	3.60125	2.36773
8.07736	14.9805	9.61974	11.1654	5.89366	6.91701	0	7.38053	3.42801	7.39931	6.349	10.7823	12.9205	5.33607	6.56959
5.18746	5.6255	6.32813	2.99061	5.38578	2.99621	7.38053	0	9.55133	7.38776	6.82834	0.7034	9.93965	2.04446	3.27797
4.64935	16.2053	5.40861	4.34609	2.46565	6.8406	3.42801	9.55133	0	3.97131	2.92099	7.14803	5.67898	7.22361	4.88911
0.773968	16.523	8.62457	4.03336	6.43696	2.96522	7.39931	7.38776	3.97131	0	6.89012	9.94051	4.13213	5.2707	4.03718
4.68449	11.6395	2.48762	1.4251	5.38664	6.72632	6.349	6.82834	2.92099	6.89012	0	3.71231	2.75799	6.77129	1.72907
5.5466	5.20861	8.08095	2.28721	4.68238	3.69961	10.7823	0.7034	7.14803	9.94051	3.71231	0	7.90842	2.74786	2.59118
4.9061	12.3909	5.24561	4.18309	13.6021	6.94344	12.9205	9.93965	5.67898	4.13213	2.75799	7.90842	0	9.47543	5.92517
6.11727	7.66995	4.28367	1.53748	3.65697	3.60125	5.33607	2.04446	7.22361	5.2707	6.77129	2.74786	9.47543	0	1.23352
3.56336	9.18673	4.58738	0.303969	2.42346	2.36773	6.56959	3.27797	4.88911	4.03718	1.72907	2.59118	5.92517	1.23352	0
														
0	9.95109	3.02699	3.63946	11.4165	3.41734	7.2691	4.24275	1.99617	5.28759	4.1004	7.05116	10.0497	4.7611	6.46353
9.95109	0	3.03217	7.52411	7.52977	5.7721	9.40566	8.1274	4.06298	6.22067	5.1917	9.2749	15.9871	4.21169	11.575
3.02699	3.03217	0	2.34781	4.4976	2.73993	6.37349	3.56535	1.03082	7.8548	2.15954	5.37578	7.01994	1.17952	6.0168
3.63946	7.52411	2.34781	0	7.44393	0.222124	4.48667	1.04754	2.37398	3.38766	2.98695	4.47196	4.92159	1.16829	3.88433
11.4165	7.52977	4.4976	7.44393	0	7.23754	10.8711	9.70748	5.52842	11.5577	6.65714	3.95736	2.52234	5.67712	9.09107
3.41734	5.7721	2.73993	0.222124	7.23754	0	3.16594	0.825412	2.5961	3.60978	3.20907	5.93988	5.14371	1.39042	4.05253
7.2691	9.40566	6.37349	4.48667	10.8711	3.16594	0	2.34053	5.9546	7.21132	6.33445	11.5338	13.7968	6.44316	5.56764
4.24275	8.1274	3.56535	1.04754	9.70748	0.825412	2.34053	0	4.52012	4.8708	5.13309	3.81474	7.06773	2.56903	3.22711
1.99617	4.06298	1.03082	2.37398	5.52842	2.5961	5.9546	4.52012	0	5.76164	3.19035	13.4118	7.29557	2.21033	6.25831
5.28759	6.22067	7.8548	3.38766	11.5577	3.60978	7.21132	4.8708	5.76164	0	6.3746	3.05423	4.48925	4.55595	3.64186
4.1004	5.1917	2.15954	2.98695	6.65714	3.20907	6.33445	5.13309	3.19035	6.3746	0	5.9825	7.90854	3.33906	5.39487
7.05116	9.2749	5.37578	4.47196	3.95736	5.93988	11.5338	3.81474	13.4118	3.05423	5.9825	0	1.43502	4.19626	0.587628
10.0497	15.9871	7.01994	4.92159	2.52234	5.14371	13.7968	7.06773	7.29557	4.48925	7.90854	1.43502	0	5.63127	2.02265
4.7611	4.21169	1.17952	1.16829	5.67712	1.39042	6.44316	2.56903	2.21033	4.55595	3.33906	4.19626	5.63127	0	4.78388
6.46353	11.575	6.0168	3.88433	9.09107	4.05253	5.56764	3.22711	6.25831	3.64186	5.39487	0.587628	2.02265	4.78388	0
														
0	3.38342	3.03035	3.07903	2.83419	1.15653	3.54121	1.66755	5.95499	0.541649	0.608942	2.90538	5.08661	2.73595	2.76762
3.38342	0	2.32285	2.37152	4.37644	4.13096	2.83371	1.33796	13.5349	4.84497	2.39656	2.19788	4.37911	2.02845	2.06012
3.03035	2.32285	0	2.01845	10.8128	3.77789	2.48064	0.984888	5.76167	4.4919	2.04349	1.84481	3.32365	1.19025	1.70704
3.07903	2.37152	2.01845	0	9.66043	3.82656	2.52931	1.03356	0.501973	4.54058	2.09217	1.89348	3.25319	1.72405	1.75572
2.83419	4.37644	10.8128	9.66043	0	12.8892	11.3348	5.7144	7.70588	2.29254	7.95273	7.28716	11.9097	6.62931	7.51701
1.15653	4.13096	3.77789	3.82656	12.8892	0	4.28875	2.793	8.30288	1.69818	1.76547	3.65292	5.83415	3.26664	3.51515
3.54121	2.83371	2.48064	2.52931	11.3348	4.28875	0	1.49575	3.2838	5.00276	2.55435	2.35567	4.5369	2.18624	2.2179
1.66755	1.33796	0.984888	1.03356	5.7144	2.793	1.49575	0	1.53554	2.58711	1.0586	0.859921	3.04115	0.690489	0.722156
5.95499	13.5349	5.76167	0.501973	7.70588	8.30288	3.2838	1.53554	0	5.41334	5.68372	2.96157	2.75122	5.9233	2.85639
0.541649	4.84497	4.4919	4.54058	2.29254	1.69818	5.00276	2.58711	5.41334	0	1.15059	4.36693	6.54816	4.1975	4.22917
0.608942	2.39656	2.04349	2.09217	7.95273	1.76547	2.55435	1.0586	5.68372	1.15059	0	1.91852	4.09975	1.74909	1.78076
2.90538	2.19788	1.84481	1.89348	7.28716	3.65292	2.35567	0.859921	2.96157	4.36693	1.91852	0	3.90107	1.55041	1.58208
5.08661	4.37911	3.32365	3.25319	11.9097	5.83415	4.5369	3.04115	2.75122	6.54816	4.09975	3.90107	0	3.73164	3.76331
2.73595	2.02845	1.19025	1.72405	6.62931	3.26664	2.18624	0.690489	5.9233	4.1975	1.74909	1.55041	3.73164	0	1.41265
2.76762	2.06012	1.70704	1.75572	7.51701	3.51515	2.2179	0.722156	2.85639	4.22917	1.78076	1.58208	3.76331	1.41265	0
														
0	7.44063	5.11748	2.28213	3.08292	4.59511	0.457702	2.64489	3.86845	6.02692	1.81006	5.42944	3.91334	3.25716	2.99427
7.44063	0	0.835656	3.671	3.40826	3.97189	6.87049	2.79551	5.36696	6.98815	4.00518	4.25173	7.90341	2.55808	2.44613
5.11748	0.835656	0	2.83534	4.24392	4.10488	11.9002	10.3209	5.96954	11.449	6.59713	5.09138	8.73906	3.39374	3.28179
2.28213	3.671	2.83534	0	2.51567	2.42471	2.73983	1.92185	4.28937	6.1145	3.76178	3.14731	5.86506	3.83852	1.57248
3.08292	3.40826	4.24392	2.51567	0	4.05791	10.8536	12.1619	4.03688	6.19535	1.27286	4.65049	3.37614	2.71995	4.08815
4.59511	3.97189	4.10488	2.42471	4.05791	0	5.62325	2.30722	1.86466	4.02313	2.78505	2.37062	4.88833	1.41381	3.99719
0.457702	6.87049	11.9002	2.73983	10.8536	5.62325	0	3.1026	4.32615	6.48093	2.26776	6.20307	8.03319	5.34024	4.42436
2.64489	2.79551	10.3209	1.92185	12.1619	2.30722	3.1026	0	6.51334	4.8914	2.34051	2.58705	14.0799	0.893413	0.349373
3.86845	5.36696	5.96954	4.28937	4.03688	1.86466	4.32615	6.51334	0	2.15847	2.81909	4.02092	3.71074	3.27847	6.70049
6.02692	6.98815	11.449	6.1145	6.19535	4.02313	6.48093	4.8914	2.15847	0	3.65555	6.1794	1.55227	7.53174	4.54202
1.81006	4.00518	6.59713	3.76178	1.27286	2.78505	2.26776	2.34051	2.81909	3.65555	0	3.14074	2.10328	1.4471	4.43682
5.42944	4.25173	5.09138	3.14731	4.65049	2.37062	6.20307	2.58705	4.02092	6.1794	3.14074	0	6.5685	1.69364	4.68336
3.91334	7.90341	8.73906	5.86506	3.37614	4.88833	8.03319	14.0799	3.71074	1.55227	2.10328	6.5685	0	3.55038	6.09429
3.25716	2.55808	3.39374	3.83852	2.71995	1.41381	5.34024	0.893413	3.27847	7.53174	1.4471	1.69364	3.55038	0	1.24279
2.99427	2.44613	3.28179	1.57248	4.08815	3.99719	4.42436	0.349373	6.70049	4.54202	4.43682	4.68336	6.09429	1.24279	0
														
0	15.1625	3.02925	5.91748	10.1224	1.59718	1.83903	4.03517	2.41434	10.8221	0.722846	5.91307	3.15821	5.05443	3.22888
15.1625	0	8.734	13.7678	12.4279	11.6731	14.0522	11.8092	14.1726	16.4123	11.0404	11.2789	12.6445	12.4222	11.5708
3.02925	8.734	0	5.21143	3.69394	2.93912	8.2675	5.37711	3.9979	7.67829	2.30641	8.58964	4.74177	7.21226	4.81244
5.91748	13.7678	5.21143	0	4.02876	4.53515	9.29698	3.73529	5.18174	8.79923	4.70304	4.80685	5.48509	5.95017	2.19701
10.1224	12.4279	3.69394	4.02876	0	5.40574	6.73372	3.37004	9.13252	7.47878	4.33779	4.66164	5.11984	3.51832	1.83176
1.59718	11.6731	2.93912	4.53515	5.40574	0	3.43622	2.43798	4.32823	10.1762	2.32003	7.27113	5.0721	5.75146	3.57398
1.83903	14.0522	8.2675	9.29698	6.73372	3.43622	0	6.52888	6.34085	7.17586	2.56188	4.35872	6.38652	3.2154	8.9718
4.03517	11.8092	5.37711	3.73529	3.37004	2.43798	6.52888	0	9.08443	7.27394	4.04432	4.4568	4.18571	3.31348	1.53829
2.41434	14.1726	3.9979	5.18174	9.13252	4.32823	6.34085	9.08443	0	13.1169	1.69149	9.98859	4.12686	8.41713	4.19753
10.8221	16.4123	7.67829	8.79923	7.47878	10.1762	7.17586	7.27394	13.1169	0	9.10826	5.10378	6.87872	3.96046	6.60222
0.722846	11.0404	2.30641	4.70304	4.33779	2.32003	2.56188	4.04432	1.69149	9.10826	0	3.80095	2.43537	6.72563	2.50604
5.91307	11.2789	8.58964	4.80685	4.66164	7.27113	4.35872	4.4568	9.98859	5.10378	3.80095	0	1.36558	1.14332	4.65367
3.15821	12.6445	4.74177	5.48509	5.11984	5.0721	6.38652	4.18571	4.12686	6.87872	2.43537	1.36558	0	2.5089	3.28808
5.05443	12.4222	7.21226	5.95017	3.51832	5.75146	3.2154	3.31348	8.41713	3.96046	6.72563	1.14332	2.5089	0	4.85177
3.22888	11.5708	4.81244	2.19701	1.83176	3.57398	8.9718	1.53829	4.19753	6.60222	2.50604	4.65367	3.28808	4.85177	0
														
0	7.7423	4.80501	3.94433	14.6902	1.87834	5.16075	4.03579	0.565782	3.30931	1.7148	7.61321	4.42771	2.53433	2.84039
7.7423	0	6.08482	4.93948	11.4348	5.16705	7.89671	4.06023	7.69012	7.94939	10.8932	5.23601	8.86708	4.51105	5.39034
4.80501	6.08482	0	7.20232	21.1119	2.22976	15.6708	2.3783	4.75283	7.28658	8.52154	9.00951	5.92979	1.57376	2.76363
3.94433	4.93948	7.20232	0	13.0464	2.14206	9.36604	3.2197	3.37855	8.68999	4.91257	2.23252	9.98459	2.79805	1.88959
14.6902	11.4348	21.1119	13.0464	0	15.1885	15.0895	15.495	14.1244	13.2381	15.6584	15.2789	14.3565	15.9459	14.936
1.87834	5.16705	2.22976	2.14206	15.1885	0	7.97496	1.46053	2.44412	5.18765	3.59314	4.37458	5.01202	0.655996	0.962056
5.16075	7.89671	15.6708	9.36604	15.0895	7.97496	0	5.7406	6.6624	1.85144	7.81142	11.4991	2.96985	8.66632	7.47645
4.03579	4.06023	2.3783	3.2197	15.495	1.46053	5.7406	0	3.98361	3.88916	9.63283	5.61208	5.00756	0.804536	1.33011
0.565782	7.69012	4.75283	3.37855	14.1244	2.44412	6.6624	3.98361	0	3.87509	1.53402	5.61107	6.85297	3.17907	4.36894
3.30931	7.94939	7.28658	8.68999	13.2381	5.18765	1.85144	3.88916	3.87509	0	5.02411	9.50124	1.11841	4.69369	5.21927
1.7148	10.8932	8.52154	4.91257	15.6584	3.59314	7.81142	9.63283	1.53402	5.02411	0	16.1292	5.31895	4.71309	8.30272
7.61321	5.23601	9.00951	2.23252	15.2789	4.37458	11.4991	5.61208	5.61107	9.50124	16.1292	0	10.766	6.41662	4.12211
4.42771	8.86708	5.92979	9.98459	14.3565	5.01202	2.96985	5.00756	6.85297	1.11841	5.31895	10.766	0	4.35603	5.54589
2.53433	4.51105	1.57376	2.79805	15.9459	0.655996	8.66632	0.804536	3.17907	4.69369	4.71309	6.41662	4.35603	0	1.18987
2.84039	5.39034	2.76363	1.88959	14.936	0.962056	7.47645	1.33011	4.36894	5.21927	8.30272	4.12211	5.54589	1.18987	0
														
0	3.81472	5.30233	3.99312	28.5693	6.01353	6.14333	6.7685	1.55563	8.23357	6.56842	4.24066	12.0281	3.08331	2.64522
3.81472	0	2.80486	5.35177	11.4412	4.62331	8.88436	8.00757	2.25909	8.92802	8.43189	6.34967	6.39065	3.60264	4.04072
5.30233	2.80486	0	2.54692	18.3434	4.71121	9.86289	5.20272	5.06395	9.58548	5.84737	7.81715	9.19551	6.40749	5.21227
3.99312	5.35177	2.54692	0	19.6397	4.02795	6.52316	3.26629	5.54874	4.9656	3.30045	4.26079	8.76009	3.10343	2.66535
28.5693	11.4412	18.3434	19.6397	0	10.8412	17.3729	16.815	11.8041	14.2267	22.1736	10.5856	19.0046	7.83853	8.27662
6.01353	4.62331	4.71121	4.02795	10.8412	0	7.03128	7.29424	6.88241	5.47372	3.80857	3.10594	4.46954	3.00263	3.36831
6.14333	8.88436	9.86289	6.52316	17.3729	7.03128	0	6.84126	6.62527	4.88786	3.22271	7.74362	6.38003	9.53434	8.78855
6.7685	8.00757	5.20272	3.26629	16.815	7.29424	6.84126	0	9.19949	4.38276	5.96188	5.71871	6.92013	4.56136	4.12328
1.55563	2.25909	5.06395	5.54874	11.8041	6.88241	6.62527	9.19949	0	8.53312	8.12405	6.71261	8.64975	3.96558	4.20085
8.23357	8.92802	9.58548	4.9656	14.2267	5.47372	4.88786	4.38276	8.53312	0	1.66515	2.59474	2.53737	5.34178	4.19018
6.56842	8.43189	5.84737	3.30045	22.1736	3.80857	3.22271	5.96188	8.12405	1.66515	0	4.25989	4.20252	6.8112	5.9658
4.24066	6.34967	7.81715	4.26079	10.5856	3.10594	7.74362	5.71871	6.71261	2.59474	4.25989	0	1.36359	2.03352	1.59544
12.0281	6.39065	9.19551	8.76009	19.0046	4.46954	6.38003	6.92013	8.64975	2.53737	4.20252	1.36359	0	4.11063	2.95903
3.08331	3.60264	6.40749	3.10343	7.83853	3.00263	9.53434	4.56136	3.96558	5.34178	6.8112	2.03352	4.11063	0	0.438085
2.64522	4.04072	5.21227	2.66535	8.27662	3.36831	8.78855	4.12328	4.20085	4.19018	5.9658	1.59544	2.95903	0.438085	0
														
0	3.75165	4.87822	5.78668	2.37153	4.15557	12.4204	1.56653	3.75452	3.13712	0.846892	4.1532	9.81713	5.33442	5.74433
3.75165	0	1.2986	6.12014	6.49961	6.42203	17.6264	8.68641	9.91254	7.76162	4.59854	3.53208	12.0138	3.53859	11.2588
4.87822	1.2986	0	4.82154	5.20102	5.12343	16.3278	4.75097	6.93896	6.32156	4.03133	4.11631	8.76826	2.24	3.9529
5.78668	6.12014	4.82154	0	6.01216	1.63111	10.5898	4.0013	7.60296	6.54938	6.36673	5.84485	3.94672	4.90464	3.19174
2.37153	6.49961	5.20102	6.01216	0	6.26026	10.2185	2.24427	4.43226	3.81486	1.52464	4.60641	11.52	4.53333	2.82042
4.15557	6.42203	5.12343	1.63111	6.26026	0	12.1952	3.8536	7.64325	7.02585	4.57323	4.21374	5.57783	6.09006	4.66316
12.4204	17.6264	16.3278	10.5898	10.2185	12.1952	0	8.20764	6.25947	8.89347	9.1671	13.123	9.91571	9.11098	7.39807
1.56653	8.68641	4.75097	4.0013	2.24427	3.8536	8.20764	0	3.62726	3.00986	0.719634	4.35978	9.50917	2.52247	0.809565
3.75452	9.91254	6.93896	7.60296	4.43226	7.64325	6.25947	3.62726	0	4.62008	2.90762	6.54777	3.65624	7.39516	9.13591
3.13712	7.76162	6.32156	6.54938	3.81486	7.02585	8.89347	3.00986	4.62008	0	2.29023	4.22954	8.27632	6.10585	5.00437
0.846892	4.59854	4.03133	6.36673	1.52464	4.57323	9.1671	0.719634	2.90762	2.29023	0	3.64015	6.56386	4.48753	1.5292
4.1532	3.53208	4.11631	5.84485	4.60641	4.21374	13.123	4.35978	6.54777	4.22954	3.64015	0	10.0599	1.87631	3.58922
9.81713	12.0138	8.76826	3.94672	11.52	5.57783	9.91571	9.50917	3.65624	8.27632	6.56386	10.0599	0	10.4125	7.13846
5.33442	3.53859	2.24	4.90464	4.53333	6.09006	9.11098	2.52247	7.39516	6.10585	4.48753	1.87631	10.4125	0	1.71291
5.74433	11.2588	3.9529	3.19174	2.82042	4.66316	7.39807	0.809565	9.13591	5.00437	1.5292	3.58922	7.13846	1.71291	0
														
0	1.96351	5.22501	3.79682	4.76281	0.700097	0.28793	3.51563	1.55681	0.973972	2.264	7.3989	6.02584	5.18429	3.36195
1.96351	0	8.44499	5.71751	1.35782	3.92008	1.67559	8.21475	7.53535	4.60219	8.57878	7.87833	9.24582	11.0486	8.36844
5.22501	8.44499	0	3.45367	10.143	4.52491	10.148	6.62246	9.19842	5.20702	5.47482	12.4325	9.85066	2.26338	5.37125
3.79682	5.71751	3.45367	0	4.35969	3.09672	4.28193	1.33396	3.68129	2.78392	1.4939	8.3057	5.86097	1.1903	1.18027
4.76281	1.35782	10.143	4.35969	0	4.47095	3.03341	7.9916	6.58033	3.78884	5.07886	6.52051	11.3334	5.54998	5.53996
0.700097	3.92008	4.52491	3.09672	4.47095	0	0.988027	7.81822	2.25691	0.682112	1.97214	10.8938	5.32575	4.28702	4.06204
0.28793	1.67559	10.148	4.28193	3.03341	0.988027	0	9.02878	1.84474	1.2619	2.88817	7.11097	13.2257	7.17187	3.64988
3.51563	8.21475	6.62246	1.33396	7.9916	7.81822	9.02878	0	5.71023	8.6429	6.03436	5.81009	3.49504	3.26156	0.153686
1.55681	7.53535	9.19842	3.68129	6.58033	2.25691	1.84474	5.71023	0	2.53079	2.1874	11.5203	6.55447	5.39884	4.91876
0.973972	4.60219	5.20702	2.78392	3.78884	0.682112	1.2619	8.6429	2.53079	0	1.29002	10.3093	5.6571	4.50147	4.33592
2.264	8.57878	5.47482	1.4939	5.07886	1.97214	2.88817	6.03436	2.1874	1.29002	0	9.7996	4.36707	2.68419	2.67417
7.3989	7.87833	12.4325	8.3057	6.52051	10.8938	7.11097	5.81009	11.5203	10.3093	9.7996	0	8.25915	9.496	5.96377
6.02584	9.24582	9.85066	5.86097	11.3334	5.32575	13.2257	3.49504	6.55447	5.6571	4.36707	8.25915	0	7.57852	3.64873
5.18429	11.0486	2.26338	1.1903	5.54998	4.28702	7.17187	3.26156	5.39884	4.50147	2.68419	9.496	7.57852	0	2.37057
3.36195	8.36844	5.37125	1.18027	5.53996	4.06204	3.64988	0.153686	4.91876	4.33592	2.67417	5.96377	3.64873	2.37057	0
														
0	10.1018	5.58905	4.81988	2.83316	1.23305	9.87631	2.59761	2.39807	3.42723	0.680959	1.60778	2.87491	4.94038	2.08992
10.1018	0	7.02867	4.51125	3.47114	5.07125	9.01087	6.34768	16.4156	11.0803	16.7229	7.33751	15.6838	8.26998	7.43775
5.58905	7.02867	0	3.19519	3.55753	4.356	12.966	4.34976	4.96977	7.4445	8.46638	7.70432	8.22828	2.42745	5.21287
4.81988	4.51125	3.19519	0	1.04011	2.64023	9.77085	4.38284	9.96847	4.35543	5.37732	6.58458	9.08442	5.62264	3.29277
2.83316	3.47114	3.55753	1.04011	0	1.60011	10.811	3.06731	10.426	11.4667	8.04814	5.78454	7.0977	5.98498	2.45699
1.23305	5.07125	4.356	2.64023	1.60011	0	8.05195	1.46719	3.63112	1.91953	1.91401	2.45702	5.49759	3.3895	0.856873
9.87631	9.01087	12.966	9.77085	10.811	8.05195	0	8.28515	7.47824	8.25774	9.27962	10.9619	12.7153	10.0206	7.19508
2.59761	6.34768	4.34976	4.38284	3.06731	1.46719	8.28515	0	4.46462	2.15273	3.17461	0.98983	6.96478	1.92231	1.09007
2.39807	16.4156	4.96977	9.96847	10.426	3.63112	7.47824	4.46462	0	7.58684	3.07903	4.00584	5.23703	2.54232	5.72885
3.42723	11.0803	7.4445	4.35543	11.4667	1.91953	8.25774	2.15273	7.58684	0	2.74627	5.72246	4.94022	4.2492	1.06266
0.680959	16.7229	8.46638	5.37732	8.04814	1.91401	9.27962	3.17461	3.07903	2.74627	0	2.28874	2.19395	5.27108	2.08455
1.60778	7.33751	7.70432	6.58458	5.78454	2.45702	10.9619	0.98983	4.00584	5.72246	2.28874	0	9.68202	2.91214	2.0799
2.87491	15.6838	8.22828	9.08442	7.0977	5.49759	12.7153	6.96478	5.23703	4.94022	2.19395	9.68202	0	5.80083	4.2785
4.94038	8.26998	2.42745	5.62264	5.98498	3.3895	10.0206	1.92231	2.54232	4.2492	5.27108	2.91214	5.80083	0	3.01238
2.08992	7.43775	5.21287	3.29277	2.45699	0.856873	7.19508	1.09007	5.72885	1.06266	2.08455	2.0799	4.2785	3.01238	0
														
0	6.66506	12.2531	2.97358	7.92966	5.80477	3.05737	4.07745	3.18554	5.91124	2.03143	6.96977	6.27717	6.20844	3.94268
6.66506	0	10.5701	8.05028	7.42753	8.36727	9.72243	7.56664	7.08544	9.14046	8.23955	10.0851	12.9422	8.77414	8.53222
12.2531	10.5701	0	4.32207	5.34305	3.8041	8.5492	3.00347	4.53662	8.58142	5.04948	4.17229	8.40432	2.4381	3.96905
2.97358	8.05028	4.32207	0	4.41494	2.51916	6.11757	2.98817	2.09626	4.45726	0.942153	2.79791	4.24483	1.88397	2.11414
7.92966	7.42753	5.34305	4.41494	0	3.21881	13.918	3.26638	4.73655	9.77804	4.21204	9.67547	13.7474	5.57967	2.3008
5.80477	8.36727	3.8041	2.51916	3.21881	0	3.5984	0.80063	3.35376	6.88776	2.82926	1.90336	3.35028	2.00813	0.918011
3.05737	9.72243	8.5492	6.11757	13.918	3.5984	0	4.39903	8.20961	10.4862	5.0888	5.50176	9.33454	5.82007	4.51641
4.07745	7.56664	3.00347	2.98817	3.26638	0.80063	4.39903	0	3.20012	5.92582	2.04601	2.70399	4.60554	1.2075	0.965584
3.18554	7.08544	4.53662	2.09626	4.73655	3.35376	8.20961	3.20012	0	2.17276	1.15411	2.99969	4.44661	2.09852	2.43575
5.91124	9.14046	8.58142	4.45726	9.77804	6.88776	10.4862	5.92582	2.17276	0	3.32687	5.17245	9.50098	4.27127	4.60851
2.03143	8.23955	5.04948	0.942153	4.21204	2.82926	5.0888	2.04601	1.15411	3.32687	0	3.74006	5.98587	2.82612	1.91124
6.96977	10.0851	4.17229	2.79791	9.67547	1.90336	5.50176	2.70399	2.99969	5.17245	3.74006	0	1.44692	1.73419	2.82137
6.27717	12.9422	8.40432	4.24483	13.7474	3.35028	9.33454	4.60554	4.44661	9.50098	5.98587	1.44692	0	3.18111	7.15786
6.20844	8.77414	2.4381	1.88397	5.57967	2.00813	5.82007	1.2075	2.09852	4.27127	2.82612	1.73419	3.18111	0	2.17308
3.94268	8.53222	3.96905	2.11414	2.3008	0.918011	4.51641	0.965584	2.43575	4.60851	1.91124	2.82137	7.15786	2.17308	0
														
0	18.2261	8.80594	7.51851	5.67006	2.58411	5.01859	9.23151	2.5949	3.99948	2.59304	8.58045	3.46477	9.67375	3.65906
18.2261	0	2.76309	2.52751	5.39464	13.7914	6.55044	2.17782	10.8629	23.5401	9.32651	4.60724	9.05091	1.08969	2.39286
8.80594	2.76309	0	4.79751	7.59357	9.73191	3.78735	5.97382	6.70085	10.4857	10.615	4.10823	15.6653	3.85277	5.90839
7.51851	2.52751	4.79751	0	5.74278	2.98972	6.04128	1.17631	6.24318	8.61718	9.67465	3.71494	8.80289	1.43783	1.91477
5.67006	5.39464	7.59357	5.74278	0	9.48168	10.6585	5.39309	8.33749	4.48345	3.07701	3.48534	11.1938	4.30495	5.2855
2.58411	13.7914	9.73191	2.98972	9.48168	0	7.39692	2.06999	4.48343	7.77735	5.17716	2.87511	6.04889	2.37813	1.07495
5.01859	6.55044	3.78735	6.04128	10.6585	7.39692	0	7.21759	2.91349	6.69837	7.61163	7.89559	8.48336	6.35353	7.2419
9.23151	2.17782	5.97382	1.17631	5.39309	2.06999	7.21759	0	5.32345	7.69744	9.32495	2.7952	7.62659	1.08813	0.995039
2.5949	10.8629	6.70085	6.24318	8.33749	4.48343	2.91349	5.32345	0	6.66691	5.18795	6.12857	6.05968	5.63159	4.32841
3.99948	23.5401	10.4857	8.61718	4.48345	7.77735	6.69837	7.69744	6.66691	0	1.40644	7.91324	9.266	8.00558	6.7024
2.59304	9.32651	10.615	9.67465	3.07701	5.17716	7.61163	9.32495	5.18795	1.40644	0	6.5068	6.05782	7.38197	8.10884
8.58045	4.60724	4.10823	3.71494	3.48534	2.87511	7.89559	2.7952	6.12857	7.91324	6.5068	0	10.7518	3.10334	1.80016
3.46477	9.05091	15.6653	8.80289	11.1938	6.04889	8.48336	7.62659	6.05968	9.266	6.05782	10.7518	0	7.96122	8.62163
9.67375	1.08969	3.85277	1.43783	4.30495	2.37813	6.35353	1.08813	5.63159	8.00558	7.38197	3.10334	7.96122	0	1.30318
3.65906	2.39286	5.90839	1.91477	5.2855	1.07495	7.2419	0.995039	4.32841	6.7024	8.10884	1.80016	8.62163	1.30318	0
														
0	7.76441	8.73105	4.49225	7.48798	6.75709	7.21431	3.33317	2.62317	7.42701	3.32146	5.44837	6.32356	8.01029	3.65971
7.76441	0	7.7035	5.59032	7.19232	8.57822	13.4834	4.43124	14.1964	19.845	11.3588	6.54644	12.7535	13.3323	4.75778
8.73105	7.7035	0	6.55695	6.95765	5.20084	5.77988	5.39788	10.371	9.17793	6.07166	7.51308	7.01009	5.62879	5.72442
4.49225	5.59032	6.55695	0	11.1946	3.4305	6.75846	1.15907	8.32291	1.72726	7.02813	3.27427	2.70829	2.31054	1.48562
7.48798	7.19232	6.95765	11.1946	0	7.77363	10.2123	11.6236	7.51753	13.7658	4.16652	13.8657	9.01702	12.5864	12.4189
6.75709	8.57822	5.20084	3.4305	7.77363	0	5.85942	4.04031	7.20015	3.89156	3.60711	5.36951	1.80925	5.74105	3.71377
7.21431	13.4834	5.77988	6.75846	10.2123	5.85942	0	7.35901	4.59114	6.13247	6.04579	5.24381	4.05016	9.33685	13.0612
3.33317	4.43124	5.39788	1.15907	11.6236	4.04031	7.35901	0	5.95634	2.88634	6.65463	2.1152	3.86737	3.05911	0.326542
2.62317	14.1964	10.371	8.32291	7.51753	7.20015	4.59114	5.95634	0	11.1772	5.94463	9.30284	8.6413	9.88847	8.47007
7.42701	19.845	9.17793	1.72726	13.7658	3.89156	6.13247	2.88634	11.1772	0	6.9328	5.64256	2.08231	4.03781	6.07166
3.32146	11.3588	6.07166	7.02813	4.16652	3.60711	6.04579	6.65463	5.94463	6.9328	0	8.41075	4.8505	9.33867	7.32088
5.44837	6.54644	7.51308	3.27427	13.8657	5.36951	5.24381	2.1152	9.30284	5.64256	8.41075	0	3.56025	4.09304	2.44174
6.32356	12.7535	7.01009	2.70829	9.01702	1.80925	4.05016	3.86737	8.6413	2.08231	4.8505	3.56025	0	5.01884	5.52302
8.01029	13.3323	5.62879	2.31054	12.5864	5.74105	9.33685	3.05911	9.88847	4.03781	9.33867	4.09304	5.01884	0	2.73257
3.65971	4.75778	5.72442	1.48562	12.4189	3.71377	13.0612	0.326542	8.47007	6.07166	7.32088	2.44174	5.52302	2.73257	0
														
0	6.84864	3.67657	4.28448	12.674	7.6235	2.13334	2.041	1.95846	5.46336	1.55998	2.47191	4.32575	6.39815	13.6137
6.84864	0	12.6067	9.62544	2.36696	5.67086	6.30372	7.89077	4.89018	7.04748	15.2731	11.5574	26.8036	7.65577	8.18485
3.67657	12.6067	0	4.52864	8.75897	5.45507	6.96183	6.85622	7.71654	6.92815	7.85853	1.20466	9.15423	5.1309	6.47196
4.28448	9.62544	4.52864	0	3.44737	0.143471	5.99259	1.21068	5.80852	2.6393	2.7245	3.32398	14.0601	1.57105	1.04197
12.674	2.36696	8.75897	3.44737	0	3.3039	13.5948	4.70506	7.25714	4.68052	6.00483	10.404	17.1801	5.83507	5.64529
7.6235	5.67086	5.45507	0.143471	3.3039	0	7.07858	1.40115	5.66505	2.49583	1.88218	3.46745	13.9167	2.53117	1.18544
2.13334	6.30372	6.96183	5.99259	13.5948	7.07858	0	3.74911	1.41354	4.91844	3.26809	4.60525	2.1924	12.9047	9.76406
2.041	7.89077	6.85622	1.21068	4.70506	1.40115	3.74911	0	7.0662	3.89699	0.48102	6.6133	11.7878	0.697783	0.168706
1.95846	4.89018	7.71654	5.80852	7.25714	5.66505	1.41354	7.0662	0	3.5049	3.51844	4.43036	3.60594	8.19621	8.00644
5.46336	7.04748	6.92815	2.6393	4.68052	2.49583	4.91844	3.89699	3.5049	0	6.35961	5.72349	11.1066	5.027	4.83722
1.55998	15.2731	7.85853	2.7245	6.00483	1.88218	3.26809	0.48102	3.51844	6.35961	0	4.03189	5.46049	4.2625	0.649726
2.47191	11.5574	1.20466	3.32398	10.404	3.46745	4.60525	6.6133	4.43036	5.72349	4.03189	0	12.8013	3.92624	4.36595
4.32575	26.8036	9.15423	14.0601	17.1801	13.9167	2.1924	11.7878	3.60594	11.1066	5.46049	12.8013	0	16.4478	16.258
6.39815	7.65577	5.1309	1.57105	5.83507	2.53117	12.9047	0.697783	8.19621	5.027	4.2625	3.92624	16.4478	0	0.529078
13.6137	8.18485	6.47196	1.04197	5.64529	1.18544	9.76406	0.168706	8.00644	4.83722	0.649726	4.36595	16.258	0.529078	0
														
0	9.70428	5.77667	6.69882	16.4764	7.16337	3.13828	5.35911	1.10372	3.92164	2.34201	3.24862	5.87146	5.11142	3.72747
9.70428	0	11.2405	3.32881	10.1977	5.3832	15.9927	4.94734	7.03558	10.589	7.12102	3.982	8.09614	5.70929	4.41183
5.77667	11.2405	0	4.21004	16.512	4.46215	4.89986	0.912938	7.84167	3.22025	4.23528	4.49068	1.42528	0.665249	1.96271
6.69882	3.32881	4.21004	0	13.5265	3.48916	7.74953	1.61853	2.7981	4.80724	3.79221	0.653192	3.15781	1.86622	3.07692
16.4764	10.1977	16.512	13.5265	0	15.5809	14.9714	21.2555	17.5801	13.2917	14.3068	22.6808	20.2014	19.3292	14.6095
7.16337	5.3832	4.46215	3.48916	15.5809	0	10.9443	1.87063	5.49506	5.2718	4.25677	5.33053	4.17048	2.11832	3.32903
3.13828	15.9927	4.89986	7.74953	14.9714	10.9443	0	7.28472	2.03456	1.67962	2.69465	4.17946	9.24682	9.00615	4.65831
5.35911	4.94734	0.912938	1.61853	21.2555	1.87063	7.28472	0	4.08214	5.81176	5.41074	2.27172	1.00772	0.247689	1.45839
1.10372	7.03558	7.84167	2.7981	17.5801	5.49506	2.03456	4.08214	0	2.25332	1.23829	2.1449	4.64952	3.92121	2.62375
3.92164	10.589	3.22025	4.80724	13.2917	5.2718	1.67962	5.81176	2.25332	0	1.01503	6.87867	7.51566	3.8855	7.35752
2.34201	7.12102	4.23528	3.79221	14.3068	4.25677	2.69465	5.41074	1.23829	1.01503	0	3.3832	6.50063	7.26066	3.86205
3.24862	3.982	4.49068	0.653192	22.6808	5.33053	4.17946	2.27172	2.1449	6.87867	3.3832	0	2.50461	3.26465	4.76866
5.87146	8.09614	1.42528	3.15781	20.2014	4.17048	9.24682	1.00772	4.64952	7.51566	6.50063	2.50461	0	0.760034	2.0575
5.11142	5.70929	0.665249	1.86622	19.3292	2.11832	9.00615	0.247689	3.92121	3.8855	7.26066	3.26465	0.760034	0	1.29746
3.72747	4.41183	1.96271	3.07692	14.6095	3.32903	4.65831	1.45839	2.62375	7.35752	3.86205	4.76866	2.0575	1.29746	0
														
0	7.45305	10.8631	3.33925	10.7279	2.59322	2.615	3.23866	6.39244	0.171854	1.81434	14.0099	1.28531	4.78028	3.02806
7.45305	0	7.9066	5.74574	7.00888	6.67112	11.9198	5.64515	14.131	7.6249	9.26739	11.8973	15.3363	5.22989	5.43455
10.8631	7.9066	0	3.90614	7.50949	6.25288	11.9744	2.22087	15.2586	5.34619	6.32762	6.54057	4.23274	2.67671	2.43147
3.33925	5.74574	3.90614	0	3.90139	0.819004	6.54056	0.521789	5.22657	12.278	1.59788	6.00499	7.34241	2.06341	0.311189
10.7279	7.00888	7.50949	3.90139	0	4.72039	9.71426	5.58667	11.2605	10.9826	8.9136	7.29243	11.7422	8.03488	4.21258
2.59322	6.67112	6.25288	0.819004	4.72039	0	1.57954	1.44716	4.40757	2.84792	0.778877	6.85799	11.4956	2.98878	1.13019
2.615	11.9198	11.9744	6.54056	9.71426	1.57954	0	4.90742	1.92567	2.86971	0.800665	12.5795	12.3501	10.7115	6.85175
3.23866	5.64515	2.22087	0.521789	5.58667	1.44716	4.90742	0	12.0153	6.1758	4.10675	4.31971	5.65714	1.96282	0.2106
6.39244	14.131	15.2586	5.22657	11.2605	4.40757	1.92567	12.0153	0	6.84981	2.72634	15.8219	14.5613	11.6399	5.64413
0.171854	7.6249	5.34619	12.278	10.9826	2.84792	2.86971	6.1758	6.84981	0	1.98619	14.9124	1.11345	19.3824	3.19991
1.81434	9.26739	6.32762	1.59788	8.9136	0.778877	0.800665	4.10675	2.72634	1.98619	0	8.42646	3.1825	8.01125	2.01544
14.0099	11.8973	6.54057	6.00499	7.29243	6.85799	12.5795	4.31971	15.8219	14.9124	8.42646	0	9.97684	8.50544	4.53031
1.28531	15.3363	4.23274	7.34241	11.7422	11.4956	12.3501	5.65714	14.5613	1.11345	3.1825	9.97684	0	6.90945	5.86774
4.78028	5.22989	2.67671	2.06341	8.03488	2.98878	10.7115	1.96282	11.6399	19.3824	8.01125	8.50544	6.90945	0	1.75222
3.02806	5.43455	2.43147	0.311189	4.21258	1.13019	6.85175	0.2106	5.64413	3.19991	2.01544	4.53031	5.86774	1.75222	0
														
0	5.66566	4.83728	5.64882	8.98241	6.25935	8.04698	9.9985	0.581586	2.62044	1.80724	4.22303	4.64476	7.04039	3.10389
5.66566	0	1.09204	5.67055	2.33697	2.86993	10.0982	4.32835	5.34773	4.67162	3.85842	7.17676	11.6226	3.39052	9.40397
4.83728	1.09204	0	3.02342	2.46308	1.77789	15.0322	3.23632	4.2557	4.26203	4.95045	7.45238	14.0182	2.29849	4.51023
5.64882	5.67055	3.02342	0	3.33359	1.24553	11.2694	3.4837	3.58994	3.99154	4.80474	4.42286	8.76517	3.27938	1.06763
8.98241	2.33697	2.46308	3.33359	0	4.24097	13.6345	5.6994	6.71878	7.32513	6.19538	6.78802	11.3491	4.76157	4.40122
6.25935	2.86993	1.77789	1.24553	4.24097	0	10.6918	5.01421	6.03359	5.23707	4.45211	5.66839	10.0107	4.07638	2.31316
8.04698	10.0982	15.0322	11.2694	13.6345	10.6918	0	11.0626	10.488	7.05294	6.23974	6.84652	9.61736	12.3483	13.2988
9.9985	4.32835	3.23632	3.4837	5.6994	5.01421	11.0626	0	4.93837	1.02572	1.83891	4.21606	8.77717	2.95811	2.41607
0.581586	5.34773	4.2557	3.58994	6.71878	6.03359	10.488	4.93837	0	7.74551	2.38883	3.64144	5.22635	4.73405	2.52231
2.62044	4.67162	4.26203	3.99154	7.32513	5.23707	7.05294	1.02572	7.74551	0	0.813198	4.10407	8.66518	3.93964	3.44178
1.80724	3.85842	4.95045	4.80474	6.19538	4.45211	6.23974	1.83891	2.38883	0.813198	0	3.31835	6.452	4.75284	8.32031
4.22303	7.17676	7.45238	4.42286	6.78802	5.66839	6.84652	4.21606	3.64144	4.10407	3.31835	0	4.56111	7.17417	5.49049
4.64476	11.6226	14.0182	8.76517	11.3491	10.0107	9.61736	8.77717	5.22635	8.66518	6.452	4.56111	0	11.6851	9.8328
7.04039	3.39052	2.29849	3.27938	4.76157	4.07638	12.3483	2.95811	4.73405	3.93964	4.75284	7.17417	11.6851	0	2.21175
3.10389	9.40397	4.51023	1.06763	4.40122	2.31316	13.2988	2.41607	2.52231	3.44178	8.32031	5.49049	9.8328	2.21175	0
														
0	5.72967	5.82523	4.26138	14.0095	4.47378	6.67493	3.87301	0.582469	2.44432	1.87225	10.6064	7.09324	13.3543	5.14803
5.72967	0	3.80887	4.13749	6.21259	1.7899	8.77274	1.85666	15.2106	2.84567	4.39143	5.18667	6.30358	5.2841	3.13167
5.82523	3.80887	0	3.85186	7.95948	3.08813	8.86829	1.95221	14.675	2.94122	6.24099	12.2594	6.01795	6.58988	3.22722
4.26138	4.13749	3.85186	0	9.07172	3.12053	7.19181	3.96977	5.50961	2.9612	2.38913	5.39203	2.1661	4.68818	5.24478
14.0095	6.21259	7.95948	9.07172	0	8.00249	17.0526	8.06925	18.9756	9.65529	13.4648	10.1315	6.90562	9.4277	11.4115
4.47378	1.7899	3.08813	3.12053	8.00249	0	7.40421	1.13591	8.76797	2.12492	2.60153	4.30285	5.28663	3.54441	2.41092
6.67493	8.77274	8.86829	7.19181	17.0526	7.40421	0	6.91608	10.4426	5.37475	4.80268	15.3741	10.181	9.70457	7.7581
3.87301	1.85666	1.95221	3.96977	8.06925	1.13591	6.91608	0	4.45548	0.989008	1.56108	5.43876	3.73869	3.22148	1.27501
0.582469	15.2106	14.675	5.50961	18.9756	8.76797	10.4426	4.45548	0	4.03892	2.45472	10.0239	6.7886	15.3901	14.7559
2.44432	2.84567	2.94122	2.9612	9.65529	2.12492	5.37475	0.989008	4.03892	0	0.572068	5.9756	2.74968	5.27176	2.26402
1.87225	4.39143	6.24099	2.38913	13.4648	2.60153	4.80268	1.56108	2.45472	0.572068	0	6.90438	3.32174	6.14594	5.70717
10.6064	5.18667	12.2594	5.39203	10.1315	4.30285	15.3741	5.43876	10.0239	5.9756	6.90438	0	3.22593	5.36611	7.31258
7.09324	6.30358	6.01795	2.1661	6.90562	5.28663	10.181	3.73869	6.7886	2.74968	3.32174	3.22593	0	2.52208	4.46856
13.3543	5.2841	6.58988	4.68818	9.4277	3.54441	9.70457	3.22148	15.3901	5.27176	6.14594	5.36611	2.52208	0	1.94647
5.14803	3.13167	3.22722	5.24478	11.4115	2.41092	7.7581	1.27501	14.7559	2.26402	5.70717	7.31258	4.46856	1.94647	0
														
0	13.1914	4.22533	4.74555	11.3089	3.36552	5.32971	8.54159	8.4356	2.25047	1.98476	2.95476	3.65059	6.77774	7.54553
13.1914	0	4.51135	5.2097	9.27402	9.01445	9.15594	2.46686	9.29684	7.47364	10.3952	11.2059	9.98937	1.95894	2.99926
4.22533	4.51135	0	5.80317	11.9118	5.08905	7.58239	3.06033	6.27259	6.47581	6.2101	7.18009	9.0485	2.55241	3.59273
4.74555	5.2097	5.80317	0	9.49024	1.8339	0.778165	2.92034	3.01744	3.99541	2.76079	3.04803	3.00452	3.25076	2.64993
11.3089	9.27402	11.9118	9.49024	0	7.41255	24.011	7.19872	6.22901	12.2865	8.15155	10.9485	6.48571	7.70664	7.46914
3.36552	9.01445	5.08905	1.8339	7.41255	0	2.61206	4.48772	1.18354	2.39827	1.38075	3.34565	3.04658	5.08466	4.2173
5.32971	9.15594	7.58239	0.778165	24.011	2.61206	0	4.42414	7.30377	5.01049	3.53896	3.8262	3.78269	4.02892	3.42809
8.54159	2.46686	3.06033	2.92034	7.19872	4.48772	4.42414	0	7.6044	6.02262	6.40677	6.69401	5.03508	0.507921	0.270418
8.4356	9.29684	6.27259	3.01744	6.22901	1.18354	7.30377	7.6044	0	3.58181	2.56429	7.83726	7.96699	7.3379	5.40084
2.25047	7.47364	6.47581	3.99541	12.2865	2.39827	5.01049	6.02262	3.58181	0	1.92299	0.947378	3.58882	5.5147	6.55502
1.98476	10.3952	6.2101	2.76079	8.15155	1.38075	3.53896	6.40677	2.56429	1.92299	0	2.87036	1.66583	6.01155	5.41072
2.95476	11.2059	7.18009	3.04803	10.9485	3.34565	3.8262	6.69401	7.83726	0.947378	2.87036	0	4.46274	6.29879	5.69796
3.65059	9.98937	9.0485	3.00452	6.48571	3.04658	3.78269	5.03508	7.96699	3.58882	1.66583	4.46274	0	5.543	5.3055
6.77774	1.95894	2.55241	3.25076	7.70664	5.08466	4.02892	0.507921	7.3379	5.5147	6.01155	6.29879	5.543	0	0.778338
7.54553	2.99926	3.59273	2.64993	7.46914	4.2173	3.42809	0.270418	5.40084	6.55502	5.41072	5.69796	5.3055	0.778338	0
														
0	5.57097	5.8269	1.76487	5.64413	1.11396	2.24769	2.89843	3.50774	0.916152	0.744281	4.33375	2.98104	5.9431	3.18121
5.57097	0	14.0711	4.23058	4.02	6.58859	6.36334	8.97175	12.4201	7.57327	4.82669	2.60475	14.3206	5.92707	4.38507
5.8269	14.0711	0	11.5808	21.4389	16.406	8.69661	2.92847	14.031	8.45178	8.17451	9.54341	25.6309	5.97314	3.80547
1.76487	4.23058	11.5808	0	3.04108	0.65091	3.10897	4.69475	3.04469	8.71155	2.41281	1.62583	10.1707	6.13176	3.40615
