20
5
2
3
50

6	11
10	43
1	33
14	23
27	48

12	21
1	2
11	28
2	10
14	5
10	12
23	24
24	11
8	30
11	27
29	42
26	47
30	36
37	28
31	27
42	35
42	47
41	23
36	45
43	34

150

1.79769e+308
1.79769e+308
1.79769e+308
1.79769e+308
1.79769e+308

11
15
11
14
17
13
14
15
13
17
16
18
12
19
18
15
16
14
20
14

0
0
0
0
0

0

0	16.2459	9.25002	12.1395	19.454	16.286	5.73372	16.9673	4.04064	13.3	3.00987	10.3504	12.6295	20.9783	8.65714	17.3702	23.5974	15.2484	12.6993	19.0102	17.4598	22.1059	22.4007	18.3852	25.8905
16.2459	0	6.99588	19.7472	14.2518	20.0389	23.1159	11.1241	18.5637	22.2235	22.0368	12.0622	17.115	8.0233	13.9472	7.80078	18.1216	11.8154	13.8991	10.8243	15.2056	9.67471	17.2391	13.1532	17.6326
9.25002	6.99588	0	18.978	15.381	23.246	16.12	14.388	13.2907	17.905	12.2599	8.08171	18.538	11.7283	13.178	14.7967	14.3443	13.6285	11.9088	11.7556	8.20975	16.6706	21.047	24.4673	8.90271
12.1395	19.7472	18.978	0	13.7202	3.4224	17.2887	4.54814	10.4165	12.4344	9.12967	16.2091	11.16	7.64892	5.75814	21.0605	15.0264	11.4764	18.1236	19.8831	21.7096	12.9108	13.669	24.4659	16.8686
19.454	14.2518	15.381	13.7202	0	17.0925	19.0429	9.13023	12.5367	33.4544	22.9502	7.29932	13.2803	6.54313	7.92023	6.45105	2.00818	4.20557	12.9692	8.55215	9.62429	10.8782	11.3579	7.3424	14.2067
16.286	20.0389	23.246	3.4224	17.0925	0	16.8565	7.97054	14.8355	14.8346	12.5521	15.1643	13.2774	12.0156	9.2224	16.9015	18.4488	12.8869	17.1797	17.2335	14.1392	12.7036	18.0881	16.0237	13.4462
5.73372	23.1159	16.12	17.2887	19.0429	16.8565	0	18.1593	1.69307	10.2731	12.0008	8.00279	9.87927	22.7825	6.30957	24.571	26.4549	14.78	10.3517	21.6723	14.9494	15.1217	27.7087	11.6432	14.2564
16.9673	11.1241	14.388	4.54814	9.13023	7.97054	18.1593	0	5.82649	7.88624	13.6778	7.13965	6.57004	3.10077	1.21	13.0983	19.5745	6.88642	20.8605	17.7144	12.3795	8.36264	9.07903	11.8411	17.8544
4.04064	18.5637	13.2907	10.4165	12.5367	14.8355	1.69307	5.82649	0	11.9662	7.05051	6.30971	8.58886	10.3486	4.61649	21.4109	12.5723	10.2929	8.65861	9.98364	12.3576	24.1691	12.4855	13.3362	12.3921
13.3	22.2235	17.905	12.4344	33.4544	14.8346	10.2731	7.88624	11.9662	0	13.7058	15.0731	18.3092	10.987	9.09624	30.6702	36.6264	15.7458	14.623	11.3992	17.5198	16.2489	28.556	21.9163	24.5295
3.00987	22.0368	12.2599	9.12967	22.9502	12.5521	12.0008	13.6778	7.05051	13.7058	0	16.6175	18.6674	20.8954	14.9243	19.5308	24.156	18.2583	18.9664	16.0003	22.121	24.2665	21.7099	21.8814	26.7223
10.3504	12.0622	8.08171	16.2091	7.29932	15.1643	8.00279	7.13965	6.30971	15.0731	16.6175	0	14.8986	4.03887	10.9262	13.7504	6.2626	8.02051	6.89779	3.67392	9.79458	17.6226	17.8224	14.699	11.8872
12.6295	17.115	18.538	11.16	13.2803	13.2774	9.87927	6.57004	8.58886	18.3092	18.6674	14.8986	0	12.9119	5.36004	24.9157	27.4022	11.0365	17.2475	15.1939	15.9	24.9127	13.2291	21.5224	16.593
20.9783	8.0233	11.7283	7.64892	6.54313	12.0156	22.7825	3.10077	10.3486	10.987	20.8954	4.03887	12.9119	0	4.31077	12.9942	8.55131	10.7487	12.1926	7.7128	9.27873	11.4634	15.4209	13.9429	9.9717
8.65714	13.9472	13.178	5.75814	7.92023	9.2224	6.30957	1.21	4.61649	9.09624	14.9243	10.9262	5.36004	4.31077	0	9.69105	9.92841	5.67642	13.2751	10.023	11.0951	9.57264	7.86903	8.81325	18.3437
17.3702	7.80078	14.7967	21.0605	6.45105	16.9015	24.571	13.0983	21.4109	30.6702	19.5308	13.7504	24.9157	12.9942	9.69105	0	8.45923	4.01462	14.0532	8.36121	9.43334	4.73565	9.43833	7.15145	10.3197
23.5974	18.1216	14.3443	15.0264	2.00818	18.4488	26.4549	19.5745	12.5723	36.6264	24.156	6.2626	27.4022	8.55131	9.92841	8.45923	0	6.21375	14.4163	9.93652	12.8915	11.36	19.7591	9.40791	12.1985
15.2484	11.8154	13.6285	11.4764	4.20557	12.8869	14.78	6.88642	10.2929	15.7458	18.2583	8.02051	11.0365	10.7487	5.67642	4.01462	6.21375	0	7.57045	4.34658	5.41872	6.61534	7.15234	3.13683	6.11168
12.6993	13.8991	11.9088	18.1236	12.9692	17.1797	10.3517	20.8605	8.65861	14.623	18.9664	6.89779	17.2475	12.1926	13.2751	14.0532	14.4163	7.57045	0	3.22386	3.699	13.659	9.66872	16.1056	3.73352
19.0102	10.8243	11.7556	19.8831	8.55215	17.2335	21.6723	17.7144	9.98364	11.3992	16.0003	3.67392	15.1939	7.7128	10.023	8.36121	9.93652	4.34658	3.22386	0	6.12066	16.0807	11.4989	7.48341	6.81363
17.4598	15.2056	8.20975	21.7096	9.62429	14.1392	14.9494	12.3795	12.3576	17.5198	22.121	9.79458	15.9	9.27873	11.0951	9.43334	12.8915	5.41872	3.699	6.12066	0	9.96	12.5711	8.55555	0.692965
22.1059	9.67471	16.6706	12.9108	10.8782	12.7036	15.1217	8.36264	24.1691	16.2489	24.2665	17.6226	24.9127	11.4634	9.57264	4.73565	11.36	6.61534	13.659	16.0807	9.96	0	14.174	3.47851	10.653
22.4007	17.2391	21.047	13.669	11.3579	18.0881	27.7087	9.07903	12.4855	28.556	21.7099	17.8224	13.2291	15.4209	7.86903	9.43833	19.7591	7.15234	9.66872	11.4989	12.5711	14.174	0	10.2892	13.4022
18.3852	13.1532	24.4673	24.4659	7.3424	16.0237	11.6432	11.8411	13.3362	21.9163	21.8814	14.699	21.5224	13.9429	8.81325	7.15145	9.40791	3.13683	16.1056	7.48341	8.55555	3.47851	10.2892	0	18.9204
25.8905	17.6326	8.90271	16.8686	14.2067	13.4462	14.2564	17.8544	12.3921	24.5295	26.7223	11.8872	16.593	9.9717	18.3437	10.3197	12.1985	6.11168	3.73352	6.81363	0.692965	10.653	13.4022	18.9204	0
																								
0	14.5402	11.3391	7.52147	26.9033	4.66476	4.63303	7.97521	6.39081	6	4.28803	11.4662	9.48123	10.2786	14.4162	21.9141	19.0469	16.9782	16.5641	14.3641	13.3519	17.3684	12.21	16.8836	21.9892
14.5402	0	17.4988	13.6812	4.60721	10.8245	10.2456	16.9526	8.1494	16.8594	21.2425	14.0433	24.2816	13.0214	14.8882	15.7918	5.11633	20.9347	14.8931	16.1793	19.1312	10.4702	23.5866	16.276	19.6969
11.3391	17.4988	0	5.90444	19.8501	6.67432	7.13	7.40419	9.22619	19.2709	13.7867	15.3396	8.59347	7.93095	6.06419	8.52916	15.5263	17.243	14.3903	17.7601	12.6063	19.378	13.1714	12.4894	14.6565
7.52147	13.6812	5.90444	0	19.4654	2.85671	13.0344	3.26533	12.371	14.4978	6.95251	6.17463	14.4979	8.01676	4.60533	8.05407	13.9019	11.3385	9.17951	14.7267	6.70188	10.3019	11.1573	12.134	7.26757
26.9033	4.60721	19.8501	19.4654	0	15.4317	14.923	16.1097	12.7566	23.4712	19.751	13.4982	19.6744	17.6286	18.6121	7.50626	0.509117	6.71261	10.2859	7.93071	7.70912	5.86299	14.64	3.97645	17.4483
4.66476	10.8245	6.67432	2.85671	15.4317	0	9.2978	6.12204	9.51428	10.6648	8.95279	8.66533	15.2678	5.61385	7.48061	11.9305	15.6861	14.1953	12.0362	10.8013	9.55859	12.7036	16.8748	12.2188	17.386
4.63303	10.2456	7.13	13.0344	14.923	9.2978	0	13.9119	2.09619	10.633	8.92106	17.6071	13.09	16.802	13.1942	15.6592	14.4139	20.6174	14.6905	21.8355	19.2886	32.4939	16.843	17.8812	32.5012
7.97521	16.9526	7.40419	3.26533	16.1097	6.12204	13.9119	0	11.8735	6.83146	3.68718	2.9093	8.88038	3.20676	1.34	4.78874	11.7859	14.2837	9.66615	5.0453	8.26293	11.8629	12.7183	8.74894	8.82861
6.39081	8.1494	9.22619	12.371	12.7566	9.51428	2.09619	11.8735	0	8.71	10.6788	14.1762	15.1862	15.1281	13.2135	16.6623	14.9947	21.1982	12.5943	21.6577	20.1365	22.2179	16.9485	17.3626	26.7648
6	16.8594	19.2709	14.4978	23.4712	10.6648	10.633	6.83146	8.71	0	3.14428	5.46619	8.33748	10.0269	11.8936	21.2641	18.4553	19.3763	21.3043	7.60219	12.2081	15.6094	16.3018	19.6299	14.1869
4.28803	21.2425	13.7867	6.95251	19.751	8.95279	8.92106	3.68718	10.6788	3.14428	0	6.59648	5.1932	9.09551	5.02718	8.47592	16.2639	15.0847	16.6872	15.3116	9.06387	12.6639	9.7711	19.3263	9.62955
11.4662	14.0433	15.3396	6.17463	13.4982	8.66533	17.6071	2.9093	14.1762	5.46619	6.59648	0	15.5835	8.31762	4.2493	7.69803	9.55759	6.30148	11.1993	2.136	9.28635	10.1432	4.29007	13.1581	8.72067
9.48123	24.2816	8.59347	14.4979	19.6744	15.2678	13.09	8.88038	15.1862	8.33748	5.1932	15.5835	0	18.2655	14.6086	17.1226	20.1835	9.34613	8.93203	6.73197	9.03329	18.51	4.5779	24.4696	18.8887
10.2786	13.0214	7.93095	8.01676	17.6286	5.61385	16.802	3.20676	15.1281	10.0269	9.09551	8.31762	18.2655	0	1.86676	9.3646	15.5529	9.34944	10.1929	13.5149	13.6713	18.0991	14.1177	14.4333	23.6862
14.4162	14.8882	6.06419	4.60533	18.6121	7.48061	13.1942	1.34	13.2135	11.8936	5.02718	4.2493	14.6086	1.86676	0	6.12874	14.495	11.2162	8.32615	14.5629	9.60293	16.2324	12.4089	11.458	13.6252
21.9141	15.7918	8.52916	8.05407	7.50626	11.9305	15.6592	4.78874	16.6623	21.2641	8.47592	7.69803	17.1226	9.3646	6.12874	0	6.99714	9.04403	8.72843	9.23098	6.693	10.095	11.385	3.9602	6.12732
19.0469	5.11633	15.5263	13.9019	0.509117	15.6861	14.4139	11.7859	14.9947	18.4553	16.2639	9.55759	20.1835	15.5529	14.495	6.99714	0	6.20349	8.23556	7.42159	7.2	6.3721	9.57566	3.46733	7.76569
16.9782	20.9347	17.243	11.3385	6.71261	14.1953	20.6174	14.2837	21.1982	19.3763	15.0847	6.30148	9.34613	9.34944	11.2162	9.04403	6.20349	0	8.71672	4.16548	6.0208	9.6208	4.76823	5.08383	6.58648
16.5641	14.8931	14.3903	9.17951	10.2859	12.0362	14.6905	9.66615	12.5943	21.3043	16.6872	11.1993	8.93203	10.1929	8.32615	8.72843	8.23556	8.71672	0	6.50819	8.80951	10.903	4.35412	4.76823	12.695
14.3641	16.1793	17.7601	14.7267	7.93071	10.8013	21.8355	5.0453	21.6577	7.60219	15.3116	2.136	6.73197	13.5149	14.5629	9.23098	7.42159	4.16548	6.50819	0	6.60946	11.6249	2.15407	9.2493	8.59055
13.3519	19.1312	12.6063	6.70188	7.70912	9.55859	19.2886	8.26293	20.1365	12.2081	9.06387	9.28635	9.03329	13.6713	9.60293	6.693	7.2	6.0208	8.80951	6.60946	0	3.6	4.45539	9.73482	0.565685
17.3684	10.4702	19.378	10.3019	5.86299	12.7036	32.4939	11.8629	22.2179	15.6094	12.6639	10.1432	18.51	18.0991	16.2324	10.095	6.3721	9.6208	10.903	11.6249	3.6	0	8.05539	6.13482	4.16569
12.21	23.5866	13.1714	11.1573	14.64	16.8748	16.843	12.7183	16.9485	16.3018	9.7711	4.29007	4.5779	14.1177	12.4089	11.385	9.57566	4.76823	4.35412	2.15407	4.45539	8.05539	0	9.12235	5.02108
16.8836	16.276	12.4894	12.134	3.97645	12.2188	17.8812	8.74894	17.3626	19.6299	19.3263	13.1581	24.4696	14.4333	11.458	3.9602	3.46733	5.08383	4.76823	9.2493	9.73482	6.13482	9.12235	0	10.0875
21.9892	19.6969	14.6565	7.26757	17.4483	17.386	32.5012	8.82861	26.7648	14.1869	9.62955	8.72067	18.8887	23.6862	13.6252	6.12732	7.76569	6.58648	12.695	8.59055	0.565685	4.16569	5.02108	10.0875	0
																								
0	18.7711	11.5061	5.14071	14.0577	10.2211	10.2956	12.1857	6.34958	2.4	1.27816	11.3425	5.62922	7.79908	13.8514	8.49211	12.1656	11.6552	17.5218	24.4148	22.2648	21.1873	14.082	14.5847	22.7464
18.7711	0	7.26496	11.3653	13.4672	14.7193	20.9881	8.17156	17.8628	12.6332	17.98	14.7339	20.6474	7.23412	12.5566	13.5227	12.3693	17.4254	22.742	17.6885	22.201	14.8368	19.0606	16.3133	16.3934
11.5061	7.26496	0	4.1003	9.79801	7.80554	18.91	6.57312	17.8557	11.0348	7.96286	12.5218	17.3777	5.63567	8.3003	10.882	8.59593	9.25419	19.9118	18.6248	21.9959	13.2383	21.2032	10.634	14.7949
5.14071	11.3653	4.1003	0	9.11206	3.70524	22.2284	4.73	9.65167	11.5762	3.86255	8.42151	8.21361	6.17709	4.2	8.31692	10.95	5.15388	13.5157	11.3909	9.91562	9.38638	12.7482	6.53367	15.3363
14.0577	13.4672	9.79801	9.11206	0	22.5848	28.6195	13.8536	15.1954	34.3987	14.0881	5.59614	17.4471	11.8542	7.95208	4.87558	1.20208	3.95818	9.8281	7.70325	6.228	6.83052	9.9228	2.84605	9.56814
10.2211	14.7193	7.80554	3.70524	22.5848	0	18.7654	3.11127	5.94643	12.8842	7.56779	12.1267	13.294	4.04871	3.64127	13.7737	15.5092	8.85912	14.8056	8.96619	18.6837	15.0878	17.1506	10.2389	16.6444
10.2956	20.9881	18.91	22.2284	28.6195	18.7654	0	18.6551	12.819	12.6956	11.5738	21.6381	26.6933	22.9443	20.3208	18.7877	27.5059	27.3822	24.868	30.7075	33.8145	32.8682	27.3501	28.762	34.4273
12.1857	8.17156	6.57312	4.73	13.8536	3.11127	18.6551	0	5.83614	6.33653	12.0542	12.2696	14.3508	0.937443	0.53	7.226	7.28	9.78047	15.6	9.93	14.8325	8.54007	16.5963	14.6548	10.0967
6.34958	17.8628	17.8557	9.65167	15.1954	5.94643	12.819	5.83614	0	8.74958	7.62775	17.6921	13.8743	6.77358	6.36614	9.62983	13.3033	12.7929	17.7108	14.9126	21.4086	26.9868	21.9895	15.7225	31.0754
2.4	12.6332	11.0348	11.5762	34.3987	12.8842	12.6956	6.33653	8.74958	0	3.67816	13.7425	12.3327	5.39908	11.763	10.8921	21.6264	19.7277	19.814	18.3882	29.9852	13.0017	11.682	24.1737	14.5583
1.27816	17.98	7.96286	3.86255	14.0881	7.56779	11.5738	12.0542	7.62775	3.67816	0	11.1458	4.35106	10.0396	8.06255	8.52253	12.196	9.01643	17.5523	17.9091	26.5356	20.9907	15.4725	10.3962	22.5498
11.3425	14.7339	12.5218	8.42151	5.59614	12.1267	21.6381	12.2696	17.6921	13.7425	11.1458	0	15.4969	13.2071	12.6215	11.1618	6.79822	9.55432	8.00812	13.0723	12.2383	9.84485	4.32666	8.44219	11.4039
5.62922	20.6474	17.3777	8.21361	17.4471	13.294	26.6933	14.3508	13.8743	12.3327	4.35106	15.4969	0	13.4133	15.2966	12.8736	16.9461	18.4313	23.541	18.6867	22.0157	21.016	16.2307	19.8111	21.1813
7.79908	7.23412	5.63567	6.17709	11.8542	4.04871	22.9443	0.937443	6.77358	5.39908	10.0396	13.2071	13.4133	0	1.46744	6.28856	9.96206	9.4516	15.3183	12.9891	9.99362	7.60263	16.4903	11.5871	9.15924
13.8514	12.5566	8.3003	4.2	7.95208	3.64127	20.3208	0.53	6.36614	11.763	8.06255	12.6215	15.2966	1.46744	0	10.4235	6.75	9.25047	15.2395	9.4	14.1875	13.483	19.8472	10.7337	15.5232
8.49211	13.5227	10.882	8.31692	4.87558	13.7737	18.7877	7.226	9.62983	10.8921	8.52253	11.1618	12.8736	6.28856	10.4235	0	3.6735	3.16304	9.02973	10.9498	8.10009	7.39553	12.3597	6.09262	13.3039
12.1656	12.3693	8.59593	10.95	1.20208	15.5092	27.5059	7.28	13.3033	21.6264	12.196	6.79822	16.9461	9.96206	6.75	3.6735	0	5.16026	12.7032	16.15	9.93583	8	12.9087	4.04813	9.63042
11.6552	17.4254	9.25419	5.15388	3.95818	8.85912	27.3822	9.78047	12.7929	19.7277	9.01643	9.55432	18.4313	9.4516	9.25047	3.16304	5.16026	0	10.5238	9.61653	4.93705	4.23249	13.1202	4.75933	5.77144
17.5218	22.742	19.9118	13.5157	9.8281	14.8056	24.868	15.6	17.7108	19.814	17.5523	8.00812	23.541	15.3183	15.2395	9.02973	12.7032	10.5238	0	5.83945	8.94642	10.9665	8.13197	6.98205	9.7808
24.4148	17.6885	18.6248	11.3909	7.70325	8.96619	30.7075	9.93	14.9126	18.3882	17.9091	13.0723	18.6867	12.9891	9.4	10.9498	16.15	9.61653	5.83945	0	8.23915	8.21715	10.4472	4.8572	19.8387
22.2648	22.201	21.9959	9.91562	6.228	18.6837	33.8145	14.8325	21.4086	29.9852	26.5356	12.2383	22.0157	9.99362	14.1875	8.10009	9.93583	4.93705	8.94642	8.23915	0	7.36642	10.2259	3.38195	0.834386
21.1873	14.8368	13.2383	9.38638	6.83052	15.0878	32.8682	8.54007	26.9868	13.0017	20.9907	9.84485	21.016	7.60263	13.483	7.39553	8	4.23249	10.9665	8.21715	7.36642	0	8.8877	3.98447	16.7619
14.082	19.0606	21.2032	12.7482	9.9228	17.1506	27.3501	16.5963	21.9895	11.682	15.4725	4.32666	16.2307	16.4903	19.8472	12.3597	12.9087	13.1202	8.13197	10.4472	10.2259	8.8877	0	12.8722	9.39149
14.5847	16.3133	10.634	6.53367	2.84605	10.2389	28.762	14.6548	15.7225	24.1737	10.3962	8.44219	19.8111	11.5871	10.7337	6.09262	4.04813	4.75933	6.98205	4.8572	3.38195	3.98447	12.8722	0	4.21634
22.7464	16.3934	14.7949	15.3363	9.56814	16.6444	34.4273	10.0967	31.0754	14.5583	22.5498	11.4039	21.1813	9.15924	15.5232	13.3039	9.63042	5.77144	9.7808	19.8387	0.834386	16.7619	9.39149	4.21634	0
																								
0	13.6547	12.3182	9.44089	18.9325	5.48109	2.67686	8.30952	1.97909	10.2	6.55574	9.81376	13.4475	9.51913	10.4427	14.3952	16.2112	12.1294	15.8982	15.7313	10.4924	12.7279	18.637	19.3687	9.14887
13.6547	0	8.61032	12.1334	11.6503	8.17357	16.4749	9.82592	15.6197	15.6166	15.5422	5.52521	16.14	8.68094	8.17592	4.75657	9.65457	9.31865	8.58286	14.1759	20.1208	14.2031	16.2324	7.56227	15.1403
12.3182	8.61032	0	10.7969	15.8411	6.8371	26.04	7.24771	14.0613	14.7381	11.1952	11.1698	13.8439	3.73173	5.59771	9.29469	25.0729	8.52047	20.9437	11.5977	23.3901	13.345	21.81	16.1726	20.4575
9.44089	12.1334	10.7969	0	16.524	3.9598	15.9453	6.78823	14.0136	10.62	12.9163	6.97265	11.9263	7.92881	5.55	13.4918	16.0997	10.8989	7.3623	4.01678	12.5857	12.0057	8.1095	18.3565	15.1979
18.9325	11.6503	15.8411	16.524	0	20.0765	18.6121	12.528	28.3781	14.502	16.9723	18.2836	18.9319	11.5919	17.6719	5.32226	0.424264	6.80312	4.81516	13.0403	6.02426	11.0996	14.8369	4.45881	7.48657
5.48109	8.17357	6.8371	3.9598	20.0765	0	8.15796	2.82843	7.46019	7.90101	9.68052	4.33267	7.96645	4.03803	4.47843	9.60099	14.9321	8.82677	7.39031	7.97658	16.5529	17.2972	16.338	15.7358	10.3167
2.67686	16.4749	26.04	15.9453	18.6121	8.15796	0	15.3212	4.65595	12.8769	9.2326	11.8228	17.2569	17.2813	13.6234	11.7183	16.6163	14.8063	14.8805	17.5731	12.4318	15.4048	21.6658	20.248	11.0883
8.30952	9.82592	7.24771	6.78823	12.528	2.82843	15.3212	0	10.1136	10.7294	9.01632	4.93315	9.89621	5.87705	1.65	11.44	12.1037	10.6658	7.9908	7.65	8.83176	9.39726	14.706	19.4463	7.48826
1.97909	15.6197	14.0613	14.0136	28.3781	7.46019	4.65595	10.1136	0	12.1791	8.53483	14.8197	16.5591	14.276	8.46357	16.8781	30.4841	14.1085	24.2583	14.4636	29.3732	14.707	26.897	23.182	11.128
10.2	15.6166	14.7381	10.62	14.502	7.90101	12.8769	10.7294	12.1791	0	12.7384	10.0914	15.2771	11.939	16.17	18.5729	17.3858	20.319	13.1491	12.5297	15.9028	16.684	8.43699	10.0432	17.2251
6.55574	15.5422	11.1952	12.9163	16.9723	9.68052	9.2326	9.01632	8.53483	12.7384	0	13.6227	15.6125	13.1787	7.36632	18.1445	16.548	18.4952	14.9587	11.6131	16.9455	15.1136	15.7059	22.7816	15.7046
9.81376	5.52521	11.1698	6.97265	18.2836	4.33267	11.8228	4.93315	14.8197	10.0914	13.6227	0	11.8649	8.3707	6.58315	10.2818	7.44855	14.9634	3.05765	6.40317	5.81039	19.3524	12.4062	13.0875	9.61509
13.4475	16.14	13.8439	11.9263	18.9319	7.96645	17.2569	9.89621	16.5591	15.2771	15.6125	11.8649	0	12.0045	8.24621	19.0244	19.3562	14.5435	13.8241	10.4785	19.0475	9.65981	14.5713	16.3006	21.48
9.51913	8.68094	3.73173	7.92881	11.5919	4.03803	17.2813	5.87705	14.276	11.939	13.1787	8.3707	12.0045	0	5.81242	5.56296	10.461	4.78874	12.3915	9.04598	17.6149	9.67238	13.1387	14.0926	13.3653
10.4427	8.17592	5.59771	5.55	17.6719	4.47843	13.6234	1.65	8.46357	16.17	7.36632	6.58315	8.24621	5.81242	0	10.7781	13.7537	10.6012	9.34552	6	14.5689	7.74726	10.0927	14.388	9.13826
14.3952	4.75657	9.29469	13.4918	5.32226	9.60099	11.7183	11.44	16.8781	18.5729	18.1445	10.2818	19.0244	5.56296	10.7781	0	4.898	4.56207	9.2889	11.4442	10.498	9.44572	12.135	8.52967	11.9603
16.2112	9.65457	25.0729	16.0997	0.424264	14.9321	16.6163	12.1037	30.4841	17.3858	16.548	7.44855	19.3562	10.461	13.7537	4.898	0	7.22739	4.3909	7.73642	5.6	13.9834	13.0658	4.88308	6.9435
12.1294	9.31865	8.52047	10.8989	6.80312	8.82677	14.8063	10.6658	14.1085	20.319	18.4952	14.9634	14.5435	4.78874	10.6012	4.56207	7.22739	0	10.2276	6.88209	14.6585	4.88365	10.9748	10.2758	16.6363
15.8982	8.58286	20.9437	7.3623	4.81516	7.39031	14.8805	7.9908	24.2583	13.1491	14.9587	3.05765	13.8241	12.3915	9.34552	9.2889	4.3909	10.2276	0	3.34552	2.75274	11.3344	7.43824	11.7335	4.09625
15.7313	14.1759	11.5977	4.01678	13.0403	7.97658	17.5731	7.65	14.4636	12.5297	11.6131	6.40317	10.4785	9.04598	6	11.4442	7.73642	6.88209	3.34552	0	6.09826	7.9889	4.09273	14.4708	9.91243
10.4924	20.1208	23.3901	12.5857	6.02426	16.5529	12.4318	8.83176	29.3732	15.9028	16.9455	5.81039	19.0475	17.6149	14.5689	10.498	5.6	14.6585	2.75274	6.09826	0	13.4692	7.46579	12.9426	1.3435
12.7279	14.2031	13.345	12.0057	11.0996	17.2972	15.4048	9.39726	14.707	16.684	15.1136	19.3524	9.65981	9.67238	7.74726	9.44572	13.9834	4.88365	11.3344	7.9889	13.4692	0	12.0816	6.64078	12.1257
18.637	16.2324	21.81	8.1095	14.8369	16.338	21.6658	14.706	26.897	8.43699	15.7059	12.4062	14.5713	13.1387	10.0927	12.135	13.0658	10.9748	7.43824	4.09273	7.46579	12.0816	0	10.3781	8.80929
19.3687	7.56227	16.1726	18.3565	4.45881	15.7358	20.248	19.4463	23.182	10.0432	22.7816	13.0875	16.3006	14.0926	14.388	8.52967	4.88308	10.2758	11.7335	14.4708	12.9426	6.64078	10.3781	0	13.9511
9.14887	15.1403	20.4575	15.1979	7.48657	10.3167	11.0883	7.48826	11.128	17.2251	15.7046	9.61509	21.48	13.3653	9.13826	11.9603	6.9435	16.6363	4.09625	9.91243	1.3435	12.1257	8.80929	13.9511	0
																								
0	13.7304	12.0913	8.61017	14.1094	5.96988	7.3756	9.70837	5.36004	2.1	2.10278	5.35023	10.98	5.92254	9.72257	15.7494	15.0526	11.1627	12.4847	9.70768	10.3785	13.2051	16.378	11.7892	18.0476
13.7304	0	14.8534	12.0082	7.62914	14.4093	18.3144	5.6178	16.2988	18.4498	18.8209	8.74826	23.7424	9.52324	4.0078	11.3483	7.09174	18.4942	9.8838	11.4045	15.2917	14.0097	10.6986	10.3551	15.3924
12.0913	14.8534	0	11.7596	21.4059	6.21028	6.82	4.58394	8.28782	13.5831	15.8743	13.9234	18.8587	6.16878	6.19394	15.5296	17.4139	20.1168	20.4439	12.3937	27.4622	22.4	23.5356	11.2351	18.4363
8.61017	12.0082	11.7596	0	12.0191	4.15779	4.93964	5.78413	6.9552	8.02767	7.49101	3.25994	14.9957	7.46783	8.1	14.2274	13.5306	13.9571	10.3944	7.61738	14.5821	11.4322	14.3319	10.2672	16.5256
14.1094	7.62914	21.4059	12.0191	0	11.4634	15.8518	12.1703	17.8674	22.8145	22.4731	8.75918	15.9622	16.0757	10.5603	4.794	0.537401	11.7019	15.2053	13.1166	8.7374	8.30083	14.6131	3.80077	13.6582
5.96988	14.4093	6.21028	4.15779	11.4634	0	9.09742	1.62635	9.36562	3.86988	4.24099	7.41773	10.5428	5.12141	3.23635	12.572	10.926	13.3009	7.6974	6.17671	12.5167	14.975	10.1741	8.27748	20.9072
7.3756	18.3144	6.82	4.93964	15.8518	9.09742	0	9.19274	2.01556	10.8513	9.60208	8.19957	12.5865	12.4075	10.8027	20.1384	16.3892	15.0361	19.2769	17.0025	12.7477	16.3719	16.7156	15.2068	11.6163
9.70837	5.6178	4.58394	5.78413	12.1703	1.62635	9.19274	0	10.992	5.49623	5.86734	10.8782	12.1758	3.78583	1.61	10.6113	9.91451	17.2718	9.33043	7.80305	10.966	13.8706	11.8005	6.65114	12.9096
5.36004	16.2988	8.28782	6.9552	17.8674	9.36562	2.01556	10.992	0	7.46004	7.46282	10.7103	10.5709	11.2826	15.0826	24.7662	20.2916	16.6464	24.4519	14.937	15.8622	21.5051	18.7312	17.1493	13.6319
2.1	18.4498	13.5831	8.02767	22.8145	3.86988	10.8513	5.49623	7.46004	0	4.20278	7.45023	13.08	8.02254	11.8226	14.0301	14.7959	22.7657	15.2309	10.0466	21.9815	11.1051	14.044	13.8892	20.1016
2.10278	18.8209	15.8743	7.49101	22.4731	4.24099	9.60208	5.86734	7.46282	4.20278	0	7.45302	10.9478	8.02533	11.8254	15.386	15.167	9.05989	17.0501	10.4177	8.27571	18.9232	14.4151	12.5906	9.40708
5.35023	8.74826	13.9234	3.25994	8.75918	7.41773	8.19957	10.8782	10.7103	7.45023	7.45302	0	8.7235	7.75464	11.3599	14.1351	9.29658	10.6972	5.87813	4.35744	12.9532	11.2604	9.69576	13.5271	14.0845
10.98	23.7424	18.8587	14.9957	15.9622	10.5428	12.5865	12.1758	10.5709	13.08	10.9478	8.7235	0	13.412	19.9661	21.3381	14.2	13.3454	5.88675	4.36606	6	24.96	11.2591	10.3149	7.13137
5.92254	9.52324	6.16878	7.46783	16.0757	5.12141	12.4075	3.78583	11.2826	8.02254	8.02533	7.75464	13.412	0	5.39583	14.7315	16.0474	18.4518	10.5667	9.04598	20.7078	18.9001	15.2955	10.437	23.204
9.72257	4.0078	6.19394	8.1	10.5603	3.23635	10.8027	1.61	15.0826	11.8226	11.8254	11.3599	19.9661	5.39583	0	12.5557	11.0977	21.1084	13.8916	9.41974	18.82	19.4261	14.7064	8.26114	17.6886
15.7494	11.3483	15.5296	14.2274	4.794	12.572	20.1384	10.6113	24.7662	14.0301	15.386	14.1351	21.3381	14.7315	12.5557	0	4.25659	6.32607	7.05081	15.5428	8.27511	2.92496	11.2361	3.9602	9.74584
15.0526	7.09174	17.4139	13.5306	0.537401	10.926	16.3892	9.91451	20.2916	14.7959	15.167	9.29658	14.2	16.0474	11.0977	4.25659	0	10.5827	15.7427	14.8459	7.57828	7.18156	15.1505	3.26337	9.33137
11.1627	18.4942	20.1168	13.9571	11.7019	13.3009	15.0361	17.2718	16.6464	22.7657	9.05989	10.6972	13.3454	18.4518	21.1084	6.32607	10.5827	0	8.61042	10.1311	4.55114	9.25103	11.1717	9.6782	3.41977
12.4847	9.8838	20.4439	10.3944	15.2053	7.6974	19.2769	9.33043	24.4519	15.2309	17.0501	5.87813	5.88675	10.5667	13.8916	7.05081	15.7427	8.61042	0	1.52069	8.77437	4.12585	2.56125	12.6007	9.90574
9.70768	11.4045	12.3937	7.61738	13.1166	6.17671	17.0025	7.80305	14.937	10.0466	10.4177	4.35744	4.36606	9.04598	9.41974	15.5428	14.8459	10.1311	1.52069	0	10.2951	5.64654	4.08194	11.5826	13.0607
10.3785	15.2917	27.4622	14.5821	8.7374	12.5167	12.7477	10.966	15.8622	21.9815	8.27571	12.9532	6	20.7078	18.82	8.27511	7.57828	4.55114	8.77437	10.2951	0	10.1279	11.3356	4.3149	1.13137
13.2051	14.0097	22.4	11.4322	8.30083	14.975	16.3719	13.8706	21.5051	11.1051	18.9232	11.2604	24.96	18.9001	19.4261	2.92496	7.18156	9.25103	4.12585	5.64654	10.1279	0	6.6871	6.88516	8.9965
16.378	10.6986	23.5356	14.3319	14.6131	10.1741	16.7156	11.8005	18.7312	14.044	14.4151	9.69576	11.2591	15.2955	14.7064	11.2361	15.1505	11.1717	2.56125	4.08194	11.3356	6.6871	0	15.1963	10.7331
11.7892	10.3551	11.2351	10.2672	3.80077	8.27748	15.2068	6.65114	17.1493	13.8892	12.5906	13.5271	10.3149	10.437	8.26114	3.9602	3.26337	9.6782	12.6007	11.5826	4.3149	6.88516	15.1963	0	5.44628
18.0476	15.3924	18.4363	16.5256	13.6582	20.9072	11.6163	12.9096	13.6319	20.1016	9.40708	14.0845	7.13137	23.204	17.6886	9.74584	9.33137	3.41977	9.90574	13.0607	1.13137	8.9965	10.7331	5.44628	0
																								
0	15.7182	13.6079	13.416	19.5979	10.1183	7.3099	5.20188	3.42218	9.2	6.18466	15.0321	12.0796	4.01204	7.27888	21.5545	17.7298	13.3701	14.0487	18.1407	19.47	21.3286	19.3422	37.1961	20.3185
15.7182	0	15.0275	10.064	13.1128	15.6691	18.1551	8.61405	24.3027	10.3167	19.0239	23.4179	28.8454	10.4809	7.21405	14.7572	13.9189	19.0359	18.0089	21.8389	16.925	21.5315	28.4867	14.603	16.0765
13.6079	15.0275	0	10.6635	17.95	14.5354	16.12	9.21348	20.1511	21.6609	19.8413	15.2126	18.732	9.59587	7.81348	24.9919	27.9174	25.6562	19.3548	18.6302	17.3314	9.53136	19.3209	20.5993	15.529
13.416	10.064	10.6635	0	14.0227	2.23446	14.5834	4.25	18.5655	9.36	6.93643	10.1017	5.82717	6.11683	2.85	21.6809	17.2946	13.0126	10.5417	13.4822	10.0528	10.9682	7.02	23.7152	10.9013
19.5979	13.1128	17.95	14.0227	0	15.8662	14.795	11.2695	18.8262	17.1016	12.3512	22.8712	19.3031	12.4593	12.6695	1.64438	0.806102	6.20646	4.86929	13.3816	3.96989	8.41865	11.6765	1.99223	4.81841
10.1183	15.6691	14.5354	2.23446	15.8662	0	10.5082	7.29612	12.3709	11.5945	4.70197	7.86721	3.59271	6.10629	5.08446	15.3402	15.0601	10.7781	16.6282	11.2848	12.2873	8.73375	9.25446	19.8017	14.7314
7.3099	18.1551	16.12	14.5834	14.795	10.5082	0	6.12849	4.03113	16.5099	11.7001	8.71156	6.91549	7.31832	7.52849	16.4394	15.6011	13.1378	14.6576	12.1292	18.7649	23.2137	19.6088	16.7873	20.1101
5.20188	8.61405	9.21348	4.25	11.2695	7.29612	6.12849	0	10.1596	17.5284	14.1947	13.2298	13.044	1.18983	1.4	11.5714	12.0756	7.00928	11.2721	9.81224	11.3443	19.6881	15.4749	13.2617	13.1924
3.42218	24.3027	20.1511	18.5655	18.8262	12.3709	4.03113	10.1596	0	12.6222	7.66898	11.6099	10.9466	7.43422	13.676	13.8514	19.2141	14.8544	10.6265	12.0863	21.0353	20.4499	14.1482	14.0324	22.3287
9.2	10.3167	21.6609	9.36	17.1016	11.5945	16.5099	17.5284	12.6222	0	8.70724	16.3986	14.6022	13.212	12.21	16.7685	20.0921	15.8927	19.9934	19.8162	13.1317	20.6959	16.38	24.3842	13.9802
6.18466	19.0239	19.8413	6.93643	12.3512	4.70197	11.7001	14.1947	7.66898	8.70724	0	12.5692	5.89498	10.1967	13.157	11.7475	11.5451	7.18543	11.9262	13.3861	11.5204	13.4357	13.1575	15.3321	18.8916
15.0321	23.4179	15.2126	10.1017	22.8712	7.86721	8.71156	13.2298	11.6099	16.3986	12.5692	0	11.4599	13.086	14.5314	18.1767	15.9931	13.6146	4.87746	3.4176	14.1628	16.601	9.8798	17.8024	18.1122
12.0796	28.8454	18.732	5.82717	19.3031	3.59271	6.91549	13.044	10.9466	14.6022	5.89498	11.4599	0	9.69901	12.0478	20.9475	17.4401	13.0804	16.215	19.1555	20.3999	12.3265	12.6933	21.2954	20.2864
4.01204	10.4809	9.59587	6.11683	12.4593	6.10629	7.31832	1.18983	7.43422	13.212	10.1967	13.086	9.69901	0	2.58983	14.4159	18.3215	8.19911	21.7298	11.0021	15.1126	14.84	16.4239	26.3091	15.0592
7.27888	7.21405	7.81348	2.85	12.6695	5.08446	7.52849	1.4	13.676	12.21	13.157	14.5314	12.0478	2.58983	0	14.626	21.008	8.40928	19.8599	11.2122	11.8458	17.1888	9.87	21.8171	11.7924
21.5545	14.7572	24.9919	21.6809	1.64438	15.3402	16.4394	11.5714	13.8514	16.7685	11.7475	18.1767	20.9475	14.4159	14.626	0	2.45049	4.56207	3.2249	4.68477	5.61427	10.063	6.74662	3.63662	6.95946
17.7298	13.9189	27.9174	17.2946	0.806102	15.0601	15.6011	12.0756	19.2141	20.0921	11.5451	15.9931	17.4401	18.3215	21.008	2.45049	0	7.88571	6.54855	12.5755	4.77599	9.22475	16.2553	2.79834	6.12117
13.3701	19.0359	25.6562	13.0126	6.20646	10.7781	13.1378	7.00928	14.8544	15.8927	7.18543	13.6146	13.0804	8.19911	8.40928	4.56207	7.88571	0	7.78697	11.5003	4.33497	12.135	12.0416	12.1778	5.1835
14.0487	18.0089	19.3548	10.5417	4.86929	16.6282	14.6576	11.2721	10.6265	19.9934	11.9262	4.87746	16.215	21.7298	19.8599	3.2249	6.54855	7.78697	0	1.45986	10.4088	9.82344	3.52172	3.40588	10.6422
18.1407	21.8389	18.6302	13.4822	13.3816	11.2848	12.1292	9.81224	12.0863	19.8162	13.3861	3.4176	19.1555	11.0021	11.2122	4.68477	12.5755	11.5003	1.45986	0	10.7452	11.2833	4.98158	4.86574	11.5937
19.47	16.925	17.3314	10.0528	3.96989	12.2873	18.7649	11.3443	21.0353	13.1317	11.5204	14.1628	20.3999	15.1126	11.8458	5.61427	4.77599	4.33497	10.4088	10.7452	0	6.84619	7.70662	5.96212	0.848528
21.3286	21.5315	9.53136	10.9682	8.41865	8.73375	23.2137	19.6881	20.4499	20.6959	13.4357	16.601	12.3265	14.84	17.1888	10.063	9.22475	12.135	9.82344	11.2833	6.84619	0	13.3452	10.4109	5.99767
19.3422	28.4867	19.3209	7.02	11.6765	9.25446	19.6088	15.4749	14.1482	16.38	13.1575	9.8798	12.6933	16.4239	9.87	6.74662	16.2553	12.0416	3.52172	4.98158	7.70662	13.3452	0	6.9276	8.55515
37.1961	14.603	20.5993	23.7152	1.99223	19.8017	16.7873	13.2617	14.0324	24.3842	15.3321	17.8024	21.2954	26.3091	21.8171	3.63662	2.79834	12.1778	3.40588	4.86574	5.96212	10.4109	6.9276	0	7.30731
20.3185	16.0765	15.529	10.9013	4.81841	14.7314	20.1101	13.1924	22.3287	13.9802	18.8916	18.1122	20.2864	15.0592	11.7924	6.95946	6.12117	5.1835	10.6422	11.5937	0.848528	5.99767	8.55515	7.30731	0
																								
0	20.4836	14.641	7.78141	19.826	4.54814	11.0163	6.20202	2.47386	7.9	3.50464	10.9331	4.5	10.709	7.52202	13.4643	18.3057	21.7165	13.7886	10.7248	18.1758	15.3605	15.3894	17.3648	24.3103
20.4836	0	6.99588	18.7644	10.4548	17.0888	19.0859	14.2816	19.1115	29.199	17.67	13.5828	20.707	9.50909	10.4945	13.4663	11.8549	17.7506	15.7188	12.9364	20.1395	10.6422	17.3531	19.3285	21.0729
14.641	6.99588	0	8.49857	9.70947	7.69568	12.09	4.81857	11.4919	20.8963	13.5709	14.7914	10.4618	2.51321	3.49857	6.47039	7.69489	12.0665	8.72294	8.31191	13.1101	11.9837	10.3237	11.0629	12.4365
7.78141	18.7644	8.49857	0	12.3922	4.94975	11.1142	4.54814	5.30754	15.7532	4.91597	11.3347	9.01108	8.0547	5	13.8659	13	12.3693	20.5596	11.1265	15.4441	13.4851	19.8301	15.474	13.3369
19.826	10.4548	9.70947	12.3922	0	11.5893	20.6557	8.71221	21.9298	21.93	17.4645	12.3315	16.1828	10.4469	7.39221	2.62457	1.40007	8.16375	6.03738	7.99704	8.40007	13.8306	7.63816	4.15354	16.5591
4.54814	17.0888	7.69568	4.94975	11.5893	0	15.5645	5.51711	7.02201	10.8034	8.05278	6.38498	4.06133	7.25181	4.19711	8.91611	10.1406	10.5527	10.5563	6.17671	13.6575	12.6822	19.0272	14.6711	14.8822
11.0163	19.0859	12.09	11.1142	20.6557	15.5645	0	14.6085	12.0934	18.9163	14.521	22.3798	15.5163	10.1016	13.1563	17.6596	14.3966	15.3208	15.2193	15.9003	30.5355	21.9522	24.4593	11.6432	21.0222
6.20202	14.2816	4.81857	4.54814	8.71221	5.51711	14.6085	0	4.82991	14.102	9.46412	8.6014	10.702	4.3747	1.32	13.3282	9.32	12.7691	16.7551	10.3056	19.1037	9.8051	16.1501	11.794	15.4276
2.47386	19.1115	11.4919	5.30754	21.9298	7.02201	12.0934	4.82991	0	10.3739	5.9785	13.4313	6.97386	8.97866	6.14991	11.3046	12.5291	16.9007	16.2624	14.7774	34.633	17.9193	29.6075	17.321	17.2707
7.9	29.199	20.8963	15.7532	21.93	10.8034	18.9163	14.102	10.3739	0	11.4046	17.1884	12.4	20.3568	15.0005	19.7195	20.5299	30.4853	21.6886	16.9801	27.4813	23.3849	24.6949	23.2834	30.6366
3.50464	17.67	13.5709	4.91597	17.4645	8.05278	14.521	9.46412	5.9785	11.4046	0	17.3219	8.00464	12.6775	9.91597	19.7982	18.0723	17.2853	17.2932	18.4762	26.0426	11.8559	23.2562	20.5463	18.2529
10.9331	13.5828	14.7914	11.3347	12.3315	6.38498	22.3798	8.6014	13.4313	17.1884	17.3219	0	10.4463	12.2782	9.9214	9.76387	14.7138	4.16773	8.15372	8.1168	11.0515	15.2148	9.7545	7.8454	8.94427
4.5	20.707	10.4618	9.01108	16.1828	4.06133	15.5163	10.702	6.97386	12.4	8.00464	10.4463	0	7.94864	8.25844	12.9774	14.7828	21.3392	17.7628	10.238	21.6269	20.6984	19.3636	17.5362	18.8693
10.709	9.50909	2.51321	8.0547	10.4469	7.25181	10.1016	4.3747	8.97866	20.3568	12.6775	12.2782	7.94864	0	3.0547	8.9836	10.8226	14.3662	10.1783	5.79871	13.0278	11.5398	14.8825	13.5287	10.9206
7.52202	10.4945	3.49857	5	7.39221	4.19711	13.1563	1.32	6.14991	15.0005	9.91597	9.9214	8.25844	3.0547	0	9.2245	8	14.1516	12.2215	8.85341	15	8.4851	14.8301	10.474	13.9753
13.4643	13.4663	6.47039	13.8659	2.62457	8.91611	17.6596	13.3282	11.3046	19.7195	19.7982	9.76387	12.9774	8.9836	9.2245	0	1.2245	5.59614	9.59263	7.26372	8.07325	16.3255	13.0492	3.97797	5.96607
18.3057	11.8549	7.69489	13	1.40007	10.1406	14.3966	9.32	12.5291	20.5299	18.0723	14.7138	14.7828	10.8226	8	1.2245	0	6.43113	6.32964	6.59697	7	13.0625	20.6787	2.75347	7.19057
21.7165	17.7506	12.0665	12.3693	8.16375	10.5527	15.3208	12.7691	16.9007	30.4853	17.2853	4.16773	21.3392	14.3662	14.1516	5.59614	6.43113	0	7.25383	11.5909	16.5754	13.9867	17.8649	3.67766	11.5622
13.7886	15.7188	8.72294	20.5596	6.03738	10.5563	15.2193	16.7551	16.2624	21.6886	17.2932	8.15372	17.7628	10.1783	12.2215	9.59263	6.32964	7.25383	0	4.37959	4.38719	13.8852	1.60078	3.57617	6.49436
10.7248	12.9364	8.31191	11.1265	7.99704	6.17671	15.9003	10.3056	14.7774	16.9801	18.4762	8.1168	10.238	5.79871	8.85341	7.26372	6.59697	11.5909	4.37959	0	7.48081	18.4886	5.98037	7.95576	9.58799
18.1758	20.1395	13.1101	15.4441	8.40007	13.6575	30.5355	19.1037	34.633	27.4813	26.0426	11.0515	21.6269	13.0278	15	8.07325	7	16.5754	4.38719	7.48081	0	12.5379	5.98797	7.96336	2.10718
15.3605	10.6422	11.9837	13.4851	13.8306	12.6822	21.9522	9.8051	17.9193	23.3849	11.8559	15.2148	20.6984	11.5398	8.4851	16.3255	13.0625	13.9867	13.8852	18.4886	12.5379	0	23.2881	10.309	10.4307
15.3894	17.3531	10.3237	19.8301	7.63816	19.0272	24.4593	16.1501	29.6075	24.6949	23.2562	9.7545	19.3636	14.8825	14.8301	13.0492	20.6787	17.8649	1.60078	5.98037	5.98797	23.2881	0	5.17695	12.1225
17.3648	19.3285	11.0629	15.474	4.15354	14.6711	11.6432	11.794	17.321	23.2834	20.5463	7.8454	17.5362	13.5287	10.474	3.97797	2.75347	3.67766	3.57617	7.95576	7.96336	10.309	5.17695	0	9.90919
24.3103	21.0729	12.4365	13.3369	16.5591	14.8822	21.0222	15.4276	17.2707	30.6366	18.2529	8.94427	18.8693	10.9206	13.9753	5.96607	7.19057	11.5622	6.49436	9.58799	2.10718	10.4307	12.1225	9.90919	0
																								
0	17.14	7.19163	10.3412	17.6219	8.16333	2.67686	9.08392	1.89663	10.0866	6.26712	12.6329	6.96185	8.36962	18.1391	19.2831	17.2967	11.4363	10.8341	7.12359	10.1159	20.073	18.3247	22.7938	12.8234
17.14	0	8.34125	11.6769	13.3543	9.18639	12.27	5.86299	13.6362	15.6661	24.9878	22.6187	13.1393	9.18009	6.57299	14.46	13.029	18.8713	20.607	12.0707	19.8888	17.0715	23.4521	10.4307	17.2306
7.19163	8.34125	0	10.7353	20.6792	7.23652	7.06869	3.91312	5.295	13.485	15.0659	16.6595	10.3602	7.23023	4.62312	18.5289	21.3703	18.3681	24.5449	10.1209	15.5985	23.5472	21.8573	12.6805	16.2218
10.3412	11.6769	10.7353	0	18.9681	2.17789	10.6196	3.51	8.8459	5.76	7.60805	5.34268	10.3005	3.86066	2.8	13.5014	13.3992	11.5502	19.1921	12.0924	18.071	14.0875	14.846	11.5117	9.90945
17.6219	13.3543	20.6792	18.9681	0	11.5465	23.5815	21.3053	19.9138	24.2206	27.4568	10.309	14.7149	18.5825	19.6431	2.15035	0.325269	8.28744	14.2403	14.5357	10.1234	5.11132	20.0979	11.6701	8.37092
8.16333	9.18639	7.23652	2.17789	11.5465	0	9.44043	3.3234	10.06	6.93354	9.78594	7.52057	8.12266	6.64051	4.0334	16.4108	11.2213	9.3723	15.3252	9.53115	8.69322	10.9912	13.9531	12.0908	7.73156
2.67686	12.27	7.06869	10.6196	23.5815	9.44043	0	6.40706	1.7737	9.9637	6.86135	9.95606	6.83892	8.24669	7.11706	18.1147	19.9735	14.1132	21.2983	9.80046	24.595	21.3501	20.3478	15.1745	12.7005
9.08392	5.86299	3.91312	3.51	21.3053	3.3234	6.40706	0	8.18076	10.2569	12.1914	12.1649	7.27632	1.77066	0.71	18.2871	14.5447	12.456	9.91823	6.20775	9.20007	15.2331	17.2765	8.76741	11.055
1.89663	13.6362	5.295	8.8459	19.9138	10.06	1.7737	8.18076	0	8.19	8.16375	11.7148	5.06522	6.47299	7.53365	20.7628	19.1933	11.4927	19.7515	9.02022	11.8885	14.1864	17.276	20.3576	10.9268
10.0866	15.6661	13.485	5.76	24.2206	6.93354	9.9637	10.2569	8.19	0	9.75533	11.1027	13.2552	10.5411	8.56	20.284	18.1548	15.0805	13.248	15.3033	12.311	18.8432	9.08599	17.2717	13.2726
6.26712	24.9878	15.0659	7.60805	27.4568	9.78594	6.86135	12.1914	8.16375	9.75533	0	12.9507	18.2592	8.87428	9.93494	24.7953	23.5638	17.7034	14.437	13.3907	17.7337	25.8937	13.4864	19.1198	18.6953
12.6329	22.6187	16.6595	5.34268	10.309	7.52057	9.95606	12.1649	11.7148	11.1027	12.9507	0	6.64959	11.8886	8.14268	8.15868	13.3482	10.4193	10.4602	6.74976	9.74209	18.7367	11.5378	12.8431	15.6409
6.96185	13.1393	10.3602	10.3005	14.7149	8.12266	6.83892	7.27632	5.06522	13.2552	18.2592	6.64959	0	10.5934	7.98632	14.2742	15.1738	6.42748	12.3804	12.6757	9.19705	19.9599	18.1874	15.8644	15.8542
8.36962	9.18009	7.23023	3.86066	18.5825	6.64051	8.24669	1.77066	6.47299	10.5411	8.87428	11.8886	10.5934	0	1.06066	20.7328	18.9077	23.1356	17.4528	9.52485	18.5756	20.8735	19.6271	10.9185	16.4563
18.1391	6.57299	4.62312	2.8	19.6431	4.0334	7.11706	0.71	7.53365	8.56	9.93494	8.14268	7.98632	1.06066	0	19.3776	21.197	18.1783	16.3921	6.91775	16.3573	16.4987	18.6541	9.47741	15.3956
19.2831	14.46	18.5289	13.5014	2.15035	16.4108	18.1147	18.2871	20.7628	20.284	24.7953	8.15868	14.2742	20.7328	19.3776	0	2.47562	7.84676	13.7996	10.9653	7.973	7.26167	16.1613	9.51972	8.93467
17.2967	13.029	21.3703	13.3992	0.325269	11.2213	19.9735	14.5447	19.1933	18.1548	23.5638	13.3482	15.1738	18.9077	21.197	2.47562	0	8.61271	16.905	15.0493	12.2349	5.43659	21.067	13.6654	11.3806
11.4363	18.8713	18.3681	11.5502	8.28744	9.3723	14.1132	12.456	11.4927	15.0805	17.7034	10.4193	6.42748	23.1356	18.1783	7.84676	8.61271	0	5.95288	5.76189	2.76957	10.9296	10.1149	11.3575	3.73123
10.8341	20.607	24.5449	19.1921	14.2403	15.3252	21.2983	9.91823	19.7515	13.248	14.437	10.4602	12.3804	17.4528	16.3921	13.7996	16.905	5.95288	0	3.71049	6.70281	12.0843	4.16203	17.3104	8.82469
7.12359	12.0707	10.1209	12.0924	14.5357	9.53115	9.80046	6.20775	9.02022	15.3033	13.3907	6.74976	12.6757	9.52485	6.91775	10.9653	15.0493	5.76189	3.71049	0	2.99232	11.1523	7.87252	14.1878	3.95399
10.1159	19.8888	15.5985	18.071	10.1234	8.69322	24.595	9.20007	11.8885	12.311	17.7337	9.74209	9.19705	18.5756	16.3573	7.973	12.2349	2.76957	6.70281	2.99232	0	4.22127	8.18828	11.1954	0.961665
20.073	17.0715	23.5472	14.0875	5.11132	10.9912	21.3501	15.2331	14.1864	18.8432	25.8937	18.7367	19.9599	20.8735	16.4987	7.26167	5.43659	10.9296	12.0843	11.1523	4.22127	0	16.3483	6.64078	3.2596
18.3247	23.4521	21.8573	14.846	20.0979	13.9531	20.3478	17.2765	17.276	9.08599	13.4864	11.5378	18.1874	19.6271	18.6541	16.1613	21.067	10.1149	4.16203	7.87252	8.18828	16.3483	0	19.3837	9.14995
22.7938	10.4307	12.6805	11.5117	11.6701	12.0908	15.1745	8.76741	20.3576	17.2717	19.1198	12.8431	15.8644	10.9185	9.47741	9.51972	13.6654	11.3575	17.3104	14.1878	11.1954	6.64078	19.3837	0	9.90038
12.8234	17.2306	16.2218	9.90945	8.37092	7.73156	12.7005	11.055	10.9268	13.2726	18.6953	15.6409	15.8542	16.4563	15.3956	8.93467	11.3806	3.73123	8.82469	3.95399	0.961665	3.2596	9.14995	9.90038	0
																								
0	16.6499	9.61095	5.19199	12.1666	5.95567	15.2375	5.13881	3.38095	6.1	3.00987	9.18653	6.12	9.35731	6.56881	8.10611	12.8852	11.0229	9.60066	15.8452	16.874	13.5382	16.9405	15.2302	12.6832
16.6499	0	6.05413	14.6852	5.31601	13.8329	20.9881	9.1125	13.646	12.0026	13.64	5.06478	13.0182	7.23412	9.52515	10.9466	6.61709	15.3412	12.0459	10.9601	16.4331	10.1267	16.6013	15.0875	14.6799
9.61095	6.05413	0	8.67042	11.3701	12.4629	18.4005	4.47214	15.6548	22.2685	17.5924	8.51985	20.2497	5.86415	5.90214	13.1375	12.2185	18.084	15.1321	17.2296	22.587	26.1297	18.6832	23.31	25.456
5.19199	14.6852	8.67042	0	14.045	0.763675	18.1267	4.19829	8.57294	11.292	4.91247	8.246	4.20019	7.36241	5.62829	12.8636	11.9447	12.3559	13.4966	10.6532	21.9514	14.3825	20.4542	22.7309	21.9304
12.1666	5.31601	11.3701	14.045	0	13.2814	19.3184	9.04746	12.8676	13.8329	9.15677	10.3808	11.0361	7.06658	9.3576	6.07157	1.30108	13.6654	9.13297	11.5439	17.6149	4.81065	16.3011	6.91	16.3704
5.95567	13.8329	12.4629	0.763675	13.2814	0	18.2751	4.96196	7.85959	6.81846	4.1488	11.3899	3.43651	6.59873	7.29932	19.3529	13.1715	12.5553	10.7396	11.4169	18.7365	14.3038	14.257	23.0528	9.99974
15.2375	20.9881	18.4005	18.1267	19.3184	18.2751	0	13.9284	12.819	11.8741	14.1263	17.9761	15.256	18.1469	15.3584	20.507	18.0174	20.461	20.7171	16.4015	32.0433	25.9391	26.2025	21.0043	27.9716
5.13881	9.1125	4.47214	4.19829	9.04746	4.96196	13.9284	0	8.51976	10.9856	8.14868	4.04772	8.85159	3.72103	1.43	8.66533	7.74638	6.68595	10.66	9.94308	15.0472	14.0974	17.0375	13.3553	13.6628
3.38095	13.646	15.6548	8.57294	12.8676	7.85959	12.819	8.51976	0	8.3869	3.7108	8.58121	9.50095	11.6931	12.8979	11.4871	20.2831	7.64199	10.3016	13.11	19.3223	22.006	22.911	11.536	18.1963
