10
10
3
3
40

6	21
10	1
47	15
18	25
31	42
9	22
22	5
8	17
2	22
20	29

29	47
34	25
27	39
46	33
33	29
28	46
44	28
33	32
35	23
40	39

70

1.79769e+308
1.79769e+308
1.79769e+308
1.79769e+308
1.79769e+308
1.79769e+308
1.79769e+308
1.79769e+308
1.79769e+308
1.79769e+308

12
15
15
20
13
14
17
19
14
16

0
0
0
0
0
0
0
0
0
0

0

0	9.5475	15.2236	8.4749	15.1433	4.88504	15.0016	1.16276	0.865852	9.47833	9.18538	16.0326	14.5594	17.9178	10.0822	6.99335	18.6849	8.45145	13.9531	26.5906	
9.5475	0	18.6296	21.2505	29.8867	12.107	15.8114	8.38475	11.5088	16.7003	24.7449	14.7249	10.6665	13.9682	8.33413	25.6998	16.3377	12.8341	16.7458	17.9773	
15.2236	18.6296	0	6.74866	12.3784	11.9782	13.2754	15.7005	17.0182	10.8183	9.54593	12.2032	12.6279	12.1089	10.2955	11.738	9.73941	8.80909	14.4937	12.0759	
8.4749	21.2505	6.74866	0	11.7329	14.0405	6.52674	9.63766	9.34076	4.06964	16.2946	19.2849	16.8865	11.6482	17.0441	15.4683	14.0176	8.33898	15.8523	17.0388	
15.1433	29.8867	12.3784	11.7329	0	23.4552	24.0398	10.858	20.833	7.66322	4.20043	6.96343	4.3	11.5227	6.63238	6.39246	13.1572	3.56931	9.14816	5.02802	
4.88504	12.107	11.9782	14.0405	23.4552	0	20.5019	3.72228	5.04	12.0379	17.4973	14.829	19.5471	12.3522	14.2563	12.559	14.7216	11.011	12.7494	23.2133	
15.0016	15.8114	13.2754	6.52674	24.0398	20.5019	0	16.7796	19.9037	10.5964	14.2732	11.4051	16.1232	18.1749	17.7372	26.5195	23.6364	19.0982	9.32551	29.3458	
1.16276	8.38475	15.7005	9.63766	10.858	3.72228	16.7796	0	2.02861	8.31558	23.2024	10.6828	14.019	15.2421	11.7887	8.1561	18.057	7.28869	15.1158	10.5555	
0.865852	11.5088	17.0182	9.34076	20.833	5.04	19.9037	2.02861	0	11.4397	25.6271	15.6072	11.5487	17.1052	9.21634	7.8592	17.8191	10.4128	14.8189	18.8595	
9.47833	16.7003	10.8183	4.06964	7.66322	12.0379	10.5964	8.31558	11.4397	0	11.8637	7.66345	10.9996	12.2228	8.76933	15.8132	15.0377	4.26933	13.2475	7.53617	
9.18538	24.7449	9.54593	16.2946	4.20043	17.4973	14.2732	23.2024	25.6271	11.8637	0	7.02727	8.50043	11.3262	13.3594	2.19203	8.95675	7.76974	4.94773	9.22845	
16.0326	14.7249	12.2032	19.2849	6.96343	14.829	11.4051	10.6828	15.6072	7.66345	7.02727	0	8.72319	11.3475	6.39081	15.7329	11.0667	3.39411	2.07954	6.66095	
14.5594	10.6665	12.6279	16.8865	4.3	19.5471	16.1232	14.019	11.5487	10.9996	8.50043	8.72319	0	10.2212	2.33238	7.56604	13.3777	6.73027	6.79765	9.32802	
17.9178	13.9682	12.1089	11.6482	11.5227	12.3522	18.1749	15.2421	17.1052	12.2228	11.3262	11.3475	10.2212	0	7.88885	20.2923	2.36947	7.95343	15.348	10.8612	
10.0822	8.33413	10.2955	17.0441	6.63238	14.2563	17.7372	11.7887	9.21634	8.76933	13.3594	6.39081	2.33238	7.88885	0	9.89842	10.2583	4.5	8.41166	7.76683	
6.99335	25.6998	11.738	15.4683	6.39246	12.559	26.5195	8.1561	7.8592	15.8132	2.19203	15.7329	7.56604	20.2923	9.89842	0	11.1488	11.7193	7.13976	13.178	
18.6849	16.3377	9.73941	14.0176	13.1572	14.7216	23.6364	18.057	17.8191	15.0377	8.95675	11.0667	13.3777	2.36947	10.2583	11.1488	0	10.3229	13.1463	13.2306	
8.45145	12.8341	8.80909	8.33898	3.56931	11.011	19.0982	7.28869	10.4128	4.26933	7.76974	3.39411	6.73027	7.95343	4.5	11.7193	10.3229	0	5.47366	3.26683	
13.9531	16.7458	14.4937	15.8523	9.14816	12.7494	9.32551	15.1158	14.8189	13.2475	4.94773	2.07954	6.79765	15.348	8.41166	7.13976	13.1463	5.47366	0	13.0396	
26.5906	17.9773	12.0759	17.0388	5.02802	23.2133	29.3458	10.5555	18.8595	7.53617	9.22845	6.66095	9.32802	10.8612	7.76683	13.178	13.2306	3.26683	13.0396	0	

0	12.0337	32.5539	6.16394	19.9376	2.02386	19.1172	4.17667	1.44309	8.86848	19.937	21.1602	11.1175	19.5498	16.2785	21.6461	11.6117	15.8039	12.5842	15.4589	
12.0337	0	25.9324	14.167	21.8246	14.0575	7.0835	12.0934	13.4768	11.3751	16.8489	10.1191	21.2547	16.579	16.9565	15.0246	17.4402	10.794	7.65938	20.947	
32.5539	25.9324	0	12.78	13.6843	16.2587	20.4382	17.2109	27.4817	23.1857	12.7321	13.0065	16.01	9.13955	15.6922	10.9078	6.67083	11.8407	16.4517	6	
6.16394	14.167	12.78	0	14.4643	6.5467	21.1601	4.35412	4.72086	7.06597	13.454	13.7865	14.3952	9.91952	14.476	11.6297	9.23796	12.6207	10.7817	6.77997	
19.9376	21.8246	13.6843	14.4643	0	21.1194	16.3304	29.2488	12.6244	11.0691	6.19294	12.6902	2.95	8.13046	8.15483	6.8	10.1423	5.99245	14.7849	7.68433	
2.02386	14.0575	16.2587	6.5467	21.1194	0	23.9725	2.19258	3.46694	10.8923	17.9715	19.1363	16.8224	13.7373	15.55	19.9436	9.58785	13.78	16.363	12.0458	
19.1172	7.0835	20.4382	21.1601	16.3304	23.9725	0	19.1769	18.6367	8.15648	11.3548	6.9004	18.036	13.3604	13.7378	9.53044	14.2216	7.57537	4.44072	17.3102	
4.17667	12.0934	17.2109	4.35412	29.2488	2.19258	19.1769	0	2.73359	11.4201	28.1252	20.7749	12.408	11.5447	25.5542	15.9838	10.5401	14.8043	19.7528	11.1341	
1.44309	13.4768	27.4817	4.72086	12.6244	3.46694	18.6367	2.73359	0	10.3116	22.1262	26.5791	9.67438	14.2783	22.4743	16.3506	13.2736	12.7168	18.7801	11.5008	
8.86848	11.3751	23.1857	7.06597	11.0691	10.8923	8.15648	11.4201	10.3116	0	11.0685	6.17544	11.108	12.6354	7.41	12.1944	13.4966	6.85041	3.71576	13.8459	
19.937	16.8489	12.7321	13.454	6.19294	17.9715	11.3548	28.1252	22.1262	11.0685	0	10.7789	7.23398	7.45113	5.96153	1.82434	10.0748	4.19153	7.32617	7.61682	
21.1602	10.1191	13.0065	13.7865	12.6902	19.1363	6.9004	20.7749	26.5791	6.17544	10.7789	0	11.3156	9.23021	4.53542	8.95454	9.4645	5.59432	2.45967	7.00651	
11.1175	21.2547	16.01	14.3952	2.95	16.8224	18.036	12.408	9.67438	11.108	7.23398	11.3156	0	5.18046	4.81245	9.75	12.468	3.04245	6.17709	8.32002	
19.5498	16.579	9.13955	9.91952	8.13046	13.7373	13.3604	11.5447	14.2783	12.6354	7.45113	9.23021	5.18046	0	5.0296	10.9193	5.59754	3.2596	6.39425	3.13955	
16.2785	16.9565	15.6922	14.476	8.15483	15.55	13.7378	25.5542	22.4743	7.41	5.96153	4.53542	4.81245	5.0296	0	4.78441	15.1402	1.77	4.90465	7.6107	
21.6461	15.0246	10.9078	11.6297	6.8	19.9436	9.53044	15.9838	16.3506	12.1944	1.82434	8.95454	9.75	10.9193	4.78441	0	10.2378	6.01586	11.4142	7.77977	
11.6117	17.4402	6.67083	9.23796	10.1423	9.58785	14.2216	10.5401	13.2736	13.4966	10.0748	9.4645	12.468	5.59754	15.1402	10.2378	0	8.29869	9.78085	2.45799	
15.8039	10.794	11.8407	12.6207	5.99245	13.78	7.57537	14.8043	12.7168	6.85041	4.19153	5.59432	3.04245	3.2596	1.77	6.01586	8.29869	0	3.13465	5.8407	
12.5842	7.65938	16.4517	10.7817	14.7849	16.363	4.44072	19.7528	18.7801	3.71576	7.32617	2.45967	6.17709	6.39425	4.90465	11.4142	9.78085	3.13465	0	8.97535	
15.4589	20.947	6	6.77997	7.68433	12.0458	17.3102	11.1341	11.5008	13.8459	7.61682	7.00651	8.32002	3.13955	7.6107	7.77977	2.45799	5.8407	8.97535	0	

0	14.194	17.9801	10.5906	14.7405	0.917061	18.3085	2.90689	4.65911	5.21973	10.9804	11.4086	7.84953	16.3573	20.9368	9.48799	16.082	14.3017	9.7636	16.5424	
14.194	0	19.4235	5.31263	25.2151	19.8025	3.16228	11.2872	13.3178	8.08535	31.669	9.69294	26.2265	30.8092	16.0243	13.686	15.5751	22.1129	21.574	29.0489	
17.9801	19.4235	0	14.1108	6.90464	14.327	20.4178	20.8326	26.28	10.9733	10.4588	6.08418	9.55464	9.59689	8.16613	10.2573	8.005	5.94613	5.48044	10.3019	
10.5906	5.31263	14.1108	0	13.1234	7.0754	8.4749	7.68375	9.71441	2.77272	9.36334	13.2268	18.0607	11.1906	7.97272	8.37339	9.01814	11.0446	8.26559	15.106	
14.7405	25.2151	6.90464	13.1234	0	9.58247	18.2693	13.9279	15.9586	11.6372	3.55421	5.41596	2.65	4.72307	5.58535	4.54416	5.82334	3.36535	7.57243	7.72113	
0.917061	19.8025	14.327	7.0754	9.58247	0	11.046	3.82395	5.57617	4.30267	9.56088	9.45027	6.93247	11.5152	9.50267	8.57093	10.5481	12.5745	8.84654	15.7725	
18.3085	3.16228	20.4178	8.4749	18.2693	11.046	0	14.4494	13.2801	6.74329	14.6526	6.53067	15.6091	15.1612	9.04576	18.9797	12.4128	8.58128	7.1344	23.3064	
2.90689	11.2872	20.8326	7.68375	13.9279	3.82395	14.4494	0	2.03066	10.4565	10.8537	8.78013	15.4478	18.651	18.3954	9.86379	13.1751	14.175	15.4065	19.4493	
4.65911	13.3178	26.28	9.71441	15.9586	5.57617	13.2801	2.03066	0	10.3227	14.8714	6.74947	12.9525	21.4602	9.26456	11.8945	15.2057	8.80008	7.3532	21.2015	
5.21973	8.08535	10.9733	2.77272	11.6372	4.30267	6.74329	10.4565	10.3227	0	16.9047	6.09661	11.2351	8.41789	5.2	11.1461	6.24541	7.42	5.49287	9.59436	
10.9804	31.669	10.4588	9.36334	3.55421	9.56088	14.6526	10.8537	14.8714	16.9047	0	8.12197	5.4425	8.27728	10.6371	0.989949	13.9459	5.30111	8.72571	6.80074	
11.4086	9.69294	6.08418	13.2268	5.41596	9.45027	6.53067	8.78013	6.74947	6.09661	8.12197	0	9.07844	5.70136	2.51509	6.36177	4.5086	2.05061	0.603738	6.40639	
7.84953	26.2265	9.55464	18.0607	2.65	6.93247	15.6091	15.4478	12.9525	11.2351	5.4425	9.07844	0	4.58272	10.8048	6.43245	11.8527	6.01535	9.68217	8.84	
16.3573	30.8092	9.59689	11.1906	4.72307	11.5152	15.1612	18.651	21.4602	8.41789	8.27728	5.70136	4.58272	0	5.87075	7.96191	6.10874	3.65075	12.2955	8.00653	
20.9368	16.0243	8.16613	7.97272	5.58535	9.50267	9.04576	18.3954	9.26456	5.2	10.6371	2.51509	10.8048	5.87075	0	6.53116	4.67799	2.22	3.11883	4.39436	
9.48799	13.686	10.2573	8.37339	4.54416	8.57093	18.9797	9.86379	11.8945	11.1461	0.989949	6.36177	6.43245	7.96191	6.53116	0	6.76915	4.31116	8.41457	7.79068	
16.082	15.5751	8.005	9.01814	5.82334	10.5481	12.4128	13.1751	15.2057	6.24541	13.9459	4.5086	11.8527	6.10874	4.67799	6.76915	0	2.45799	9.06015	6.81376	
14.3017	22.1129	5.94613	11.0446	3.36535	12.5745	8.58128	14.175	8.80008	7.42	5.30111	2.05061	6.01535	3.65075	2.22	4.31116	2.45799	0	2.65435	4.35578	
9.7636	21.574	5.48044	8.26559	7.57243	8.84654	7.1344	15.4065	7.3532	5.49287	8.72571	0.603738	9.68217	12.2955	3.11883	8.41457	9.06015	2.65435	0	15.7786	
16.5424	29.0489	10.3019	15.106	7.72113	15.7725	23.3064	19.4493	21.2015	9.59436	6.80074	6.40639	8.84	8.00653	4.39436	7.79068	6.81376	4.35578	15.7786	0	

0	17.2332	17.9035	9.73982	12.0571	4.3007	12.597	3.75659	5.77235	12.8867	18.7451	13.8702	9.95711	22.4747	10.412	11.6542	21.8253	15.3537	22.0611	22.9615	
17.2332	0	22.2303	21.2754	43.292	13.8757	7.58947	21.7876	11.4608	13.3694	27.6514	17.31	21.2231	25.291	18.1498	35.6824	17.1378	27.4923	18.8976	21.4389	
17.9035	22.2303	0	21.2888	8.36951	23.6944	15.5101	11.6052	19.7049	13.6862	17.3289	4.92037	8.83348	8.15054	4.94975	9.73416	6.80425	7.34975	6.50797	9.14519	
9.73982	21.2754	21.2888	0	11.9084	7.39973	13.3826	13.4964	13.3486	7.60263	9.59273	22.0013	10.5322	21.5448	22.6935	10.71	19.5516	11.2049	21.7147	13.8092	
12.0571	43.292	8.36951	11.9084	0	14.2318	13.9801	10.0752	18.5062	5.02957	2.21723	5.35763	2.1	8.30831	3.41977	1.1	5.91664	3.87525	10.8821	5.82343	
4.3007	13.8757	23.6944	7.39973	14.2318	0	9.2024	8.05729	6.02	14.9824	16.9925	16.0449	12.1318	26.9039	15.1198	13.8289	18.7507	23.9422	29.8233	23.0519	
12.597	7.58947	15.5101	13.3826	13.9801	9.2024	0	14.1981	6.82469	5.77997	18.0659	12.4982	8.70954	10.8946	10.5603	12.9195	9.5483	9.38221	15.9316	11.8892	
3.75659	21.7876	11.6052	13.4964	10.0752	8.05729	14.1981	0	9.52894	19.9781	20.1159	8.59326	10.7371	16.1764	6.6554	11.4398	16.7067	9.0554	13.0128	20.0826	
5.77235	11.4608	19.7049	13.3486	18.5062	6.02	6.82469	9.52894	0	12.6047	16.1906	14.7845	15.7295	24.5262	16.7224	17.3078	16.373	21.4688	16.3722	20.407	
12.8867	13.3694	13.6862	7.60263	5.02957	14.9824	5.77997	19.9781	12.6047	0	8.25678	6.84269	2.92957	8.03531	6.00225	4.62663	9.68869	3.60225	10.6091	7.56205	
18.7451	27.6514	17.3289	9.59273	2.21723	16.9925	18.0659	20.1159	16.1906	8.25678	0	12.4086	2.81428	9.71128	5.73539	1.11723	5.93387	5.27822	12.1219	4.21646	
13.8702	17.31	4.92037	22.0013	5.35763	16.0449	12.4982	8.59326	14.7845	6.84269	12.4086	0	3.91312	7.50607	1.93786	5.61018	6.15978	4.33786	1.58761	8.50072	
9.95711	21.2231	8.83348	10.5322	2.1	12.1318	8.70954	10.7371	15.7295	2.92957	2.81428	3.91312	0	13.1205	4.08167	1.69706	6.51369	5.97525	5.50073	6.42049	
22.4747	25.291	8.15054	21.5448	8.30831	26.9039	10.8946	16.1764	24.5262	8.03531	9.71128	7.50607	13.1205	0	6.83306	6.16293	1.34629	4.43306	7.72958	3.68723	
10.412	18.1498	4.94975	22.6935	3.41977	15.1198	10.5603	6.6554	16.7224	6.00225	5.73539	1.93786	4.08167	6.83306	0	4.51977	8.09764	2.4	3.52547	6.3598	
11.6542	35.6824	9.73416	10.71	1.1	13.8289	12.9195	11.4398	17.3078	4.62663	1.11723	5.61018	1.69706	6.16293	4.51977	0	4.81664	4.97525	11.1999	4.72343	
21.8253	17.1378	6.80425	19.5516	5.91664	18.7507	9.5483	16.7067	16.373	9.68869	5.93387	6.15978	6.51369	1.34629	8.09764	4.81664	0	5.77935	6.38329	2.34094	
15.3537	27.4923	7.34975	11.2049	3.87525	23.9422	9.38221	9.0554	21.4688	3.60225	5.27822	4.33786	5.97525	4.43306	2.4	4.97525	5.77935	0	7.00685	3.9598	
22.0611	18.8976	6.50797	21.7147	10.8821	29.8233	15.9316	13.0128	16.3722	10.6091	12.1219	1.58761	5.50073	7.72958	3.52547	11.1999	6.38329	7.00685	0	8.72423	
22.9615	21.4389	9.14519	13.8092	5.82343	23.0519	11.8892	20.0826	20.407	7.56205	4.21646	8.50072	6.42049	3.68723	6.3598	4.72343	2.34094	3.9598	8.72423	0	

0	14.9639	16.3228	9.73982	9.98807	5.10801	15.4507	6.93181	1.60801	12.2889	9.60671	10.9974	6.63807	19.5185	8.72968	12.7192	12.4604	9.03515	11.2891	9.93387	
14.9639	0	14.2416	13.6798	11.6759	15.7094	7.96894	9.02973	18.4272	20.0049	11.2945	16.0371	8.32586	14.1424	13.7694	14.407	11.2883	10.7229	12.9769	13.7463	
16.3228	14.2416	0	21.6525	13.0347	21.0738	22.2106	16.6612	20.8707	22.6065	12.6533	12.1369	9.68471	15.5039	14.4046	14.9073	17.958	12.0818	12.8748	15.5	
9.73982	13.6798	21.6525	0	8.33911	12.997	5.7109	16.6716	11.3478	2.54912	8.92312	16.16	12.8263	9.65171	9.17912	6.74523	14.7997	17.8772	10.6269	13.0586	
9.98807	11.6759	13.0347	8.33911	0	14.7391	11.4237	10.3265	14.536	5.78999	1.40014	13.8087	3.35	7.5665	12.42	3.57803	14.4114	5.74708	8.00102	5.48058	
5.10801	15.7094	21.0738	12.997	14.7391	0	11.3425	6.67972	3.5	15.5461	14.3577	17.0836	11.3891	11.3767	13.1616	17.4702	8.52253	11.5658	16.0401	10.9805	
15.4507	7.96894	22.2106	5.7109	11.4237	11.3425	0	16.9987	14.8425	8.26002	12.8238	20.7582	14.7737	19.0862	20.8712	12.4561	16.2321	19.2753	21.4961	18.0813	
6.93181	9.02973	16.6612	16.6716	10.3265	6.67972	16.9987	0	8.53982	19.3477	9.94517	14.5672	6.97653	29.8847	15.6615	13.0577	15.2023	9.37361	11.6276	16.9342	
1.60801	18.4272	20.8707	11.3478	14.536	3.5	14.8425	8.53982	0	14.0239	12.4063	14.7231	8.24608	21.6478	10.3377	14.5957	10.7839	11.9887	15.837	8.32586	
12.2889	20.0049	22.6065	2.54912	5.78999	15.5461	8.26002	19.3477	14.0239	0	7.19013	8.81565	9.13999	7.10259	6.63	9.29435	9.95673	11.7	8.07775	10.5095	
9.60671	11.2945	12.6533	8.92312	1.40014	14.3577	12.8238	9.94517	12.4063	7.19013	0	10.4777	2.96864	6.16636	11.4044	2.17789	6.53843	5.36572	7.61966	4.08044	
10.9974	16.0371	12.1369	16.16	13.8087	17.0836	20.7582	14.5672	14.7231	8.81565	10.4777	0	5.38892	8.65332	2.26771	13.9608	6.43733	3.39411	0.737902	6.39725	
6.63807	8.32586	9.68471	12.8263	3.35	11.3891	14.7737	6.97653	8.24608	9.13999	2.96864	5.38892	0	9.135	7.46708	5.14652	5.4403	2.39708	4.65102	6.05989	
19.5185	14.1424	15.5039	9.65171	7.5665	11.3767	19.0862	29.8847	21.6478	7.10259	6.16636	8.65332	9.135	0	7.49319	8.34425	2.85414	5.89736	9.39123	5.31212	
8.72968	13.7694	14.4046	9.17912	12.42	13.1616	20.8712	15.6615	10.3377	6.63	11.4044	2.26771	7.46708	7.49319	0	16.5169	4.63905	5.07	3.00561	7.09704	
12.7192	14.407	14.9073	6.74523	3.57803	17.4702	12.4561	13.0577	14.5957	9.29435	2.17789	13.9608	5.14652	8.34425	16.5169	0	14.4901	8.4782	10.7321	6.25833	
12.4604	11.2883	17.958	14.7997	14.4114	8.52253	16.2321	15.2023	10.7839	9.95673	6.53843	6.43733	5.4403	2.85414	4.63905	14.4901	0	3.04322	9.29895	2.45799	
9.03515	10.7229	12.0818	17.8772	5.74708	11.5658	19.2753	9.37361	11.9887	11.7	5.36572	3.39411	2.39708	5.89736	5.07	8.4782	3.04322	0	4.13201	3.66281	
11.2891	12.9769	12.8748	10.6269	8.00102	16.0401	21.4961	11.6276	15.837	8.07775	7.61966	0.737902	4.65102	9.39123	3.00561	10.7321	9.29895	4.13201	0	7.13515	
9.93387	13.7463	15.5	13.0586	5.48058	10.9805	18.0813	16.9342	8.32586	10.5095	4.08044	6.39725	6.05989	5.31212	7.09704	6.25833	2.45799	3.66281	7.13515	0	

0	17.1056	29.047	5.21776	15.7395	1.13842	8.41474	1.96774	4.63842	7.00437	10.7431	7.95239	8.65358	14.4665	8.82282	10.9895	18.8744	17.6777	7.55791	17.5009	
17.1056	0	14.2066	13.4581	17.0821	12.8419	5.56561	20.3169	21.3702	11.8929	21.9213	12.1924	15.8191	26.4338	9.05884	22.2538	19.9716	9.83884	10.2284	22.9691	
29.047	14.2066	0	9.96023	13.171	27.0433	26.1518	23.0527	25.5031	8.91774	15.4199	8.2813	14.4438	12.1991	5.14774	18.8731	5.73692	5.92774	6.41265	12.4086	
5.21776	13.4581	9.96023	0	11.9101	4.07934	8.06771	7.40686	7.57934	1.56525	10.7623	7.94605	4.66013	9.02734	4.81249	11.0948	13.367	5.59249	6.07741	11.8101	
15.7395	17.0821	13.171	11.9101	0	18.0594	13.9827	13.9358	14.8081	11.7933	6.95617	11.1569	7.25	8.04671	8.0233	4.75	14.5089	8.8033	9.28821	13.9456	
1.13842	12.8419	27.0433	4.07934	18.0594	0	7.27632	3.10616	3.5	5.64459	9.60469	10.4718	8.73947	13.1067	8.89183	11.8109	19.2877	14.5724	8.69633	20.0203	
8.41474	5.56561	26.1518	8.06771	13.9827	7.27632	0	11.7635	10.7763	6.50246	12.8265	8.46407	11.9971	17.3897	5.92767	18.1512	19.3855	16.4638	4.66276	15.5587	
1.96774	20.3169	23.0527	7.40686	13.9358	3.10616	11.7635	0	5.46717	9.1641	12.788	5.98465	6.68584	16.9672	9.11821	12.9573	12.9797	11.7829	9.52565	13.8358	
4.63842	21.3702	25.5031	7.57934	14.8081	3.5	10.7763	5.46717	0	13.2788	12.8789	11.4518	7.55811	20.31	16.0893	13.9928	16.2649	15.3093	14.1961	14.7081	
7.00437	11.8929	8.91774	1.56525	11.7933	5.64459	6.50246	9.1641	13.2788	0	12.8798	6.90356	6.22538	10.5926	3.77	11.6487	17.0416	4.55	5.03491	20.4551	
10.7431	21.9213	15.4199	10.7623	6.95617	9.60469	12.8265	12.788	12.8789	12.8798	0	10.766	6.1022	16.1452	5.74774	2.20617	9.68297	4.96774	8.16375	12.4866	
7.95239	12.1924	8.2813	7.94605	11.1569	10.4718	8.46407	5.98465	11.4518	6.90356	10.766	0	8.29581	13.4572	3.13356	11.7938	6.99501	3.91356	3.80132	13.6667	
8.65358	15.8191	14.4438	4.66013	7.25	8.73947	11.9971	6.68584	7.55811	6.22538	6.1022	8.29581	0	12.7519	8.59921	6.43467	8.70684	11.0699	7.3343	7.15	
14.4665	26.4338	12.1991	9.02734	8.04671	13.1067	17.3897	16.9672	20.31	10.5926	16.1452	13.4572	12.7519	0	13.8398	12.7967	6.4622	18.5145	17.3666	10.8612	
8.82282	9.05884	5.14774	4.81249	8.0233	8.89183	5.92767	9.11821	16.0893	3.77	5.74774	3.13356	8.59921	13.8398	0	12.7733	10.1286	0.78	1.26491	9.59055	
10.9895	22.2538	18.8731	11.0948	4.75	11.8109	18.1512	12.9573	13.9928	11.6487	2.20617	11.7938	6.43467	12.7967	12.7733	0	11.8891	7.17391	10.3699	10.2804	
18.8744	19.9716	5.73692	13.367	14.5089	19.2877	19.3855	12.9797	16.2649	17.0416	9.68297	6.99501	8.70684	6.4622	10.1286	11.8891	0	12.7933	10.7963	6.67168	
17.6777	9.83884	5.92774	5.59249	8.8033	14.5724	16.4638	11.7829	15.3093	4.55	4.96774	3.91356	11.0699	18.5145	0.78	7.17391	12.7933	0	2.04491	8.81055	
7.55791	10.2284	6.41265	6.07741	9.28821	8.69633	4.66276	9.52565	14.1961	5.03491	8.16375	3.80132	7.3343	17.3666	1.26491	10.3699	10.7963	2.04491	0	10.896	
17.5009	22.9691	12.4086	11.8101	13.9456	20.0203	15.5587	13.8358	14.7081	20.4551	12.4866	13.6667	7.15	10.8612	9.59055	10.2804	6.67168	8.81055	10.896	0	

0	17.686	17.2576	5.31263	19.1166	1.70763	23.3062	3.9802	2.63879	4.35362	21.5573	14.7078	11.6166	12.1632	10.9576	18.0113	14.8465	10.9773	15.4681	9.49658	
17.686	0	22.0606	15.1789	22.4866	17.3771	10.7517	13.7058	17.4548	17.5492	26.8755	25.0989	14.9866	25.0465	23.7172	22.4819	29.8932	20.703	23.0529	20.3943	
17.2576	22.0606	0	12.6333	9.61345	16.9487	11.3088	13.2774	17.0263	21.0824	17.1286	5.51959	16.5658	8.02986	11.3378	22.2175	6.80425	7.61739	4.75933	11.4861	
5.31263	15.1789	12.6333	0	7.11273	3.605	20.9884	6.78731	7.0054	2.37023	9.83334	8.63419	4.32726	11.1445	8.5383	9.53636	9.89724	7.69024	7.87393	5.21536	
19.1166	22.4866	9.61345	7.11273	0	15.0373	15.3241	14.4417	17.73	7.04032	1.94698	5.61439	7.5	8.12466	5.7873	1.65	6.57925	4.37224	4.85412	1.89737	
1.70763	17.3771	16.9487	3.605	15.0373	0	23.5855	3.67129	4.34642	5.97523	19.8497	13.0433	7.93226	17.2749	9.25	13.1414	13.1389	10.6684	11.4789	8.82036	
23.3062	10.7517	11.3088	20.9884	15.3241	23.5855	0	19.9142	23.6631	20.916	13.9711	18.8534	19.9321	30.238	22.1944	13.6741	18.1131	17.7844	16.0682	15.773	
3.9802	13.7058	13.2774	6.78731	14.4417	3.67129	19.9142	0	3.74892	8.33382	19.32	14.0537	11.1146	13.2733	10.2604	16.3237	13.7859	6.99714	9.8552	9.47202	
2.63879	17.4548	17.0263	7.0054	17.73	4.34642	23.6631	3.74892	0	4.63517	17.0121	13.6362	12.6915	9.52437	14.0093	22.7719	14.371	10.7461	12.7949	9.77813	
4.35362	17.5492	21.0824	2.37023	7.04032	5.97523	20.916	8.33382	4.63517	0	19.2732	12.2902	6.69749	14.1595	10.9085	11.9066	9.82484	7.61783	10.2442	5.14296	
21.5573	26.8755	17.1286	9.83334	1.94698	19.8497	13.9711	19.32	17.0121	19.2732	0	13.1296	7.79232	7.48772	10.7416	0.296985	12.3344	12.3989	9.80847	6.85172	
14.7078	25.0989	5.51959	8.63419	5.61439	13.0433	18.8534	14.0537	13.6362	12.2902	13.1296	0	12.5667	4.0308	3.79326	12.8707	9.91829	3.61832	0.760263	13.1181	
11.6166	14.9866	16.5658	4.32726	7.5	7.93226	19.9321	11.1146	12.6915	6.69749	7.79232	12.5667	0	15.077	12.8656	7.49533	22.2319	14.6645	11.8064	9.39737	
12.1632	25.0465	8.02986	11.1445	8.12466	17.2749	30.238	13.2733	9.52437	14.1595	7.48772	4.0308	15.077	0	8.02487	7.78471	4.84665	6.12859	3.27054	9.52853	
10.9576	23.7172	11.3378	8.5383	5.7873	9.25	22.1944	10.2604	14.0093	10.9085	10.7416	3.79326	12.8656	8.02487	0	7.4373	8.61538	4.41	4.55352	6.88487	
18.0113	22.4819	22.2175	9.53636	1.65	13.1414	13.6741	16.3237	22.7719	11.9066	0.296985	12.8707	7.49533	7.78471	7.4373	0	15.4132	9.09457	6.50412	3.54737	
14.8465	29.8932	6.80425	9.89724	6.57925	13.1389	18.1131	13.7859	14.371	9.82484	12.3344	9.91829	22.2319	4.84665	8.61538	15.4132	0	6.78873	8.11718	4.68188	
10.9773	20.703	7.61739	7.69024	4.37224	10.6684	17.7844	6.99714	10.7461	7.61783	12.3989	3.61832	14.6645	6.12859	4.41	9.09457	6.78873	0	2.85806	2.47487	
15.4681	23.0529	4.75933	7.87393	4.85412	11.4789	16.0682	9.8552	12.7949	10.2442	9.80847	0.760263	11.8064	3.27054	4.55352	6.50412	8.11718	2.85806	0	5.33293	
9.49658	20.3943	11.4861	5.21536	1.89737	8.82036	15.773	9.47202	9.77813	5.14296	6.85172	13.1181	9.39737	9.52853	6.88487	3.54737	4.68188	2.47487	5.33293	0	

0	12.6723	19.3249	13.0286	8.81541	0.727324	6.07756	2.19135	2.47732	7.79694	9.64567	10.4652	10.1654	10.7635	13.5473	7.32636	19.6125	10.7873	11.1584	12.1358	
12.6723	0	26.0539	13.1089	18.7553	15.58	19.3162	10.4809	14.6985	21.0629	16.3746	9.35161	21.0374	13.328	13.9545	14.0553	10.42	19.6863	8.65843	20.5602	
19.3249	26.0539	0	15.5127	8.82039	15.582	10.2318	19.267	21.7813	13.4808	14.3179	9.84073	10.96	15.5975	13.6784	11.9986	16.8105	13.5186	10.5339	5.5	
13.0286	13.1089	15.5127	0	4.67866	13.7559	15.1082	11.0134	8.1824	3.3541	9.01855	5.14366	3.32866	9.95093	11.0222	10.3997	11.0397	11.0923	4.45048	8.78866	
8.81541	18.7553	8.82039	4.67866	0	9.54273	17.2431	11.0068	9.08565	4.25735	7.01931	4.95007	1.35	13.4179	8.28636	4.7	11.8209	9.55539	8.46139	3.32039	
0.727324	15.58	15.582	13.7559	9.54273	0	5.35023	2.91867	1.75	6.5783	20.2937	11.1925	13.2429	10.0361	14.46	8.05369	12.9441	11.5146	11.9847	15.2132	
6.07756	19.3162	10.2318	15.1082	17.2431	5.35023	0	9.03515	7.10023	16.0417	23.56	11.3509	17.8702	15.3864	18.0575	22.2304	17.2469	17.0502	10.6577	15.7318	
2.19135	10.4809	19.267	11.0134	11.0068	2.91867	9.03515	0	4.21753	9.04584	17.8988	12.6565	12.2089	15.1352	12.7562	9.51771	16.2907	12.9786	14.4522	17.6689	
2.47732	14.6985	21.7813	8.1824	9.08565	1.75	7.10023	4.21753	0	4.8283	16.4728	8.46836	16.4265	11.7861	16.9737	10.295	16.8239	12.5665	10.2347	20.928	
7.79694	21.0629	13.4808	3.3541	4.25735	6.5783	16.0417	9.04584	4.8283	0	12.6582	3.64005	5.60735	17.7777	9.4124	8.95735	13.8716	7.73817	4.33324	7.57774	
9.64567	16.3746	14.3179	9.01855	7.01931	20.2937	23.56	17.8988	16.4728	12.6582	0	9.28996	5.68989	19.7545	14.7513	2.31931	18.2858	13.8953	21.5588	9.65704	
10.4652	9.35161	9.84073	5.14366	4.95007	11.1925	11.3509	12.6565	8.46836	3.64005	9.28996	0	3.60007	6.19363	5.77235	10.6711	7.28238	8.53235	0.693181	4.56946	
10.1654	21.0374	10.96	3.32866	1.35	13.2429	17.8702	12.2089	16.4265	5.60735	5.68989	3.60007	0	15.5575	9.37242	6.05	13.8316	8.20539	4.29325	4.67039	
10.7635	13.328	15.5975	9.95093	13.4179	10.0361	15.3864	15.1352	11.7861	17.7777	19.7545	6.19363	15.5575	0	6.4425	19.9611	2.90799	10.0396	5.50045	10.0975	
13.5473	13.9545	13.6784	11.0222	8.28636	14.46	18.0575	12.7562	16.9737	9.4124	14.7513	5.77235	9.37242	6.4425	0	12.9864	3.53452	2.76	6.46553	8.17839	
7.32636	14.0553	11.9986	10.3997	4.7	8.05369	22.2304	9.51771	10.295	8.95735	2.31931	10.6711	6.05	19.9611	12.9864	0	21.8069	15.2765	12.2686	8.02039	
19.6125	10.42	16.8105	11.0397	11.8209	12.9441	17.2469	16.2907	16.8239	13.8716	18.2858	7.28238	13.8316	2.90799	3.53452	21.8069	0	6.29452	6.5892	11.7129	
10.7873	19.6863	13.5186	11.0923	9.55539	11.5146	17.0502	12.9786	12.5665	7.73817	13.8953	8.53235	8.20539	10.0396	2.76	15.2765	6.29452	0	10.1597	8.01859	
11.1584	8.65843	10.5339	4.45048	8.46139	11.9847	10.6577	14.4522	10.2347	4.33324	21.5588	0.693181	4.29325	5.50045	6.46553	12.2686	6.5892	10.1597	0	5.26264	
12.1358	20.5602	5.5	8.78866	3.32039	15.2132	15.7318	17.6689	20.928	7.57774	9.65704	4.56946	4.67039	10.0975	8.17839	8.02039	11.7129	8.01859	5.26264	0	

0	20.0776	9.86044	4.77504	11.5879	1.35978	20.8939	4.11437	2.26771	4.22823	23.2578	8.66179	12.835	18.02	11.6098	13.9101	16.0547	10.5284	11.6276	27.3848	
20.0776	0	28.4159	12.6491	17.233	16.0644	8.4749	15.9633	19.556	17.4343	22.1003	14.3059	14.5703	31.7056	22.2741	26.0254	26.05	22.3773	23.1293	20.4203	
9.86044	28.4159	0	11.9159	17.5338	8.50066	14.5236	11.866	19.7707	7.60345	15.7875	8.69265	18.85	5.40833	11.4834	17.8664	12.66	11.6625	9.96721	13	
4.77504	12.6491	11.9159	0	15.6227	3.41526	21.124	6.78061	14.6853	4.78519	20.4824	10.7173	13.814	16.0177	9.62499	15.9655	16.4887	12.475	12.2181	19.664	
11.5879	17.233	17.5338	15.6227	0	10.8389	8.75814	7.47353	11.0662	20.276	7.86234	10.6682	3.9	12.443	6.05036	6.55	8.40619	8.90036	8.64342	9.75	
1.35978	16.0644	8.50066	3.41526	10.8389	0	13.133	3.36535	3.62749	2.86845	14.6292	7.30201	12.086	13.909	10.25	12.5503	11.2693	9.7794	8.57657	16.7456	
20.8939	8.4749	14.5236	21.124	8.75814	13.133	0	16.2317	19.3299	13.1111	13.6254	5.83095	12.6581	21.0468	10.4488	15.3081	9.79827	8.8008	7.10551	15.2745	
4.11437	15.9633	11.866	6.78061	7.47353	3.36535	16.2317	0	3.59271	6.2338	15.3359	9.3839	8.72067	19.4262	9.26405	12.0632	15.8797	6.41405	15.6266	10.6708	
2.26771	19.556	19.7707	14.6853	11.0662	3.62749	19.3299	3.59271	0	13.7161	25.5255	13.4989	12.3134	30.0845	16.6262	23.8203	17.4662	10.0068	13.8953	21.2685	
4.22823	17.4343	7.60345	4.78519	20.276	2.86845	13.1111	6.2338	13.7161	0	15.6972	7.28011	18.5991	13.0118	11.8017	15.4187	11.2474	10.25	8.55467	16.7237	
23.2578	22.1003	15.7875	20.4824	7.86234	14.6292	13.6254	15.3359	25.5255	15.6972	0	19.4563	10.3902	21.1958	13.9127	2.07889	16.2685	7.728	18.9297	15.7777	
8.66179	14.3059	8.69265	10.7173	10.6682	7.30201	5.83095	9.3839	13.4989	7.28011	19.4563	0	14.5121	7.66697	3.86763	8.61895	3.96732	2.96985	1.27456	7.22663	
12.835	14.5703	18.85	13.814	3.9	12.086	12.6581	8.72067	12.3134	18.5991	10.3902	14.5121	0	17.1354	9.95036	10.45	12.3062	10.1068	13.2375	5.85	
18.02	31.7056	5.40833	16.0177	12.443	13.909	21.0468	19.4262	30.0845	13.0118	21.1958	7.66697	17.1354	0	6.39269	23.5117	7.53923	9.24269	6.39241	12.2188	
11.6098	22.2741	11.4834	9.62499	6.05036	10.25	10.4488	9.26405	16.6262	11.8017	13.9127	3.86763	9.95036	6.39269	0	8.49911	7.02019	2.85	2.59307	7.10678	
13.9101	26.0254	17.8664	15.9655	6.55	12.5503	15.3081	12.0632	23.8203	15.4187	2.07889	8.61895	10.45	23.5117	8.49911	0	14.9562	5.64911	17.3579	9.90589	
16.0547	26.05	12.66	16.4887	8.40619	11.2693	9.79827	15.8797	17.4662	11.2474	16.2685	3.96732	12.3062	7.53923	7.02019	14.9562	0	6.93716	4.42712	13.4109	
10.5284	22.3773	11.6625	12.475	8.90036	9.7794	8.8008	6.41405	10.0068	10.25	7.728	2.96985	10.1068	9.24269	2.85	5.64911	6.93716	0	4.24441	4.25678	
11.6276	23.1293	9.96721	12.2181	8.64342	8.57657	7.10551	15.6266	13.8953	8.55467	18.9297	1.27456	13.2375	6.39241	2.59307	17.3579	4.42712	4.24441	0	10.7181	
27.3848	20.4203	13	19.664	9.75	16.7456	15.2745	10.6708	21.2685	16.7237	15.7777	7.22663	5.85	12.2188	7.10678	9.90589	13.4109	4.25678	10.7181	0	

0	5.30298	16.9035	8.98087	10.641	1.83412	4.75176	7.28958	5.03019	6.65833	9.02541	17.371	13.9739	20.3608	13.9287	9.35068	10.7118	13.4112	15.8638	16.5424	
5.30298	0	22.292	14.2838	22.5252	7.1371	10.0547	7.90101	10.3332	18.2026	14.3284	19.9968	22.1747	28.5165	18.8424	22.3864	24.6964	18.7142	16.4752	21.8454	
16.9035	22.292	0	17.4894	13.9783	15.0693	21.7408	15.2084	19.194	17.9431	16.196	7.99822	12.4964	23.2842	10.2955	13.8395	16.1495	14.3455	6.63421	17.0464	
8.98087	14.2838	17.4894	0	12.293	9.92244	13.7326	16.2705	14.0111	5.09823	13.5282	11.8662	4.993	7.98959	10.7117	10.7913	6.80485	9.10073	13.865	9.38765	
10.641	22.5252	13.9783	12.293	0	14.8661	18.2597	11.1367	12.5814	10.6716	1.61555	4.83729	7.3	10.8456	3.68283	1.94082	9.53687	6.89377	15.0038	11.85	
1.83412	7.1371	15.0693	9.92244	14.8661	0	6.58588	8.71932	6.86431	4.82421	10.8595	19.4045	14.1125	10.0624	13.5342	12.1516	8.87764	8.82671	16.1331	18.3766	
4.75176	10.0547	21.7408	13.7326	18.2597	6.58588	0	11.8015	7.34967	17.6514	13.585	29.3405	19.058	26.852	16.2482	13.2597	22.1989	18.1629	27.1977	21.2942	
7.28958	7.90101	15.2084	16.2705	11.1367	8.71932	11.8015	0	4.45184	13.5435	9.52111	9.93818	19.8289	20.6155	13.3504	9.84638	17.597	14.7993	8.57418	23.3946	
5.03019	10.3332	19.194	14.0111	12.5814	6.86431	7.34967	4.45184	0	16.7942	10.2327	10.053	15.7057	16.034	8.89854	9.90741	14.7526	12.9485	13.026	19.771	
6.65833	18.2026	17.9431	5.09823	10.6716	4.82421	17.6514	13.5435	16.7942	0	7.6527	7.9623	10.0912	21.7598	8.0525	7.32743	10.9083	4.0025	11.3088	14.4859	
9.02541	14.3284	16.196	13.5282	1.61555	10.8595	13.585	9.52111	10.2327	7.6527	0	7.05498	6.12354	12.4611	3.86928	0.325269	11.7545	5.27822	17.2215	10.1889	
17.371	19.9968	7.99822	11.8662	4.83729	19.4045	29.3405	9.93818	10.053	7.9623	7.05498	0	9.27178	8.54016	1.15447	4.69848	7.00851	3.9598	1.364	4.72178	
13.9739	22.1747	12.4964	4.993	7.3	14.1125	19.058	19.8289	15.7057	10.0912	6.12354	9.27178	0	8.36838	9.34228	5.79828	11.7978	14.0971	15.7643	4.55	
20.3608	28.5165	23.2842	7.98959	10.8456	10.0624	26.852	20.6155	16.034	21.7598	12.4611	8.54016	8.36838	0	7.03878	13.682	1.18474	8.09051	12.1807	3.81838	
13.9287	18.8424	10.2955	10.7117	3.68283	13.5342	16.2482	13.3504	8.89854	8.0525	3.86928	1.15447	9.34228	7.03878	0	3.54401	5.85404	4.05	2.51847	5.87625	
9.35068	22.3864	13.8395	10.7913	1.94082	12.1516	13.2597	9.84638	9.90741	7.32743	0.325269	4.69848	5.79828	13.682	3.54401	0	9.39805	5.60349	14.865	9.86364	
10.7118	24.6964	16.1495	6.80485	9.53687	8.87764	22.1989	17.597	14.7526	10.9083	11.7545	7.00851	11.7978	1.18474	5.85404	9.39805	0	6.90577	13.4873	5.00311	
13.4112	18.7142	14.3455	9.10073	6.89377	8.82671	18.1629	14.7993	12.9485	4.0025	5.27822	3.9598	14.0971	8.09051	4.05	5.60349	6.90577	0	5.3238	8.68158	
15.8638	16.4752	6.63421	13.865	15.0038	16.1331	27.1977	8.57418	13.026	11.3088	17.2215	1.364	15.7643	12.1807	2.51847	14.865	13.4873	5.3238	0	6.08578	
16.5424	21.8454	17.0464	9.38765	11.85	18.3766	21.2942	23.3946	19.771	14.4859	10.1889	4.72178	4.55	3.81838	5.87625	9.86364	5.00311	8.68158	6.08578	0	

0	9.6131	24.9406	8.81205	15.213	3.41526	15.8392	5.09823	5.36004	11.1259	14.1913	19.7818	19.8716	16.2306	15.3481	12.6546	17.8969	11.9953	17.7497	20.2431	
9.6131	0	29.736	8.22868	11.9769	10.5119	22.3889	4.51486	7.01414	16.064	14.7772	17.1557	16.6769	15.6472	16.4391	18.6269	13.4591	19.0919	23.5711	19.6597	
24.9406	29.736	0	25.4372	29.0149	20.6925	25.2718	29.0755	30.7354	32.4395	22.8128	19.325	19.5803	18.0638	14.6325	21.1808	16.2768	12.1125	19.3959	14.5	
8.81205	8.22868	25.4372	0	10.5716	9.78165	19.9882	3.71381	6.21309	6.4846	15.6964	12.9189	21.0104	14.8462	15.6381	14.9403	9.16038	17.3537	13.1083	15.9069	
15.213	11.9769	29.0149	10.5716	0	14.5178	11.4237	16.4918	11.6315	4.08705	2.80029	5.1788	4.7	15.2602	9.4256	4.61048	8.93731	12.1678	5.6931	11.7284	
3.41526	10.5119	20.6925	9.78165	14.5178	0	15.1947	6.06783	8.56711	10.4307	12.5239	15.3453	16.0478	14.6682	11.1	10.7137	16.4936	8.58	14.831	18.232	
15.8392	22.3889	25.2718	19.9882	11.4237	15.1947	0	20.9374	20.7534	15.5107	11.9222	16.6025	16.1237	14.3356	20.0129	13.7324	18.4582	17.4929	20.9973	10.7718	
5.09823	4.51486	29.0755	3.71381	16.4918	6.06783	20.9374	0	2.49928	10.1984	11.3305	16.1711	17.0108	11.1324	11.9243	16.7815	12.7986	14.4443	14.9976	14.6962	
5.36004	7.01414	30.7354	6.21309	11.6315	8.56711	20.7534	2.49928	0	8.88408	8.83122	22.4251	14.5116	13.6317	14.4235	10.6414	15.2979	17.47	15.5078	16.2354	
11.1259	16.064	32.4395	6.4846	4.08705	10.4307	15.5107	10.1984	8.88408	0	6.88734	7.13805	8.78705	10.4889	15.2251	9.76991	15.5499	13.9072	6.62375	16.8492	
14.1913	14.7772	22.8128	15.6964	2.80029	12.5239	11.9222	11.3305	8.83122	6.88734	0	7.97909	7.50029	12.6768	8.29759	1.81019	6.53601	10.8176	16.899	9.11299	
19.7818	17.1557	19.325	12.9189	5.1788	15.3453	16.6025	16.1711	22.4251	7.13805	7.97909	0	9.8788	4.37947	4.2468	9.53848	3.75851	6.7668	0.514296	6.54956	
19.8716	16.6769	19.5803	21.0104	4.7	16.0478	16.1237	17.0108	14.5116	8.78705	7.50029	9.8788	0	10.5602	9.98783	7.42462	13.2046	7.46783	14.4254	14.124	
16.2306	15.6472	18.0638	14.8462	15.2602	14.6682	14.3356	11.1324	13.6317	10.4889	12.6768	4.37947	10.5602	0	12.4666	13.4269	7.64693	11.1486	3.86518	3.56382	
15.3481	16.4391	14.6325	15.6381	9.4256	11.1	20.0129	11.9243	14.4235	15.2251	8.29759	4.2468	9.98783	12.4666	0	10.1078	8.00531	2.52	4.76109	10.7964	
12.6546	18.6269	21.1808	14.9403	4.61048	10.7137	13.7324	16.7815	10.6414	9.76991	1.81019	9.53848	7.42462	13.4269	10.1078	0	5.77997	9.0683	10.3424	10.2804	
17.8969	13.4591	16.2768	9.16038	8.93731	16.4936	18.4582	12.7986	15.2979	15.5499	6.53601	3.75851	13.2046	7.64693	8.00531	5.77997	0	8.19329	4.27281	8.89557	
11.9953	19.0919	12.1125	17.3537	12.1678	8.58	17.4929	14.4443	17.47	13.9072	10.8176	6.7668	7.46783	11.1486	2.52	9.0683	8.19329	0	7.28344	13.7621	
17.7497	23.5711	19.3959	13.1083	5.6931	14.831	20.9973	14.9976	15.5078	6.62375	16.899	0.514296	14.4254	3.86518	4.76109	10.3424	4.27281	7.28344	0	7.06386	
20.2431	19.6597	14.5	15.9069	11.7284	18.232	10.7718	14.6962	16.2354	16.8492	9.11299	6.54956	14.124	3.56382	10.7964	10.2804	8.89557	13.7621	7.06386	0	

0	13.5529	16.9215	8.91762	19.2444	4.93315	17.1317	3.80132	2.80371	11.7775	15.4983	8.77878	10.257	10.0228	6.75846	20.3405	13.1374	7.44846	13.7155	15.9134	
13.5529	0	11.4724	8.85438	15.7027	8.61976	14.167	12.8996	11.6998	11.1799	18.6931	12.1662	13.6445	13.4102	10.1459	26.7433	15.1958	10.8359	15.1878	19.3008	
16.9215	11.4724	0	20.3268	18.6709	17.0013	15.617	21.6924	14.1178	25.9802	16.2609	20.6655	18.0885	13.4916	17.3345	15.2709	5.73692	19.2848	18.6065	18.9632	
8.91762	8.85438	20.3268	0	6.58286	3.98447	16.183	8.67557	7.06447	2.32551	8.46385	6.52233	8.00058	7.58669	4.50201	10.2483	16.0996	5.19201	6.33338	9.70454	
19.2444	15.7027	18.6709	6.58286	0	10.8328	19.0394	12.2335	21.2166	4.25735	1.61555	12.0502	1.25	8.29778	4.74857	2.6055	13.6016	7.41384	10.955	6.26131	
4.93315	8.61976	17.0013	3.98447	10.8328	0	12.1985	4.6911	3.08	6.30998	10.5652	17.7445	19.3866	18.0529	8.48648	11.5551	18.0705	10.92	10.3178	18.1466	
17.1317	14.167	15.617	16.183	19.0394	12.1985	0	16.8896	15.2785	12.6368	14.8634	21.0751	20.2894	7.37564	10.64	15.9673	15.1303	11.9535	26.8891	9.4121	
3.80132	12.8996	21.6924	8.67557	12.2335	4.6911	16.8896	0	6.60503	7.97616	15.2563	15.5357	15.056	13.2373	7.10405	10.4279	16.9387	6.41405	17.3464	13.6407	
2.80371	11.6998	14.1178	7.06447	21.2166	3.08	15.2785	6.60503	0	19.5063	13.6452	19.3579	26.5861	24.7675	9.56217	27.4664	15.9411	14	15.8473	20.5409	
11.7775	11.1799	25.9802	2.32551	4.25735	6.30998	12.6368	7.97616	19.5063	0	5.8729	12.813	5.50735	5.26118	6.82752	7.65735	13.0158	9.60881	8.65889	7.29765	
15.4983	18.6931	16.2609	8.46385	1.61555	10.5652	14.8634	15.2563	13.6452	5.8729	0	12.3462	2.86555	7.48772	10.3259	0.989949	15.2424	5.00379	9.40068	7.87686	
8.77878	12.1662	20.6655	6.52233	12.0502	17.7445	21.0751	15.5357	19.3579	12.813	12.3462	0	5.51889	5.28467	2.02032	13.1355	13.618	2.71032	3.51063	8.20428	
10.257	13.6445	18.0885	8.00058	1.25	19.3866	20.2894	15.056	26.5861	5.50735	2.86555	5.51889	0	6.76292	3.49857	4.65	12.3516	4.18857	10.4556	7.51131	
10.0228	13.4102	13.4916	7.58669	8.29778	18.0529	7.37564	13.2373	24.7675	5.26118	7.48772	5.28467	6.76292	0	3.26435	8.47767	7.75464	3.95435	6.73012	2.03647	
6.75846	10.1459	17.3345	4.50201	4.74857	8.48648	10.64	7.10405	9.56217	6.82752	10.3259	2.02032	3.49857	3.26435	0	4.70384	11.019	0.69	5.53095	5.30082	
20.3405	26.7433	15.2709	10.2483	2.6055	11.5551	15.9673	10.4279	27.4664	7.65735	0.989949	13.1355	4.65	8.47767	4.70384	0	19.2571	4.01384	10.3906	9.66131	
13.1374	15.1958	5.73692	16.0996	13.6016	18.0705	15.1303	16.9387	15.9411	13.0158	15.2424	13.618	12.3516	7.75464	11.019	19.2571	0	12.2876	12.8695	9.7911	
7.44846	10.8359	19.2848	5.19201	7.41384	10.92	11.9535	6.41405	14	9.60881	5.00379	2.71032	4.18857	3.95435	0.69	4.01384	12.2876	0	7.64701	7.22663	
13.7155	15.1878	18.6065	6.33338	10.955	10.3178	26.8891	17.3464	15.8473	8.65889	9.40068	3.51063	10.4556	6.73012	5.53095	10.3906	12.8695	7.64701	0	4.69366	
15.9134	19.3008	18.9632	9.70454	6.26131	18.1466	9.4121	13.6407	20.5409	7.29765	7.87686	8.20428	7.51131	2.03647	5.30082	9.66131	9.7911	7.22663	4.69366	0	

0	6.30041	12.431	9.48683	9.03703	4.33232	16.1528	4.42741	0.907083	11.1415	7.63688	9.90637	13.0083	14.788	12.3004	9.19252	7.72787	9.37606	12.1322	8.84828	
6.30041	0	30.9914	21.5094	15.7513	16.9433	9.61332	13.9846	5.39333	18.0424	14.1569	14.3926	24.3393	27.8393	22.5497	12.6013	26.2883	13.8623	16.2744	15.3844	
12.431	30.9914	0	17.5685	14.437	11.5918	14.8516	16.8584	13.3381	17.7568	15.8371	9.02067	19.0035	13.78	16.0712	17.587	8.27183	17.4352	12.8667	19.25	
9.48683	21.5094	17.5685	0	8.4081	5.9767	10.0838	12.5159	10.3939	1.65469	8.11693	9.49473	13.373	10.2572	5.56482	9.67256	16.8077	4.63482	5.64869	9.50419	
9.03703	15.7513	14.437	8.4081	0	7.73036	9.91601	15.6265	12.2423	8.84311	1.40014	12.1878	7.6	14.5737	4.70327	2.95578	12.5356	3.77327	16.1394	11.76	
4.33232	16.9433	11.5918	5.9767	7.73036	0	14.8955	7.90348	5.2394	7.6314	9.1305	9.06457	15.3304	13.8239	12.25	10.8804	12.0602	10.6115	11.6254	13.1806	
16.1528	9.61332	14.8516	10.0838	9.91601	14.8955	0	16.042	14.8302	8.42912	8.51587	5.83095	19.7003	10.5903	12.8815	10.0715	13.7656	13.1196	6.66108	10.5166	
4.42741	13.9846	16.8584	12.5159	15.6265	7.90348	16.042	0	5.3345	10.8612	12.0643	16.968	11.9266	13.7063	16.9215	18.7765	12.1553	15.7978	11.6221	7.7666	
0.907083	5.39333	13.3381	10.3939	12.2423	5.2394	14.8302	5.3345	0	13.5388	8.54397	8.99929	14.151	13.7586	9.39898	14.4154	8.63495	8.46898	11.2252	9.75536	
11.1415	18.0424	17.7568	1.65469	8.84311	7.6314	8.42912	10.8612	13.5388	0	9.77162	8.73613	11.7183	13.4955	5.99983	11.0163	16.6708	5.06983	7.30338	11.5639	
7.63688	14.1569	15.8371	8.11693	1.40014	9.1305	8.51587	12.0643	8.54397	9.77162	0	14.3468	9.00014	18.1885	6.66132	1.55563	11.1354	5.17342	13.7656	15.3748	
9.90637	14.3926	9.02067	9.49473	12.1878	9.06457	5.83095	16.968	8.99929	8.73613	14.3468	0	11.733	4.75933	7.05051	14.361	7.93463	7.98051	3.84604	7.70154	
13.0083	24.3393	19.0035	13.373	7.6	15.3304	19.7003	11.9266	14.151	11.7183	9.00014	11.733	0	6.9737	6.7639	10.75	10.7317	7.6939	8.0155	4.16	
14.788	27.8393	13.78	10.2572	14.5737	13.8239	10.5903	13.7063	13.7586	13.4955	18.1885	4.75933	6.9737	0	10.3371	17.8314	8.2393	11.2671	4.60848	5.9397	
12.3004	22.5497	16.0712	5.56482	4.70327	12.25	12.8815	16.9215	9.39898	5.99983	6.66132	7.05051	6.7639	10.3371	0	6.87643	7.84221	0.93	10.8782	9.15492	
9.19252	12.6013	17.587	9.67256	2.95578	10.8804	10.0715	18.7765	14.4154	11.0163	1.55563	14.361	10.75	17.8314	6.87643	0	12.6911	5.94643	13.2229	14.0314	
7.72787	26.2883	8.27183	16.8077	12.5356	12.0602	13.7656	12.1553	8.63495	16.6708	11.1354	7.93463	10.7317	8.2393	7.84221	12.6911	0	8.77221	11.7807	14.179	
9.37606	13.8623	17.4352	4.63482	3.77327	10.6115	13.1196	15.7978	8.46898	5.06983	5.17342	7.98051	7.6939	11.2671	0.93	5.94643	8.77221	0	10.2835	10.0849	
12.1322	16.2744	12.8667	5.64869	16.1394	11.6254	6.66108	11.6221	11.2252	7.30338	13.7656	3.84604	8.0155	4.60848	10.8782	13.2229	11.7807	10.2835	0	3.8555	
8.84828	15.3844	19.25	9.50419	11.76	13.1806	10.5166	7.7666	9.75536	11.5639	15.3748	7.70154	4.16	5.9397	9.15492	14.0314	14.179	10.0849	3.8555	0	

0	9.57458	18.6138	4.48628	12.9493	2.09939	15.4111	1.02859	1.69047	8.12562	19.6826	9.72555	15.2951	11.0506	16.5579	10.5364	9.27345	8.20507	8.21984	14.2318	
9.57458	0	13.0548	12.0037	11.9769	5.67642	20.2291	6.74722	14.2475	8.80564	20.9702	22.0617	18.2769	17.3997	23.553	13.8269	18.8153	23.1603	14.0026	16.9101	
