10
10
3
3
30

6	21
10	1
47	15
18	25
31	42
9	22
22	5
8	17
2	22
20	29

29	47
34	25
27	39
46	33
33	29
28	46
44	28
33	32
35	23
40	39

70

1.79769e+308
1.79769e+308
1.79769e+308
1.79769e+308
1.79769e+308
1.79769e+308
1.79769e+308
1.79769e+308
1.79769e+308
1.79769e+308

12
15
15
20
13
14
17
19
14
16

0
0
0
0
0
0
0
0
0
0

0

0	4.96392	11.1452	3.58981	4.0011	1.15886	5.08427	1.74495	2.57562	1.43284	6.20606	4.29859	3.56501	9.04089	2.25269	3.8261	4.73744	2.06241	3.00644	4.52821	
4.96392	0	16.0258	3.9036	6.6473	3.80506	2.68069	4.39116	4.87988	8.39066	9.77462	10.5448	10.722	9.35468	8.67591	14.1131	7.69161	10.5017	5.7469	7.98459	
11.1452	16.0258	0	11.0412	4.79619	12.3041	8.58234	12.8975	5.06346	5.05412	7.92501	6.14002	11.3546	4.85048	8.94166	3.2574	5.97116	6.46016	5.51613	1.95876	
3.58981	3.9036	11.0412	0	6.76948	4.72344	1.49446	4.13734	4.71599	4.48706	5.87102	6.64118	7.00001	5.06944	4.77231	7.53769	3.78801	4.96259	4.24304	7.58243	
4.0011	6.6473	4.79619	6.76948	0	2.84224	9.83275	3.42834	5.94214	5.9328	3.41606	3.3583	2.23836	4.2629	4.48442	1.71904	2.98147	3.48273	3.4365	2.83744	
1.15886	3.80506	12.3041	4.72344	2.84224	0	6.46743	0.586097	1.16475	2.13253	5.24174	6.20054	4.72386	8.79727	6.8869	4.56128	5.82371	3.22127	7.64065	5.67968	
5.08427	2.68069	8.58234	1.49446	9.83275	6.46743	0	5.6318	6.45998	5.98152	5.47508	3.6901	9.0249	6.94554	6.26677	9.03215	3.52124	4.01024	3.06621	7.02795	
1.74495	4.39116	12.8975	4.13734	3.42834	0.586097	5.6318	0	0.578648	1.54643	4.65564	4.41217	5.56198	9.38336	6.44545	6.35266	4.85102	4.05938	7.06452	3.68335	
2.57562	4.87988	5.06346	4.71599	5.94214	1.16475	6.45998	0.578648	0	2.12508	5.23429	7.42721	5.84214	5.99643	8.75631	4.40335	8.80563	5.30517	7.06644	3.1047	
1.43284	8.39066	5.05412	4.48706	5.9328	2.13253	5.98152	1.54643	2.12508	0	4.77321	2.86574	4.45082	4.58602	4.47499	4.39401	3.30459	3.49525	3.48963	3.09537	
6.20606	9.77462	7.92501	5.87102	3.41606	5.24174	5.47508	4.65564	5.23429	4.77321	0	3.03277	3.99891	6.66237	4.4624	1.69702	2.8639	3.35291	2.40888	2.99567	
4.29859	10.5448	6.14002	6.64118	3.3583	6.20054	3.6901	4.41217	7.42721	2.86574	3.03277	0	1.58507	4.47082	2.25899	3.88697	1.07892	1.56792	0.623891	4.58563	
3.56501	10.722	11.3546	7.00001	2.23836	4.72386	9.0249	5.56198	5.84214	4.45082	3.99891	1.58507	0	4.49342	2.91417	2.30189	3.212	3.10445	2.20896	3.60054	
9.04089	9.35468	4.85048	5.06944	4.2629	8.79727	6.94554	9.38336	5.99643	4.58602	6.66237	4.47082	4.49342	0	3.35149	4.19037	1.28143	3.54177	1.73645	2.89172	
2.25269	8.67591	8.94166	4.77231	4.48442	6.8869	6.26677	6.44545	8.75631	4.47499	4.4624	2.25899	2.91417	3.35149	0	1.95398	4.63292	0.190281	1.13431	4.06403	
3.8261	14.1131	3.2574	7.53769	1.71904	4.56128	9.03215	6.35266	4.40335	4.39401	1.69702	3.88697	2.30189	4.19037	1.95398	0	4.70051	1.76369	2.70772	1.29865	
4.73744	7.69161	5.97116	3.78801	2.98147	5.82371	3.52124	4.85102	8.80563	3.30459	2.8639	1.07892	3.212	1.28143	4.63292	4.70051	0	1.39906	0.455027	4.17315	
2.06241	10.5017	6.46016	4.96259	3.48273	3.22127	4.01024	4.05938	5.30517	3.49525	3.35291	1.56792	3.10445	3.54177	0.190281	1.76369	1.39906	0	0.944031	3.06234	
3.00644	5.7469	5.51613	4.24304	3.4365	7.64065	3.06621	7.06452	7.06644	3.48963	2.40888	0.623891	2.20896	1.73645	1.13431	2.70772	0.455027	0.944031	0	3.96174	
4.52821	7.98459	1.95876	7.58243	2.83744	5.67968	7.02795	3.68335	3.1047	3.09537	2.99567	4.58563	3.60054	2.89172	4.06403	1.29865	4.17315	3.06234	3.96174	0	

0	11.655	18.2066	4.09798	6.78958	1.25987	11.422	2.3882	1.89319	2.75687	10.6814	9.01129	5.96335	13.4739	8.99953	7.98867	10.2753	9.09161	4.64283	3.19018	
11.655	0	8.21091	5.03985	6.18779	7.87796	5.91088	7.3323	8.60261	6.37154	8.67151	7.31819	8.44772	6.14317	7.42861	9.94351	6.7441	10.5255	9.40268	9.88775	
18.2066	8.21091	0	3.17106	11.8597	6.00917	4.0421	5.46351	6.66367	4.50275	14.2025	7.91029	6.57893	3.87561	5.55982	12.0526	3.27468	10.2146	6.31629	10.8555	
4.09798	5.03985	3.17106	0	6.01496	2.83811	0.871038	2.29245	2.19536	1.33169	8.04426	3.44198	3.40787	10.5346	2.38876	5.4332	5.96652	4.05636	4.85081	4.69727	
6.78958	6.18779	11.8597	6.01496	0	5.52971	10.3134	6.65804	7.04619	5.67811	2.48372	3.56781	4.85477	11.1323	3.62619	2.86301	9.16668	5.2938	5.6523	5.74921	
1.25987	7.87796	6.00917	2.83811	5.52971	0	3.70915	1.12833	3.15306	4.1698	8.01343	5.46745	6.24599	10.9472	5.22688	7.82485	6.42457	10.3515	3.38296	4.80872	
11.422	5.91088	4.0421	0.871038	10.3134	3.70915	0	3.16349	4.4338	2.20273	10.1767	6.06425	4.27891	5.69641	3.2598	7.48398	5.09548	10.8954	3.97977	7.25288	
2.3882	7.3323	5.46351	2.29245	6.65804	1.12833	3.16349	0	4.64007	3.62414	14.5761	8.87976	5.70033	17.1394	4.68121	11.8833	12.6168	12.6495	4.51129	11.7596	
1.89319	8.60261	6.66367	2.19536	7.04619	3.15306	4.4338	4.64007	0	0.863674	9.60236	2.97397	5.59406	7.58372	3.60549	10.3732	9.41192	10.759	6.8947	1.29699	
2.75687	6.37154	4.50275	1.33169	5.67811	4.1698	2.20273	3.62414	0.863674	0	8.52299	2.11029	4.73956	9.14918	3.55682	5.96947	8.17805	5.7125	4.19478	2.16066	
10.6814	8.67151	14.2025	8.04426	2.48372	8.01343	10.1767	14.5761	9.60236	8.52299	0	4.23847	2.40461	17.9416	5.6555	0.37929	9.03	5.33645	4.82117	7.964	
9.01129	7.31819	7.91029	3.44198	3.56781	5.46745	6.06425	8.87976	2.97397	2.11029	4.23847	0	4.4827	6.66868	1.44652	3.85918	5.12609	3.11412	2.08448	2.56955	
5.96335	8.44772	6.57893	3.40787	4.85477	6.24599	4.27891	5.70033	5.59406	4.73956	2.40461	4.4827	0	4.91284	3.03618	2.02532	4.31191	4.70378	6.46721	4.29707	
13.4739	6.14317	3.87561	10.5346	11.1323	10.9472	5.69641	17.1394	7.58372	9.14918	17.9416	6.66868	4.91284	0	6.04991	9.33946	0.600931	4.38231	3.64254	6.28674	
8.99953	7.42861	5.55982	2.38876	3.62619	5.22688	3.2598	4.68121	3.60549	3.55682	5.6555	1.44652	3.03618	6.04991	0	5.0615	7.34809	1.6676	3.53101	2.30851	
7.98867	9.94351	12.0526	5.4332	2.86301	7.82485	7.48398	11.8833	10.3732	5.96947	0.37929	3.85918	2.02532	9.33946	5.0615	0	6.33723	4.95716	4.44188	6.3224	
10.2753	6.7441	3.27468	5.96652	9.16668	6.42457	5.09548	12.6168	9.41192	8.17805	9.03	5.12609	4.31191	0.600931	7.34809	6.33723	0	4.98324	3.04161	6.88767	
9.09161	10.5255	10.2146	4.05636	5.2938	10.3515	10.8954	12.6495	10.759	5.7125	5.33645	3.11412	4.70378	4.38231	1.6676	4.95716	4.98324	0	5.68669	3.97611	
4.64283	9.40268	6.31629	4.85081	5.6523	3.38296	3.97977	4.51129	6.8947	4.19478	4.82117	2.08448	6.46721	3.64254	3.53101	4.44188	3.04161	5.68669	0	4.65404	
3.19018	9.88775	10.8555	4.69727	5.74921	4.80872	7.25288	11.7596	1.29699	2.16066	7.964	2.56955	4.29707	6.28674	2.30851	6.3224	6.88767	3.97611	4.65404	0	

0	3.53207	7.8661	2.63184	6.91547	1.19208	10.0021	0.558063	4.62905	6.48778	8.42893	4.64944	9.98919	7.67689	7.16398	12.0417	4.09418	6.89795	4.97837	5.22898	
3.53207	0	9.71593	6.16391	8.99381	5.21005	15.3613	4.09014	8.16112	10.0199	15.0282	10.3173	16.597	9.49098	12.6454	14.12	6.17252	12.6505	8.51044	7.31546	
7.8661	9.71593	0	8.98706	11.3206	9.54408	8.5704	8.42417	11.7578	4.73021	9.07909	4.31003	6.88106	6.72664	5.60535	8.54314	9.88718	4.00847	3.54671	4.99706	
2.63184	6.16391	8.98706	0	6.71964	4.30982	10.464	3.1899	6.71993	4.62078	7.23953	6.20367	8.12219	7.68654	4.53214	7.77548	6.72603	6.12903	5.44035	6.89071	
6.91547	8.99381	11.3206	6.71964	0	4.17411	11.5718	10.8708	8.49989	8.81896	1.47759	3.45601	1.42257	6.40399	4.70294	2.01353	1.76604	7.31208	2.07345	0.623099	
1.19208	5.21005	9.54408	4.30982	4.17411	0	11.1348	0.634012	4.29074	8.16576	6.75096	4.72539	4.35048	10.4985	7.43632	7.2869	4.69395	5.83944	5.00136	3.55101	
10.0021	15.3613	8.5704	10.464	11.5718	11.1348	0	8.88376	6.84406	13.8717	6.7708	4.79238	11.6311	9.15574	8.4525	7.87786	8.93721	6.94327	5.02369	6.47404	
0.558063	4.09014	8.42417	3.1899	10.8708	0.634012	8.88376	0	4.92476	7.04584	6.0698	4.09138	10.9301	20.2815	7.7515	7.17685	4.65225	6.47345	4.85469	4.18502	
4.62905	8.16112	11.7578	6.71993	8.49989	4.29074	6.84406	4.92476	0	7.02759	11.0417	9.82343	10.529	9.26131	9.82026	13.6261	5.6786	10.1302	9.60742	6.82154	
6.48778	10.0199	4.73021	4.62078	8.81896	8.16576	13.8717	7.04584	7.02759	0	11.3918	9.41333	3.50141	6.64281	9.15292	10.706	5.99768	8.73868	8.27692	4.30088	
8.42893	15.0282	9.07909	7.23953	1.47759	6.75096	6.7708	6.0698	11.0417	11.3918	0	1.97842	7.37107	6.37975	3.22535	0.535943	4.29888	4.82224	2.74174	2.10069	
4.64944	10.3173	4.31003	6.20367	3.45601	4.72539	4.79238	4.09138	9.82343	9.41333	1.97842	0	6.83873	4.89537	3.66012	2.51436	4.14483	2.6829	0.763317	2.21367	
9.98919	16.597	6.88106	8.12219	1.42257	4.35048	11.6311	10.9301	10.529	3.50141	7.37107	6.83873	0	10.1442	7.06848	5.3828	1.94241	5.60275	2.24982	0.799467	
7.67689	9.49098	6.72664	7.68654	6.40399	10.4985	9.15574	20.2815	9.26131	6.64281	6.37975	4.89537	10.1442	0	3.1544	11.3022	3.5827	4.65904	4.13206	4.72564	
7.16398	12.6454	5.60535	4.53214	4.70294	7.43632	8.4525	7.7515	9.82026	9.15292	3.22535	3.66012	7.06848	3.1544	0	3.7613	6.7371	1.59689	3.51647	7.86794	
12.0417	14.12	8.54314	7.77548	2.01353	7.2869	7.87786	7.17685	13.6261	10.706	0.535943	2.51436	5.3828	11.3022	3.7613	0	5.72627	6.69265	3.84879	4.58333	
4.09418	6.17252	9.88718	6.72603	1.76604	4.69395	8.93721	4.65225	5.6786	5.99768	4.29888	4.14483	1.94241	3.5827	6.7371	5.72627	0	7.752	2.59329	1.14294	
6.89795	12.6505	4.00847	6.12903	7.31208	5.83944	6.94327	6.47345	10.1302	8.73868	4.82224	2.6829	5.60275	4.65904	1.59689	6.69265	7.752	0	1.91958	3.36994	
4.97837	8.51044	3.54671	5.44035	2.07345	5.00136	5.02369	4.85469	9.60742	8.27692	2.74174	0.763317	2.24982	4.13206	3.51647	3.84879	2.59329	1.91958	0	1.45035	
5.22898	7.31546	4.99706	6.89071	0.623099	3.55101	6.47404	4.18502	6.82154	4.30088	2.10069	2.21367	0.799467	4.72564	7.86794	4.58333	1.14294	3.36994	1.45035	0	

0	10.0557	12.9323	8.48371	9.47953	3.05488	6.14552	2.29899	0.670904	8.06332	8.63501	7.3752	10.328	6.86099	8.88558	9.24968	11.9383	5.7764	8.39459	9.66468	
10.0557	0	9.62682	6.47328	7.1831	10.06	17.9672	7.69991	9.89762	5.05157	7.13795	6.67082	9.38895	5.36394	7.38853	7.35531	6.24774	4.27935	6.89753	8.4511	
12.9323	9.62682	0	13.4809	7.57572	13.4354	8.34035	8.62466	10.2527	5.90127	11.117	4.28202	9.51056	9.8566	10.0064	12.1707	9.44601	7.39238	4.43848	9.15359	
8.48371	6.47328	13.4809	0	3.55325	6.43015	15.7993	11.2042	9.15462	1.42171	11.6541	3.04096	8.89086	7.07669	4.80896	3.72545	2.61788	4.51587	11.5913	9.55416	
9.47953	7.1831	7.57572	3.55325	0	6.60988	8.61338	6.77547	8.40355	2.13153	4.69805	3.75078	1.93484	4.78772	6.81231	4.43527	3.3277	3.70313	6.32132	2.59815	
3.05488	10.06	13.4354	6.43015	6.60988	0	15.4483	7.36248	3.72578	5.00844	10.6161	6.62768	7.85288	10.6634	9.95913	7.31217	6.20461	8.10259	9.30981	8.51618	
6.14552	17.9672	8.34035	15.7993	8.61338	15.4483	0	1.83792	3.466	10.3457	15.4821	1.82438	10.0386	3.0918	8.23312	9.49954	5.60365	4.28611	1.66792	10.1359	
2.29899	7.69991	8.62466	11.2042	6.77547	7.36248	1.83792	0	1.62808	6.51472	6.27917	6.53092	8.20068	3.34368	6.39521	7.64027	10.7966	3.42056	3.50583	7.59231	
0.670904	9.89762	10.2527	9.15462	8.40355	3.72578	3.466	1.62808	0	8.32354	8.16792	6.70429	9.82877	4.97177	8.02329	9.28971	11.2674	5.04865	6.86075	9.79002	
8.06332	5.05157	5.90127	1.42171	2.13153	5.00844	10.3457	6.51472	8.32354	0	5.95276	1.61925	4.06638	4.17875	6.20333	2.30374	1.19617	3.09416	1.77571	6.49082	
8.63501	7.13795	11.117	11.6541	4.69805	10.6161	15.4821	6.27917	8.16792	5.95276	0	5.96896	2.58888	3.94319	5.96778	4.32375	7.05596	2.8586	5.47679	1.92557	
7.3752	6.67082	4.28202	3.04096	3.75078	6.62768	1.82438	6.53092	6.70429	1.61925	5.96896	0	5.53488	1.58034	5.72441	3.92298	2.81542	2.77465	0.15646	4.87157	
10.328	9.38895	9.51056	8.89086	1.93484	7.85288	10.0386	8.20068	9.82877	4.06638	2.58888	5.53488	0	6.19419	5.23057	6.52982	4.29276	4.83505	7.72779	0.663304	
6.86099	5.36394	9.8566	7.07669	4.78772	10.6634	3.0918	3.34368	4.97177	4.17875	3.94319	1.58034	6.19419	0	4.19377	5.3043	5.35962	1.08459	1.42388	5.25634	
8.88558	7.38853	10.0064	4.80896	6.81231	9.95913	8.23312	6.39521	8.02329	6.20333	5.96778	5.72441	5.23057	4.19377	0	7.32889	9.52333	3.10918	5.72737	5.89387	
9.24968	7.35531	12.1707	3.72545	4.43527	7.31217	9.49954	7.64027	9.28971	2.30374	4.32375	3.92298	6.52982	5.3043	7.32889	0	3.49991	4.21971	6.83789	6.24932	
11.9383	6.24774	9.44601	2.61788	3.3277	6.20461	5.60365	10.7966	11.2674	1.19617	7.05596	2.81542	4.29276	5.35962	9.52333	3.49991	0	4.29033	3.93573	4.95606	
5.7764	4.27935	7.39238	4.51587	3.70313	8.10259	4.28611	3.42056	5.04865	3.09416	2.8586	2.77465	4.83505	1.08459	3.10918	4.21971	4.29033	0	2.50847	4.17175	
8.39459	6.89753	4.43848	11.5913	6.32132	9.30981	1.66792	3.50583	6.86075	1.77571	5.47679	0.15646	7.72779	1.42388	5.72737	6.83789	3.93573	2.50847	0	5.02803	
9.66468	8.4511	9.15359	9.55416	2.59815	8.51618	10.1359	7.59231	9.79002	6.49082	1.92557	4.87157	0.663304	5.25634	5.89387	6.24932	4.95606	4.17175	5.02803	0	

0	6.36445	11.7364	3.99423	4.57556	5.58344	3.28985	0.538022	5.43311	3.90686	11.5784	5.61797	3.0536	10.8879	10.8885	6.07982	8.68563	5.00152	7.14537	4.74293	
6.36445	0	19.2652	5.49258	9.36452	10.8069	3.0746	7.5007	12.2342	9.57263	12.5544	9.02841	14.6789	10.3394	13.8008	11.142	12.4142	12.2905	7.18392	9.38093	
11.7364	19.2652	0	2.62855	7.50573	3.55681	6.95862	10.7847	11.5	6.31963	9.49795	1.0048	7.10824	5.89743	2.24368	7.22179	6.21245	2.96018	2.90216	5.41891	
3.99423	5.49258	2.62855	0	6.38594	4.17575	2.41798	4.53225	1.43888	6.93857	4.89344	1.62374	7.04783	4.90627	2.86262	4.10369	6.83139	3.57912	3.5211	6.83919	
4.57556	9.36452	7.50573	6.38594	0	4.33179	6.28992	9.43649	8.19614	2.81181	1.99222	2.62001	1.52196	3.08483	1.38113	2.28225	8.3823	2.71015	5.61372	3.21129	
5.58344	10.8069	3.55681	4.17575	4.33179	0	7.73225	5.1047	6.42861	7.86684	6.32401	2.55201	5.85375	7.44463	3.79088	6.61404	7.75965	4.50738	4.44936	8.42919	
3.28985	3.0746	6.95862	2.41798	6.28992	7.73225	0	3.82787	3.85686	6.49804	8.28214	4.04172	6.34345	10.0507	7.19269	6.52167	6.09317	7.5927	4.10932	6.30633	
0.538022	7.5007	10.7847	4.53225	9.43649	5.1047	3.82787	0	7.03521	4.44142	14.6635	7.65671	3.59163	10.2225	11.0188	14.5935	8.14761	5.53608	8.53541	9.71027	
5.43311	12.2342	11.5	1.43888	8.19614	6.42861	3.85686	7.03521	0	8.57764	9.02305	3.06263	8.16485	15.341	14.7164	5.54257	21.0882	13.3526	12.2566	9.85417	
3.90686	9.57263	6.31963	6.93857	2.81181	7.86684	6.49804	4.44142	8.57764	0	3.55488	3.05004	1.28985	3.0458	2.42368	4.31607	5.99903	1.09466	5.02348	2.97918	
11.5784	12.5544	9.49795	4.89344	1.99222	6.32401	8.28214	14.6635	9.02305	3.55488	0	4.41559	3.51418	1.59234	3.37335	0.789755	7.36459	2.46022	8.34038	3.52525	
5.61797	9.02841	1.0048	1.62374	2.62001	2.55201	4.04172	7.65671	3.06263	3.05004	4.41559	0	5.98912	3.90651	1.23888	5.69521	3.88121	1.95538	1.89736	4.88	
3.0536	14.6789	7.10824	7.04783	1.52196	5.85375	6.34345	3.59163	8.16485	1.28985	3.51418	5.98912	0	3.82879	2.90309	3.02621	3.25199	2.38452	4.09176	1.68933	
10.8879	10.3394	5.89743	4.90627	3.08483	7.44463	10.0507	10.2225	15.341	3.0458	1.59234	3.90651	3.82879	0	3.28015	0.80258	2.07487	1.95114	4.05872	3.53808	
10.8885	13.8008	2.24368	2.86262	1.38113	3.79088	7.19269	11.0188	14.7164	2.42368	3.37335	1.23888	2.90309	3.28015	0	3.66338	5.94624	1.32901	3.13623	4.25364	
6.07982	11.142	7.22179	4.10369	2.28225	6.61404	6.52167	14.5935	5.54257	4.31607	0.789755	5.69521	3.02621	0.80258	3.66338	0	2.87745	2.75372	6.74399	2.7355	
8.68563	12.4142	6.21245	6.83139	8.3823	7.75965	6.09317	8.14761	21.0882	5.99903	7.36459	3.88121	3.25199	2.07487	5.94624	2.87745	0	4.02601	1.98385	1.56266	
5.00152	12.2905	2.96018	3.57912	2.71015	4.50738	7.5927	5.53608	13.3526	1.09466	2.46022	1.95538	2.38452	1.95114	1.32901	2.75372	4.02601	0	3.85274	2.92463	
7.14537	7.18392	2.90216	3.5211	5.61372	4.44936	4.10932	8.53541	12.2566	5.02348	8.34038	1.89736	4.09176	4.05872	3.13623	6.74399	1.98385	3.85274	0	3.54651	
4.74293	9.38093	5.41891	6.83919	3.21129	8.42919	6.30633	9.71027	9.85417	2.97918	3.52525	4.88	1.68933	3.53808	4.25364	2.7355	1.56266	2.92463	3.54651	0	

0	16.2441	15.9635	5.89678	7.75459	0.842983	4.2264	2.65956	1.1951	6.27052	3.46011	10.9509	5.29264	12.0546	7.3207	3.03761	14.0935	9.03863	8.99065	8.94742	
16.2441	0	14.1363	6.98001	17.0416	6.60029	13.5134	8.72061	6.24817	8.33231	18.9992	14.7299	11.7708	10.3584	10.1663	19.9853	8.24099	11.0189	10.0472	9.96378	
15.9635	14.1363	0	13.204	13.1128	16.3969	11.2228	13.1089	20.762	9.09715	13.5013	6.28891	12.9731	8.01277	7.46301	12.6458	5.89532	6.41061	9.9015	7.61811	
5.89678	6.98001	13.204	0	6.51401	1.08395	10.0422	3.20427	0.731838	0.373735	9.19339	8.87462	2.82632	5.68624	2.20768	8.93439	8.0583	3.06028	2.0886	6.33552	
7.75459	17.0416	13.1128	6.51401	0	13.096	3.52819	12.5807	7.24584	6.88774	6.80609	6.33593	6.41951	5.67995	7.27174	7.22859	4.48752	8.34042	11.3615	2.76473	
0.842983	6.60029	16.3969	1.08395	13.096	0	5.06938	1.81658	0.352117	6.95574	7.0797	10.1079	5.8747	14.6035	9.75005	3.88059	16.3824	8.51486	8.31201	11.177	
4.2264	13.5134	11.2228	10.0422	3.52819	5.06938	0	6.93789	14.2224	5.5775	8.47423	9.52238	9.51904	6.08569	3.74355	7.26401	7.72165	4.79595	7.83957	6.29292	
2.65956	8.72061	13.1089	3.20427	12.5807	1.81658	6.93789	0	2.16869	6.44039	8.94822	10.108	7.99502	9.75317	7.75068	5.7491	11.9116	6.69828	6.49544	12.4022	
1.1951	6.24817	20.762	0.731838	7.24584	0.352117	14.2224	2.16869	0	1.10557	11.8897	10.4601	3.55815	13.7401	10.4059	8.07074	12.5477	9.17071	5.99387	7.06735	
6.27052	8.33231	9.09715	0.373735	6.88774	6.95574	5.5775	6.44039	1.10557	0	6.27029	5.32745	3.20005	4.17608	1.83395	6.11703	5.81204	2.68654	1.71486	6.70925	
3.46011	18.9992	13.5013	9.19339	6.80609	7.0797	8.47423	8.94822	11.8897	6.27029	0	8.16801	6.36707	7.05558	4.70559	0.422503	8.70877	5.78308	4.55543	9.57082	
10.9509	14.7299	6.28891	8.87462	6.33593	10.1079	9.52238	10.108	10.4601	5.32745	8.16801	0	7.22597	6.48642	5.77883	9.56563	5.29398	6.83123	3.61259	3.5712	
5.29264	11.7708	12.9731	2.82632	6.41951	5.8747	9.51904	7.99502	3.55815	3.20005	6.36707	7.22597	0	6.57	7.61492	6.78958	5.37756	6.56252	8.08835	3.65478	
12.0546	10.3584	8.01277	5.68624	5.67995	14.6035	6.08569	9.75317	13.7401	4.17608	7.05558	6.48642	6.57	0	2.34214	6.62523	2.11744	3.39454	3.25773	2.91522	
7.3207	10.1663	7.46301	2.20768	7.27174	9.75005	3.74355	7.75068	10.4059	1.83395	4.70559	5.77883	7.61492	2.34214	0	4.28309	3.9781	1.0524	3.54881	5.25736	
3.03761	19.9853	12.6458	8.93439	7.22859	3.88059	7.26401	5.7491	8.07074	6.11703	0.422503	9.56563	6.78958	6.62523	4.28309	0	8.26119	5.33549	4.97793	13.7852	
14.0935	8.24099	5.89532	8.0583	4.48752	16.3824	7.72165	11.9116	12.5477	5.81204	8.70877	5.29398	5.37756	2.11744	3.9781	8.26119	0	5.0305	5.37517	1.72279	
9.03863	11.0189	6.41061	3.06028	8.34042	8.51486	4.79595	6.69828	9.17071	2.68654	5.78308	6.83123	6.56252	3.39454	1.0524	5.33549	5.0305	0	4.40141	7.63755	
8.99065	10.0472	9.9015	2.0886	11.3615	8.31201	7.83957	6.49544	5.99387	1.71486	4.55543	3.61259	8.08835	3.25773	3.54881	4.97793	5.37517	4.40141	0	6.17295	
8.94742	9.96378	7.61811	6.33552	2.76473	11.177	6.29292	12.4022	7.06735	6.70925	9.57082	3.5712	3.65478	2.91522	5.25736	13.7852	1.72279	7.63755	6.17295	0	

0	5.71121	6.22333	3.73397	3.27017	0.777849	5.56201	5.4447	1.56516	3.54149	6.09301	5.15899	1.86295	6.12094	4.51965	3.57428	5.24375	3.34686	8.90018	8.97947	
5.71121	0	7.785	4.72847	9.48	6.48906	3.19085	5.96034	7.27637	5.27923	13.5685	6.72066	7.57416	7.68261	6.08132	10.0966	6.9102	4.90853	4.95615	7.13378	
6.22333	7.785	0	9.92085	7.79666	8.72835	9.20826	5.08626	5.65794	7.46749	7.07868	4.6886	10.11	3.00903	4.04926	10.7712	4.50547	2.87647	3.24687	2.1694	
3.73397	4.72847	9.92085	0	5.44845	2.95612	7.74028	7.62297	4.97409	6.85074	5.9727	4.79806	7.41756	4.68018	5.49532	5.70624	5.84676	6.6102	6.6104	5.51982	
3.27017	9.48	7.79666	5.44845	0	2.49233	7.27649	6.38918	4.51029	7.39503	1.02133	5.89312	2.46619	2.38556	1.57042	0.754865	8.16286	2.74322	4.54979	5.14808	
0.777849	6.48906	8.72835	2.95612	2.49233	0	4.78416	4.66685	2.01797	4.31934	7.34385	7.75419	2.6408	6.80077	4.06275	3.24719	5.69656	4.12471	6.50623	10.8978	
5.56201	3.19085	9.20826	7.74028	7.27649	4.78416	0	2.76949	6.80213	2.08838	4.6399	6.20919	4.73088	7.57376	7.50459	6.90572	3.71934	6.33179	4.60887	6.05542	
5.4447	5.96034	5.08626	7.62297	6.38918	4.66685	2.76949	0	6.68481	4.85787	12.1678	3.65172	8.87662	6.80931	5.20802	9.67521	6.48883	4.03523	1.83938	4.01701	
1.56516	7.27637	5.65794	4.97409	4.51029	2.01797	6.80213	6.68481	0	5.10665	5.32589	4.59361	3.42811	5.55555	3.95426	5.59236	3.6786	2.78147	10.4233	6.01467	
3.54149	5.27923	7.46749	6.85074	7.39503	4.31934	2.08838	4.85787	5.10665	0	2.55152	4.12082	2.6425	7.13304	6.19638	2.81799	5.55067	5.02359	5.93315	7.4608	
6.09301	13.5685	7.07868	5.9727	1.02133	7.34385	4.6399	12.1678	5.32589	2.55152	0	5.40472	1.9778	5.74891	7.58453	0.266468	2.99914	6.31937	7.0869	4.90928	
5.15899	6.72066	4.6886	4.79806	5.89312	7.75419	6.20919	3.65172	4.59361	4.12082	5.40472	0	6.76332	4.58621	2.98493	5.13825	2.50196	1.81213	1.81233	3.98996	
1.86295	7.57416	10.11	7.41756	2.46619	2.6408	4.73088	8.87662	3.42811	2.6425	1.9778	6.76332	0	4.49054	5.30568	1.71133	8.34496	5.20981	7.03723	5.33017	
6.12094	7.68261	3.00903	4.68018	2.38556	6.80077	7.57376	6.80931	5.55555	7.13304	5.74891	4.58621	4.49054	0	0.815138	5.06331	3.17571	1.98793	3.01726	0.839636	
4.51965	6.08132	4.04926	5.49532	1.57042	4.06275	7.50459	5.20802	3.95426	6.19638	7.58453	2.98493	5.30568	0.815138	0	2.32529	4.49302	1.17279	6.12022	1.65477	
3.57428	10.0966	10.7712	5.70624	0.754865	3.24719	6.90572	9.67521	5.59236	2.81799	0.266468	5.13825	1.71133	5.06331	2.32529	0	3.26561	6.95039	5.30466	5.17575	
5.24375	6.9102	4.50547	5.84676	8.16286	5.69656	3.71934	6.48883	3.6786	5.55067	2.99914	2.50196	8.34496	3.17571	4.49302	3.26561	0	3.32023	4.31429	2.33607	
3.34686	4.90853	2.87647	6.6102	2.74322	4.12471	6.33179	4.03523	2.78147	5.02359	6.31937	1.81213	5.20981	1.98793	1.17279	6.95039	3.32023	0	3.62447	3.61372	
8.90018	4.95615	3.24687	6.6104	4.54979	6.50623	4.60887	1.83938	10.4233	5.93315	7.0869	1.81233	7.03723	3.01726	6.12022	5.30466	4.31429	3.62447	0	2.17763	
8.97947	7.13378	2.1694	5.51982	5.14808	10.8978	6.05542	4.01701	6.01467	7.4608	4.90928	3.98996	5.33017	0.839636	1.65477	5.17575	2.33607	3.61372	2.17763	0	

0	1.09674	11.8767	2.34824	6.87327	3.71459	3.75081	1.3575	0.79506	3.92631	10.6458	6.53476	5.92257	17.6852	7.43384	10.1401	12.0211	7.72967	6.04233	10.5375	
1.09674	0	4.56847	1.2515	3.76021	4.56366	2.65407	1.61115	1.8918	4.17408	7.33863	2.76378	5.49535	13.9242	5.68357	5.52761	2.87619	7.99869	4.94558	8.78721	
11.8767	4.56847	0	4.19893	2.24756	8.80668	1.9144	7.76333	9.87447	6.39274	4.82259	9.15797	4.74696	7.54983	9.53539	6.21135	9.86575	4.79159	7.8447	9.97771	
2.34824	1.2515	4.19893	0	2.50872	4.37011	2.28453	1.7018	4.0593	4.20251	5.08374	1.51229	5.13079	3.94061	1.75784	5.55603	1.62469	7.24691	6.19708	4.86148	
6.87327	3.76021	2.24756	2.50872	0	6.87883	4.16196	4.21051	7.74959	4.26786	2.57503	4.021	2.62208	9.79739	8.05513	3.08066	4.13341	6.20857	6.23927	8.92713	
3.71459	4.56366	8.80668	4.37011	6.87883	0	6.65465	2.95251	4.50965	6.72854	6.92604	5.8824	5.08276	8.47337	8.75888	7.35299	5.9948	4.01509	7.06819	9.50347	
3.75081	2.65407	1.9144	2.28453	4.16196	6.65465	0	3.98633	10.7228	6.48704	8.71374	3.79682	6.66135	9.46423	16.6244	10.8006	3.90922	6.70599	7.59965	19.728	
1.3575	1.61115	7.76333	1.7018	4.21051	2.95251	3.98633	0	2.15256	5.48875	8.09079	3.21409	7.1065	14.3745	7.3723	9.47956	3.32649	6.96759	5.14719	11.2983	
0.79506	1.8918	9.87447	4.0593	7.74959	4.50965	10.7228	2.15256	0	3.13125	6.9708	7.98334	4.77703	18.3884	11.173	4.48478	6.69699	9.35613	7.50469	16.8223	
3.92631	4.17408	6.39274	4.20251	4.26786	6.72854	6.48704	5.48875	3.13125	0	1.85916	5.71479	1.64578	5.88167	7.6913	1.35353	3.56574	4.74598	9.11967	6.31687	
10.6458	7.33863	4.82259	5.08374	2.57503	6.92604	8.71374	8.09079	6.9708	1.85916	0	6.2543	1.84328	8.09183	7.88881	0.505636	10.2507	3.63354	6.68665	5.46898	
6.53476	2.76378	9.15797	1.51229	4.021	5.8824	3.79682	3.21409	7.98334	5.71479	6.2543	0	4.41101	5.77707	0.245556	6.68125	3.13698	4.98935	2.47067	3.34919	
5.92257	5.49535	4.74696	5.13079	2.62208	5.08276	6.66135	7.1065	4.77703	1.64578	1.84328	4.41101	0	9.14338	4.65657	2.27024	5.21152	4.6851	7.7382	7.23358	
17.6852	13.9242	7.54983	3.94061	9.79739	8.47337	9.46423	14.3745	18.3884	5.88167	8.09183	5.77707	9.14338	0	9.20208	7.39122	2.31592	4.45828	7.51139	2.42788	
7.43384	5.68357	9.53539	1.75784	8.05513	8.75888	16.6244	7.3723	11.173	7.6913	7.88881	0.245556	4.65657	9.20208	0	8.13624	5.07842	4.7438	2.22511	3.59475	
10.1401	5.52761	6.21135	5.55603	3.08066	7.35299	10.8006	9.47956	4.48478	1.35353	0.505636	6.68125	2.27024	7.39122	8.13624	0	4.91927	3.39245	6.44555	4.96334	
12.0211	2.87619	9.86575	1.62469	4.13341	5.9948	3.90922	3.32649	6.69699	3.56574	10.2507	3.13698	5.21152	2.31592	5.07842	4.91927	0	6.61717	8.46692	4.74381	
7.72967	7.99869	4.79159	7.24691	6.20857	4.01509	6.70599	6.96759	9.35613	4.74598	3.63354	4.98935	4.6851	4.45828	4.7438	3.39245	6.61717	0	3.0531	5.48838	
6.04233	4.94558	7.8447	6.19708	6.23927	7.06819	7.59965	5.14719	7.50469	9.11967	6.68665	2.47067	7.7382	7.51139	2.22511	6.44555	8.46692	3.0531	0	6.15111	
10.5375	8.78721	9.97771	4.86148	8.92713	9.50347	19.728	11.2983	16.8223	6.31687	5.46898	3.34919	7.23358	2.42788	3.59475	4.96334	4.74381	5.48838	6.15111	0	

0	11.4009	6.03342	4.05427	9.25688	2.84444	10.9538	1.32766	1.42717	7.77537	7.20791	7.93866	8.58131	12.6062	4.43762	6.77213	8.45525	7.19793	6.1173	5.29469	
11.4009	0	6.36946	7.34664	9.12246	10.8971	7.58391	12.574	12.6425	8.45531	6.38649	3.4587	8.11686	11.8918	5.35747	6.82227	11.0208	11.0617	5.03985	9.64021	
6.03342	6.36946	0	9.19131	5.62141	3.18898	7.13525	5.01206	4.9005	5.89928	7.69956	2.91076	7.54016	11.4032	4.80953	7.10427	3.6984	7.57597	4.49192	6.85896	
4.05427	7.34664	9.19131	0	9.07356	6.15587	11.3008	5.38193	5.48143	9.46603	4.38033	6.28055	10.17	14.3723	8.17932	3.94455	7.35043	4.59398	6.40894	9.34895	
9.25688	9.12246	5.62141	9.07356	0	7.24655	2.58395	6.32695	11.1117	3.81771	2.73597	5.11577	5.74774	6.89187	3.21699	3.17175	1.92302	5.34091	6.04031	5.08358	
2.84444	10.8971	3.18898	6.15587	7.24655	0	8.27471	1.82308	1.71152	4.93093	4.51058	5.84767	7.52236	7.71942	4.93304	4.94636	6.88738	4.38699	4.26651	7.76429	
10.9538	7.58391	7.13525	11.3008	2.58395	8.27471	0	9.95162	15.4969	5.63774	3.76413	10.2424	6.77591	4.30792	5.80094	4.19991	3.43686	7.64035	8.66129	5.65912	
1.32766	12.574	5.01206	5.38193	6.32695	1.82308	9.95162	0	1.61617	5.98232	6.18748	5.00873	7.48848	9.54157	3.10996	6.62327	12.1772	5.41415	4.78964	6.52476	
1.42717	12.6425	4.9005	5.48143	11.1117	1.71152	15.4969	1.61617	0	6.64245	6.2221	9.72194	10.0085	9.10319	4.72613	6.42019	13.4139	5.77076	5.97803	6.72185	
7.77537	8.45531	5.89928	9.46603	3.81771	4.93093	5.63774	5.98232	6.64245	0	2.06882	4.77113	5.08059	4.9063	2.87236	2.5046	2.20088	3.63936	5.69568	5.32253	
7.20791	6.38649	7.69956	4.38033	2.73597	4.51058	3.76413	6.18748	6.2221	2.06882	0	7.15099	3.01177	5.73536	4.94118	0.435781	3.84166	1.08521	2.90018	3.25371	
7.93866	3.4587	2.91076	6.28055	5.11577	5.84767	10.2424	5.00873	9.72194	4.77113	7.15099	0	4.65816	9.74671	1.89877	4.04555	6.60915	4.20296	1.58116	5.31358	
8.58131	8.11686	7.54016	10.17	5.74774	7.52236	6.77591	7.48848	10.0085	5.08059	3.01177	4.65816	0	5.08855	4.37852	3.44756	3.84177	6.68271	6.23932	6.26549	
12.6062	11.8918	11.4032	14.3723	6.89187	7.71942	4.30792	9.54157	9.10319	4.9063	5.73536	9.74671	5.08855	0	5.63662	3.98186	7.10719	3.33243	6.24643	7.3115	
4.43762	5.35747	4.80953	8.17932	3.21699	4.93304	5.80094	3.10996	4.72613	2.87236	4.94118	1.89877	4.37852	5.63662	0	2.95362	5.07324	2.30419	2.82332	3.4148	
6.77213	6.82227	7.10427	3.94455	3.17175	4.94636	4.19991	6.62327	6.42019	2.5046	0.435781	4.04555	3.44756	3.98186	2.95362	0	3.40588	0.649431	2.4644	3.68949	
8.45525	11.0208	3.6984	7.35043	1.92302	6.88738	3.43686	12.1772	13.4139	2.20088	3.84166	6.60915	3.84177	7.10719	5.07324	3.40588	0	4.05531	5.87027	3.16056	
7.19793	11.0617	7.57597	4.59398	5.34091	4.38699	7.64035	5.41415	5.77076	3.63936	1.08521	4.20296	6.68271	3.33243	2.30419	0.649431	4.05531	0	2.914	5.71899	
6.1173	5.03985	4.49192	6.40894	6.04031	4.26651	8.66129	4.78964	5.97803	5.69568	2.90018	1.58116	6.23932	6.24643	2.82332	2.4644	5.87027	2.914	0	6.23812	
5.29469	9.64021	6.85896	9.34895	5.08358	7.76429	5.65912	6.52476	6.72185	5.32253	3.25371	5.31358	6.26549	7.3115	3.4148	3.68949	3.16056	5.71899	6.23812	0	

0	4.93681	12.5203	14.2409	12.0125	0.785806	1.37405	0.726317	1.9676	5.38777	8.62926	8.5659	6.43802	7.76516	8.53631	8.27003	12.2026	7.94943	11.9061	11.1294	
4.93681	0	8.60483	6.29722	16.2072	7.28494	3.56277	12.6757	13.917	7.57649	6.72185	8.56956	8.62675	9.87621	10.1469	6.36263	11.3416	13.3367	9.64461	14.1296	
12.5203	8.60483	0	11.2501	7.40104	8.37525	7.17267	10.5958	11.5355	7.23333	6.09087	3.95439	2.10869	11.1728	5.4316	5.08598	3.08954	12.1478	7.90276	10.8806	
14.2409	6.29722	11.2501	0	4.21653	11.6001	9.85999	13.683	9.37655	7.54919	2.9205	5.05698	7.17255	3.57898	3.84964	3.27973	5.43492	7.03943	3.34739	4.1884	
12.0125	16.2072	7.40104	4.21653	0	13.5115	12.3089	12.1759	10.8589	6.72558	1.29602	3.4325	4.88406	5.06132	5.4885	1.65525	3.90321	4.84116	7.81842	4.28566	
0.785806	7.28494	8.37525	11.6001	13.5115	0	2.15985	1.17417	2.7534	6.99991	11.5121	9.3517	6.26656	11.9613	7.75051	9.05584	7.24741	8.73524	9.03925	11.0072	
1.37405	3.56277	7.17267	9.85999	12.3089	2.15985	0	2.10036	3.34164	4.01372	11.16	7.29266	5.06398	11.9103	7.69954	8.04127	6.04483	9.32348	8.98829	10.9562	
0.726317	12.6757	10.5958	13.683	12.1759	1.17417	2.10036	0	2.69391	5.82574	10.8657	8.72924	7.44073	19.3398	8.92467	8.99635	9.46793	8.67575	13.3676	13.578	
1.9676	13.917	11.5355	9.37655	10.8589	2.7534	3.34164	2.69391	0	11.7415	15.4892	10.5335	9.42685	5.79757	8.04198	10.2376	9.62727	7.77675	9.06758	6.40699	
5.38777	7.57649	7.23333	7.54919	6.72558	6.99991	4.01372	5.82574	11.7415	0	5.41541	3.27894	7.02246	7.91029	3.69955	5.48587	5.28484	8.75512	4.9883	6.95624	
8.62926	6.72185	6.09087	2.9205	1.29602	11.5121	11.16	10.8657	15.4892	5.41541	0	2.13648	3.33652	3.59905	4.43774	0.35923	2.85245	6.13718	4.28071	2.98963	
8.5659	8.56956	3.95439	5.05698	3.4325	9.3517	7.29266	8.72924	10.5335	3.27894	2.13648	0	4.06615	6.81944	2.60869	2.20693	4.19398	7.66427	3.89744	5.12611	
6.43802	8.62675	2.10869	7.17255	4.88406	6.26656	5.06398	7.44073	9.42685	7.02246	3.33652	4.06615	0	5.16665	2.56614	2.97729	0.98085	8.37848	4.61166	6.51356	
7.76516	9.87621	11.1728	3.57898	5.06132	11.9613	11.9103	19.3398	5.79757	7.91029	3.59905	6.81944	5.16665	0	3.86611	7.19149	4.1858	3.78939	3.27001	0.609421	
8.53631	10.1469	5.4316	3.84964	5.4885	7.75051	7.69954	8.92467	8.04198	3.69955	4.43774	2.60869	2.56614	3.86611	0	4.81563	1.58529	5.05557	1.28875	3.25669	
8.27003	6.36263	5.08598	3.27973	1.65525	9.05584	8.04127	8.99635	10.2376	5.48587	0.35923	2.20693	2.97729	7.19149	4.81563	0	3.21168	8.16652	3.92148	3.34886	
12.2026	11.3416	3.08954	5.43492	3.90321	7.24741	6.04483	9.46793	9.62727	5.28484	2.85245	4.19398	0.98085	4.1858	1.58529	3.21168	0	6.64086	2.87403	4.79522	
7.94943	13.3367	12.1478	7.03943	4.84116	8.73524	9.32348	8.67575	7.77675	8.75512	6.13718	7.66427	8.37848	3.78939	5.05557	8.16652	6.64086	0	4.24504	3.17997	
11.9061	9.64461	7.90276	3.34739	7.81842	9.03925	8.98829	13.3676	9.06758	4.9883	4.28071	3.89744	4.61166	3.27001	1.28875	3.92148	2.87403	4.24504	0	3.87943	
11.1294	14.1296	10.8806	4.1884	4.28566	11.0072	10.9562	13.578	6.40699	6.95624	2.98963	5.12611	6.51356	0.609421	3.25669	3.34886	4.79522	3.17997	3.87943	0	

0	7.26859	4.88666	2.61634	6.41104	2.15179	7.00668	0.722868	2.4953	5.04707	5.41475	4.73859	4.42895	12.653	7.78416	8.44495	11.1354	2.86849	3.13633	7.16319	
7.26859	0	7.85167	6.60978	15.8766	5.1168	7.00236	8.86004	8.38237	4.17904	8.37976	10.159	5.69187	16.6367	9.99525	9.78656	9.48274	12.6245	10.9315	10.1282	
4.88666	7.85167	0	6.67347	5.82791	2.73487	7.58975	6.4781	9.75955	8.38786	5.99783	10.6773	5.01202	11.3171	9.01493	7.0724	13.8776	10.0351	11.058	7.74627	
2.61634	6.60978	6.67347	0	3.7947	3.9386	8.79349	3.3392	6.63406	2.43074	7.20156	2.12225	3.94356	10.9314	4.07867	5.03919	3.14766	2.40651	0.51999	8.53822	
6.41104	15.8766	5.82791	3.7947	0	6.87659	10.5301	6.35279	10.4855	6.22544	2.38381	5.87608	3.16216	6.25709	7.40293	1.24449	8.04971	4.20717	4.31469	2.87199	
2.15179	5.1168	2.73487	3.9386	6.87659	0	4.85489	2.87466	5.51567	3.78998	3.26296	6.06085	2.27716	5.90642	7.84778	4.19483	7.33527	5.88886	4.45859	5.0114	
7.00668	7.00236	7.58975	8.79349	10.5301	4.85489	0	8.59812	9.07737	9.9574	8.11784	5.50994	7.13204	5.29353	2.99289	10.4496	2.48038	6.18865	5.10805	7.91195	
0.722868	8.86004	6.4781	3.3392	6.35279	2.87466	8.59812	0	1.77244	5.97576	7.00619	5.98998	6.02039	5.81024	5.34138	10.2244	7.29363	2.14562	4.03215	3.76747	
2.4953	8.38237	9.75955	6.63406	10.4855	5.51567	9.07737	1.77244	0	4.20333	8.14917	9.68973	5.09542	11.2212	7.17268	7.01309	11.5577	3.91806	8.51194	12.0361	
5.04707	4.17904	8.38786	2.43074	6.22544	3.78998	9.9574	5.97576	4.20333	0	4.56657	4.55299	1.51282	7.63859	6.96451	3.43049	9.38013	8.63899	2.95073	7.23503	
5.41475	8.37976	5.99783	7.20156	2.38381	3.26296	8.11784	7.00619	8.14917	4.56657	0	5.77092	3.05375	2.64347	8.86594	1.13932	5.45662	6.30809	6.89839	2.76683	
4.73859	10.159	10.6773	2.12225	5.87608	6.06085	5.50994	5.98998	9.68973	4.55299	5.77092	0	6.34426	8.6814	2.51705	4.63159	4.42632	3.68517	1.79865	6.2591	
4.42895	5.69187	5.01202	3.94356	3.16216	2.27716	7.13204	6.02039	5.09542	1.51282	3.05375	6.34426	0	5.69721	8.10429	1.91767	7.17328	6.43214	4.54561	3.54518	
12.653	16.6367	11.3171	10.9314	6.25709	5.90642	5.29353	5.81024	11.2212	7.63859	2.64347	8.6814	5.69721	0	6.86038	3.78279	2.81315	3.66462	5.44082	2.74191	
7.78416	9.99525	9.01493	4.07867	7.40293	7.84778	2.99289	5.34138	7.17268	6.96451	8.86594	2.51705	8.10429	6.86038	0	7.14864	5.47327	3.19576	3.55868	4.81761	
8.44495	9.78656	7.0724	5.03919	1.24449	4.19483	10.4496	10.2244	7.01309	3.43049	1.13932	4.63159	1.91767	3.78279	7.14864	0	7.05907	3.24935	5.75906	1.62751	
11.1354	9.48274	13.8776	3.14766	8.04971	7.33527	2.48038	7.29363	11.5577	9.38013	5.45662	4.42632	7.17328	2.81315	5.47327	7.05907	0	4.51419	2.62767	5.43157	
2.86849	12.6245	10.0351	2.40651	4.20717	5.88886	6.18865	2.14562	3.91806	8.63899	6.30809	3.68517	6.43214	3.66462	3.19576	3.24935	4.51419	0	1.88652	1.62185	
3.13633	10.9315	11.058	0.51999	4.31469	4.45859	5.10805	4.03215	8.51194	2.95073	6.89839	1.79865	4.54561	5.44082	3.55868	5.75906	2.62767	1.88652	0	3.50837	
7.16319	10.1282	7.74627	8.53822	2.87199	5.0114	7.91195	3.76747	12.0361	7.23503	2.76683	6.2591	3.54518	2.74191	4.81761	1.62751	5.43157	1.62185	3.50837	0	

0	12.9753	10.8232	1.92512	3.37509	0.653546	4.84172	2.77791	1.01792	2.93819	5.15463	5.33444	6.32758	9.74551	5.91681	4.17301	5.94894	8.71097	5.85934	4.06337	
12.9753	0	11.4703	7.75771	3.8283	6.54985	4.84112	14.3172	6.62131	5.0462	13.0535	3.70657	9.3433	19.7436	4.86627	6.66652	5.26218	10.9596	3.93708	7.24223	
10.8232	11.4703	0	9.54574	6.98869	11.4767	6.62914	14.9252	11.8411	8.53962	8.07776	8.38045	6.96226	9.49189	5.95072	7.69452	8.18515	6.36692	7.45999	11.0145	
1.92512	7.75771	9.54574	0	6.1815	2.57867	2.9166	1.07049	2.83048	1.01307	5.37421	2.3527	2.85779	10.2406	3.60197	6.09813	6.44399	7.08506	6.35439	4.55841	
3.37509	3.8283	6.98869	6.1815	0	2.72155	5.32523	4.55299	2.79301	3.62687	3.81984	3.32533	2.04952	2.14656	1.03797	2.78178	1.76972	4.04522	2.33051	3.41393	
0.653546	6.54985	11.4767	2.57867	2.72155	0	6.37655	4.53045	1.67147	4.47302	8.83417	4.6809	8.16734	11.3707	3.75952	4.82655	4.49127	9.85281	4.9114	4.71691	
4.84172	4.84112	6.62914	2.9166	5.32523	6.37655	0	3.98709	7.82943	3.92967	8.29081	6.77738	10.0196	16.2133	6.3632	8.16345	7.09495	12.4565	7.00788	7.47501	
2.77791	14.3172	14.9252	1.07049	4.55299	4.53045	3.98709	0	1.75999	2.08356	6.44471	9.26135	8.17345	14.8192	11.0411	8.09522	14.6465	9.2912	8.85106	4.81724	
1.01792	6.62131	11.8411	2.83048	2.79301	1.67147	7.82943	1.75999	0	5.4354	4.85151	6.77503	5.32146	8.73939	3.83098	5.19092	4.56273	6.56236	4.85323	3.05725	
2.93819	5.0462	8.53962	1.01307	3.62687	4.47302	3.92967	2.08356	5.4354	0	2.96696	1.33963	1.84473	9.39387	2.5889	4.33271	2.89524	6.14684	1.57014	4.10894	
5.15463	13.0535	8.07776	5.37421	3.81984	8.83417	8.29081	6.44471	4.85151	2.96696	0	5.77563	1.12223	4.83582	2.13378	0.981621	3.98634	1.71085	4.72268	3.38644	
5.33444	3.70657	8.38045	2.3527	3.32533	4.6809	6.77738	9.26135	6.77503	1.33963	5.77563	0	3.18436	1.93245	1.73978	4.17355	0.791288	3.8311	0.230506	2.02648	
6.32758	9.3433	6.96226	2.85779	2.04952	8.16734	10.0196	8.17345	5.32146	1.84473	1.12223	3.18436	0	7.94635	1.01154	2.10385	3.24598	2.83308	2.52082	2.26421	
9.74551	19.7436	9.49189	10.2406	2.14656	11.3707	16.2133	14.8192	8.73939	9.39387	4.83582	1.93245	7.94635	0	2.61127	6.46262	0.376839	2.65233	0.937621	2.26242	
5.91681	4.86627	5.95072	3.60197	1.03797	3.75952	6.3632	11.0411	3.83098	2.5889	2.13378	1.73978	1.01154	2.61127	0	1.74381	2.07006	3.92849	1.50928	3.27575	
4.17301	6.66652	7.69452	6.09813	2.78178	4.82655	8.16345	8.09522	5.19092	4.33271	0.981621	4.17355	2.10385	6.46262	1.74381	0	3.97824	2.69247	3.25308	3.48906	
5.94894	5.26218	8.18515	6.44399	1.76972	4.49127	7.09495	14.6465	4.56273	2.89524	3.98634	0.791288	3.24598	0.376839	2.07006	3.97824	0	2.27549	0.560782	1.88558	
8.71097	10.9596	6.36692	7.08506	4.04522	9.85281	12.4565	9.2912	6.56236	6.14684	1.71085	3.8311	2.83308	2.65233	3.92849	2.69247	2.27549	0	2.83628	4.16107	
5.85934	3.93708	7.45999	6.35439	2.33051	4.9114	7.00788	8.85106	4.85323	1.57014	4.72268	0.230506	2.52082	0.937621	1.50928	3.25308	0.560782	2.83628	0	1.79597	
4.06337	7.24223	11.0145	4.55841	3.41393	4.71691	7.47501	4.81724	3.05725	4.10894	3.38644	2.02648	2.26421	2.26242	3.27575	3.48906	1.88558	4.16107	1.79597	0	

0	5.5534	16.1141	11.5751	8.20334	9.66758	12.6274	3.10405	5.93755	10.4336	9.20968	8.57217	9.9198	14.0371	8.07149	15.7108	6.61553	11.6856	10.1574	11.4227	
5.5534	0	4.51933	5.69318	9.05812	7.5444	0.777207	2.44935	5.28285	9.77889	8.55498	11.4241	10.9031	2.43109	7.41679	10.884	15.57	11.0309	3.24717	7.24938	
16.1141	4.51933	0	8.17092	8.86869	8.51302	5.29653	6.96868	17.2596	9.02329	7.32435	4.18392	13.1089	7.07216	3.32441	6.36465	12.3162	5.54023	5.10322	4.60216	
11.5751	5.69318	8.17092	0	6.83061	8.53773	4.91597	6.20346	3.36996	6.28165	8.39275	4.45442	5.42271	6.56985	4.84651	8.17735	5.2428	7.06234	5.5864	6.12426	
8.20334	9.05812	8.86869	6.83061	0	10.1909	8.28092	9.47196	6.5312	5.22578	3.3924	3.39855	3.34733	5.5278	3.34938	2.50404	1.58781	7.37373	4.53053	2.07163	
9.66758	7.5444	8.51302	8.53773	10.1909	0	5.2487	6.56353	7.8932	9.33271	6.52472	3.91072	6.84354	5.58929	4.55755	8.40587	6.35529	7.40444	2.77874	6.46636	
12.6274	0.777207	5.29653	4.91597	8.28092	5.2487	0	3.22655	8.28593	9.02392	6.21594	3.60194	8.69065	1.65388	4.24877	10.785	6.04651	11.7743	2.46996	5.11005	
3.10405	2.44935	6.96868	6.20346	9.47196	6.56353	3.22655	0	2.8335	7.32954	6.10563	5.82696	9.07567	11.2659	4.96744	7.06533	7.77689	7.18327	6.74625	6.24519	
5.93755	5.28285	17.2596	3.36996	6.5312	7.8932	8.28593	2.8335	0	9.28019	6.9676	6.90003	8.79267	8.43235	7.80094	7.9273	4.9434	9.65361	7.8458	10.8919	
10.4336	9.77889	9.02329	6.28165	5.22578	9.33271	9.02392	7.32954	9.28019	0	2.31259	1.82723	5.28262	6.84811	2.68675	3.27228	3.78387	6.48466	2.95921	3.39195	
9.20968	8.55498	7.32435	8.39275	3.3924	6.52472	6.21594	6.10563	6.9676	2.31259	0	4.13982	2.97003	7.38046	4.29054	0.959698	4.98021	5.58113	3.74598	3.9243	
8.57217	11.4241	4.18392	4.45442	3.39855	3.91072	3.60194	5.82696	6.90003	1.82723	4.13982	0	4.43633	5.67478	0.859515	4.19035	1.95664	3.07534	1.13198	2.13726	
9.9198	10.9031	13.1089	5.42271	3.34733	6.84354	8.69065	9.07567	8.79267	5.28262	2.97003	4.43633	0	5.67465	3.49623	3.92973	4.93514	7.52058	5.56831	2.21848	
14.0371	2.43109	7.07216	6.56985	5.5278	5.58929	1.65388	11.2659	8.43235	6.84811	7.38046	5.67478	5.67465	0	4.73391	9.2084	7.42157	8.75826	4.12384	3.45617	
8.07149	7.41679	3.32441	4.84651	3.34938	4.55755	4.24877	4.96744	7.80094	2.68675	4.29054	0.859515	3.49623	4.73391	0	3.33084	2.81615	2.21583	1.77881	1.27775	
15.7108	10.884	6.36465	8.17735	2.50404	8.40587	10.785	7.06533	7.9273	3.27228	0.959698	4.19035	3.92973	9.2084	3.33084	0	4.09185	5.54666	4.70568	4.57567	
6.61553	15.57	12.3162	5.2428	1.58781	6.35529	6.04651	7.77689	4.9434	3.78387	4.98021	1.95664	4.93514	7.42157	2.81615	4.09185	0	6.61406	3.08862	3.65944	
11.6856	11.0309	5.54023	7.06234	7.37373	7.40444	11.7743	7.18327	9.65361	6.48466	5.58113	3.07534	7.52058	8.75826	2.21583	5.54666	6.61406	0	3.99463	3.49357	
