10
10
2
2
40

6	11
10	43
1	33
14	23
27	48
42	35
42	47
41	23
36	45
43	34

12	21
1	2
11	28
2	10
14	5
10	12
23	24
24	11
8	30
11	27

150

1.79769e+308
1.79769e+308
1.79769e+308
1.79769e+308
1.79769e+308
1.79769e+308
1.79769e+308
1.79769e+308
1.79769e+308
1.79769e+308

11
15
11
14
17
13
14
15
13
17

0
0
0
0
0
0
0
0
0
0

0

0	14.8182	18.7852	5.33622	29.5917	15.9983	20.0875	27.2746	21.7648	19.3683	7.00499	4.32416	12.1241	6.6382	13.7	5.68989	17.561	10.3217	10.8679	8.28622	
14.8182	0	21.2567	19.2579	13.4672	19.4097	11.6097	22.8729	18.1872	21.3335	15.0576	10.494	9.17031	22.0847	16.0482	10.54	23.9296	15.1718	12.7759	10.0803	
18.7852	21.2567	0	8.78095	22.9914	18.1531	13.9471	9.48314	18.7575	15.9677	12.2787	22.7248	6.74095	16.1152	10.4937	11.8443	22.4859	17.1075	8.91045	5.83095	
5.33622	19.2579	8.78095	0	20.1105	10.6621	11.0662	19.332	11.1723	11.4258	1.66877	9.66038	3.86	11.1831	7.61276	6.18635	9.99205	13.7288	5.53173	2.95	
29.5917	13.4672	22.9914	20.1105	0	8.62998	8.86964	14.3509	7.39973	7.86631	16.9032	23.9613	18.0705	22.5263	21.8232	23.1738	10.4624	25.6138	17.2468	16.9858	
15.9983	19.4097	18.1531	10.6621	8.62998	0	7.8	7.24827	3.38195	0.763675	12.3309	22.9288	14.0364	18.5086	14.7312	14.2318	13.0142	9.6	13.229	13.1264	
20.0875	11.6097	13.9471	11.0662	8.86964	7.8	0	16.4699	6.57754	8.56368	14.5639	22.1037	9.02618	21.7041	12.7789	14.1295	16.2098	17.4	12.8255	8.11618	
27.2746	22.8729	9.48314	19.332	14.3509	7.24827	16.4699	0	12.0519	6.4846	23.6457	23.9192	16.1193	22.6103	22.066	25.6571	31.9091	18.2699	18.3936	15.3141	
21.7648	18.1872	18.7575	11.1723	7.39973	3.38195	6.57754	12.0519	0	4.14563	9.50352	18.0658	13.4526	15.1266	22.9591	14.0211	9.63229	12.982	9.84708	14.5564	
19.3683	21.3335	15.9677	11.4258	7.86631	0.763675	8.56368	6.4846	4.14563	0	15.9924	47.4357	22.6039	22.9496	28.5506	32.1417	17.4553	10.3637	17.6701	13.8901	
7.00499	15.0576	12.2787	1.66877	16.9032	12.3309	14.5639	23.6457	9.50352	15.9924	0	8.56225	7.35773	9.51428	11.1105	4.51758	8.32328	9.14935	3.93954	4.61877	
4.32416	10.494	22.7248	9.66038	23.9613	22.9288	22.1037	23.9192	18.0658	47.4357	8.56225	0	7.7999	10.9624	18.0242	10.0141	16.8855	14.0062	11.4054	8.7099	
12.1241	9.17031	6.74095	3.86	18.0705	14.0364	9.02618	16.1193	13.4526	22.6039	7.35773	7.7999	0	17.0677	5.57276	6.92332	17.2028	6.20627	3.60555	0.91	
6.6382	22.0847	16.1152	11.1831	22.5263	18.5086	21.7041	22.6103	15.1266	22.9496	9.51428	10.9624	17.0677	0	17.16	11.5447	17.8376	16.1765	13.4538	15.5112	
13.7	16.0482	10.4937	7.61276	21.8232	14.7312	12.7789	22.066	22.9591	28.5506	11.1105	18.0242	5.57276	17.16	0	9.76301	23.6458	5.13124	9.37209	4.66276	
5.68989	10.54	11.8443	6.18635	23.1738	14.2318	14.1295	25.6571	14.0211	32.1417	4.51758	10.0141	6.92332	11.5447	9.76301	0	12.8409	4.63177	8.45712	6.01332	
17.561	23.9296	22.4859	9.99205	10.4624	13.0142	16.2098	31.9091	9.63229	17.4553	8.32328	16.8855	17.2028	17.8376	23.6458	12.8409	0	18.5145	12.2628	14.771	
10.3217	15.1718	17.1075	13.7288	25.6138	9.6	17.4	18.2699	12.982	10.3637	9.14935	14.0062	6.20627	16.1765	5.13124	4.63177	18.5145	0	8.19703	7.11627	
10.8679	12.7759	8.91045	5.53173	17.2468	13.229	12.8255	18.3936	9.84708	17.6701	3.93954	11.4054	3.60555	13.4538	9.37209	8.45712	12.2628	8.19703	0	4.51555	
8.28622	10.0803	5.83095	2.95	16.9858	13.1264	8.11618	15.3141	14.5564	13.8901	4.61877	8.7099	0.91	15.5112	4.66276	6.01332	14.771	7.11627	4.51555	0	

0	21.0278	10.095	10.5282	20.9657	14.1843	21.3829	22.3769	12.9612	13.5055	12.5081	9.75622	5.42129	5.03019	8.8	3.29848	7.01376	12.765	12.4556	4.86129	
21.0278	0	3.22887	19.8346	10.6925	12.4665	16.0683	8.85402	8.60535	14.8623	9.57761	23.2324	9.92198	8.29365	15.284	13.6146	9.89934	19.249	9.73318	10.482	
10.095	3.22887	0	8.32864	12.835	17.4124	17.8614	12.0829	11.8342	25.6273	6.34874	11.9983	12.3468	5.06478	11.8248	11.5593	7.84401	9.47284	7.08267	13.6444	
10.5282	19.8346	8.32864	0	8.46615	6.70188	13.4926	10.3144	9.44695	7.3807	1.9799	7.65644	9.31	14.59	10.2034	13.8267	10.6854	5.104	13.1839	8.75	
20.9657	10.6925	12.835	8.46615	0	12.1082	9.55008	15.7206	2.0871	12.787	6.48625	22.4991	11.4592	23.3812	14.7097	11.7498	23.9795	9.61035	23.1929	15.1846	
14.1843	12.4665	17.4124	6.70188	12.1082	0	8.76	3.61248	12.6742	0.678823	8.68178	14.3583	16.0821	23.7562	25.265	22.6909	17.3872	18.1785	19.8858	15.4519	
21.3829	16.0683	17.8614	13.4926	9.55008	8.76	0	12.3725	7.46298	9.43882	11.5127	26.6545	16.835	26.4131	19.7362	17.1257	28.4147	14.6368	25.8489	20.211	
22.3769	8.85402	12.0829	10.3144	15.7206	3.61248	12.3725	0	17.4594	4.2913	17.6902	21.5069	12.4697	20.1437	18.5311	18.6783	14.963	14.5661	17.7338	13.0297	
12.9612	8.60535	11.8342	9.44695	2.0871	12.6742	7.46298	17.4594	0	11.9953	7.46705	16.1205	9.37205	21.2899	15.6906	9.66274	13.378	10.5911	14.6362	9.93205	
13.5055	14.8623	25.6273	7.3807	12.787	0.678823	9.43882	4.2913	11.9953	0	19.4624	18.5733	21.3674	18.5357	22.3055	16.804	24.634	21.9788	24.7348	18.3668	
12.5081	9.57761	6.34874	1.9799	6.48625	8.68178	11.5127	17.6902	7.46705	19.4624	0	9.63633	8.20244	11.4135	7.08915	12.5386	12.6653	3.1241	13.4314	8.69835	
9.75622	23.2324	11.9983	7.65644	22.4991	14.3583	26.6545	21.5069	16.1205	18.5733	9.63633	0	11.8688	6.93354	13.6935	6.45774	10.173	10.6202	18.9032	11.3088	
5.42129	9.92198	12.3468	9.31	11.4592	16.0821	16.835	12.4697	9.37205	21.3674	8.20244	11.8688	0	18.4489	12.2058	11.7028	15.4181	11.3265	5.2641	0.56	
5.03019	8.29365	5.06478	14.59	23.3812	23.7562	26.4131	20.1437	21.2899	18.5357	11.4135	6.93354	18.4489	0	6.76	8.32867	12.9088	10.725	12.1474	9.89147	
8.8	15.284	11.8248	10.2034	14.7097	25.265	19.7362	18.5311	15.6906	22.3055	7.08915	13.6935	12.2058	6.76	0	7.90101	7.35833	3.96505	6.94168	13.6613	
3.29848	13.6146	11.5593	13.8267	11.7498	22.6909	17.1257	18.6783	9.66274	16.804	12.5386	6.45774	11.7028	8.32867	7.90101	0	3.71528	10.1057	14.8427	8.15977	
7.01376	9.89934	7.84401	10.6854	23.9795	17.3872	28.4147	14.963	13.378	24.634	12.6653	10.173	15.4181	12.9088	7.35833	3.71528	0	11.3234	14.3	15.9564	
12.765	19.249	9.47284	5.104	9.61035	18.1785	14.6368	14.5661	10.5911	21.9788	3.1241	10.6202	11.3265	10.725	3.96505	10.1057	11.3234	0	10.9067	11.8225	
12.4556	9.73318	7.08267	13.1839	23.1929	19.8858	25.8489	17.7338	14.6362	24.7348	13.4314	18.9032	5.2641	12.1474	6.94168	14.8427	14.3	10.9067	0	5.8241	
4.86129	10.482	13.6444	8.75	15.1846	15.4519	20.211	13.0297	9.93205	18.3668	8.69835	11.3088	0.56	9.89147	13.6613	8.15977	15.9564	11.8225	5.8241	0	

0	11.9633	14.0469	5.21518	28.5429	31.153	31.7597	19.3716	14.4302	15.9939	11.2661	6.07442	8.50562	6.34958	5.3	1.93786	6.18389	5.30642	11.1521	9.03562	
11.9633	0	6.05413	10.1633	14.759	15.0849	24.5093	16.6013	20.6007	10.9459	11.448	20.264	3.45766	14.9406	19.4896	14.8398	6.11397	15.7178	6.23393	3.98766	
14.0469	6.05413	0	10.6608	8.70483	9.03073	24.7905	11.3926	17.4273	9.5257	12.2091	19.22	4.96152	18.3586	15.3113	12.1091	8.88448	15.4776	6.51042	4.43152	
5.21518	10.1633	10.6608	0	12.2597	19.6915	15.4765	13.7235	12.7933	14.1939	2.37588	12.4749	6.70559	11.7172	8.34195	3.27732	4.88991	6.64588	6.91466	7.23559	
28.5429	14.759	8.70483	12.2597	0	17.7356	16.0856	21.7455	10.4355	18.7877	9.8838	19.9829	15.3144	28.1691	15.8499	20.8139	13.7604	15.5072	16.8633	13.1364	
31.153	15.0849	9.03073	19.6915	17.7356	0	15.84	11.2281	8.39657	0.494975	21.2398	13.6954	7.98323	30.2331	17.5267	21.1398	16.3	39.587	14.5861	13.4622	
31.7597	24.5093	24.7905	15.4765	16.0856	15.84	0	24.9817	10.4988	16.335	13.1006	23.1997	21.0909	31.3859	19.0667	22.7424	16.9772	18.724	27.5006	22.9493	
19.3716	16.6013	11.3926	13.7235	21.7455	11.2281	24.9817	0	16.737	10.7331	12.7102	18.1674	7.49106	28.5075	17.8408	13.0796	8.8336	20.8023	9.03996	6.96106	
14.4302	20.6007	17.4273	12.7933	10.4355	8.39657	10.4988	16.737	0	8.89155	11.78	17.2372	10.5597	19.7902	9.13017	12.1495	7.90342	19.5392	24.0589	12.3564	
15.9939	10.9459	9.5257	14.1939	18.7877	0.494975	16.335	10.7331	8.89155	0	15.4786	13.2004	7.48826	18.8937	21.6056	18.8704	10.1446	39.4491	10.2645	8.01826	
11.2661	11.448	12.2091	2.37588	9.8838	21.2398	13.1006	12.7102	11.78	15.4786	0	10.0991	6.53291	16.6261	5.96607	5.65319	3.8766	5.62338	9.29054	8.32955	
6.07442	20.264	19.22	12.4749	19.9829	13.6954	23.1997	18.1674	17.2372	13.2004	10.0991	0	11.9901	12.424	8.40525	8.01228	9.33381	15.7224	18.2665	13.7868	
8.50562	3.45766	4.96152	6.70559	15.3144	7.98323	21.0909	7.49106	10.5597	7.48826	6.53291	11.9901	0	7.57882	11.4098	6.90235	2.65631	13.6137	2.60889	0.53	
6.34958	14.9406	18.3586	11.7172	28.1691	30.2331	31.3859	28.5075	19.7902	18.8937	16.6261	12.424	7.57882	0	10.66	8.28744	16.368	15.4905	4.80254	6.88143	
5.3	19.4896	15.3113	8.34195	15.8499	17.5267	19.0667	17.8408	9.13017	21.6056	5.96607	8.40525	11.4098	10.66	0	7.23786	9.84267	11.5895	12.9587	10.8798	
1.93786	14.8398	12.1091	3.27732	20.8139	21.1398	22.7424	13.0796	12.1495	18.8704	5.65319	8.01228	6.90235	8.28744	7.23786	0	4.24603	3.36856	10.192	8.69899	
6.18389	6.11397	8.88448	4.88991	13.7604	16.3	16.9772	8.8336	7.90342	10.1446	3.8766	9.33381	2.65631	16.368	9.84267	4.24603	0	7.61459	5.43259	3.18631	
5.30642	15.7178	15.4776	6.64588	15.5072	39.587	18.724	20.8023	19.5392	39.4491	5.62338	15.7224	13.6137	15.4905	11.5895	3.36856	7.61459	0	20.3967	15.9641	
11.1521	6.23393	6.51042	6.91466	16.8633	14.5861	27.5006	9.03996	24.0589	10.2645	9.29054	18.2665	2.60889	4.80254	12.9587	10.192	5.43259	20.3967	0	2.07889	
9.03562	3.98766	4.43152	7.23559	13.1364	13.4622	22.9493	6.96106	12.3564	8.01826	8.32955	13.7868	0.53	6.88143	10.8798	8.69899	3.18631	15.9641	2.07889	0	

0	8.80034	16.6952	5.98759	23.3486	21.7821	23.8922	13.32	18.2834	13.2471	3.49857	3.91234	7.06813	4.32926	10.0493	3.38095	17.6276	9	13.1824	12.237	
8.80034	0	13.6734	4.07922	15.5936	10.5552	17.3554	23.7556	16.0377	11.8279	5.30177	8.39524	8.41865	11.8845	8.21922	9.58042	12.8629	17.0442	8.81247	8.33623	
16.6952	13.6734	0	10.386	19.1673	9.67517	9.53136	19.3591	11.0493	8.40238	13.4778	16.1726	5.25476	12.8203	7.10026	8.94194	12.598	11.4152	7.20176	6.32476	
5.98759	4.07922	10.386	0	15.3531	14.6344	13.2761	21.0426	12.9917	12.2375	2.48902	11.7099	5.13124	9.86	4.14	5.50121	8.78372	8.4549	7.07824	6.20124	
23.3486	15.5936	19.1673	15.3531	0	16.872	5.88184	9.32737	4.36394	14.3044	20.8954	23.9889	12.2244	22.2883	13.297	24.1095	6.56938	21.0572	15.4816	12.0654	
21.7821	10.5552	9.67517	14.6344	16.872	0	5.05393	12.2295	12.3179	1.27279	11.0213	18.9504	14.619	17.4529	23.1729	18.3062	23.4414	25.6922	16.566	10.1171	
23.8922	17.3554	9.53136	13.2761	5.88184	5.05393	0	6.48132	1.51789	3.78114	13.5296	28.589	9.37833	22.9879	16.6316	18.7774	14.0214	14.8922	12.6356	9.21935	
13.32	23.7556	19.3591	21.0426	9.32737	12.2295	6.48132	0	4.96343	10.9567	16.8186	15.3603	12.8239	17.6493	15.3435	15.789	12.2589	11.0286	16.0811	12.6649	
18.2834	16.0377	11.0493	12.9917	4.36394	12.3179	1.51789	4.96343	0	5.29903	17.4947	20.3238	7.86043	21.3492	21.5465	11.5476	10.9333	15.992	9.80743	7.70146	
13.2471	11.8279	8.40238	12.2375	14.3044	1.27279	3.78114	10.9567	5.29903	0	9.74849	18.9694	9.9143	18.7257	15.5026	21.4723	15.5237	18.6734	15.675	8.8443	
3.49857	5.30177	13.4778	2.48902	20.8954	11.0213	13.5296	16.8186	17.4947	9.74849	0	7.41091	7.62025	7.82783	6.62902	6.87952	11.2727	12.4986	13.4021	9.79325	
3.91234	8.39524	16.1726	11.7099	23.9889	18.9504	28.589	15.3603	20.3238	18.9694	7.41091	0	12.3372	4.35362	9.07233	7.29329	15.7999	12.9123	10.3902	16.1494	
7.06813	8.41865	5.25476	5.13124	12.2244	14.619	9.37833	12.8239	7.86043	9.9143	7.62025	12.3372	0	12.1785	9.27124	3.68718	7.74943	11.9682	1.947	1.07	
4.32926	11.8845	12.8203	9.86	22.2883	17.4529	22.9879	17.6493	21.3492	18.7257	7.82783	4.35362	12.1785	0	5.72	7.71021	12.4476	10.0349	10.2315	16.1577	
10.0493	8.21922	7.10026	4.14	13.297	23.1729	16.6316	15.3435	21.5465	15.5026	6.62902	9.07233	9.27124	5.72	0	9.64121	6.72761	4.3149	15.9515	12.44	
3.38095	9.58042	8.94194	5.50121	24.1095	18.3062	18.7774	15.789	11.5476	21.4723	6.87952	7.29329	3.68718	7.71021	9.64121	0	14.2849	8.28104	5.63418	4.75718	
17.6276	12.8629	12.598	8.78372	6.56938	23.4414	14.0214	12.2589	10.9333	15.5237	11.2727	15.7999	7.74943	12.4476	6.72761	14.2849	0	11.0425	13.5101	6.67943	
9	17.0442	11.4152	8.4549	21.0572	25.6922	14.8922	11.0286	15.992	18.6734	12.4986	12.9123	11.9682	10.0349	4.3149	8.28104	11.0425	0	22.1824	20.909	
13.1824	8.81247	7.20176	7.07824	15.4816	16.566	12.6356	16.0811	9.80743	15.675	13.4021	10.3902	1.947	10.2315	15.9515	5.63418	13.5101	22.1824	0	3.017	
12.237	8.33623	6.32476	6.20124	12.0654	10.1171	9.21935	12.6649	7.70146	8.8443	9.79325	16.1494	1.07	16.1577	12.44	4.75718	6.67943	20.909	3.017	0	

0	21.1617	13.7622	8.85286	21.1231	15.18	13.237	18.2814	22.2812	17.9429	6.29743	11.9781	15.207	2.06155	7.19044	4.28803	16.331	6.48	15.0929	10.9203	
21.1617	0	7.39949	18.3773	10.2419	6.59697	10.9647	16.009	8.34458	7.70006	19.2189	19.7288	13.8306	23.6684	27.936	20.4494	18.3336	15.297	15.6334	14.2706	
13.7622	7.39949	0	10.4658	18.6103	13.9965	18.3642	19.7677	15.7441	22.4219	15.4649	19.6456	6.82001	15.8238	20.6834	18.0503	10.9341	20.2422	8.52967	7.26001	
8.85286	18.3773	10.4658	0	10.1441	21.0001	14.0496	14.7551	12.0414	18.177	2.71529	15.5011	3.73888	16.192	7.46725	4.56483	12.7488	13.1266	1.9361	3.46345	
21.1231	10.2419	18.6103	10.1441	0	6.32889	10.9415	15.4727	1.89737	8.07891	12.8594	26.2299	14.9255	29.6051	17.9218	14.7089	17.5184	27.7952	12.0802	12.3714	
15.18	6.59697	13.9965	21.0001	6.32889	0	5.88	10.9244	4.43152	1.10309	18.247	23.1575	20.4276	28.749	10.946	15.3647	20.4177	8.7	20.1261	10.9301	
13.237	10.9647	18.3642	14.0496	10.9415	5.88	0	5.04437	9.04411	6.98309	17.8353	23.1153	18.148	15.2986	12.3871	9.48472	13.878	10.8673	17.0562	17.708	
18.2814	16.009	19.7677	14.7551	15.4727	10.9244	5.04437	0	14.0885	17.2177	17.732	17.5452	14.6218	25.9065	18.4965	14.5291	8.8336	15.9117	12.819	14.3464	
22.2812	8.34458	15.7441	12.0414	1.89737	4.43152	9.04411	14.0885	0	5.53461	15.0969	26.2473	10.914	34.6203	19.7521	18.5288	17.5357	13.1315	12.0013	10.474	
17.9429	7.70006	22.4219	18.177	8.07891	1.10309	6.98309	17.2177	5.53461	0	14.4499	24.2606	10.267	17.2529	9.84293	12.7453	21.5208	9.80309	11.3544	9.827	
6.29743	19.2189	15.4649	2.71529	12.8594	18.247	17.8353	17.732	15.0969	14.4499	0	18.7451	5.0629	8.35898	13.8753	7.28012	10.0335	12.7774	4.65139	4.6229	
11.9781	19.7288	19.6456	15.5011	26.2299	23.1575	23.1153	17.5452	26.2473	24.2606	18.7451	0	15.3678	9.91658	17.3266	20.1804	8.71156	24.3944	13.565	15.0924	
15.207	13.8306	6.82001	3.73888	14.9255	20.4276	18.148	14.6218	10.914	10.267	5.0629	15.3678	0	23.9243	14.4283	9.34621	11.6372	22.257	1.80278	0.44	
2.06155	23.6684	15.8238	16.192	29.6051	28.749	15.2986	25.9065	34.6203	17.2529	8.35898	9.91658	23.9243	0	7.41	6.34958	18.6281	8.54155	17.1545	16.9807	
7.19044	27.936	20.6834	7.46725	17.9218	10.946	12.3871	18.4965	19.7521	9.84293	13.8753	17.3266	14.4283	7.41	0	2.90241	25.377	9.44614	13.0961	13.9883	
4.28803	20.4494	18.0503	4.56483	14.7089	15.3647	9.48472	14.5291	18.5288	12.7453	7.28012	20.1804	9.34621	6.34958	2.90241	0	18.7818	8.56176	6.50094	12.9148	
16.331	18.3336	10.9341	12.7488	17.5184	20.4177	13.878	8.8336	17.5357	21.5208	10.0335	8.71156	11.6372	18.6281	25.377	18.7818	0	19.4272	13.44	12.0772	
6.48	15.297	20.2422	13.1266	27.7952	8.7	10.8673	15.9117	13.1315	9.80309	12.7774	24.3944	22.257	8.54155	9.44614	8.56176	19.4272	0	19.5873	21.3991	
15.0929	15.6334	8.52967	1.9361	12.0802	20.1261	17.0562	12.819	12.0013	11.3544	4.65139	13.565	1.80278	17.1545	13.0961	6.50094	13.44	19.5873	0	1.52735	
10.9203	14.2706	7.26001	3.46345	12.3714	10.9301	17.708	14.3464	10.474	9.827	4.6229	15.0924	0.44	16.9807	13.9883	12.9148	12.0772	21.3991	1.52735	0	

0	14.2032	10.9576	8.38874	20.1736	24.6108	22.8373	12.0534	17.5936	22.2562	11.2242	4.96213	6.91082	1.97909	10.4	2.18525	12.0927	14.5366	8.53332	7.70082	
14.2032	0	11.1045	8.97427	13.9988	14.7516	16.3203	20.8242	10.6915	12.998	9.33225	15.2071	7.01521	12.2241	13.877	15.1778	13.813	17.0969	5.39271	10.0743	
10.9576	11.1045	0	4.24871	8.69287	10.8325	18.6363	10.7201	13.653	15.1243	8.80651	11.9615	3.93871	8.97847	13.3324	11.6159	10.5821	12.4257	5.71183	3.14871	
8.38874	8.97427	4.24871	0	6.64416	8.78375	16.9775	15.3124	19.6658	19.5002	3.39411	14.1925	1.89	10.9209	7.92	6.20349	7.42542	8.12266	6.36087	1.1	
20.1736	13.9988	8.69287	6.64416	0	13.2279	16.9182	25.1281	11.2893	26.9968	13.8775	21.1775	6.33416	18.1945	22.6409	24.6265	17.7617	14.8211	10.805	5.54416	
24.6108	14.7516	10.8325	8.78375	13.2279	0	10.2	9.57986	11.0788	1.75362	12.2492	23.1575	8.47375	24.0338	24.7805	21.4281	13.8284	16.9607	12.9446	7.68375	
22.8373	16.3203	18.6363	16.9775	16.9182	10.2	0	8.40729	5.62885	11.9536	16.1965	27.3553	14.547	21.2434	21.4087	18.2754	19.4159	8.85483	12.9245	17.8837	
12.0534	20.8242	10.7201	15.3124	25.1281	9.57986	8.40729	0	14.0361	7.82624	11.9182	19.6808	15.863	16.3002	18.8172	9.86813	16.225	13.9418	15.8578	13.8688	
17.5936	10.6915	13.653	19.6658	11.2893	11.0788	5.62885	14.0361	0	12.8324	11.8807	18.5976	9.56369	15.6146	16.4255	22.0466	16.9883	14.4837	7.94119	13.2021	
22.2562	12.998	15.1243	19.5002	26.9968	1.75362	11.9536	7.82624	12.8324	0	14.0028	24.9112	17.5139	24.1028	27.5073	17.6944	12.0748	21.768	18.3907	9.43737	
11.2242	9.33225	8.80651	3.39411	13.8775	12.2492	16.1965	11.9182	11.8807	14.0028	0	17.6124	4.31335	14.3407	11.3141	9.5976	7.18311	7.34163	3.93954	4.49411	
4.96213	15.2071	11.9615	14.1925	21.1775	23.1575	27.3553	19.6808	18.5976	24.9112	17.6124	0	12.1616	2.98304	7.07108	7.43602	18.9474	20.9487	14.4309	18.1417	
6.91082	7.01521	3.93871	1.89	6.33416	8.47375	14.547	15.863	9.56369	17.5139	4.31335	12.1616	0	8.88991	8.35014	9.09606	5.43912	10.067	1.6225	0.79	
1.97909	12.2241	8.97847	10.9209	18.1945	24.0338	21.2434	16.3002	15.6146	24.1028	14.3407	2.98304	8.88991	0	10.0541	4.16434	15.6757	18.7834	14.6903	12.1272	
10.4	13.877	13.3324	7.92	22.6409	24.7805	21.4087	18.8172	16.4255	27.5073	11.3141	7.07108	8.35014	10.0541	0	8.94911	13.7893	13.8777	8.48427	9.02	
2.18525	15.1778	11.6159	6.20349	24.6265	21.4281	18.2754	9.86813	22.0466	17.6944	9.5976	7.43602	9.09606	4.16434	8.94911	0	9.90741	12.3514	14.2654	7.30349	
12.0927	13.813	10.5821	7.42542	17.7617	13.8284	19.4159	16.225	16.9883	12.0748	7.18311	18.9474	5.43912	15.6757	13.7893	9.90741	0	10.5611	7.06162	6.22912	
14.5366	17.0969	12.4257	8.12266	14.8211	16.9607	8.85483	13.9418	14.4837	21.768	7.34163	20.9487	10.067	18.7834	13.8777	12.3514	10.5611	0	11.2812	9.22266	
8.53332	5.39271	5.71183	6.36087	10.805	12.9446	12.9245	15.8578	7.94119	18.3907	3.93954	14.4309	1.6225	14.6903	8.48427	14.2654	7.06162	11.2812	0	2.4125	
7.70082	10.0743	3.14871	1.1	5.54416	7.68375	17.8837	13.8688	13.2021	9.43737	4.49411	18.1417	0.79	12.1272	9.02	7.30349	6.22912	9.22266	2.4125	0	

0	8.70724	19.0256	2.88444	13.6689	18.5798	27.8139	25.463	22.7887	27.3804	4.18552	7.00103	8.68282	7.42159	9.29507	6.47328	9.67598	14.0525	7.06884	4.23444	
8.70724	0	12.1083	11.5917	4.96161	25.9766	21.6077	24.4596	14.0815	29.1983	12.8175	15.7083	12.3947	16.1288	9.17039	11.9922	15.885	13.1283	8.68094	13.1797	
19.0256	12.1083	0	16.5105	17.0699	27.3264	44.752	28.0808	26.1897	32.7412	16.0933	20.8689	11.4039	22.7915	20.3747	15.8927	14.0241	20.3923	11.9568	12.4539	
2.88444	11.5917	16.5105	0	16.7913	13.5159	32.4132	11.4752	25.9112	20.3489	1.30108	7.88743	2.4	10.306	9.18	5.54207	6.79154	11.403	5.4376	1.35	
13.6689	4.96161	17.0699	16.7913	0	25.5667	24.3179	15.4497	16.7917	24.2367	18.4762	24.4441	17.1551	24.8647	13.9977	15.746	20.8466	8.16671	13.6426	18.5386	
18.5798	25.9766	27.3264	13.5159	25.5667	0	18.84	15.5337	11.8951	1.73948	18.1651	11.5788	13.2159	11.7925	20.5025	20.3685	18.4236	17.4	19.633	12.1659	
27.8139	21.6077	44.752	32.4132	24.3179	18.84	0	15.8537	7.52622	20.5795	25.5816	25.2682	25.8294	29.9167	24.1624	21.3406	30.7279	23.1368	25.5061	31.0059	
25.463	24.4596	28.0808	11.4752	15.4497	15.5337	15.8537	0	10.3781	14.3108	10.1741	16.7605	16.2714	20.8777	13.114	14.4151	19.7516	7.28303	14.3106	16.6218	
22.7887	14.0815	26.1897	25.9112	16.7917	11.8951	7.52622	10.3781	0	13.6346	20.5522	17.742	28.3222	23.6876	23.2519	28.8669	24.5868	17.6611	22.7624	24.0611	
27.3804	29.1983	32.7412	20.3489	24.2367	1.73948	20.5795	14.3108	13.6346	0	24.4849	13.3183	20.0489	13.532	32.4828	24.9499	28.6217	19.1395	20.7844	13.9054	
4.18552	12.8175	16.0933	1.30108	18.4762	18.1651	25.5816	10.1741	20.5522	24.4849	0	6.58635	7.49773	10.7036	7.06278	4.24099	8.09262	10.3095	4.13652	2.65108	
7.00103	15.7083	20.8689	7.88743	24.4441	11.5788	25.2682	16.7605	17.742	13.3183	6.58635	0	10.0071	7.01416	10.8067	10.8273	6.84479	16.6377	10.7229	9.99436	
8.68282	12.3947	11.4039	2.4	17.1551	13.2159	25.8294	16.2714	28.3222	20.0489	7.49773	10.0071	0	13.0648	7.31053	4.48874	3.16228	8.98839	3.71372	1.05	
7.42159	16.1288	22.7915	10.306	24.8647	11.7925	29.9167	20.8777	23.6876	13.532	10.7036	7.01416	13.0648	0	8.71	8.57606	13.859	14.541	12.7415	15.8031	
9.29507	9.17039	20.3747	9.18	13.9977	20.5025	24.1624	13.114	23.2519	32.4828	7.06278	10.8067	7.31053	8.71	0	2.82179	13.245	5.83095	6.98727	10.53	
6.47328	11.9922	15.8927	5.54207	15.746	20.3685	21.3406	14.4151	28.8669	24.9499	4.24099	10.8273	4.48874	8.57606	2.82179	0	7.65102	7.57926	4.16548	5.53874	
9.67598	15.885	14.0241	6.79154	20.8466	18.4236	30.7279	19.7516	24.5868	28.6217	8.09262	6.84479	3.16228	13.859	13.245	7.65102	0	12.1507	6.876	4.21228	
14.0525	13.1283	20.3923	11.403	8.16671	17.4	23.1368	7.28303	17.6611	19.1395	10.3095	16.6377	8.98839	14.541	5.83095	7.57926	12.1507	0	11.7447	10.0384	
7.06884	8.68094	11.9568	5.4376	13.6426	19.633	25.5061	14.3106	22.7624	20.7844	4.13652	10.7229	3.71372	12.7415	6.98727	4.16548	6.876	11.7447	0	4.76372	
4.23444	13.1797	12.4539	1.35	18.5386	12.1659	31.0059	16.6218	24.0611	13.9054	2.65108	9.99436	1.05	15.8031	10.53	5.53874	4.21228	10.0384	4.76372	0	

0	14.0698	12.7396	10.5282	22.1673	13.5192	22.9314	14.2341	19.2637	11.3272	7.21247	5.80902	5.67041	2.18525	3.3	1.77294	12.5649	10.4138	7.61741	6.24041	
14.0698	0	14.3954	8.51383	3.89841	10.2502	8.59073	16.6013	5.99767	16.2294	11.2663	22.5267	7.60276	11.8845	17.2252	15.7603	20.2737	11.6172	5.65577	7.94679	
12.7396	14.3954	0	6.38152	13.7468	14.0362	14.0631	18.1417	11.47	21.0486	8.68946	15.0028	5.00152	10.3945	13.2744	10.9667	14.6981	14.5331	6.72255	4.43152	
10.5282	8.51383	6.38152	0	20.3341	11.5547	21.8314	11.34	21.9437	14.2469	2.60215	6.91549	2.52	7.91297	13.8282	8.04168	3.98437	6.03866	2.85806	1.95	
22.1673	3.89841	13.7468	20.3341	0	6.35182	4.86991	9.60305	2.27684	8.54385	15.1647	27.2726	13.8204	15.783	18.8673	22.5091	27.5955	12.9925	9.55418	15.9565	
13.5192	10.2502	14.0362	11.5547	6.35182	0	8.88	3.25123	8.62866	2.19203	13.8626	20.1934	10.1747	14.5441	24.8138	16.1573	16.772	11.1585	11.8957	9.60469	
22.9314	8.59073	14.0631	21.8314	4.86991	8.88	0	12.1312	2.59307	11.072	17.9262	35.9771	23.27	19.6715	21.6035	25.0373	29.0927	14.4897	20.4512	18.4847	
14.2341	16.6013	18.1417	11.34	9.60305	3.25123	12.1312	0	10.6037	2.90689	11.3438	18.2555	21.7191	15.2589	15.021	19.4086	13.5208	7.90729	13.8688	12.8559	
19.2637	5.99767	11.47	21.9437	2.27684	8.62866	2.59307	10.6037	0	13.5106	17.2639	27.7206	15.9196	17.0784	21.1441	20.9541	24.1245	15.2693	11.6534	15.9015	
11.3272	16.2294	21.0486	14.2469	8.54385	2.19203	11.072	2.90689	13.5106	0	17.4899	21.8032	16.9976	12.3521	14.6272	13.1001	16.4277	10.8142	17.7458	11.7967	
7.21247	11.2663	8.68946	2.60215	15.1647	13.8626	17.9262	11.3438	17.2639	17.4899	0	9.47562	4.82793	9.31525	10.5503	5.43953	6.58652	3.43651	5.46021	4.25793	
5.80902	22.5267	15.0028	6.91549	27.2726	20.1934	35.9771	18.2555	27.7206	21.8032	9.47562	0	12.8533	7.91181	8.40525	4.03609	10.8999	14.2571	9.77355	8.86549	
5.67041	7.60276	5.00152	2.52	13.8204	10.1747	23.27	21.7191	15.9196	16.9976	4.82793	12.8533	0	6.23863	8.97041	7.44335	10.8365	7.90847	1.947	0.57	
2.18525	11.8845	10.3945	7.91297	15.783	14.5441	19.6715	15.2589	17.0784	12.3521	9.31525	7.91181	6.23863	0	5.48525	3.87572	14.6677	14.3137	8.18563	5.96297	
3.3	17.2252	13.2744	13.8282	18.8673	24.8138	21.6035	15.021	21.1441	14.6272	10.5503	8.40525	8.97041	5.48525	0	5.07294	21.7168	7.11376	11.5695	12.1844	
1.77294	15.7603	10.9667	8.04168	22.5091	16.1573	25.0373	19.4086	20.9541	13.1001	5.43953	4.03609	7.44335	3.87572	5.07294	0	10.792	8.87604	10.7642	9.38717	
12.5649	20.2737	14.6981	3.98437	27.5955	16.772	29.0927	13.5208	24.1245	16.4277	6.58652	10.8999	10.8365	14.6677	21.7168	10.792	0	11.326	6.84243	5.93437	
10.4138	11.6172	14.5331	6.03866	12.9925	11.1585	14.4897	7.90729	15.2693	10.8142	3.43651	14.2571	7.90847	14.3137	7.11376	8.87604	11.326	0	5.96148	7.69444	
7.61741	5.65577	6.72255	2.85806	9.55418	11.8957	20.4512	13.8688	11.6534	17.7458	5.46021	9.77355	1.947	8.18563	11.5695	10.7642	6.84243	5.96148	0	2.29103	
6.24041	7.94679	4.43152	1.95	15.9565	9.60469	18.4847	12.8559	15.9015	11.7967	4.25793	8.86549	0.57	5.96297	12.1844	9.38717	5.93437	7.69444	2.29103	0	

0	24.5271	20.8962	6.70479	30.4238	17.46	21.3829	17.0561	26.3793	16.746	9.67611	3.50051	10.3244	6.26712	5	4.2468	11.3583	8.46	11.5149	8.60645	
24.5271	0	9.96875	11.6258	21.8781	7.58651	14.1865	23.6107	18.6653	8.53404	12.6958	32.334	6.61465	18.9073	28.3132	14.0838	13.1922	16.0671	8.77798	8.05465	
20.8962	9.96875	0	9.30167	20.5207	19.7034	22.3864	20.1834	17.39	19.8734	9.43522	33.0555	3.3541	25.2899	27.9548	16.3714	9.93164	28.7034	5.51743	4.7941	
6.70479	11.6258	9.30167	0	24.0793	19.2123	27.1439	13.2217	26.2033	12.9116	4.15779	9.99202	5.94757	5.42662	6.56974	2.45799	7.52386	11.1601	7.68044	5.05	
30.4238	21.8781	20.5207	24.0793	0	14.2095	8.12705	8.59593	3.13065	14.8569	14.3695	37.3948	16.0348	25.6124	36.4558	23.0692	10.949	23.2916	13.8714	13.4228	
17.46	7.58651	19.7034	19.2123	14.2095	0	6.6	7.20851	11.0788	0.947523	9.56779	24.7847	12.7248	11.3208	17.4308	14.0357	6.14726	9	9.4022	8.62112	
21.3829	14.1865	22.3864	27.1439	8.12705	6.6	0	12.1283	4.9964	5.86728	22.3396	24.8834	18.8891	17.9208	26.3829	18.9554	12.7473	15.6	14.322	13.7289	
17.0561	23.6107	20.1834	13.2217	8.59593	7.20851	12.1283	0	8.57319	6.26099	12.6147	22.0073	9.61168	17.4419	18.585	12.5313	9.19416	22.4733	10.8021	8.17168	
26.3793	18.6653	17.39	26.2033	3.13065	11.0788	4.9964	8.57319	0	10.8637	21.9442	34.3751	20.2557	22.3996	33.3251	23.0464	14.0796	20.0788	17.0021	16.7449	
16.746	8.53404	19.8734	12.9116	14.8569	0.947523	5.86728	6.26099	10.8637	0	14.0685	20.6222	9.3016	12.2683	17.1999	12.2213	7.09478	9.94752	8.45468	7.8616	
9.67611	12.6958	9.43522	4.15779	14.3695	9.56779	22.3396	12.6147	21.9442	14.0685	0	22.7463	6.08112	10.7861	4.67611	6.61577	3.42053	14.2147	5.61385	5.89439	
3.50051	32.334	33.0555	9.99202	37.3948	24.7847	24.8834	22.0073	34.3751	20.6222	22.7463	0	23.5242	9.76763	8.50051	7.53403	22.9754	11.9605	24.516	11.8937	
10.3244	6.61465	3.3541	5.94757	16.0348	12.7248	18.8891	9.61168	20.2557	9.3016	6.08112	23.5242	0	21.9358	10.7572	5.79966	3.91386	20.2958	2.16333	1.44	
6.26712	18.9073	25.2899	5.42662	25.6124	11.3208	17.9208	17.4419	22.3996	12.2683	10.7861	9.76763	21.9358	0	6.11	2.96864	17.468	11.6708	24.0992	7.32829	
5	28.3132	27.9548	6.56974	36.4558	17.4308	26.3829	18.585	33.3251	17.1999	4.67611	8.50051	10.7572	6.11	0	4.11175	8.09664	12.8139	10.29	8.47141	
4.2468	14.0838	16.3714	2.45799	23.0692	14.0357	18.9554	12.5313	23.0464	12.2213	6.61577	7.53403	5.79966	2.96864	4.11175	0	6.83352	8.70211	6.99009	4.35966	
11.3583	13.1922	9.93164	7.52386	10.949	6.14726	12.7473	9.19416	14.0796	7.09478	3.42053	22.9754	3.91386	17.468	8.09664	6.83352	0	14.9942	5.1043	2.47386	
8.46	16.0671	28.7034	11.1601	23.2916	9	15.6	22.4733	20.0788	9.94752	14.2147	11.9605	20.2958	11.6708	12.8139	8.70211	14.9942	0	19.8285	13.0618	
11.5149	8.77798	5.51743	7.68044	13.8714	9.4022	14.322	10.8021	17.0021	8.45468	5.61385	24.516	2.16333	24.0992	10.29	6.99009	5.1043	19.8285	0	2.63044	
8.60645	8.05465	4.7941	5.05	13.4228	8.62112	13.7289	8.17168	16.7449	7.8616	5.89439	11.8937	1.44	7.32829	8.47141	4.35966	2.47386	13.0618	2.63044	0	

0	21.1131	15.6129	8.96868	23.7165	13.1831	21.0576	19.3682	16.8188	16.4318	13.7341	6.06939	12.8012	5.15388	3.69868	1.36062	14.1906	17.9271	11.2719	13.0404	
21.1131	0	14.3372	15.501	14.3532	21.2135	13.2721	7.74726	18.2538	10.3187	12.4585	24.1021	12.3398	15.9593	21.261	23.1091	12.4317	20.0244	9.99624	15.4268	
15.6129	14.3372	0	7.38055	22.1053	18.2107	18.7187	12.4372	14.5365	15.7654	6.80321	21.39	6.6846	19.3867	13.1405	14.9886	11.9082	20.3761	4.34099	9.77157	
8.96868	15.501	7.38055	0	14.4608	12.1705	14.6189	13.181	7.15592	13.9192	4.41235	12.3168	7.58024	12.39	5.76	7.60805	4.52769	12.2223	6.87456	5.93304	
23.7165	14.3532	22.1053	14.4608	0	8.73375	12.4538	22.1005	7.30486	9.29944	12.6636	35.0572	16.3744	20.4796	19.3165	20.5562	17.5155	16.3187	15.1258	14.1843	
13.1831	21.2135	18.2107	12.1705	8.73375	0	3.72	3.13716	5.01462	0.565685	19.9485	16.5312	13.2632	17.6685	14.1605	11.8224	8.7818	11.4	20.897	12.2452	
21.0576	13.2721	18.7187	14.6189	12.4538	3.72	0	5.52479	7.46298	4.28569	21.222	32.5342	29.5517	20.6378	16.6576	15.5424	12.5018	15.12	13.621	29.1319	
19.3682	7.74726	12.4372	13.181	22.1005	3.13716	5.52479	0	12.9878	2.57148	10.5584	30.0022	10.4398	19.6743	22.1824	17.6427	8.65332	12.2771	8.09622	12.1167	
16.8188	18.2538	14.5365	7.15592	7.30486	5.01462	7.46298	12.9878	0	5.5803	11.5683	21.3177	14.7362	13.1748	12.9159	14.764	11.6836	9.01388	15.8824	13.6059	
16.4318	10.3187	15.7654	13.9192	9.29944	0.565685	4.28569	2.57148	5.5803	0	18.2687	19.78	12.6975	17.1028	17.4093	12.3881	9.34748	11.0382	10.6677	12.8549	
13.7341	12.4585	6.80321	4.41235	12.6636	19.9485	21.222	10.5584	11.5683	18.2687	0	20.1976	3.11069	9.4072	10.1723	12.0204	4.9841	7.29304	2.46221	1.52069	
6.06939	24.1021	21.39	12.3168	35.0572	16.5312	32.5342	30.0022	21.3177	19.78	20.1976	0	15.0427	8.14288	7.04682	4.70877	21.8868	20.9161	17.3863	16.0294	
12.8012	12.3398	6.6846	7.58024	16.3744	13.2632	29.5517	10.4398	14.7362	12.6975	3.11069	15.0427	0	7.64735	13.3402	14.7487	5.05341	7.36235	2.34361	1.59	
5.15388	15.9593	19.3867	12.39	20.4796	17.6685	20.6378	19.6743	13.1748	17.1028	9.4072	8.14288	7.64735	0	6.63	6.51451	11.3499	12.7732	9.99096	7.88651	
3.69868	21.261	13.1405	5.76	19.3165	14.1605	16.6576	22.1824	12.9159	17.4093	10.1723	7.04682	13.3402	6.63	0	2.33805	10.2877	16.6765	15.6719	12.21	
1.36062	23.1091	14.9886	7.60805	20.5562	11.8224	15.5424	17.6427	14.764	12.3881	12.0204	4.70877	14.7487	6.51451	2.33805	0	12.1357	17.8253	12.6326	14.0581	
14.1906	12.4317	11.9082	4.52769	17.5155	8.7818	12.5018	8.65332	11.6836	9.34748	4.9841	21.8868	5.05341	11.3499	10.2877	12.1357	0	9.23576	8.89399	3.46341	
17.9271	20.0244	20.3761	12.2223	16.3187	11.4	15.12	12.2771	9.01388	11.0382	7.29304	20.9161	7.36235	12.7732	16.6765	17.8253	9.23576	0	11.2029	5.77235	
11.2719	9.99624	4.34099	6.87456	15.1258	20.897	13.621	8.09622	15.8824	10.6677	2.46221	17.3863	2.34361	9.99096	15.6719	12.6326	8.89399	11.2029	0	3.93361	
13.0404	15.4268	9.77157	5.93304	14.1843	12.2452	29.1319	12.1167	13.6059	12.8549	1.52069	16.0294	1.59	7.88651	12.21	14.0581	3.46341	5.77235	3.93361	0	

0	17.8581	11.7317	3.17289	15.2894	10.9791	17.6767	9.99	11.8844	10.4559	5.97303	9.01013	5.33034	6.34958	5	2.06155	5.77683	10.3583	9.55249	5.22289	
17.8581	0	7.8031	11.9894	16.0115	18.534	11.9321	19.6188	15.3853	20.2183	16.1262	16.2429	11.0794	13.5823	26.1876	14.7657	11.0504	20.9596	11.9918	9.93936	
11.7317	7.8031	0	7.18861	18.8619	35.8582	19.7352	11.2729	21.3405	15.4616	14.5064	17.05	5.03115	18.0813	16.7317	13.7933	16.2889	9.31134	4.18868	6.17115	
3.17289	11.9894	7.18861	0	8.12217	11.8603	14.5934	9.45	8.71156	13.6287	2.80014	6.91549	2.15745	9.52247	8.17289	5.23444	6.00818	6.43764	6.55622	2.05	
15.2894	16.0115	18.8619	8.12217	0	7.60753	8.56898	16.2556	4.45881	10.845	14.7705	18.3197	7.21217	21.847	17.9315	16.6107	10.0304	9.65157	12.7755	6.07217	
10.9791	18.534	35.8582	11.8603	7.60753	0	9.03055	19.3927	3.14871	0.523259	16.2219	17.0096	24.1525	25.2918	16.4146	21.938	9.69114	19.9733	11.7962	16.3939	
17.6767	11.9321	19.7352	14.5934	8.56898	9.03055	0	7.68666	5.88184	13.4833	28.0584	19.7428	22.3997	25.5145	20.6666	41.4525	21.4644	18.2205	14.7709	14.6412	
9.99	19.6188	11.2729	9.45	16.2556	19.3927	7.68666	0	13.5685	18.3571	12.2501	16.3655	11.483	16.3396	12.98	12.0516	17.0565	15.778	7.08419	11.5	
11.8844	15.3853	21.3405	8.71156	4.45881	3.14871	5.88184	13.5685	0	3.67197	11.5117	13.8609	10.869	16.5215	19.5633	17.4782	16.3181	14.1104	16.456	10.531	
10.4559	20.2183	15.4616	13.6287	10.845	0.523259	13.4833	18.3571	3.67197	0	16.7451	23.1545	15.6717	16.8054	15.4559	12.5174	9.16788	19.0771	11.2729	13.1261	
5.97303	16.1262	14.5064	2.80014	14.7705	16.2219	28.0584	12.2501	11.5117	16.7451	0	9.71563	4.9576	12.3388	17.0033	5.71612	9.4314	9.5285	10.5446	4.85014	
9.01013	16.2429	17.05	6.91549	18.3197	17.0096	19.7428	16.3655	13.8609	23.1545	9.71563	0	9.07294	2.66055	14.5424	11.5701	14.522	11.8551	14.6599	8.96549	
5.33034	11.0794	5.03115	2.15745	7.21217	24.1525	22.3997	11.483	10.869	15.6717	4.9576	9.07294	0	11.8879	12.5601	13.1227	5.09818	4.28019	4.39877	1.14	
6.34958	13.5823	18.0813	9.52247	21.847	25.2918	25.5145	16.3396	16.5215	16.8054	12.3388	2.66055	11.8879	0	11.3496	8.41114	14.1055	14.5157	15.9021	11.7805	
5	26.1876	16.7317	8.17289	17.9315	16.4146	20.6666	12.98	19.5633	15.4559	17.0033	14.5424	12.5601	11.3496	0	7.06155	15.0024	8.27995	14.5525	18.8731	
2.06155	14.7657	13.7933	5.23444	16.6107	21.938	41.4525	12.0516	17.4782	12.5174	5.71612	11.5701	13.1227	8.41114	7.06155	0	3.71528	8.84247	11.614	7.67346	
5.77683	11.0504	16.2889	6.00818	10.0304	9.69114	21.4644	17.0565	16.3181	9.16788	9.4314	14.522	5.09818	14.1055	15.0024	3.71528	0	9.90919	10.6616	3.95818	
10.3583	20.9596	9.31134	6.43764	9.65157	19.9733	18.2205	15.778	14.1104	19.0771	9.5285	11.8551	4.28019	14.5157	8.27995	8.84247	9.90919	0	8.67896	5.42019	
9.55249	11.9918	4.18868	6.55622	12.7755	11.7962	14.7709	7.08419	16.456	11.2729	10.5446	14.6599	4.39877	15.9021	14.5525	11.614	10.6616	8.67896	0	5.53877	
5.22289	9.93936	6.17115	2.05	6.07217	16.3939	14.6412	11.5	10.531	13.1261	4.85014	8.96549	1.14	11.7805	18.8731	7.67346	3.95818	5.42019	5.53877	0	

0	8.924	6.873	7.15683	19.8495	15.5581	13.6541	14.1374	20.309	13.5682	5.71433	5.36418	5.31601	3.13356	5.8	1.7317	9.63042	4.32	7.04668	4.19076	
8.924	0	7.85652	8.85585	18.9397	10.1971	18.5433	20.9748	16.7977	9.23542	10.6035	15.9157	3.60799	11.8845	20.5402	10.822	9.80606	18.4836	5.33866	4.92799	
6.873	7.85652	0	8.23224	7.50417	8.62024	19.496	26.7022	22.778	9.5819	8.27838	17.6139	4.00224	13.5828	21.1808	11.4626	10.4466	26.5963	5.97919	2.68224	
7.15683	8.85585	8.23224	0	19.365	15.0737	9.38227	13.6529	16.0372	14.5525	1.4425	5.92756	5.24786	9.95869	14.5975	9.56004	8.51159	12.8088	6.97852	5.55	
19.8495	18.9397	7.50417	19.365	0	8.93224	14.5823	14.726	15.2738	9.89391	17.2881	23.5975	11.7527	21.087	32.812	21.7187	10.219	17.5205	13.5206	10.1864	
15.5581	10.1971	8.62024	15.0737	8.93224	0	15.12	10.4347	8.52394	0.961665	12.9968	19.3062	12.1258	16.6393	23.8817	17.4274	5.92771	10.2099	14.6367	11.3025	
13.6541	18.5433	19.496	9.38227	14.5823	15.12	0	7.20625	9.42359	14.7334	7.93977	26.2066	18.0514	22.6572	27.9342	21.6769	11.7132	20.1296	17.6901	13.5359	
14.1374	20.9748	26.7022	13.6529	14.726	10.4347	7.20625	0	16.6298	11.7394	11.576	17.8854	10.705	26.3102	27.4229	16.0066	4.50694	11.8084	33.1022	16.9999	
20.309	16.7977	22.778	16.0372	15.2738	8.52394	9.42359	16.6298	0	7.56227	14.5947	28.8307	24.7063	23.2399	27.847	28.3318	20.1552	16.8105	24.3451	20.1908	
13.5682	9.23542	9.5819	14.5525	9.89391	0.961665	14.7334	11.7394	7.56227	0	13.11	19.7087	12.8434	15.6776	13.3299	21.9447	6.88938	9.24819	22.8604	18.7062	
5.71433	10.6035	8.27838	1.4425	17.2881	12.9968	7.93977	11.576	14.5947	13.11	0	7.37006	6.69035	8.84789	11.5143	7.44604	7.06909	10.0343	8.81813	5.59614	
5.36418	15.9157	17.6139	5.92756	23.5975	19.3062	26.2066	17.8854	28.8307	19.7087	7.37006	0	10.8465	4.03113	12.4203	3.63248	13.3785	16.6228	13.3032	11.4776	
5.31601	3.60799	4.00224	5.24786	11.7527	12.1258	18.0514	10.705	24.7063	12.8434	6.69035	10.8465	0	8.44957	11.116	7.04772	6.19806	9.63601	1.73066	1.32	
3.13356	11.8845	13.5828	9.95869	21.087	16.6393	22.6572	26.3102	23.2399	15.6776	8.84789	4.03113	8.44957	0	8.93356	4.86526	12.764	7.45356	13.2592	7.32432	
5.8	20.5402	21.1808	14.5975	32.812	23.8817	27.9342	27.4229	27.847	13.3299	11.5143	12.4203	11.116	8.93356	0	7.5317	11.3832	4.08167	15.9256	9.99076	
1.7317	10.822	11.4626	9.56004	21.7187	17.4274	21.6769	16.0066	28.3318	21.9447	7.44604	3.63248	7.04772	4.86526	7.5317	0	11.3621	6.0517	8.94471	5.92247	
9.63042	9.80606	10.4466	8.51159	10.219	5.92771	11.7132	4.50694	20.1552	6.88938	7.06909	13.3785	6.19806	12.764	11.3832	11.3621	0	7.30151	7.92873	7.51806	
4.32	18.4836	26.5963	12.8088	17.5205	10.2099	20.1296	11.8084	16.8105	9.24819	10.0343	16.6228	9.63601	7.45356	4.08167	6.0517	7.30151	0	14.4456	8.51076	
7.04668	5.33866	5.97919	6.97852	13.5206	14.6367	17.6901	33.1022	24.3451	22.8604	8.81813	13.3032	1.73066	13.2592	15.9256	8.94471	7.92873	14.4456	0	3.05066	
4.19076	4.92799	2.68224	5.55	10.1864	11.3025	13.5359	16.9999	20.1908	18.7062	5.59614	11.4776	1.32	7.32432	9.99076	5.92247	7.51806	8.51076	3.05066	0	

0	23.3951	19.6281	10.2793	26.8321	20.6556	18.8373	13.32	24.8615	24.3266	6.87234	11.5514	14.8848	4.61788	8.4	3.09233	11.2306	21.96	14.6832	15.8148	
23.3951	0	3.76701	6.52674	10.971	24.9153	19.0653	18.1367	17.4162	18.2521	7.34699	20.3577	9.02177	12.1881	16.9667	18.4655	12.662	14.8056	10.2593	12.4767	
19.6281	3.76701	0	9.8029	7.204	13.1588	23.8062	29.8166	15.2315	14.6965	12.8907	12.4975	5.25476	24.246	14.5092	20.3341	13.644	24.9333	9.44356	6.18476	
10.2793	6.52674	9.8029	0	17.5663	14.5942	12.5386	11.61	10.8894	13.9899	0.820244	11.7909	4.54814	5.66138	10.44	4.60026	4.92488	8.27886	4.26734	5.47814	
26.8321	10.971	7.204	17.5663	0	5.95483	14.5948	24.8601	12.5226	7.17105	12.6205	24.564	12.4588	21.9926	20.4978	16.6541	8.51587	19.3031	12.7163	11.6163	
20.6556	24.9153	13.1588	14.5942	5.95483	0	8.64	18.9053	9.16965	1.21622	16.7951	22.9713	9.57422	16.0378	17.5257	22.0575	6.80639	22.8689	13.099	8.64422	
18.8373	19.0653	23.8062	12.5386	14.5948	8.64	0	14.6527	7.52622	9.85622	13.3588	26.3696	17.0867	18.2	22.9786	21.9297	21.8882	16.1795	17.8662	16.768	
13.32	18.1367	29.8166	11.61	24.8601	18.9053	14.6527	0	13.5366	18.224	12.4302	25.441	16.1581	17.2714	21.72	16.4123	16.4053	19.8889	19.631	17.56	
24.8615	17.4162	15.2315	10.8894	12.5226	9.16965	7.52622	13.5366	0	7.95343	11.7097	17.2195	9.9767	16.5508	18.1232	22.8282	13.5436	8.65332	13.6965	9.24175	
24.3266	18.2521	14.6965	13.9899	7.17105	1.21622	9.85622	18.224	7.95343	0	9.6948	16.6845	9.44172	17.254	25.3277	13.7284	5.59017	16.6067	9.7906	9.86044	
6.87234	7.34699	12.8907	0.820244	12.6205	16.7951	13.3588	12.4302	11.7097	9.6948	0	12.7939	5.36839	6.48162	11.2602	3.78001	4.10463	9.09911	3.4471	6.77024	
11.5514	20.3577	12.4975	11.7909	24.564	22.9713	26.3696	25.441	17.2195	16.6845	12.7939	0	7.24276	6.93354	3.46883	9.01393	17.1522	22.1098	12.9035	8.17276	
14.8848	9.02177	5.25476	4.54814	12.4588	9.57422	17.0867	16.1581	9.9767	9.44172	5.36839	7.24276	0	10.2095	9.81144	14.8816	9.86114	12.827	5.38477	0.93	
4.61788	12.1881	24.246	5.66138	21.9926	16.0378	18.2	17.2714	16.5508	17.254	6.48162	6.93354	10.2095	0	10.4024	6.01973	14.158	13.9402	13.6824	11.6114	
8.4	16.9667	14.5092	10.44	20.4978	17.5257	22.9786	21.72	18.1232	25.3277	11.2602	3.46883	9.81144	10.4024	0	11.4923	14.2273	18.7189	10.0269	8.88144	
3.09233	18.4655	20.3341	4.60026	16.6541	22.0575	21.9297	16.4123	22.8282	13.7284	3.78001	9.01393	14.8816	6.01973	11.4923	0	7.88464	19.5567	7.22711	11.9309	
11.2306	12.662	13.644	4.92488	8.51587	6.80639	21.8882	16.4053	13.5436	5.59017	4.10463	17.1522	9.86114	14.158	14.2273	7.88464	0	19.8813	4.20043	8.6552	
21.96	14.8056	24.9333	8.27886	19.3031	22.8689	16.1795	19.8889	8.65332	16.6067	9.09911	22.1098	12.827	13.9402	18.7189	19.5567	19.8813	0	16.2999	14.2247	
14.6832	10.2593	9.44356	4.26734	12.7163	13.099	17.8662	19.631	13.6965	9.7906	3.4471	12.9035	5.38477	13.6824	10.0269	7.22711	4.20043	16.2999	0	4.45477	
15.8148	12.4767	6.18476	5.47814	11.6163	8.64422	16.768	17.56	9.24175	9.86044	6.77024	8.17276	0.93	11.6114	8.88144	11.9309	8.6552	14.2247	4.45477	0	

0	15.6576	8.12197	6.92266	21.5309	29.1213	20.0487	24.1737	20.817	21.1901	10.7281	11.3298	12.0496	5.52496	13.0427	4.41172	13.7811	10.1663	7.64199	10.7257	
15.6576	0	14.5647	11.8879	21.3666	13.8536	10.3197	10.8337	12.3754	14.688	14.7803	18.2373	3.60799	11.0541	10.7412	12.5855	5.06478	10.8278	8.25915	3.85799	
