10
10
2
2
40

6	25
1	50
11	25
47	42
3	33
22	35
37	29
8	32
40	14
47	10

40	12
50	19
49	12
45	9
11	8
25	5
17	28
33	35
2	41
7	15

150

1.79769e+308
1.79769e+308
1.79769e+308
1.79769e+308
1.79769e+308
1.79769e+308
1.79769e+308
1.79769e+308
1.79769e+308
1.79769e+308

13
15
11
18
13
13
19
18
19
14

0
0
0
0
0
0
0
0
0
0

0

0	7.0712	1.8344	8.04759	0.369492	5.01925	6.01679	2.20953	11.3833	11.6246	2.83954	8.76758	6.93191	5.98606	0.97052	8.02035	1.55308	11.7702	5.43068	2.75681	
7.0712	0	4.20751	11.3289	6.4217	13.0301	14.0276	6.58974	17.0454	21.4695	14.1569	8.66099	14.9427	15.2631	4.40753	17.2974	10.8302	25.9791	0.611223	2.62124	
1.8344	4.20751	0	9.04507	2.20389	6.39239	7.38993	4.0043	11.9747	14.8319	11.1716	11.6461	8.30504	7.82046	2.80492	9.85475	3.38748	12.3615	3.59629	6.48326	
8.04759	11.3289	9.04507	0	7.25646	1.98087	8.80205	4.36896	11.3354	8.53122	11.8231	8.46576	9.71716	5.68423	15.1917	8.62457	8.10596	9.60218	10.7176	14.7902	
0.369492	6.4217	2.20389	7.25646	0	4.22812	5.22567	1.84004	12.3829	12.6676	12.8706	11.3733	6.14078	6.35555	1.34001	8.38985	1.92257	14.2065	5.81047	6.53153	
5.01925	13.0301	6.39239	1.98087	4.22812	0	5.77371	2.38808	10.9539	10.5121	11.9717	8.33117	6.68882	5.54965	7.59596	6.6437	6.12508	11.5831	8.3666	12.8093	
6.01679	14.0276	7.38993	8.80205	5.22567	5.77371	0	3.38563	1.74377	5.6197	1.25609	5.27921	3.19048	7.9195	3.12511	6.36933	9.04274	2.44602	9.36414	13.8668	
2.20953	6.58974	4.0043	4.36896	1.84004	2.38808	3.38563	0	5.44479	6.24002	4.64172	13.2133	4.30074	7.93773	3.60169	7.47026	4.18425	5.83164	5.97852	8.37157	
11.3833	17.0454	11.9747	11.3354	12.3829	10.9539	1.74377	5.44479	0	3.80923	0.487674	8.63246	1.86994	7.15109	2.35669	4.31016	15.0126	3.07878	14.0334	17.1271	
11.6246	21.4695	14.8319	8.53122	12.6676	10.5121	5.6197	6.24002	3.80923	0	3.87367	2.9983	1.93929	5.63858	6.23263	9.94432	12.371	5.8315	11.0481	15.1796	
2.83954	14.1569	11.1716	11.8231	12.8706	11.9717	1.25609	4.64172	0.487674	3.87367	0	5.4243	1.93439	6.66341	1.86902	4.79784	9.56207	2.5911	13.5457	3.65531	
8.76758	8.66099	11.6461	8.46576	11.3733	8.33117	5.27921	13.2133	8.63246	2.9983	5.4243	0	4.93759	2.78153	12.9094	7.23742	12.7485	2.8332	8.04977	17.9048	
6.93191	14.9427	8.30504	9.71716	6.14078	6.68882	3.19048	4.30074	1.86994	1.93929	1.93439	4.93759	0	7.57787	3.80341	6.18011	9.95786	4.52549	10.2793	15.2571	
5.98606	15.2631	7.82046	5.68423	6.35555	5.54965	7.9195	7.93773	7.15109	5.63858	6.66341	2.78153	7.57787	0	6.95658	10.0189	7.53914	5.61473	10.8313	11.9141	
0.97052	4.40753	2.80492	15.1917	1.34001	7.59596	3.12511	3.60169	2.35669	6.23263	1.86902	12.9094	3.80341	6.95658	0	7.2757	2.5236	4.46012	7.4305	1.78629	
8.02035	17.2974	9.85475	8.62457	8.38985	6.6437	6.36933	7.47026	4.31016	9.94432	4.79784	7.23742	6.18011	10.0189	7.2757	0	9.57344	10.0706	13.4488	9.06199	
1.55308	10.8302	3.38748	8.10596	1.92257	6.12508	9.04274	4.18425	15.0126	12.371	9.56207	12.7485	9.95786	7.53914	2.5236	9.57344	0	16.8627	8.01306	9.47934	
11.7702	25.9791	12.3615	9.60218	14.2065	11.5831	2.44602	5.83164	3.07878	5.8315	2.5911	2.8332	4.52549	5.61473	4.46012	10.0706	16.8627	0	10.883	20.5411	
5.43068	0.611223	3.59629	10.7176	5.81047	8.3666	9.36414	5.97852	14.0334	11.0481	13.5457	8.04977	10.2793	10.8313	7.4305	13.4488	8.01306	10.883	0	3.23246	
2.75681	2.62124	6.48326	14.7902	6.53153	12.8093	13.8668	8.37157	17.1271	15.1796	3.65531	17.9048	15.2571	11.9141	1.78629	9.06199	9.47934	20.5411	3.23246	0	

0	5.67601	8.38986	9.96383	1.63966	2.84555	5.89476	4.6892	5.2569	10.723	10.9461	10.7486	7.14277	5.12021	4.72815	9.57641	2.64247	11.0363	1.26359	3.78571	
5.67601	0	8.95212	7.76723	3.09501	1.88911	4.43631	10.3652	13.8802	17.8882	20.3365	22.1216	5.90597	10.7962	10.9294	23.1203	6.29623	3.43336	6.9396	7.60758	
8.38986	8.95212	0	10.4259	5.94109	7.06301	9.61021	3.70065	4.7738	4.60652	5.41817	8.96667	8.85619	4.91049	2.8526	3.66293	10.5969	8.60725	7.98862	9.93773	
9.96383	7.76723	10.4259	0	5.85269	4.14478	1.59758	8.29414	4.98031	5.15132	8.93058	4.4511	6.86618	4.84362	12.0108	6.0949	10.2852	3.19553	6.32268	11.5966	
1.63966	3.09501	5.94109	5.85269	0	1.20589	3.75309	3.42092	9.95947	11.9775	10.8769	7.10863	5.22275	6.75987	3.08849	8.33629	4.28213	2.75014	2.90325	2.14605	
2.84555	1.88911	7.06301	4.14478	1.20589	0	2.5472	4.62682	8.68746	6.68911	7.45487	5.08145	4.01685	6.03941	4.29438	10.7259	4.40711	1.54424	5.75714	3.35195	
5.89476	4.43631	9.61021	1.59758	3.75309	2.5472	0	7.67603	7.04639	6.74891	10.9914	2.85352	3.91812	6.4412	7.3436	8.3606	6.95431	1.59795	4.7251	6.40116	
4.6892	10.3652	3.70065	8.29414	3.42092	4.62682	7.67603	0	8.47445	8.5566	8.46034	12.636	11.2289	9.6692	6.50941	7.36359	7.33167	15.1147	5.9528	5.56698	
5.2569	13.8802	4.7738	4.98031	9.95947	8.68746	7.04639	8.47445	0	4.69667	0.917416	4.19287	2.15925	0.13669	7.6264	7.23698	9.22103	7.14322	7.10268	12.1055	
10.723	17.8882	4.60652	5.15132	11.9775	6.68911	6.74891	8.5566	4.69667	0	3.77925	3.73685	2.67225	4.69481	6.19139	0.943582	7.87752	13.4366	13.3961	9.60396	
10.9461	20.3365	5.41817	8.93058	10.8769	7.45487	10.9914	8.46034	0.917416	3.77925	0	4.50262	3.43802	1.05411	8.27077	4.72284	8.30361	8.06063	8.0201	15.8411	
10.7486	22.1216	8.96667	4.4511	7.10863	5.08145	2.85352	12.636	4.19287	3.73685	4.50262	0	1.0646	3.08716	14.5504	5.02293	8.10618	4.45147	7.57862	16.1412	
7.14277	5.90597	8.85619	6.86618	5.22275	4.01685	3.91812	11.2289	2.15925	2.67225	3.43802	1.0646	0	2.02256	13.0571	3.61583	8.42397	5.5611	10.649	9.73532	
5.12021	10.7962	4.91049	4.84362	6.75987	6.03941	6.4412	9.6692	0.13669	4.69481	1.05411	3.08716	2.02256	0	13.7625	6.54641	7.76268	7.27991	6.38381	14.6261	
4.72815	10.9294	2.8526	12.0108	3.08849	4.29438	7.3436	6.50941	7.6264	6.19139	8.27077	14.5504	13.0571	13.7625	0	5.2478	12.1817	10.5845	5.13602	5.23454	
9.57641	23.1203	3.66293	6.0949	8.33629	10.7259	8.3606	7.36359	7.23698	0.943582	4.72284	5.02293	3.61583	6.54641	5.2478	0	6.93394	14.0821	10.3838	8.66037	
2.64247	6.29623	10.5969	10.2852	4.28213	4.40711	6.95431	7.33167	9.22103	7.87752	8.30361	8.10618	8.42397	7.76268	12.1817	6.93394	0	5.95136	3.90606	10.1256	
11.0363	3.43336	8.60725	3.19553	2.75014	1.54424	1.59795	15.1147	7.14322	13.4366	8.06063	4.45147	5.5611	7.27991	10.5845	14.0821	5.95136	0	6.32305	7.26271	
1.26359	6.9396	7.98862	6.32268	2.90325	5.75714	4.7251	5.9528	7.10268	13.3961	8.0201	7.57862	10.649	6.38381	5.13602	10.3838	3.90606	6.32305	0	6.66878	
3.78571	7.60758	9.93773	11.5966	2.14605	3.35195	6.40116	5.56698	12.1055	9.60396	15.8411	16.1412	9.73532	14.6261	5.23454	8.66037	10.1256	7.26271	6.66878	0	

0	1.10468	4.38531	6.72346	5.96348	9.86372	3.3031	4.62325	2.35836	10.3782	3.77201	6.26321	8.90182	3.6759	3.10692	10.6872	5.30382	7.04131	3.77841	4.34642	
1.10468	0	5.48999	27.4416	6.44905	12.0441	5.54815	5.72793	3.46304	14.1467	16.5591	13.7105	8.78815	15.2356	4.2116	27.1423	8.08708	7.11894	2.67372	5.68693	
4.38531	5.48999	0	15.8273	2.81826	9.46774	8.74212	2.97704	6.74367	8.53437	8.04226	5.54353	11.8947	8.46871	7.49222	6.30192	2.29647	4.66396	5.86769	7.55399	
6.72346	27.4416	15.8273	0	26.4296	6.35953	5.30984	11.6	4.3651	13.8666	5.77875	8.26994	9.87631	5.68264	15.9005	12.3473	16.5139	9.30805	11.6984	11.4736	
5.96348	6.44905	2.81826	26.4296	0	12.286	10.1868	3.11407	8.32184	10.2523	9.76019	7.26147	12.0317	8.66531	7.07385	9.12018	2.4335	4.801	7.31237	5.83434	
9.86372	12.0441	9.46774	6.35953	12.286	0	6.52247	5.24047	9.86808	13.7475	10.8237	13.3224	13.3313	10.915	11.3026	15.7697	5.92103	4.92512	15.3354	9.93726	
3.3031	5.54815	8.74212	5.30984	10.1868	6.52247	0	9.56299	0.944743	5.04264	2.3584	4.84959	7.48821	2.26228	7.07653	9.58734	3.96484	1.59734	2.87442	8.31603	
4.62325	5.72793	2.97704	11.6	3.11407	5.24047	9.56299	0	6.98161	19.5382	8.80174	10.0419	10.2788	6.91238	5.9363	10.8003	0.680568	3.04806	6.64562	4.6968	
2.35836	3.46304	6.74367	4.3651	8.32184	9.86808	0.944743	6.98161	0	4.15006	1.41365	3.90485	3.9213	1.31754	5.46528	14.6679	7.31045	2.54209	3.81917	5.51859	
10.3782	14.1467	8.53437	13.8666	10.2523	13.7475	5.04264	19.5382	4.15006	0	5.48956	2.99084	9.09787	2.83251	7.2713	4.5447	9.06433	6.63999	7.91706	8.51081	
3.77201	16.5591	8.04226	5.77875	9.76019	10.8237	2.3584	8.80174	1.41365	5.48956	0	2.49872	2.50765	2.73119	5.34444	11.1349	11.8077	6.35661	8.62208	4.10494	
6.26321	13.7105	5.54353	8.26994	7.26147	13.3224	4.84959	10.0419	3.90485	2.99084	2.49872	0	5.00637	2.92518	7.61274	7.53554	7.84	8.8478	11.4112	6.60366	
8.90182	8.78815	11.8947	9.87631	12.0317	13.3313	7.48821	10.2788	3.9213	9.09787	2.50765	5.00637	0	7.861	8.83791	11.0585	9.59823	10.787	6.11443	6.61259	
3.6759	15.2356	8.46871	5.68264	8.66531	10.915	2.26228	6.91238	1.31754	2.83251	2.73119	2.92518	7.861	0	4.68756	7.37722	6.23181	6.2605	11.357	5.92706	
3.10692	4.2116	7.49222	15.9005	7.07385	11.3026	7.07653	5.9363	5.46528	7.2713	5.34444	7.61274	8.83791	4.68756	0	9.04113	10.0893	8.67387	8.89958	1.2395	
10.6872	27.1423	6.30192	12.3473	9.12018	15.7697	9.58734	10.8003	14.6679	4.5447	11.1349	7.53554	11.0585	7.37722	9.04113	0	8.59839	15.7482	12.1696	10.2806	
5.30382	8.08708	2.29647	16.5139	2.4335	5.92103	3.96484	0.680568	7.31045	9.06433	11.8077	7.84	9.59823	6.23181	10.0893	8.59839	0	2.36749	5.96505	5.37737	
7.04131	7.11894	4.66396	9.30805	4.801	4.92512	1.59734	3.04806	2.54209	6.63999	6.35661	8.8478	10.787	6.2605	8.67387	15.7482	2.36749	0	4.47177	13.5451	
3.77841	2.67372	5.86769	11.6984	7.31237	15.3354	2.87442	6.64562	3.81917	7.91706	8.62208	11.4112	6.11443	11.357	8.89958	12.1696	5.96505	4.47177	0	7.66008	
4.34642	5.68693	7.55399	11.4736	5.83434	9.93726	8.31603	4.6968	5.51859	8.51081	4.10494	6.60366	6.61259	5.92706	1.2395	10.2806	5.37737	13.5451	7.66008	0	

0	11.5582	1.83216	8.12008	3.84378	1.13553	6.84507	8.32539	3.5569	6.47321	4.01609	8.37598	5.44936	5.01037	1.66841	5.26555	4.32525	7.58321	14.7681	7.73332	
11.5582	0	9.94368	18.4841	8.12745	13.0249	7.22464	7.51	11.7116	11.5278	7.69277	17.5624	18.7272	11.7596	9.67104	9.58008	9.37982	5.75987	10.5629	3.60614	
1.83216	9.94368	0	7.26835	2.01162	2.96769	8.67723	2.62907	5.36964	7.24775	5.63191	7.85961	5.61487	6.67325	3.50057	7.14264	6.15741	5.75105	5.17613	6.33754	
8.12008	18.4841	7.26835	0	9.27997	5.80092	11.3373	11.7388	3.37955	5.25766	3.64183	8.01813	11.7047	5.13537	6.5442	11.5691	9.26618	10.1267	14.2859	11.1214	
3.84378	8.12745	2.01162	9.27997	0	4.82712	6.3748	0.617451	7.24849	8.26911	9.87738	14.5612	7.12243	9.15941	9.1918	5.59466	4.61759	7.76267	3.1645	5.79075	
1.13553	13.0249	2.96769	5.80092	4.82712	0	7.98061	5.44457	2.42137	4.29948	2.68365	9.51151	6.58489	4.17719	2.80394	8.2726	5.46078	9.59496	7.99162	9.08758	
6.84507	7.22464	8.67723	11.3373	6.3748	7.98061	0	5.75735	4.56482	7.10811	4.30254	10.4157	5.59339	4.53501	8.51349	10.4988	9.55472	8.8432	10.5299	7.96474	
8.32539	7.51	2.62907	11.7388	0.617451	5.44457	5.75735	0	9.52977	6.1481	10.0599	13.1002	9.26022	10.2248	11.3296	6.21211	4.00014	9.75564	3.78196	6.4082	
3.5569	11.7116	5.36964	3.37955	7.24849	2.42137	4.56482	9.52977	0	1.87811	0.262278	6.37542	2.8142	1.25657	3.16465	6.76179	4.02608	4.80293	7.75072	4.34892	
6.47321	11.5278	7.24775	5.25766	8.26911	4.29948	7.10811	6.1481	1.87811	0	2.14039	10.561	3.63148	2.5731	5.04276	4.949	2.14797	7.90347	8.568	10.923	
4.01609	7.69277	5.63191	3.64183	9.87738	2.68365	4.30254	10.0599	0.262278	2.14039	0	6.11315	2.05267	0.994289	3.42693	6.95808	8.34133	4.54066	6.98919	4.08664	
8.37598	17.5624	7.85961	8.01813	14.5612	9.51151	10.4157	13.1002	6.37542	10.561	6.11315	0	8.5994	7.10744	10.0444	7.67668	7.86406	2.10857	19.98	4.2623	
5.44936	18.7272	5.61487	11.7047	7.12243	6.58489	5.59339	9.26022	2.8142	3.63148	2.05267	8.5994	0	1.05838	5.12492	1.52777	9.7746	7.09589	7.05328	7.50172	
5.01037	11.7596	6.67325	5.13537	9.15941	4.17719	4.53501	10.2248	1.25657	2.5731	0.994289	7.10744	1.05838	0	4.92047	2.58616	4.72106	5.53495	5.9949	5.08093	
1.66841	9.67104	3.50057	6.5442	9.1918	2.80394	8.51349	11.3296	3.16465	5.04276	3.42693	10.0444	5.12492	4.92047	0	3.59714	5.99366	8.21864	9.96268	6.0649	
5.26555	9.58008	7.14264	11.5691	5.59466	8.2726	10.4988	6.21211	6.76179	4.949	6.95808	7.67668	1.52777	2.58616	3.59714	0	7.09697	5.56812	6.36554	5.97395	
4.32525	9.37982	6.15741	9.26618	4.61759	5.46078	9.55472	4.00014	4.02608	2.14797	8.34133	7.86406	9.7746	4.72106	5.99366	7.09697	0	5.7555	10.8799	7.90923	
7.58321	5.75987	5.75105	10.1267	7.76267	9.59496	8.8432	9.75564	4.80293	7.90347	4.54066	2.10857	7.09589	5.53495	8.21864	5.56812	5.7555	0	9.11053	2.15374	
14.7681	10.5629	5.17613	14.2859	3.1645	7.99162	10.5299	3.78196	7.75072	8.568	6.98919	19.98	7.05328	5.9949	9.96268	6.36554	10.8799	9.11053	0	6.95679	
7.73332	3.60614	6.33754	11.1214	5.79075	9.08758	7.96474	6.4082	4.34892	10.923	4.08664	4.2623	7.50172	5.08093	6.0649	5.97395	7.90923	2.15374	6.95679	0	

0	4.65474	5.43687	11.5461	3.45445	8.60924	9.57396	3.97551	8.96421	7.00063	9.88038	11.5208	8.52013	12.8589	12.9137	10.1354	4.87688	12.5619	5.97154	7.0901	
4.65474	0	10.0916	7.62605	5.64173	5.82833	8.29263	3.28305	7.92021	6.30817	4.84076	10.7526	7.82766	12.9257	7.45017	9.60352	6.59884	9.78097	1.3168	6.80538	
5.43687	10.0916	0	11.4533	2.61625	4.91134	8.47487	4.50961	7.9709	13.0394	4.39825	4.53095	6.37263	16.9002	4.23645	13.2635	1.19382	7.66259	12.5179	1.65322	
11.5461	7.62605	11.4533	0	14.0869	5.57432	4.09219	7.92059	3.48244	4.00565	4.39861	3.12655	3.37597	5.29968	6.2512	11.1774	6.46369	10.096	8.94286	22.5769	
3.45445	5.64173	2.61625	14.0869	0	5.13996	8.70349	2.35868	11.6292	5.3838	9.84783	4.75957	6.60125	17.1288	8.84511	6.68093	1.42243	13.153	4.83837	4.80459	
8.60924	5.82833	4.91134	5.57432	5.13996	0	2.4643	5.95135	2.09188	8.97647	3.00805	7.05466	8.58596	9.80462	9.11927	10.116	3.71753	3.95264	7.14514	7.09969	
9.57396	8.29263	8.47487	4.09219	8.70349	2.4643	0	8.41565	0.609752	8.79715	1.52592	6.25311	7.10383	7.34033	8.74631	9.74302	6.18182	6.41693	9.81743	9.0385	
3.97551	3.28305	4.50961	7.92059	2.35868	5.95135	8.41565	0	8.04323	3.02512	6.00365	3.90421	4.54462	7.365	6.10557	9.03961	3.31579	8.40195	2.47969	3.52234	
8.96421	7.92021	7.9709	3.48244	11.6292	2.09188	0.609752	8.04323	0	4.90714	0.916171	2.34719	6.49408	7.95008	3.36901	4.36572	5.8094	6.04452	4.44013	3.6612	
7.00063	6.30817	13.0394	4.00565	5.3838	8.97647	8.79715	3.02512	4.90714	0	2.31011	0.879093	4.19347	5.81668	6.44381	7.44052	4.21623	5.37683	5.50481	6.54746	
9.88038	4.84076	4.39825	4.39861	9.84783	3.00805	1.52592	6.00365	0.916171	2.31011	0	1.43102	4.7454	8.22968	2.45284	3.44955	4.76815	9.3678	3.52396	2.74503	
11.5208	10.7526	4.53095	3.12655	4.75957	7.05466	6.25311	3.90421	2.34719	0.879093	1.43102	0	3.31438	6.13476	3.88386	4.88056	3.33713	6.25592	4.95497	4.17604	
8.52013	7.82766	6.37263	3.37597	6.60125	8.58596	7.10383	4.54462	6.49408	4.19347	4.7454	3.31438	0	2.82038	2.87523	5.03941	5.17882	12.0715	7.02431	5.45846	
12.8589	12.9257	16.9002	5.29968	17.1288	9.80462	7.34033	7.365	7.95008	5.81668	8.22968	6.13476	2.82038	0	5.69561	10.6218	7.99919	11.1935	12.8538	13.2533	
12.9137	7.45017	4.23645	6.2512	8.84511	9.11927	8.74631	6.10557	3.36901	6.44381	2.45284	3.88386	2.87523	5.69561	0	2.16419	5.96539	15.4597	5.9768	2.58323	
10.1354	9.60352	13.2635	11.1774	6.68093	10.116	9.74302	9.03961	4.36572	7.44052	3.44955	4.88056	5.03941	10.6218	2.16419	0	8.10336	13.2956	6.97351	4.74742	
4.87688	6.59884	1.19382	6.46369	1.42243	3.71753	6.18182	3.31579	5.8094	4.21623	4.76815	3.33713	5.17882	7.99919	5.96539	8.10336	0	7.67016	5.79549	2.84704	
12.5619	9.78097	7.66259	10.096	13.153	3.95264	6.41693	8.40195	6.04452	5.37683	9.3678	6.25592	12.0715	11.1935	15.4597	13.2956	7.67016	0	12.414	9.31581	
5.97154	1.3168	12.5179	8.94286	4.83837	7.14514	9.81743	2.47969	4.44013	5.50481	3.52396	4.95497	7.02431	12.8538	5.9768	6.97351	5.79549	12.414	0	6.00203	
7.0901	6.80538	1.65322	22.5769	4.80459	7.09969	9.0385	3.52234	3.6612	6.54746	2.74503	4.17604	5.45846	13.2533	2.58323	4.74742	2.84704	9.31581	6.00203	0	

0	10.353	3.30149	2.5945	4.48144	5.29161	3.58824	1.83292	5.08817	6.64796	0.832952	11.755	11.0472	4.04152	4.15947	2.82685	1.84476	4.60164	6.98064	2.84752	
10.353	0	11.0367	23.903	8.6673	13.676	18.148	11.3158	13.7753	15.3351	9.52005	15.3293	18.3139	12.7286	11.1443	11.514	10.4214	10.5333	14.0532	9.41864	
3.30149	11.0367	0	5.896	2.36942	3.58476	7.91334	1.47431	6.35075	8.68777	4.13444	12.3265	9.29236	10.2039	6.89125	10.081	2.5804	4.23544	6.55164	3.58317	
2.5945	23.903	5.896	0	8.47196	7.53102	0.993738	4.42742	6.06471	8.43261	3.42746	14.8803	7.26708	6.50534	6.75397	5.17542	4.43926	4.35081	9.57514	5.97277	
4.48144	8.6673	2.36942	8.47196	0	5.95417	5.2231	2.64853	9.99146	10.4976	11.117	9.95708	9.97879	7.88416	8.17163	13.8572	4.6229	1.86602	5.38592	7.22388	
5.29161	13.676	3.58476	7.53102	5.95417	0	6.53728	5.05907	7.2172	12.2725	9.06869	13.3571	17.2401	11.8292	10.476	10.719	3.44685	6.20373	10.1364	4.44962	
3.58824	18.148	7.91334	0.993738	5.2231	6.53728	0	6.89924	7.05845	11.3074	5.89927	13.3193	10.2801	7.49907	9.22579	4.18169	5.33294	3.35707	10.5103	6.3357	
1.83292	11.3158	1.47431	4.42742	2.64853	5.05907	6.89924	0	12.9284	10.1621	2.66587	10.9582	12.6273	9.46873	5.5231	8.61243	3.67767	4.51455	8.02595	5.04751	
5.08817	13.7753	6.35075	6.06471	9.99146	7.2172	7.05845	12.9284	0	2.73267	4.25522	6.39707	2.12808	2.88982	8.66119	4.62096	3.77035	6.52723	8.36777	4.77311	
6.64796	15.3351	8.68777	8.43261	10.4976	12.2725	11.3074	10.1621	2.73267	0	5.13584	4.87359	0.604594	1.36633	5.87291	5.98061	9.07386	7.94541	5.11169	8.09281	
0.832952	9.52005	4.13444	3.42746	11.117	9.06869	5.89927	2.66587	4.25522	5.13584	0	9.71971	3.97031	3.20857	4.99242	1.9939	2.67771	8.37872	6.86078	3.80906	
11.755	15.3293	12.3265	14.8803	9.95708	13.3571	13.3193	10.9582	6.39707	4.87359	9.71971	0	4.269	5.03074	7.63631	9.13765	6.91342	11.8231	10.9099	5.91065	
11.0472	18.3139	9.29236	7.26708	9.97879	17.2401	10.2801	12.6273	2.12808	0.604594	3.97031	4.269	0	0.761739	4.70737	4.81508	5.89842	6.77988	4.41395	6.92728	
4.04152	12.7286	10.2039	6.50534	7.88416	11.8292	7.49907	9.46873	2.88982	1.36633	3.20857	5.03074	0.761739	0	3.94564	4.05334	7.16831	6.01814	3.65221	5.6713	
4.15947	11.1443	6.89125	6.75397	8.17163	10.476	9.22579	5.5231	8.66119	5.87291	4.99242	7.63631	4.70737	3.94564	0	6.34229	2.72843	9.62954	7.59785	1.72566	
2.82685	11.514	10.081	5.17542	13.8572	10.719	4.18169	8.61243	4.62096	5.98061	1.9939	9.13765	4.81508	4.05334	6.34229	0	7.61573	7.53876	7.70555	5.80296	
1.84476	10.4214	2.5804	4.43926	4.6229	3.44685	5.33294	3.67767	3.77035	9.07386	2.67771	6.91342	5.89842	7.16831	2.72843	7.61573	0	2.75688	8.82539	1.00277	
4.60164	10.5333	4.23544	4.35081	1.86602	6.20373	3.35707	4.51455	6.52723	7.94541	8.37872	11.8231	6.77988	6.01814	9.62954	7.53876	2.75688	0	7.25194	3.75965	
6.98064	14.0532	6.55164	9.57514	5.38592	10.1364	10.5103	8.02595	8.36777	5.11169	6.86078	10.9099	4.41395	3.65221	7.59785	7.70555	8.82539	7.25194	0	9.81775	
2.84752	9.41864	3.58317	5.97277	7.22388	4.44962	6.3357	5.04751	4.77311	8.09281	3.80906	5.91065	6.92728	5.6713	1.72566	5.80296	1.00277	3.75965	9.81775	0	

0	5.51626	4.01594	9.1832	6.21447	6.34562	3.66344	8.13112	12.8991	8.31908	8.53759	16.4384	4.62707	11.3758	5.04806	12.2092	5.54889	6.25809	7.07266	9.88274	
5.51626	0	9.25245	11.1767	2.12163	5.80862	9.1797	9.82431	13.5339	13.8353	11.067	12.3456	12.591	20.7097	17.9729	13.774	7.71949	10.0849	2.97982	15.3086	
4.01594	9.25245	0	4.99021	10.2304	10.3616	7.67937	12.1471	6.7443	7.6074	4.52165	16.733	6.40445	15.9155	10.8033	6.55802	1.53296	3.89839	9.55317	5.86681	
9.1832	11.1767	4.99021	0	7.63328	12.1254	12.8445	17.3143	12.2775	10.1351	6.80477	21.5334	8.32873	13.1918	14.2292	12.0913	3.45725	5.82268	6.77509	16.5177	
6.21447	2.12163	10.2304	7.63328	0	3.68699	9.87791	7.70268	11.4123	14.5335	13.635	10.224	14.6387	14.1207	14.1176	7.15593	9.84112	5.63388	0.858191	11.4097	
6.34562	5.80862	10.3616	12.1254	3.68699	0	7.99369	11.3897	14.0384	13.4904	11.8157	10.1847	9.89223	10.4337	10.3132	13.8521	7.76448	5.39904	4.54518	7.72273	
3.66344	9.1797	7.67937	12.8445	9.87791	7.99369	0	8.63562	4.08988	3.94527	7.66628	5.37839	0.963633	5.26513	1.38462	7.31081	4.96009	2.59465	7.37034	6.75253	
8.13112	9.82431	12.1471	17.3143	7.70268	11.3897	8.63562	0	13.6369	10.6536	11.4143	12.0867	7.67199	11.9735	10.0462	13.4506	12.5435	11.2562	8.56087	6.41604	
12.8991	13.5339	6.7443	12.2775	11.4123	14.0384	4.08988	13.6369	0	4.58006	2.22264	1.68399	6.09874	6.01529	2.70526	4.25901	5.57016	6.46965	12.2705	8.07317	
8.31908	13.8353	7.6074	10.1351	14.5335	13.4904	3.94527	10.6536	4.58006	0	3.08574	6.26405	2.98164	3.05669	7.28532	5.1221	6.43326	13.7442	13.083	15.3933	
8.53759	11.067	4.52165	6.80477	13.635	11.8157	7.66628	11.4143	2.22264	3.08574	0	3.90663	6.06738	6.14243	4.92791	2.03636	3.34752	5.71295	8.3341	10.3885	
16.4384	12.3456	16.733	21.5334	10.224	10.1847	5.37839	12.0867	1.68399	6.26405	3.90663	0	4.41475	7.69928	4.38925	10.7619	7.15109	4.78566	9.56134	11.9104	
4.62707	12.591	6.40445	8.32873	14.6387	9.89223	0.963633	7.67199	6.09874	2.98164	6.06738	4.41475	0	4.30149	2.34825	6.34717	4.87149	3.55828	12.6449	14.088	
11.3758	20.7097	15.9155	13.1918	14.1207	10.4337	5.26513	11.9735	6.01529	3.05669	6.14243	7.69928	4.30149	0	8.72055	9.842	9.17298	15.1794	22.1081	18.1564	
5.04806	17.9729	10.8033	14.2292	14.1176	10.3132	1.38462	10.0462	2.70526	7.28532	4.92791	4.38925	2.34825	8.72055	0	8.31803	9.62918	3.97927	17.3537	5.36791	
12.2092	13.774	6.55802	12.0913	7.15593	13.8521	7.31081	13.4506	4.25901	5.1221	2.03636	10.7619	6.34717	9.842	8.31803	0	5.38389	11.0734	6.29774	8.60797	
5.54889	7.71949	1.53296	3.45725	9.84112	7.76448	4.96009	12.5435	5.57016	6.43326	3.34752	7.15109	4.87149	9.17298	9.62918	5.38389	0	2.36543	7.14112	7.39977	
6.25809	10.0849	3.89839	5.82268	5.63388	5.39904	2.59465	11.2562	6.46965	13.7442	5.71295	4.78566	3.55828	15.1794	3.97927	11.0734	2.36543	0	4.77569	13.1218	
7.07266	2.97982	9.55317	6.77509	0.858191	4.54518	7.37034	8.56087	12.2705	13.083	8.3341	9.56134	12.6449	22.1081	17.3537	6.29774	7.14112	4.77569	0	11.9858	
9.88274	15.3086	5.86681	16.5177	11.4097	7.72273	6.75253	6.41604	8.07317	15.3933	10.3885	11.9104	14.088	18.1564	5.36791	8.60797	7.39977	13.1218	11.9858	0	

0	0.69335	1.17273	11.2709	2.33852	3.87573	5.32633	1.77817	4.90018	7.05503	4.0555	10.4533	8.79571	7.94714	1.11615	7.49173	2.31907	8.83784	1.6693	2.85933	
0.69335	0	1.86608	10.1356	2.76214	6.03132	6.01968	2.47152	7.56499	10.5235	7.35648	11.1466	17.6654	4.64356	1.8095	4.97662	2.7227	3.25613	0.975951	3.55268	
1.17273	1.86608	0	8.82745	2.53759	6.99154	6.49906	2.9509	8.04437	11.4512	7.17131	9.97818	14.46	11.0337	2.28888	5.07216	1.14635	10.9214	4.32378	3.54618	
11.2709	10.1356	8.82745	0	8.83817	4.10429	9.50736	6.20185	13.9388	12.1229	6.03916	9.31604	16.3074	8.55498	10.1548	11.0624	7.6811	5.16566	8.35805	12.631	
2.33852	2.76214	2.53759	8.83817	0	4.73389	10.137	6.83144	5.0064	19.9064	6.59513	13.5873	7.96933	5.4538	1.22237	5.78685	3.68394	4.06636	1.78618	6.08377	
3.87573	6.03132	6.99154	4.10429	4.73389	0	4.57288	2.09756	2.48474	4.86825	1.93487	4.29954	7.87707	3.10431	5.95625	6.04595	4.39366	1.06137	3.34155	9.89072	
5.32633	6.01968	6.49906	9.50736	10.137	4.57288	0	7.1045	10.7904	1.7287	7.33794	4.82939	7.27486	2.14626	6.44248	5.47308	9.43759	3.51151	5.79169	4.48765	
1.77817	2.47152	2.9509	6.20185	6.83144	2.09756	7.1045	0	2.8272	9.45793	2.27733	11.1279	12.5863	3.44677	2.89432	5.71355	2.2961	3.15893	5.48108	4.63751	
4.90018	7.56499	8.04437	13.9388	5.0064	2.48474	10.7904	2.8272	0	1.49306	0.549872	3.89671	1.92407	1.0755	3.78403	9.82214	8.8043	5.71833	4.74311	8.93396	
7.05503	10.5235	11.4512	12.1229	19.9064	4.86825	1.7287	9.45793	1.49306	0	1.587	3.10069	3.84394	0.417561	15.7925	3.74438	7.67019	5.24021	4.08517	6.21636	
4.0555	7.35648	7.17131	6.03916	6.59513	1.93487	7.33794	2.27733	0.549872	1.587	0	3.99064	2.47395	1.16944	4.33391	7.99089	4.57343	2.99624	4.83705	10.1298	
10.4533	11.1466	9.97818	9.31604	13.5873	4.29954	4.82939	11.1279	3.89671	3.10069	3.99064	0	6.24758	2.82121	11.5694	6.84507	8.83183	3.23817	5.51834	13.3126	
8.79571	17.6654	14.46	16.3074	7.96933	7.87707	7.27486	12.5863	1.92407	3.84394	2.47395	6.24758	0	2.99958	5.70811	9.29054	14.8824	9.72909	7.09399	11.504	
7.94714	4.64356	11.0337	8.55498	5.4538	3.10431	2.14626	3.44677	1.0755	0.417561	1.16944	2.82121	2.99958	0	4.85954	4.16194	6.85259	5.51206	3.66761	10.6555	
1.11615	1.8095	2.28888	10.1548	1.22237	5.95625	6.44248	2.89432	3.78403	15.7925	4.33391	11.5694	5.70811	4.85954	0	9.71669	5.79087	10.2494	3.00855	3.97548	
7.49173	4.97662	5.07216	11.0624	5.78685	6.04595	5.47308	5.71355	9.82214	3.74438	7.99089	6.84507	9.29054	4.16194	9.71669	0	3.92582	4.98458	4.00067	8.87575	
2.31907	2.7227	1.14635	7.6811	3.68394	4.39366	9.43759	2.2961	8.8043	7.67019	4.57343	8.83183	14.8824	6.85259	5.79087	3.92582	0	5.46515	3.18498	4.69253	
8.83784	3.25613	10.9214	5.16566	4.06636	1.06137	3.51151	3.15893	5.71833	5.24021	2.99624	3.23817	9.72909	5.51206	10.2494	4.98458	5.46515	0	2.28018	7.99916	
1.6693	0.975951	4.32378	8.35805	1.78618	3.34155	5.79169	5.48108	4.74311	4.08517	4.83705	5.51834	7.09399	3.66761	3.00855	4.00067	3.18498	2.28018	0	8.13491	
2.85933	3.55268	3.54618	12.631	6.08377	9.89072	4.48765	4.63751	8.93396	6.21636	10.1298	13.3126	11.504	10.6555	3.97548	8.87575	4.69253	7.99916	8.13491	0	

0	19.9275	2.00546	9.64221	4.95865	1.68968	10.574	2.98507	5.86097	11.8699	7.77503	5.64201	8.34288	6.45401	5.94618	7.83355	8.24756	7.9289	19.0901	2.86818	
19.9275	0	15.722	10.4678	5.04212	8.31109	10.4569	6.57549	22.6117	15.8484	10.2067	18.0551	23.2585	20.4601	15.6748	16.6494	14.2374	15.5552	4.168	8.67227	
2.00546	15.722	0	11.9875	4.49286	3.69515	8.56851	4.57884	5.19391	5.29628	7.10798	6.90953	7.67583	5.14546	5.06913	7.16649	7.67311	2.92089	6.98633	0.862714	
9.64221	10.4678	11.9875	0	5.42569	7.95252	8.22723	9.24791	5.59903	2.82551	5.90448	5.03216	7.90365	2.97633	12.087	3.62645	4.38895	2.58597	17.1909	4.64415	
4.95865	5.04212	4.49286	5.42569	0	3.26897	5.41478	4.56435	7.07867	8.24357	5.16461	7.2213	9.22987	11.2362	7.52547	9.05214	11.2551	5.68832	9.21012	3.63014	
1.68968	8.31109	3.69515	7.95252	3.26897	0	8.68375	1.29539	5.66795	10.1802	8.43357	3.95233	6.82382	10.331	4.2565	7.45216	4.38965	5.1845	3.70288	3.12632	
10.574	10.4569	8.56851	8.22723	5.41478	8.68375	0	7.53366	6.38105	7.54595	4.46698	11.913	8.53224	7.84257	8.65213	8.41318	7.44423	5.64126	9.94116	7.69944	
2.98507	6.57549	4.57884	9.24791	4.56435	1.29539	7.53366	0	9.77275	11.4756	9.44495	5.24772	12.7178	9.7243	5.2598	13.3461	3.09426	4.89724	2.40749	4.42171	
5.86097	22.6117	5.19391	5.59903	7.07867	5.66795	6.38105	9.77275	0	0.743859	1.91407	1.71562	2.48192	0.593041	6.09921	1.97258	12.338	6.18786	11.5821	4.71311	
11.8699	15.8484	5.29628	2.82551	8.24357	10.1802	7.54595	11.4756	0.743859	0	3.07897	6.45244	6.68098	0.150818	7.26411	6.45196	11.4115	5.41148	12.747	7.75686	
7.77503	10.2067	7.10798	5.90448	5.16461	8.43357	4.46698	9.44495	1.91407	3.07897	0	3.62969	4.06526	2.50711	4.18515	3.88665	6.07677	4.2738	9.66803	6.33198	
5.64201	18.0551	6.90953	5.03216	7.2213	3.95233	11.913	5.24772	1.71562	6.45244	3.62969	0	2.87148	2.30866	8.20884	3.49983	12.9405	7.61813	12.2538	6.42873	
8.34288	23.2585	7.67583	7.90365	9.22987	6.82382	8.53224	12.7178	2.48192	6.68098	4.06526	2.87148	0	3.07496	8.25041	4.4545	15.2143	8.33906	13.7333	7.19502	
6.45401	20.4601	5.14546	2.97633	11.2362	10.331	7.84257	9.7243	0.593041	0.150818	2.50711	2.30866	3.07496	0	10.8341	2.56562	12.2811	9.66422	16.317	5.30615	
5.94618	15.6748	5.06913	12.087	7.52547	4.2565	8.65213	5.2598	6.09921	7.26411	4.18515	8.20884	8.25041	10.8341	0	17.734	6.78929	6.2646	7.6673	4.20642	
7.83355	16.6494	7.16649	3.62645	9.05214	7.45216	8.41318	13.3461	1.97258	6.45196	3.88665	3.49983	4.4545	2.56562	17.734	0	12.2125	6.21242	21.6844	6.68569	
8.24756	14.2374	7.67311	4.38895	11.2551	4.38965	7.44423	3.09426	12.338	11.4115	6.07677	12.9405	15.2143	12.2811	6.78929	12.2125	0	1.80298	5.50176	3.86116	
7.9289	15.5552	2.92089	2.58597	5.68832	5.1845	5.64126	4.89724	6.18786	5.41148	4.2738	7.61813	8.33906	9.66422	6.2646	6.21242	1.80298	0	13.3766	2.05818	
19.0901	4.168	6.98633	17.1909	9.21012	3.70288	9.94116	2.40749	11.5821	12.747	9.66803	12.2538	13.7333	16.317	7.6673	21.6844	5.50176	13.3766	0	10.3525	
2.86818	8.67227	0.862714	4.64415	3.63014	3.12632	7.69944	4.42171	4.71311	7.75686	6.33198	6.42873	7.19502	5.30615	4.20642	6.68569	3.86116	2.05818	10.3525	0	

0	5.88308	4.66503	9.28746	2.47943	4.65339	5.27499	2.52692	7.32476	5.27318	8.74726	12.8221	17.3359	9.65351	4.71017	6.06252	2.57496	9.9799	2.37101	10.2916	
5.88308	0	15.7733	13.3692	4.95563	5.48418	6.10422	3.35615	8.80314	6.10241	13.7487	8.00006	27.9037	7.18693	9.22221	8.53872	6.46766	6.28546	6.45276	16.9704	
4.66503	15.7733	0	14.2562	6.62851	11.3839	10.1785	7.19195	6.1188	4.0064	13.5397	6.13492	14.6983	12.0213	14.3726	3.04542	7.23999	11.1198	7.03604	11.9459	
9.28746	13.3692	14.2562	0	10.3786	16.5388	3.95023	6.6983	14.3384	9.43213	7.18403	12.1856	8.83317	14.9404	11.6703	13.8702	11.0789	14.5492	6.91645	8.46941	
2.47943	4.95563	6.62851	10.3786	0	3.59046	6.42837	5.00636	6.26183	4.54407	9.04527	6.67259	14.6087	6.92628	3.64724	3.58309	1.51203	8.842	4.85044	9.41775	
4.65339	5.48418	11.3839	16.5388	3.59046	0	4.87609	2.12802	5.8503	4.87428	9.92572	5.04723	15.4037	4.2341	4.21364	7.21904	2.07843	3.33262	9.24422	9.87168	
5.27499	6.10422	10.1785	3.95023	6.42837	4.87609	0	2.74806	6.06105	5.49432	3.2338	8.23538	12.6748	4.14247	8.61412	9.92	6.56299	9.94998	7.88447	11.0196	
2.52692	3.35615	7.19195	6.6983	5.00636	2.12802	2.74806	0	7.81228	2.74625	5.98186	3.01673	3.34521	4.33586	5.86605	3.70724	3.81493	5.46065	4.89793	9.06696	
7.32476	8.80314	6.1188	14.3384	6.26183	5.8503	6.06105	7.81228	0	2.19157	1.51063	4.23229	5.66498	0.601958	6.88501	3.07338	4.7498	1.50344	11.4226	11.7922	
5.27318	6.10241	4.0064	9.43213	4.54407	4.87428	5.49432	2.74625	2.19157	0	2.49828	0.270479	0.598956	1.58961	8.61231	0.960984	6.10159	1.98509	14.7646	13.542	
8.74726	13.7487	13.5397	7.18403	9.04527	9.92572	3.2338	5.98186	1.51063	2.49828	0	6.73194	7.06042	0.908672	9.7874	5.90063	7.57705	1.81015	11.3408	12.861	
12.8221	8.00006	6.13492	12.1856	6.67259	5.04723	8.23538	3.01673	4.23229	0.270479	6.73194	0	0.869435	1.86009	14.6007	1.23146	8.2301	1.71461	20.5941	17.9635	
17.3359	27.9037	14.6983	8.83317	14.6087	15.4037	12.6748	3.34521	5.66498	0.598956	7.06042	0.869435	0	2.18856	13.0734	1.55994	13.0342	6.15402	15.7496	16.2743	
9.65351	7.18693	12.0213	14.9404	6.92628	4.2341	4.14247	4.33586	0.601958	1.58961	0.908672	1.86009	2.18856	0	8.87873	2.55059	5.35176	0.901477	16.8191	11.9524	
4.71017	9.22221	14.3726	11.6703	3.64724	4.21364	8.61412	5.86605	6.88501	8.61231	9.7874	14.6007	13.0734	8.87873	0	7.27581	2.13521	9.54016	14.0014	3.20091	
6.06252	8.53872	3.04542	13.8702	3.58309	7.21904	9.92	3.70724	3.07338	0.960984	5.90063	1.23146	1.55994	2.55059	7.27581	0	5.09512	4.80411	12.8172	13.0463	
2.57496	6.46766	7.23999	11.0789	1.51203	2.07843	6.56299	3.81493	4.7498	6.10159	7.57705	8.2301	13.0342	5.35176	2.13521	5.09512	0	5.41106	4.94596	5.33612	
9.9799	6.28546	11.1198	14.5492	8.842	3.33262	9.94998	5.46065	1.50344	1.98509	1.81015	1.71461	6.15402	0.901477	9.54016	4.80411	5.41106	0	12.7382	12.8538	
2.37101	6.45276	7.03604	6.91645	4.85044	9.24422	7.88447	4.89793	11.4226	14.7646	11.3408	20.5941	15.7496	16.8191	14.0014	12.8172	4.94596	12.7382	0	12.6626	
10.2916	16.9704	11.9459	8.46941	9.41775	9.87168	11.0196	9.06696	11.7922	13.542	12.861	17.9635	16.2743	11.9524	3.20091	13.0463	5.33612	12.8538	12.6626	0	

0	7.29452	1.19221	10.3068	3.01026	6.50799	9.0415	4.13719	3.47247	6.92225	2.38414	4.27879	7.43549	4.06288	3.56512	12.7783	6.13725	5.00192	4.88841	2.79032	
7.29452	0	8.66846	8.88864	4.28426	8.45223	16.5177	3.76858	11.8157	6.20502	9.86039	13.4748	10.3391	10.9516	14.8181	13.8582	14.9598	7.2977	2.45949	9.11145	
1.19221	8.66846	0	15.6017	4.20247	7.7002	10.2337	5.72482	5.94349	12.5049	3.57634	7.19072	10.5334	9.64549	8.86005	20.4145	4.94504	8.34549	6.62914	3.98253	
10.3068	8.88864	15.6017	0	12.0423	10.9976	13.802	8.86332	7.88595	13.2448	8.97428	10.899	10.5702	8.81204	8.29125	17.2679	15.6042	9.72805	11.3481	7.51645	
3.01026	4.28426	4.20247	12.0423	0	9.51825	9.77823	3.18723	7.76155	10.3011	5.3944	9.00878	5.20133	8.82999	9.91232	14.2449	10.6756	3.01343	1.87815	5.22503	
6.50799	8.45223	7.7002	10.9976	9.51825	0	12.0358	8.53082	6.76673	2.24721	6.78532	9.77977	6.38133	6.41075	9.16446	6.27034	7.30049	9.81628	9.8399	8.38966	
9.0415	16.5177	10.2337	13.802	9.77823	12.0358	0	4.93056	5.65207	7.10199	4.97549	3.08083	2.96787	7.0192	6.31261	5.76551	8.62692	5.15577	6.23964	6.27743	
4.13719	3.76858	5.72482	8.86332	3.18723	8.53082	4.93056	0	9.2839	9.73199	6.91675	8.01139	7.89843	12.9922	2.12167	9.39718	8.25266	3.55847	1.30908	1.34687	
3.47247	11.8157	5.94349	7.88595	7.76155	6.76673	5.65207	9.2839	0	5.61064	1.08833	2.98299	2.6842	0.926087	10.7118	11.9086	5.0423	4.8721	10.1882	7.54161	
6.92225	6.20502	12.5049	13.2448	10.3011	2.24721	7.10199	9.73199	5.61064	0	4.53811	6.43277	4.13412	4.7466	13.884	7.65318	8.49208	6.32202	8.4229	10.6369	
2.38414	9.86039	3.57634	8.97428	5.3944	6.78532	4.97549	6.91675	1.08833	4.53811	0	1.89466	3.77253	1.67874	9.59067	10.7902	3.95397	7.42127	7.82107	5.17446	
4.27879	13.4748	7.19072	10.899	9.00878	9.77977	3.08083	8.01139	2.98299	6.43277	1.89466	0	5.69724	3.5734	9.39344	8.84634	5.84863	8.4087	11.4354	8.78884	
7.43549	10.3391	10.5334	10.5702	5.20133	6.38133	2.96787	7.89843	2.6842	4.13412	3.77253	5.69724	0	3.61029	9.28047	8.73338	8.11365	2.1879	11.8874	4.3995	
4.06288	10.9516	9.64549	8.81204	8.82999	6.41075	7.0192	12.9922	0.926087	4.7466	1.67874	3.5734	3.61029	0	11.3022	12.3998	5.63271	6.37093	10.7081	11.2499	
3.56512	14.8181	8.86005	8.29125	9.91232	9.16446	6.31261	2.12167	10.7118	13.884	9.59067	9.39344	9.28047	11.3022	0	6.23085	5.6367	2.9864	6.37373	0.774797	
12.7783	13.8582	20.4145	17.2679	14.2449	6.27034	5.76551	9.39718	11.9086	7.65318	10.7902	8.84634	8.73338	12.3998	6.23085	0	11.8676	14.9349	10.7063	7.00565	
6.13725	14.9598	4.94504	15.6042	10.6756	7.30049	8.62692	8.25266	5.0423	8.49208	3.95397	5.84863	8.11365	5.63271	5.6367	11.8676	0	10.2994	9.56174	6.4115	
5.00192	7.2977	8.34549	9.72805	3.01343	9.81628	5.15577	3.55847	4.8721	6.32202	7.42127	8.4087	2.1879	6.37093	2.9864	14.9349	10.2994	0	4.89158	2.2116	
4.88841	2.45949	6.62914	11.3481	1.87815	9.8399	6.23964	1.30908	10.1882	8.4229	7.82107	11.4354	11.8874	10.7081	6.37373	10.7063	9.56174	4.89158	0	2.65595	
2.79032	9.11145	3.98253	7.51645	5.22503	8.38966	6.27743	1.34687	7.54161	10.6369	5.17446	8.78884	4.3995	11.2499	0.774797	7.00565	6.4115	2.2116	2.65595	0	

0	8.11284	4.46572	14.9773	3.07891	7.82944	9.13971	2.58292	4.17042	3.23396	6.94717	7.28386	3.67769	3.34177	5.65272	9.75344	4.23237	13.6242	1.32166	8.62858	
8.11284	0	7.32835	18.8972	9.4412	10.0397	8.87619	9.21115	17.5498	14.7819	14.282	20.871	12.9054	11.581	16.827	16.9612	8.84942	11.4553	6.79118	14.746	
4.46572	7.32835	0	20.5529	2.11284	6.86338	8.6044	1.8828	12.4497	20.1408	13.7055	9.60945	12.801	7.57996	9.32531	14.2866	1.52107	6.00089	5.44917	7.41765	
14.9773	18.8972	20.5529	0	18.4401	3.74308	7.02057	20.4543	11.2171	11.7433	7.28696	15.7932	12.187	6.72909	11.964	10.4743	7.31046	2.83063	15.242	22.2718	
3.07891	9.4412	2.11284	18.4401	0	4.75053	5.91405	2.01423	11.6423	6.31287	8.48962	7.49661	15.7364	12.8046	8.73163	11.1688	3.63391	5.66298	4.40057	6.61021	
7.82944	10.0397	6.86338	3.74308	4.75053	0	1.16352	6.76477	5.59533	7.06927	3.73908	12.2471	5.19277	3.86829	9.14773	4.87453	5.39228	0.912449	10.068	11.3607	
9.13971	8.87619	8.6044	7.02057	5.91405	1.16352	0	8.73279	4.74457	2.81257	4.9026	8.23188	3.97938	2.70477	7.33158	7.58182	7.08334	2.07597	8.90445	14.2906	
2.58292	9.21115	1.8828	20.4543	2.01423	6.76477	8.73279	0	11.0777	5.81689	14.982	9.51084	14.1578	7.70834	8.23565	14.415	1.64945	6.12928	3.90458	6.04566	
4.17042	17.5498	12.4497	11.2171	11.6423	5.59533	4.74457	11.0777	0	0.936454	1.85625	4.98635	1.38018	1.04426	5.35558	1.91768	8.0987	5.93827	15.628	5.03208	
3.23396	14.7819	20.1408	11.7433	6.31287	7.06927	2.81257	5.81689	0.936454	0	2.61583	4.04989	0.443728	0.107805	3.74606	2.85413	6.1667	4.00627	4.55562	5.96853	
6.94717	14.282	13.7055	7.28696	8.48962	3.73908	4.9026	14.982	1.85625	2.61583	0	7.7631	2.1721	2.69942	5.40865	1.13545	8.75831	4.45633	16.1125	6.88833	
7.28386	20.871	9.60945	15.7932	7.49661	12.2471	8.23188	9.51084	4.98635	4.04989	7.7631	0	4.49362	4.1577	7.81002	9.68901	11.586	9.42557	18.7415	12.8034	
3.67769	12.9054	12.801	12.187	15.7364	5.19277	3.97938	14.1578	1.38018	0.443728	2.1721	4.49362	0	0.551534	3.30233	3.30755	7.3335	5.17307	12.9337	7.08532	
3.34177	11.581	7.57996	6.72909	12.8046	3.86829	2.70477	7.70834	1.04426	0.107805	2.69942	4.1577	0.551534	0	4.57694	3.83486	6.05889	3.89846	11.0474	7.07188	
5.65272	16.827	9.32531	11.964	8.73163	9.14773	7.33158	8.23565	5.35558	3.74606	5.40865	7.81002	3.30233	4.57694	0	6.54409	7.80424	9.86498	6.97439	10.7232	
9.75344	16.9612	14.2866	10.4743	11.1688	4.87453	7.58182	14.415	1.91768	2.85413	1.13545	9.68901	3.30755	3.83486	6.54409	0	12.7656	5.59177	18.5122	6.94976	
4.23237	8.84942	1.52107	7.31046	3.63391	5.39228	7.08334	1.64945	8.0987	6.1667	8.75831	11.586	7.3335	6.05889	7.80424	12.7656	0	4.47983	5.78084	7.20728	
13.6242	11.4553	6.00089	2.83063	5.66298	0.912449	2.07597	6.12928	5.93827	4.00627	4.45633	9.42557	5.17307	3.89846	9.86498	5.59177	4.47983	0	12.4114	11.6871	
1.32166	6.79118	5.44917	15.242	4.40057	10.068	8.90445	3.90458	15.628	4.55562	16.1125	18.7415	12.9337	11.0474	6.97439	18.5122	5.78084	12.4114	0	10.1771	
8.62858	14.746	7.41765	22.2718	6.61021	11.3607	14.2906	6.04566	5.03208	5.96853	6.88833	12.8034	7.08532	7.07188	10.7232	6.94976	7.20728	11.6871	10.1771	0	

0	9.17934	5.95606	12.1229	10.6122	5.27024	2.34766	5.57474	1.77637	13.3552	6.39609	9.13464	9.77769	2.11481	9.17759	6.23318	3.16212	5.34207	2.92074	6.66486	
9.17934	0	2.83559	15.8324	2.06519	7.82992	7.73369	4.03884	3.91167	4.02448	10.2381	9.60001	3.84079	3.57323	6.15313	10.5131	6.23068	8.67993	5.8709	7.86869	
5.95606	2.83559	0	8.23408	4.90078	7.96811	7.87188	5.68932	4.04985	4.16267	6.62906	10.5918	3.97897	3.71142	3.31755	7.67752	3.39509	5.45665	3.03532	5.0331	
12.1229	15.8324	8.23408	0	12.3765	12.977	5.80101	9.73022	5.01337	4.12963	8.00864	4.85644	5.361	10.4167	5.44542	0.556559	5.77399	6.20085	8.62218	18.7877	
10.6122	2.06519	4.90078	12.3765	0	10.7196	6.12023	1.97365	6.52293	5.05929	3.69523	5.78831	4.35981	4.62736	12.1617	9.16425	7.44442	8.13624	4.62764	7.33069	
5.27024	7.82992	7.96811	12.977	10.7196	0	8.41715	12.0708	4.59512	4.70794	8.6656	9.14151	4.52425	4.25669	9.07011	13.3828	8.16534	6.77618	8.19098	10.3435	
2.34766	7.73369	7.87188	5.80101	6.12023	8.41715	0	5.12057	0.571281	4.61171	3.90543	1.03906	2.46756	0.909714	6.04147	5.02809	10.4619	2.01601	4.43734	11.4188	
5.57474	4.03884	5.68932	9.73022	1.97365	12.0708	5.12057	0	4.54928	3.08565	1.72159	5.37541	5.0802	3.5369	8.91085	6.65872	4.71664	3.611	2.654	5.35705	
1.77637	3.91167	4.04985	5.01337	6.52293	4.59512	0.571281	4.54928	0	0.789681	6.27087	1.61034	0.605988	0.338433	5.15185	4.45681	4.9385	2.58729	4.69711	8.44123	
13.3552	4.02448	4.16267	4.12963	5.05929	4.70794	4.61171	3.08565	0.789681	0	2.70646	5.00599	0.718802	0.451247	5.26467	3.57307	5.94042	4.59588	5.73964	8.44269	
6.39609	10.2381	6.62906	8.00864	3.69523	8.6656	3.90543	1.72159	6.27087	2.70646	0	3.65382	3.35861	3.15771	8.71706	6.27954	3.23396	1.88942	4.31075	7.07863	
9.13464	9.60001	10.5918	4.85644	5.78831	9.14151	1.03906	5.37541	1.61034	5.00599	3.65382	0	1.42851	1.69606	7.08053	5.413	6.88778	3.05506	13.5311	14.1479	
9.77769	3.84079	3.97897	5.361	4.35981	4.52425	2.46756	5.0802	0.605988	0.718802	3.35861	1.42851	0	0.267555	5.08098	4.80444	6.59258	5.24803	12.0513	12.7193	
2.11481	3.57323	3.71142	10.4167	4.62736	4.25669	0.909714	3.5369	0.338433	0.451247	3.15771	1.69606	0.267555	0	4.81342	4.02432	7.10651	4.98601	6.74674	8.74452	
9.17759	6.15313	3.31755	5.44542	12.1617	9.07011	6.04147	8.91085	5.15185	5.26467	8.71706	7.08053	5.08098	4.81342	0	4.88886	6.71264	8.05748	6.25685	7.1391	
6.23318	10.5131	7.67752	0.556559	9.16425	13.3828	5.02809	6.65872	4.45681	3.57307	6.27954	5.413	4.80444	4.02432	4.88886	0	5.21743	6.75741	7.28008	12.028	
3.16212	6.23068	3.39509	5.77399	7.44442	8.16534	10.4619	4.71664	4.9385	5.94042	3.23396	6.88778	6.59258	7.10651	6.71264	5.21743	0	4.48397	2.06264	8.4282	
5.34207	8.67993	5.45665	6.20085	8.13624	6.77618	2.01601	3.611	2.58729	4.59588	1.88942	3.05506	5.24803	4.98601	8.05748	6.75741	4.48397	0	2.42133	10.7194	
