20
5
3
5
50

6	7
19	44
37	23
35	6
5	8

20	35
8	31
29	43
18	39
19	47
31	24
38	50
33	21
2	27
1	12
26	20
20	33
15	46
20	26
17	19
15	12
5	30
13	40
38	5
9	40

70

1.79769e+308
1.79769e+308
1.79769e+308
1.79769e+308
1.79769e+308

17
18
13
19
12
18
13
13
17
20
16
18
15
11
18
16
15
15
15
16

0
0
0
0
0

0

0	5.76064	3.70443	6.87198	1.62896	9.38102	5.64431	2.77508	3.83993	4.72508	17.6847	4.42943	5.65268	6.52625	4.09717	4.06992	4.97752	4.40563	4.0704	3.92273	3.45335	5.54543	6.38171	1.35254	9.48434	
5.76064	0	6.76	9.16199	8.68719	3.16995	2.83859	2.51841	2.10954	0.568402	12.5739	7.485	10.0288	4.90462	4.64369	7.26937	2.9533	2.45237	3.66681	9.49415	10.5116	2.34637	5.08007	4.18694	3.10188	
3.70443	6.76	0	7.87134	6.74712	3.96933	5.79339	4.69201	6.22889	5.97043	4.45144	5.42879	4.67228	6.82667	10.3675	5.91907	5.30035	4.31817	3.27868	6.87147	8.09579	4.59912	3.25836	2.3519	5.97499	
6.87198	9.16199	7.87134	0	6.373	7.40827	10.3884	7.85955	7.05245	9.13798	11.5345	8.59634	9.65999	8.08577	8.22857	7.15584	11.1888	7.75712	6.71763	6.91656	9.45517	8.03807	10.023	5.51944	8.0448	
1.62896	8.68719	6.74712	6.373	0	4.15909	4.01535	4.40404	7.49714	10.9559	5.34935	6.18381	4.02372	4.89729	3.60578	2.44096	7.93958	4.50793	3.46844	2.29377	4.83238	4.50757	5.43764	2.9815	5.33086	
9.38102	3.16995	3.96933	7.40827	4.15909	0	6.82545	2.41909	3.34366	3.97791	9.32478	4.021	3.63301	5.72961	1.90704	3.33103	0.21665	1.73014	0.690647	6.59586	9.72783	2.01109	4.8904	3.40851	4.33601	
5.64431	2.83859	5.79339	10.3884	4.01535	6.82545	0	3.70325	3.48179	5.68288	6.31723	7.69091	8.03906	2.86847	9.06434	6.28561	3.6627	8.67072	1.81267	6.30912	7.9722	0.492224	3.71143	4.68511	4.47414	
2.77508	2.51841	4.69201	7.85955	4.40404	2.41909	3.70325	0	1.06485	1.95	7.88608	5.41701	5.02055	5.76927	3.89284	6.60679	2.20244	1.63055	2.67004	6.86753	6.22843	3.21102	3.60663	2.34011	2.0572	
3.83993	2.10954	6.22889	7.05245	7.49714	3.34366	3.48179	1.06485	0	2.20109	4.01854	7.36466	4.38445	6.16042	6.89838	3.88225	3.2673	2.6954	4.03431	6.58365	7.80796	3.97402	2.97053	3.40496	0.992345	
4.72508	0.568402	5.97043	9.13798	10.9559	3.97791	5.68288	1.95	2.20109	0	17.4074	6.69543	8.51045	8.36151	9.02037	7.83777	3.5217	1.88396	2.92345	8.81753	11.4644	2.91477	5.17162	3.61854	3.19344	
17.6847	12.5739	4.45144	11.5345	5.34935	9.32478	6.31723	7.88608	4.01854	17.4074	0	6.564	1.32563	3.44876	6.30247	4.08509	13.1824	9.75076	4.26799	5.02567	8.55249	6.00701	2.73955	6.80334	3.0262	
4.42943	7.485	5.42879	8.59634	6.18381	4.021	7.69091	5.41701	7.36466	6.69543	6.564	0	5.23837	8.1989	9.30484	7.34357	4.23765	10.7465	4.71164	8.2437	9.46801	7.26979	4.63058	3.0769	7.34722	
5.65268	10.0288	4.67228	9.65999	4.02372	3.63301	8.03906	5.02055	4.38445	8.51045	1.32563	5.23837	0	4.77439	4.97684	2.75946	6.66723	3.98185	2.94236	3.70004	6.23864	4.2628	1.41392	5.66022	4.13055	
6.52625	4.90462	6.82667	8.08577	4.89729	5.72961	2.86847	5.76927	6.16042	8.36151	3.44876	8.1989	4.77439	0	9.82023	7.33825	5.72873	6.07846	3.87869	7.18143	5.10373	2.55825	3.56831	6.75114	6.28494	
4.09717	4.64369	10.3675	8.22857	3.60578	1.90704	9.06434	3.89284	6.89838	9.02037	6.30247	9.30484	4.97684	9.82023	0	7.35134	1.69039	9.20311	5.97449	1.31201	3.85062	4.86087	4.92513	5.44971	8.13436	
4.06992	7.26937	5.91907	7.15584	2.44096	3.33103	6.28561	6.60679	3.88225	7.83777	4.08509	7.34357	2.75946	7.33825	7.35134	0	5.66095	3.67988	2.64039	4.73473	9.44158	3.96083	4.17338	4.26668	2.8899	
4.97752	2.9533	5.30035	11.1888	7.93958	0.21665	3.6627	2.20244	3.2673	3.5217	13.1824	4.23765	6.66723	5.72873	1.69039	5.66095	0	3.83299	0.907297	3.00241	6.40689	3.17048	5.10705	4.54256	6.20033	
4.40563	2.45237	4.31817	7.75712	4.50793	1.73014	8.67072	1.63055	2.6954	1.88396	9.75076	10.7465	3.98185	6.07846	9.20311	3.67988	3.83299	0	1.03949	8.49808	13.4762	2.35993	5.23718	3.75735	11.2885	
4.0704	3.66681	3.27868	6.71763	3.46844	0.690647	1.81267	2.67004	4.03431	2.92345	4.26799	4.71164	2.94236	3.87869	5.97449	2.64039	0.907297	1.03949	0	5.76221	10.1427	1.32044	4.35628	2.71786	5.53029	
3.92273	9.49415	6.87147	6.91656	2.29377	6.59586	6.30912	6.86753	6.58365	8.81753	5.02567	8.2437	3.70004	7.18143	1.31201	4.73473	3.00241	8.49808	5.76221	0	2.53861	6.83232	3.61312	9.20764	6.32975	
3.45335	10.5116	8.09579	9.45517	4.83238	9.72783	7.9722	6.22843	7.80796	11.4644	8.55249	9.46801	6.23864	5.10373	3.85062	9.44158	6.40689	13.4762	10.1427	2.53861	0	7.66198	4.83743	4.80589	7.55406	
5.54543	2.34637	4.59912	8.03807	4.50757	2.01109	0.492224	3.21102	3.97402	2.91477	6.00701	7.26979	4.2628	2.55825	4.86087	3.96083	3.17048	2.35993	1.32044	6.83232	7.66198	0	3.21921	4.0383	5.59745	
6.38171	5.08007	3.25836	10.023	5.43764	4.8904	3.71143	3.60663	2.97053	5.17162	2.73955	4.63058	1.41392	3.56831	4.92513	4.17338	5.10705	5.23718	4.35628	3.61312	4.83743	3.21921	0	5.61025	2.71663	
1.35254	4.18694	2.3519	5.51944	2.9815	3.40851	4.68511	2.34011	3.40496	3.61854	6.80334	3.0769	5.66022	6.75114	5.44971	4.26668	4.54256	3.75735	2.71786	9.20764	4.80589	4.0383	5.61025	0	7.15658	
9.48434	3.10188	5.97499	8.0448	5.33086	4.33601	4.47414	2.0572	0.992345	3.19344	3.0262	7.34722	4.13055	6.28494	8.13436	2.8899	6.20033	11.2885	5.53029	6.32975	7.55406	5.59745	2.71663	7.15658	0	

0	6.79491	5.52272	8.38026	1.8299	8.39197	2.91154	4.92871	5.8251	3.8622	4.72119	8.6919	7.89117	1.61273	4.94033	14.0015	6.97408	9.16622	6.93824	3.56436	3.05329	2.59068	9.24041	10.5484	7.08435	
6.79491	0	3.97657	9.06859	5.955	1.86968	4.70656	5.26679	1.37595	3.7559	5.40952	2.58748	7.85403	6.24332	5.58881	3.844	1.81838	0.709969	8.09807	5.95041	3.74162	4.91507	2.41143	5.96144	4.15629	
5.52272	3.97657	0	5.37226	4.97417	2.32968	4.9944	10.0829	6.26842	10.1133	1.28066	3.37425	1.39448	3.90999	5.54726	2.12232	2.15819	6.32251	6.8396	3.43463	2.76079	4.88795	3.36778	4.56168	4.26467	
8.38026	9.06859	5.37226	0	7.54035	10.7814	7.56058	6.43031	7.70768	15.4025	5.36718	4.18454	8.72636	13.7122	8.11344	3.87789	11.259	16.2812	3.28125	5.16355	5.32697	8.61827	10.6235	0.810579	3.39414	
1.8299	5.955	4.97417	7.54035	0	4.95987	3.22969	6.75861	7.79938	5.83648	3.88128	8.67679	6.69702	2.89244	4.99986	5.41128	7.46073	10.3961	12.9061	4.42217	2.21338	1.91448	11.7982	9.51474	12.0983	
8.39197	1.86968	2.32968	10.7814	4.95987	0	4.23403	3.46326	3.44267	4.31491	5.87395	4.45717	9.76137	4.02335	3.94192	1.97432	0.17149	2.57965	7.67237	6.50011	5.6113	3.04539	1.38108	5.04163	4.2096	
2.91154	4.70656	4.9944	7.56058	3.22969	4.23403	0	4.50872	2.91356	0.950661	3.90151	5.80773	7.07149	2.29316	5.02009	4.81201	4.06254	3.57955	5.93084	2.55696	2.23361	1.31521	3.83786	14.2459	5.41712	
4.92871	5.26679	10.0829	6.43031	6.75861	3.46326	4.50872	0	1.59516	6.47777	7.09279	4.48932	9.65423	6.54144	9.86904	5.43758	3.63475	2.26114	4.20912	7.583	7.982	6.50865	4.34643	5.61973	4.09872	
5.8251	1.37595	6.26842	7.70768	7.79938	3.44267	2.91356	1.59516	0	3.86422	5.48757	2.89417	9.87155	7.97518	5.93887	4.36903	3.61416	0.665986	4.42643	5.47052	5.14717	4.22876	2.36745	5.08712	2.50356	
3.8622	3.7559	10.1133	15.4025	5.83648	4.31491	0.950661	6.47777	3.86422	0	11.6628	6.34338	12.0023	5.16801	7.39515	6.28923	4.09679	4.46586	9.30905	3.50762	3.18427	2.26587	2.8872	11.0583	3.12485	
4.72119	5.40952	1.28066	5.36718	3.88128	5.87395	3.90151	7.09279	5.48757	11.6628	0	4.65491	2.67514	5.19065	4.45437	3.40297	3.43885	8.87938	5.52786	2.15397	1.6679	5.60869	3.22167	5.56758	2.98401	
8.6919	2.58748	3.37425	4.18454	8.67679	4.45717	5.80773	4.48932	2.89417	6.34338	4.65491	0	4.76873	7.28424	9.20738	5.49657	4.40586	3.29745	6.53718	9.21223	6.13504	7.85284	6.64653	3.37396	5.39772	
7.89117	7.85403	1.39448	8.72636	6.69702	9.76137	7.07149	9.65423	9.87155	12.0023	2.67514	4.76873	0	5.30447	7.62435	3.5168	3.55267	12.413	5.44512	6.00343	4.15527	9.45815	10.7116	5.95616	10.9492	
1.61273	6.24332	3.90999	13.7122	2.89244	4.02335	2.29316	6.54144	7.97518	5.16801	5.19065	7.28424	5.30447	0	6.55306	4.47476	6.06818	9.32915	11.096	4.43267	4.66602	0.977957	5.70927	8.05518	5.47162	
4.94033	5.58881	5.54726	8.11344	4.99986	3.94192	5.02009	9.86904	5.93887	7.39515	4.45437	9.20738	7.62435	6.55306	0	10.9482	3.77043	5.27288	14.486	4.99527	2.78648	7.03769	4.98002	13.1578	8.83802	
14.0015	3.844	2.12232	3.87789	5.41128	1.97432	4.81201	5.43758	4.36903	6.28923	3.40297	5.49657	3.5168	4.47476	10.9482	0	2.14581	5.03501	8.79546	6.0536	4.88311	3.4968	5.94627	3.06731	5.65087	
6.97408	1.81838	2.15819	11.259	7.46073	0.17149	4.06254	3.63475	3.61416	4.09679	3.43885	4.40586	3.55267	6.06818	3.77043	2.14581	0	2.52835	11.9741	6.6195	4.91898	3.21688	1.20959	6.71987	1.44724	
9.16622	0.709969	6.32251	16.2812	10.3961	2.57965	3.57955	2.26114	0.665986	4.46586	8.87938	3.29745	12.413	9.32915	5.27288	5.03501	2.52835	0	5.09242	6.98405	4.45159	5.97533	1.70146	8.47893	1.93911	
6.93824	8.09807	6.8396	3.28125	12.9061	7.67237	5.93084	4.20912	4.42643	9.30905	5.52786	6.53718	5.44512	11.096	14.486	8.79546	11.9741	5.09242	0	3.37388	5.58267	6.8286	6.98855	4.09183	6.75089	
3.56436	5.95041	3.43463	5.16355	4.42217	6.50011	2.55696	7.583	5.47052	3.50762	2.15397	9.21223	6.00343	4.43267	4.99527	6.0536	6.6195	6.98405	3.37388	0	2.20879	3.45472	10.6734	5.97413	5.13799	
3.05329	3.74162	2.76079	5.32697	2.21338	5.6113	2.23361	7.982	5.14717	3.18427	1.6679	6.13504	4.15527	4.66602	2.78648	4.88311	4.91898	4.45159	5.58267	2.20879	0	3.54882	11.3868	6.13755	4.65191	
2.59068	4.91507	4.88795	8.61827	1.91448	3.04539	1.31521	6.50865	4.22876	2.26587	5.60869	7.85284	9.45815	0.977957	7.03769	3.4968	3.21688	5.97533	6.8286	3.45472	3.54882	0	7.01734	6.56411	6.44957	
9.24041	2.41143	3.36778	10.6235	11.7982	1.38108	3.83786	4.34643	2.36745	2.8872	3.22167	6.64653	10.7116	5.70927	4.98002	5.94627	1.20959	1.70146	6.98855	10.6734	11.3868	7.01734	0	2.82122	0.237653	
10.5484	5.96144	4.56168	0.810579	9.51474	5.04163	14.2459	5.61973	5.08712	11.0583	5.56758	3.37396	5.95616	8.05518	13.1578	3.06731	6.71987	8.47893	4.09183	5.97413	6.13755	6.56411	2.82122	0	2.58356	
7.08435	4.15629	4.26467	3.39414	12.0983	4.2096	5.41712	4.09872	2.50356	3.12485	2.98401	5.39772	10.9492	5.47162	8.83802	5.65087	1.44724	1.93911	6.75089	5.13799	4.65191	6.44957	0.237653	2.58356	0	

0	4.18257	5.04882	2.79683	0.412011	12.1669	16.0439	10.0671	10.1345	9.46335	13.4067	7.03469	9.63268	13.7179	6.05856	7.30015	6.59889	10.3902	9.28639	1.69336	10.4547	13.0508	11.6999	7.92247	12.2984	
4.18257	0	6.10055	7.24853	3.77056	1.66422	9.28132	4.74265	2.15164	1.48051	4.95942	7.80714	6.95971	8.15228	4.7374	2.74521	1.37067	2.40736	2.21162	4.41898	6.08432	8.2245	2.84633	6.8873	5.91595	
5.04882	6.10055	0	2.25199	6.60805	3.26583	5.20077	5.00814	6.10391	7.58106	1.25904	12.637	0.859159	10.9305	4.11185	3.47324	7.24206	6.47352	4.69226	5.3267	10.1164	10.6946	7.97174	9.50471	6.57417	
2.79683	7.24853	2.25199	0	3.20884	7.66195	9.26496	11.8979	5.89626	11.92	3.51102	9.83152	3.11115	10.921	6.36384	4.50331	7.33051	9.20517	6.48956	7.57869	7.67702	11.0347	9.00337	10.7193	14.3478	
0.412011	3.77056	6.60805	3.20884	0	6.48043	3.42702	8.51321	5.40886	5.25106	13.825	7.4467	7.44423	12.0384	5.64655	6.51577	4.32966	6.17792	7.02783	1.28135	8.63028	12.6388	4.64052	8.33449	11.8864	
12.1669	1.66422	3.26583	7.66195	6.48043	0	3.44298	5.53482	1.4317	2.54995	2.82669	8.87659	2.40667	4.54798	4.13642	2.94361	0.293546	0.655672	1.1345	3.34186	2.35986	2.49098	3.68621	6.04798	5.31498	
16.0439	9.28132	5.20077	9.26496	3.42702	3.44298	0	7.69084	4.86504	7.80081	3.94173	8.43414	4.36176	4.5184	11.2275	6.15594	3.61635	7.96583	2.7754	2.14567	3.96287	0.952002	2.16291	8.16547	1.10072	
10.0671	4.74265	5.00814	11.8979	8.51321	5.53482	7.69084	0	6.88699	6.22316	3.74911	14.8509	4.16913	10.0828	9.47275	5.96331	5.82836	6.19049	5.40834	11.0145	6.5958	8.0258	7.92215	2.14465	9.06424	
10.1345	2.15164	6.10391	5.89626	5.40886	1.4317	4.86504	6.88699	0	3.63214	3.60715	7.51814	3.95733	6.09864	2.58576	1.39295	1.13815	2.20633	1.9791	4.12751	5.58592	4.04165	2.85289	7.59865	3.76431	
9.46335	1.48051	7.58106	11.92	5.25106	2.54995	7.80081	6.22316	3.63214	0	8.52552	6.03108	4.95662	7.09794	9.27954	4.22572	2.8435	3.20563	3.72235	4.72499	6.58522	5.04094	1.36582	8.59794	2.42802	
13.4067	4.95942	1.25904	3.51102	13.825	2.82669	3.94173	3.74911	3.60715	8.52552	0	13.2928	0.42002	8.46014	5.37088	2.2142	5.07994	5.21448	4.23899	6.08741	5.42645	4.89374	6.37733	5.89375	5.04246	
7.03469	7.80714	12.637	9.83152	7.4467	8.87659	8.43414	14.8509	7.51814	6.03108	13.2928	0	17.3386	10.7103	18.9013	14.0136	10.2982	10.7291	7.17907	8.02443	16.1128	7.48213	4.66526	14.6956	5.72745	
9.63268	6.95971	0.859159	3.11115	7.44423	2.40667	4.36176	4.16913	3.95733	4.95662	0.42002	17.3386	0	6.95465	4.97101	2.63422	2.70021	3.06234	3.57907	6.16288	5.02056	4.89765	6.34692	8.45465	5.73516	
13.7179	8.15228	10.9305	10.921	12.0384	4.54798	4.5184	10.0828	6.09864	7.09794	8.46014	10.7103	6.95465	0	14.1164	11.0131	4.84153	5.20365	5.72038	6.66408	8.30587	5.4704	6.06844	9.41273	5.00625	
6.05856	4.7374	4.11185	6.36384	5.64655	4.13642	11.2275	9.47275	2.58576	9.27954	5.37088	18.9013	4.97101	14.1164	0	3.9787	3.72391	8.01276	8.04593	6.71327	6.85847	8.65862	5.43865	12.9285	6.35007	
7.30015	2.74521	3.47324	4.50331	6.51577	2.94361	6.15594	5.96331	1.39295	4.22572	2.2142	14.0136	2.63422	11.0131	3.9787	0	2.5311	5.15257	6.45319	5.52045	10.9434	6.53143	4.24583	13.7449	5.15726	
6.59889	1.37067	7.24206	7.33051	4.32966	0.293546	3.61635	5.82836	1.13815	2.8435	5.07994	10.2982	2.70021	4.84153	3.72391	2.5311	0	0.949218	0.840951	3.04831	2.02841	2.78453	3.35476	6.34153	4.90247	
10.3902	2.40736	6.47352	9.20517	6.17792	0.655672	7.96583	6.19049	2.20633	3.20563	5.21448	10.7291	3.06234	5.20365	8.01276	5.15257	0.949218	0	1.82807	5.10544	3.67696	3.14666	5.76833	6.70365	8.49553	
9.28639	2.21162	4.69226	6.48956	7.02783	1.1345	2.7754	5.40834	1.9791	3.72235	4.23899	7.17907	3.57907	5.72038	8.04593	6.45319	0.840951	1.82807	0	3.88926	1.18746	3.66338	2.51381	7.22038	3.576	
1.69336	4.41898	5.3267	7.57869	1.28135	3.34186	2.14567	11.0145	4.12751	4.72499	6.08741	8.02443	6.16288	6.66408	6.71327	5.52045	3.04831	5.10544	3.88926	0	7.34893	3.09768	3.35917	9.7436	3.2464	
10.4547	6.08432	10.1164	7.67702	8.63028	2.35986	3.96287	6.5958	5.58592	6.58522	5.42645	16.1128	5.02056	8.30587	6.85847	10.9434	2.02841	3.67696	1.18746	7.34893	0	6.41113	3.70127	10.0832	10.4745	
13.0508	8.2245	10.6946	11.0347	12.6388	2.49098	0.952002	8.0258	4.04165	5.04094	4.89374	7.48213	4.89765	5.4704	8.65862	6.53143	2.78453	3.14666	3.66338	3.09768	6.41113	0	7.73748	7.21347	2.05272	
11.6999	2.84633	7.97174	9.00337	4.64052	3.68621	2.16291	7.92215	2.85289	1.36582	6.37733	4.66526	6.34692	6.06844	5.43865	4.24583	3.35476	5.76833	2.51381	3.35917	3.70127	7.73748	0	12.3303	1.06219	
7.92247	6.8873	9.50471	10.7193	8.33449	6.04798	8.16547	2.14465	7.59865	8.59794	5.89375	14.6956	8.45465	9.41273	12.9285	13.7449	6.34153	6.70365	7.22038	9.7436	10.0832	7.21347	12.3303	0	14.419	
12.2984	5.91595	6.57417	14.3478	11.8864	5.31498	1.10072	9.06424	3.76431	2.42802	5.04246	5.72745	5.73516	5.00625	6.35007	5.15726	4.90247	8.49553	3.576	3.2464	10.4745	2.05272	1.06219	14.419	0	

0	6.51225	9.23791	6.04051	1.23675	6.3224	3.95636	5.77512	10.7106	8.49876	8.78406	10.1097	13.4796	2.25432	3.17883	8.21704	9.03305	7.53634	5.50524	5.23649	5.38744	2.75616	9.12182	14.1874	3.68677	
6.51225	0	6.84166	5.45974	9.40789	2.5251	2.5559	4.37717	3.94322	1.96758	5.88268	5.53731	7.27557	5.62701	7.69405	2.79621	1.16111	2.62158	5.00032	3.83603	4.20217	6.09133	1.75105	6.78352	5.6411	
9.23791	6.84166	0	4.50989	9.31365	5.09672	9.46119	5.83317	6.21383	2.04715	3.77096	3.65813	3.45466	10.8286	8.66041	7.83452	7.92715	1.39315	3.3639	5.00948	4.81839	6.11298	7.8766	5.12242	5.16814	
6.04051	5.45974	4.50989	0	4.80376	5.76654	9.19672	7.51468	10.7698	10.8567	5.31109	8.67482	3.06629	5.82133	4.15053	5.349	4.29862	5.90304	4.37568	8.90807	8.23056	5.28095	9.26746	1.39852	7.25378	
1.23675	9.40789	9.31365	4.80376	0	10.7241	4.08869	8.59665	7.76972	9.76711	6.5868	6.5352	8.18167	1.01757	4.41558	4.61658	7.82552	6.225	5.74988	4.10431	6.62419	2.04822	6.34006	6.20228	2.45002	
6.3224	2.5251	5.09672	5.76654	10.7241	0	3.00196	3.89325	2.85794	4.35757	5.30081	5.84411	3.47299	4.59689	11.5383	3.10301	1.46791	3.70357	2.47522	4.12079	3.91107	3.56624	4.27615	7.09032	6.84341	
3.95636	2.5559	9.46119	9.19672	4.08869	3.00196	0	6.93473	5.85989	4.52347	9.19709	7.78481	11.1912	3.07111	7.13518	6.71179	3.71701	6.70553	2.9257	1.28013	1.64628	3.91577	4.30695	10.6991	7.67622	
5.77512	4.37717	5.83317	7.51468	8.59665	3.89325	6.93473	0	1.03531	5.09402	3.47818	6.70499	8.89789	4.04961	9.43407	4.85115	3.21606	4.44002	4.46502	8.6603	5.96856	3.01895	3.22747	8.83847	6.14664	
10.7106	3.94322	6.21383	10.7698	7.76972	2.85794	5.85989	1.03531	0	4.85716	2.44287	8.36763	4.37605	9.31451	8.04811	6.50643	4.25136	5.47532	3.42971	5.07528	4.88419	4.05426	2.19216	9.37132	5.3197	
8.49876	1.96758	2.04715	10.8567	9.76711	4.35757	4.52347	5.09402	4.85716	0	7.30003	2.91898	12.6725	8.74954	8.5305	8.19314	3.12869	0.654003	8.28687	11.5589	6.34893	5.43418	3.71863	12.1805	4.42899	
8.78406	5.88268	3.77096	5.31109	6.5868	5.30081	9.19709	3.47818	2.44287	7.30003	0	5.92476	1.93318	8.04785	5.60524	4.06356	5.69866	5.16411	2.93095	9.73425	9.96681	7.0172	4.13163	3.60095	4.13678	
10.1097	5.53731	3.65813	8.67482	6.5352	5.84411	7.78481	6.70499	8.36763	2.91898	5.92476	0	7.85794	8.81645	11.53	6.01129	4.37619	2.26498	7.59301	10.638	6.13853	7.04515	7.97522	9.9986	4.08518	
13.4796	7.27557	3.45466	3.06629	8.18167	3.47299	11.1912	8.89789	4.37605	12.6725	1.93318	7.85794	0	14.7567	7.52844	4.85188	6.11446	4.84781	0.997767	2.64334	2.45225	3.74684	6.06481	1.66776	6.06997	
2.25432	5.62701	10.8286	5.82133	1.01757	4.59689	3.07111	4.04961	9.31451	8.74954	8.04785	8.81645	14.7567	0	7.1981	7.69787	8.14781	5.81083	3.77973	3.99973	3.98026	1.03065	11.7703	17.2561	3.46759	
3.17883	7.69405	8.66041	4.15053	4.41558	11.5383	7.13518	9.43407	8.04811	8.5305	5.60524	11.53	7.52844	7.1981	0	5.03822	6.67332	9.1845	11.9965	10.3509	8.56626	5.93499	5.94299	5.54905	7.20478	
8.21704	2.79621	7.83452	5.349	4.61658	3.10301	6.71179	4.85115	6.50643	8.19314	4.06356	6.01129	4.85188	7.69787	5.03822	0	1.6351	5.94155	5.84965	5.67069	9.61682	6.05446	6.05661	6.51964	2.16657	
9.03305	1.16111	7.92715	4.29862	7.82552	1.46791	3.71701	3.21606	4.25136	3.12869	5.69866	4.37619	6.11446	8.14781	6.67332	1.6351	0	5.17148	3.94313	6.35683	5.37898	5.03415	2.91216	5.62241	3.80166	
7.53634	2.62158	1.39315	5.90304	6.225	3.70357	6.70553	4.44002	5.47532	0.654003	5.16411	2.26498	4.84781	5.81083	9.1845	5.94155	5.17148	0	4.75706	10.9048	7.61464	4.78017	6.48345	11.8248	3.77498	
5.50524	5.00032	3.3639	4.37568	5.74988	2.47522	2.9257	4.46502	3.42971	8.28687	2.93095	7.59301	0.997767	3.77973	11.9965	5.84965	3.94313	4.75706	0	1.64557	1.45448	2.74908	5.62187	2.66553	5.31165	
5.23649	3.83603	5.00948	8.90807	4.10431	4.12079	1.28013	8.6603	5.07528	11.5589	9.73425	10.638	2.64334	3.99973	10.3509	5.67069	6.35683	10.9048	1.64557	0	2.92641	4.39465	10.492	15.4651	6.55433	
5.38744	4.20217	4.81839	8.23056	6.62419	3.91107	1.64628	5.96856	4.88419	6.34893	9.96681	6.13853	2.45225	3.98026	8.56626	9.61682	5.37898	7.61464	1.45448	2.92641	0	2.94961	6.13241	11.6431	6.76614	
2.75616	6.09133	6.11298	5.28095	2.04822	3.56624	3.91577	3.01895	4.05426	5.43418	7.0172	7.04515	3.74684	1.03065	5.93499	6.05446	5.03415	4.78017	2.74908	4.39465	2.94961	0	6.51002	6.67947	3.88789	
9.12182	1.75105	7.8766	9.26746	6.34006	4.27615	4.30695	3.22747	2.19216	3.71863	4.13163	7.97522	6.06481	11.7703	5.94299	6.05661	2.91216	6.48345	5.62187	10.492	6.13241	6.51002	0	10.5912	3.89004	
14.1874	6.78352	5.12242	1.39852	6.20228	7.09032	10.6991	8.83847	9.37132	12.1805	3.60095	9.9986	1.66776	17.2561	5.54905	6.51964	5.62241	11.8248	2.66553	15.4651	11.6431	6.67947	10.5912	0	10.9979	
3.68677	5.6411	5.16814	7.25378	2.45002	6.84341	7.67622	6.14664	5.3197	4.42899	4.13678	4.08518	6.06997	3.46759	7.20478	2.16657	3.80166	3.77498	5.31165	6.55433	6.76614	3.88789	3.89004	10.9979	0	

0	7.68384	2.36389	2.8198	0.140214	7.78441	5.56705	2.60035	7.009	3.92746	7.5524	8.09449	3.32525	7.75356	2.83014	3.86159	7.19265	6.55902	7.09755	5.97181	1.88011	3.223	4.87349	9.56029	6.9819	
7.68384	0	5.05621	9.97728	7.82406	5.36042	8.07038	5.6332	4.70111	0.568344	1.45099	6.59257	6.02874	5.66896	8.38008	4.31348	4.67269	4.141	3.73184	6.0623	2.57722	8.74628	2.46614	6.43373	4.19197	
2.36389	5.05621	0	8.15921	2.50411	5.30549	5.39513	2.83722	8.09311	4.40739	5.1885	4.11103	0.961356	6.90073	8.54553	7.49209	6.38483	8.83535	8.80525	2.87133	3.51898	3.78307	2.5096	4.99309	2.54432	
2.8198	9.97728	8.15921	0	2.6411	9.26087	7.76455	1.58297	13.2514	2.91008	6.40542	7.07711	5.45442	9.233	1.81276	4.96073	7.97509	6.30399	6.84252	11.3588	0.901207	2.20562	7.43066	1.42268	9.07603	
0.140214	7.82406	2.50411	2.6411	0	7.49241	5.42683	2.42166	7.14922	3.74877	6.58387	7.9158	7.9897	7.49545	2.65145	3.72138	6.73574	5.06464	5.60317	6.07973	1.7399	3.04431	6.65887	8.0659	6.84168	
7.78441	5.36042	5.30549	9.26087	7.49241	0	2.83698	3.98759	0.775406	4.54431	4.02552	6.77629	4.34414	4.24151	9.26064	3.45432	0.439968	3.11467	1.76689	3.77536	5.25499	3.95057	6.68987	7.27634	5.63006	
5.56705	8.07038	5.39513	7.76455	5.42683	2.83698	0	3.19404	4.837	6.50136	8.3648	4.46785	3.89122	2.06861	5.25993	5.41137	2.39701	5.07172	3.72393	5.04861	2.37392	1.06951	6.28063	4.9206	7.58711	
2.60035	5.6332	2.83722	1.58297	2.42166	3.98759	3.19404	0	7.1631	2.69063	8.02572	1.27382	3.79857	5.26265	1.59331	6.56197	3.54762	6.22232	4.87454	8.91462	0.681759	1.98617	3.08659	10.384	4.73195	
7.009	4.70111	8.09311	13.2514	7.14922	0.775406	4.837	7.1631	0	5.56748	3.25012	7.10189	4.90993	4.56711	8.61109	4.51177	1.21537	6.29019	2.62998	2.99996	5.0719	3.76749	7.66638	7.61858	8.80558	
3.92746	0.568344	4.40739	2.91008	3.74877	4.54431	6.50136	2.69063	5.56748	0	2.01934	7.16091	8.52303	10.3407	2.92043	7.03317	4.10434	4.70935	4.30018	7.98366	2.00887	3.31329	1.89779	7.02712	3.54316	
7.5524	1.45099	5.1885	6.40542	6.58387	4.02552	8.3648	8.02572	3.25012	2.01934	0	8.04356	4.57775	9.8704	10.2224	2.86249	5.85927	4.20575	4.74428	4.61131	8.5997	7.01761	3.99761	4.98274	6.16071	
8.09449	6.59257	4.11103	7.07711	7.9158	6.77629	4.46785	1.27382	7.10189	7.16091	8.04356	0	9.10801	6.40904	7.08746	6.3537	4.82143	5.52437	4.47191	7.63496	1.95557	6.2863	4.36041	10.1374	7.62822	
3.32525	6.02874	0.961356	5.45442	7.9897	4.34414	3.89122	3.79857	4.90993	8.52303	4.57775	9.10801	0	5.39683	7.52111	7.44024	4.78411	3.68681	5.07302	1.90997	4.12612	2.82171	3.22832	4.03174	1.58296	
7.75356	5.66896	6.90073	9.233	7.49545	4.24151	2.06861	5.26265	4.56711	10.3407	9.8704	6.40904	5.39683	0	7.32855	3.81892	3.26405	7.72189	1.93713	5.10017	3.87953	2.57512	8.95996	6.42621	8.88405	
2.83014	8.38008	8.54553	1.81276	2.65145	9.26064	5.25993	1.59331	8.61109	2.92043	10.2224	7.08746	7.52111	7.32855	0	7.74329	7.65695	8.33426	8.77418	5.61113	0.911553	2.21597	9.70953	11.8225	9.4163	
3.86159	4.31348	7.49209	4.96073	3.72138	3.45432	5.41137	6.56197	4.51177	7.03317	2.86249	6.3537	7.44024	3.81892	7.74329	0	3.01436	1.34326	1.88179	5.04483	5.46128	6.49003	5.13538	4.34452	3.44711	
7.19265	4.67269	6.38483	7.97509	6.73574	0.439968	2.39701	3.54762	1.21537	4.10434	5.85927	4.82143	4.78411	3.26405	7.65695	3.01436	0	2.6747	1.32692	4.48996	4.22938	3.46653	6.00214	6.83637	4.77855	
6.55902	4.141	8.83535	6.30399	5.06464	3.11467	5.07172	6.22232	6.29019	4.70935	4.20575	5.52437	3.68681	7.72189	8.33426	1.34326	2.6747	0	3.22505	9.12587	6.45118	5.14677	3.74921	5.68778	2.10385	
7.09755	3.73184	8.80525	6.84252	5.60317	1.76689	3.72393	4.87454	2.62998	4.30018	4.74428	4.47191	5.07302	1.93713	8.77418	1.88179	1.32692	3.22505	0	3.16304	8.71353	4.51224	6.27845	6.22631	6.51701	
5.97181	6.0623	2.87133	11.3588	6.07973	3.77536	5.04861	8.91462	2.99996	7.98366	4.61131	7.63496	1.90997	5.10017	5.61113	5.04483	4.48996	9.12587	3.16304	0	5.28352	3.9791	9.96193	5.94171	3.49293	
1.88011	2.57722	3.51898	0.901207	1.7399	5.25499	2.37392	0.681759	5.0719	2.00887	8.5997	1.95557	4.12612	3.87953	0.911553	5.46128	4.22938	6.45118	8.71353	5.28352	0	1.30441	3.76835	2.32389	8.58158	
3.223	8.74628	3.78307	2.20562	3.04431	3.95057	1.06951	1.98617	3.76749	3.31329	7.01761	6.2863	2.82171	2.57512	2.21597	6.49003	3.46653	5.14677	4.51224	3.9791	1.30441	0	6.38485	3.85109	4.40467	
4.87349	2.46614	2.5096	7.43066	6.65887	6.68987	6.28063	3.08659	7.66638	1.89779	3.99761	4.36041	3.22832	8.95996	9.70953	5.13538	6.00214	3.74921	6.27845	9.96193	3.76835	6.38485	0	8.85335	1.64536	
9.56029	6.43373	4.99309	1.42268	8.0659	7.27634	4.9206	10.384	7.61858	7.02712	4.98274	10.1374	4.03174	6.42621	11.8225	4.34452	6.83637	5.68778	6.22631	5.94171	2.32389	3.85109	8.85335	0	5.61469	
6.9819	4.19197	2.54432	9.07603	6.84168	5.63006	7.58711	4.73195	8.80558	3.54316	6.16071	7.62822	1.58296	8.88405	9.4163	3.44711	4.77855	2.10385	6.51701	3.49293	8.58158	4.40467	1.64536	5.61469	0	

0	7.81397	6.52038	5.76332	0.272715	7.73985	8.48012	13.0617	9.0142	2.15622	5.82606	2.07276	7.26282	5.22336	3.21298	3.31322	6.45183	5.84781	5.80725	2.50791	1.61209	8.7219	10.2686	11.3228	12.4899	
7.81397	0	4.07505	7.74455	2.6128	3.58427	4.53262	5.424	2.32901	0.729295	3.70845	4.01237	10.5343	4.8141	5.97009	7.1029	3.71244	2.19076	8.06864	6.38471	10.6082	4.51968	1.28321	5.24237	11.318	
6.52038	4.07505	0	7.66668	5.87901	4.18614	4.43467	7.09964	3.37996	2.4917	2.00053	4.07896	2.11936	7.14225	4.58528	2.83414	3.80912	1.03024	4.44492	3.63945	4.90829	8.06647	6.23836	9.01108	4.62638	
5.76332	7.74455	7.66668	0	5.49061	6.45983	9.87564	11.0501	7.04558	7.37411	5.66614	3.96554	5.96493	9.74118	11.5094	7.66075	7.47774	9.61573	7.60284	9.7514	11.798	8.31186	9.02775	3.42821	10.4809	
0.272715	2.6128	5.87901	5.49061	0	9.30103	6.25919	8.88463	9.80175	1.88351	4.62976	1.80005	8.74198	4.95065	7.95594	4.10418	6.9635	3.34498	7.08898	2.78062	1.88481	9.18507	5.11368	6.73217	8.22815	
7.73985	3.58427	4.18614	6.45983	9.30103	0	1.64346	9.22531	5.2493	4.31357	5.90299	6.18136	4.29052	6.6227	6.47168	3.90839	1.01791	3.15591	1.65371	4.7137	8.67953	4.34067	3.44714	7.33357	1.83517	
8.48012	4.53262	4.43467	9.87564	6.25919	1.64346	0	4.26683	2.2036	10.1218	3.58304	5.789	3.89815	1.30854	5.71284	4.61991	0.625548	6.76636	1.26134	4.56947	6.46796	1.67083	3.05478	10.7557	1.4428	
13.0617	5.424	7.09964	11.0501	8.88463	9.22531	4.26683	0	6.47043	7.37097	5.5132	7.08458	5.81198	5.57537	8.82768	7.5078	4.89237	6.0694	6.53962	9.4093	13.4658	5.93766	4.1408	12.0167	5.98901	
9.0142	2.32901	3.37996	7.04558	9.80175	5.2493	2.2036	6.47043	0	3.05831	1.37943	4.20914	1.67821	3.51215	7.21137	3.37404	2.82915	4.56275	4.4764	6.50629	10.1695	3.87444	3.61222	7.57138	3.92579	
2.15622	0.729295	2.4917	7.37411	1.88351	4.31357	10.1218	7.37097	3.05831	0	9.29767	3.68356	9.26597	6.76107	7.91706	7.27615	5.65941	1.46147	9.36792	4.80137	12.5552	6.46665	2.0125	5.97166	14.252	
5.82606	3.70845	2.00053	5.66614	4.62976	5.90299	3.58304	5.5132	1.37943	9.29767	0	2.82971	0.298782	5.32167	4.5579	1.9946	3.57139	3.03077	6.04819	2.79991	6.90882	6.9304	6.46466	7.76183	4.81476	
2.07276	4.01237	4.07896	3.96554	1.80005	6.18136	5.789	7.08458	4.20914	3.68356	2.82971	0	3.12849	6.75069	8.66424	4.82432	5.16345	5.1092	5.79924	8.41154	8.98725	10.9851	5.29558	4.93212	5.9807	
7.26282	10.5343	2.11936	5.96493	8.74198	4.29052	3.89815	5.81198	1.67821	9.26597	0.298782	3.12849	0	5.02289	5.99465	2.29339	3.27261	3.1496	3.9084	4.23667	7.02765	6.63162	5.70184	14.9824	4.08986	
5.22336	4.8141	7.14225	9.74118	4.95065	6.6227	1.30854	5.57537	3.51215	6.76107	5.32167	6.75069	5.02289	0	7.02139	6.19193	1.93409	9.22477	2.13834	7.28075	6.3335	2.97937	3.5309	12.0643	3.03073	
3.21298	5.97009	4.58528	11.5094	7.95594	6.47168	5.71284	8.82768	7.21137	7.91706	4.5579	8.66424	5.99465	7.02139	0	1.51039	4.649	4.04498	6.14107	0.705078	6.21941	6.91907	4.68688	16.4686	7.43503	
3.31322	7.1029	2.83414	7.66075	4.10418	3.90839	4.61991	7.5078	3.37404	7.27615	1.9946	4.82432	2.29339	6.19193	1.51039	0	3.99436	3.86438	4.05359	0.805308	5.44355	7.0193	6.4236	11.242	4.81162	
6.45183	3.71244	3.80912	7.47774	6.9635	1.01791	0.625548	4.89237	2.82915	5.65941	3.57139	5.16345	3.27261	1.93409	4.649	3.99436	0	4.17382	0.635794	3.94392	4.83095	2.29638	2.42923	8.35148	0.817256	
5.84781	2.19076	1.03024	9.61573	3.34498	3.15591	6.76636	6.0694	4.56275	1.46147	3.03077	5.1092	3.1496	9.22477	4.04498	3.86438	4.17382	0	7.64028	3.3399	5.93853	7.03623	4.32802	8.28718	10.7275	
5.80725	8.06864	4.44492	7.60284	7.08898	1.65371	1.26134	6.53962	4.4764	9.36792	6.04819	5.79924	3.9084	2.13834	6.14107	4.05359	0.635794	7.64028	0	4.57972	4.19516	3.94363	3.06503	11.0311	1.45305	
2.50791	6.38471	3.63945	9.7514	2.78062	4.7137	4.56947	9.4093	6.50629	4.80137	2.79991	8.41154	4.23667	7.28075	0.705078	0.805308	3.94392	3.3399	4.57972	0	4.12	6.21399	5.39196	15.0332	4.76118	
1.61209	10.6082	4.90829	11.798	1.88481	8.67953	6.46796	13.4658	10.1695	12.5552	6.90882	8.98725	7.02765	6.3335	6.21941	5.44355	4.83095	5.93853	4.19516	4.12	0	11.7283	9.32501	9.71072	7.58115	
8.7219	4.51968	8.06647	8.31186	9.18507	4.34067	1.67083	5.93766	3.87444	6.46665	6.9304	10.9851	6.63162	2.97937	6.91907	7.0193	2.29638	7.03623	3.94363	6.21399	11.7283	0	3.23647	11.6742	3.39301	
10.2686	1.28321	6.23836	9.02775	5.11368	3.44714	3.05478	4.1408	3.61222	2.0125	6.46466	5.29558	5.70184	3.5309	4.68688	6.4236	2.42923	4.32802	3.06503	5.39196	9.32501	3.23647	0	6.52558	3.24649	
11.3228	5.24237	9.01108	3.42821	6.73217	7.33357	10.7557	12.0167	7.57138	5.97166	7.76183	4.93212	14.9824	12.0643	16.4686	11.242	8.35148	8.28718	11.0311	15.0332	9.71072	11.6742	6.52558	0	12.2378	
12.4899	11.318	4.62638	10.4809	8.22815	1.83517	1.4428	5.98901	3.92579	14.252	4.81476	5.9807	4.08986	3.03073	7.43503	4.81162	0.817256	10.7275	1.45305	4.76118	7.58115	3.39301	3.24649	12.2378	0	

0	6.01062	8.2129	4.79787	2.12345	7.3644	7.76901	8.03138	3.05305	5.41588	8.07467	5.59276	5.65337	7.47949	2.69116	7.29909	3.81036	4.62994	5.7187	8.57653	3.03918	4.76012	3.70688	11.4876	6.04982	
6.01062	0	6.03259	6.47356	4.49508	2.12199	2.54822	0.989776	2.95756	3.41931	6.74993	4.13654	8.1599	5.12277	8.42731	3.67559	3.71487	1.98859	6.07197	6.56281	4.13572	5.55711	3.61139	8.07515	4.46175	
8.2129	6.03259	0	5.13832	6.55048	2.27286	5.87308	3.73157	1.94192	5.24547	13.2158	4.35794	10.8531	6.36904	12.0428	5.73099	1.18461	3.99832	1.62655	6.90757	5.24449	3.45277	5.80048	6.28535	4.74248	
4.79787	6.47356	5.13832	0	2.67442	2.53897	5.8127	3.67119	11.4512	7.44837	6.14945	2.4407	10.1824	4.78333	4.12716	6.85806	3.62721	4.29127	6.26967	9.30427	3.59015	7.69959	7.76962	0.51329	16.7251	
2.12345	4.49508	6.55048	2.67442	0	3.56087	3.82066	4.25172	4.84516	6.24791	5.68824	3.46931	4.41495	3.85748	1.45274	4.01594	4.03719	2.50648	3.59525	6.1314	0.915723	5.56936	6.03646	3.18771	5.80959	
7.3644	2.12199	2.27286	2.53897	3.56087	0	3.27373	1.13222	1.84556	4.9094	7.41766	4.27898	8.25378	5.5869	6.93673	3.4393	1.08825	1.7523	1.53019	6.32652	2.64514	5.26065	5.63425	3.05226	5.05541	
7.76901	2.54822	5.87308	5.8127	3.82066	3.27373	0	3.538	3.01435	5.85453	7.67746	8.86627	6.3945	2.57454	7.19653	6.00516	4.05354	4.53682	3.61159	6.14775	2.90494	3.00888	2.36052	8.1026	1.91353	
8.03138	0.989776	3.73157	3.67119	4.25172	1.13222	3.538	0	3.94734	4.40908	8.10852	3.14676	9.19932	6.27776	7.62759	6.43622	2.22046	2.88452	9.3311	7.61969	3.336	7.68893	5.56896	5.07417	7.63303	
3.05305	2.95756	1.94192	11.4512	4.84516	1.84556	3.01435	3.94734	0	4.81817	6.76063	8.12509	4.68781	5.87296	5.74421	4.02567	0.75731	2.33867	1.19925	6.91289	5.77457	4.92971	0.653827	7.91015	5.598	
5.41588	3.41931	5.24547	7.44837	6.24791	4.9094	5.85453	4.40908	4.81817	0	3.33063	7.71757	3.73562	9.62091	8.10704	7.93838	3.09461	5.4079	2.65266	5.18882	7.55455	5.2307	4.40178	8.96679	3.941	
8.07467	6.74993	13.2158	6.14945	5.68824	7.41766	7.67746	8.10852	6.76063	3.33063	0	7.56357	0.404995	7.71427	3.36721	5.33811	7.39149	7.28593	5.24787	1.93498	4.77252	6.52812	4.43898	5.63616	7.27163	
5.59276	4.13654	4.35794	2.4407	3.46931	4.27898	8.86627	3.14676	8.12509	7.71757	7.56357	0	14.6777	8.82534	4.92204	9.11345	5.54256	5.97579	7.06455	12.7538	4.38503	7.81072	9.18374	1.92741	11.4827	
5.65337	8.1599	10.8531	10.1824	4.41495	8.25378	6.3945	9.19932	4.68781	3.73562	0.404995	14.6777	0	7.27071	2.96221	4.93312	7.11295	6.10421	4.06614	1.52999	5.17751	5.34639	4.03398	6.04116	8.97815	
7.47949	5.12277	6.36904	4.78333	3.85748	5.5869	2.57454	6.27776	5.87296	9.62091	7.71427	8.82534	7.27071	0	6.80877	6.04197	7.08866	7.86252	6.18613	5.74072	2.94175	2.91626	4.93506	5.29662	4.20596	
2.69116	8.42731	12.0428	4.12716	1.45274	6.93673	7.19653	7.62759	5.74421	8.10704	3.36721	4.92204	2.96221	6.80877	0	7.09688	6.90319	3.95922	5.04798	4.4922	2.36846	7.0221	6.9962	9.48925	7.93729	
7.29909	3.67559	5.73099	6.85806	4.01594	3.4393	6.00516	6.43622	4.02567	7.93838	5.33811	9.11345	4.93312	6.04197	7.09688	0	4.5007	1.68699	5.28572	6.26121	3.10022	8.21752	8.22096	7.77355	4.9901	
3.81036	3.71487	1.18461	3.62721	4.03719	1.08825	4.05354	2.22046	0.75731	3.09461	7.39149	5.54256	7.11295	7.08866	6.90319	4.5007	0	2.81371	0.441943	2.9781	3.73339	4.1724	1.41114	6.7991	5.4621	
4.62994	1.98859	3.99832	4.29127	2.50648	1.7523	4.53682	2.88452	2.33867	5.4079	7.28593	5.97579	6.10421	7.86252	3.95922	1.68699	2.81371	0	3.25565	4.57422	3.42221	4.59281	2.9925	6.08656	3.30311	
5.7187	6.07197	1.62655	6.26967	3.59525	1.53019	3.61159	9.3311	1.19925	2.65266	5.24787	7.06455	4.06614	6.18613	5.04798	5.28572	0.441943	3.25565	0	2.53615	4.51097	4.61434	5.05781	12.4367	5.52512	
8.57653	6.56281	6.90757	9.30427	6.1314	6.32652	6.14775	7.61969	6.91289	5.18882	1.93498	12.7538	1.52999	5.74072	4.4922	6.26121	2.9781	4.57422	2.53615	0	5.54643	3.81641	5.56397	8.34788	5.10611	
3.03918	4.13572	5.24449	3.59015	0.915723	2.64514	2.90494	3.336	5.77457	7.55455	4.77252	4.38503	5.17751	2.94175	2.36846	3.10022	3.73339	3.42221	4.51097	5.54643	0	5.85802	5.12074	4.27113	4.81847	
4.76012	5.55711	3.45277	7.69959	5.56936	5.26065	3.00888	7.68893	4.92971	5.2307	6.52812	7.81072	5.34639	2.91626	7.0221	8.21752	4.1724	4.59281	4.61434	3.81641	5.85802	0	5.3694	12.2676	1.2897	
3.70688	3.61139	5.80048	7.76962	6.03646	5.63425	2.36052	5.56896	0.653827	4.40178	4.43898	9.18374	4.03398	4.93506	6.9962	8.22096	1.41114	2.9925	5.05781	5.56397	5.12074	5.3694	0	7.25632	4.27405	
11.4876	8.07515	6.28535	0.51329	3.18771	3.05226	8.1026	5.07417	7.91015	8.96679	5.63616	1.92741	6.04116	5.29662	9.48925	7.77355	6.7991	6.08656	12.4367	8.34788	4.27113	12.2676	7.25632	0	9.38967	
6.04982	4.46175	4.74248	16.7251	5.80959	5.05541	1.91353	7.63303	5.598	3.941	7.27163	11.4827	8.97815	4.20596	7.93729	4.9901	5.4621	3.30311	5.52512	5.10611	4.81847	1.2897	4.27405	9.38967	0	

0	10.7695	6.32055	13.0253	0.88448	8.62765	4.91402	11.0745	5.18582	15.7797	5.04874	6.38599	6.60563	3.3421	2.22815	5.3524	8.2473	13.8346	2.65824	5.42449	2.16142	7.28597	11.2476	11.33	4.02671	
10.7695	0	3.6737	7.24973	5.47897	3.53259	8.15125	8.13563	1.0718	1.48939	5.70313	8.70216	3.38862	6.52865	5.22575	7.95499	2.28131	0.858182	3.59938	11.4174	5.29761	3.18723	0.48606	6.61622	2.33674	
6.32055	3.6737	0	6.83363	7.20503	2.92831	6.64194	9.31845	5.14019	9.33975	2.59959	5.59861	0.285079	5.36561	8.5487	6.52057	3.88484	10.5097	4.68176	5.461	7.66778	6.06599	8.76716	6.67631	7.16164	
13.0253	7.24973	6.83363	0	4.78099	7.56041	6.63044	8.5487	4.30572	6.39057	6.73605	6.04536	7.94266	3.98568	5.48028	0.313061	2.70361	2.70675	4.0365	1.57612	1.20591	4.9198	3.07887	0.214434	4.21112	
0.88448	5.47897	7.20503	4.78099	0	7.37556	5.7985	6.65531	4.79853	5.08516	6.22185	7.27047	9.6444	8.04232	3.11263	4.46792	6.85847	4.6466	3.54272	5.73098	1.27694	6.40149	5.49244	2.26842	3.14223	
8.62765	3.53259	2.92831	7.56041	7.37556	0	3.71363	4.03482	2.16604	5.927	2.46278	6.9474	3.21338	3.01823	6.54424	3.34708	0.956534	4.05976	4.85328	8.38931	7.40769	4.7288	4.92367	8.00522	4.1171	
4.91402	8.15125	6.64194	6.63044	5.7985	3.71363	0	6.41157	4.54279	10.1251	6.17641	7.4487	9.74911	5.27797	2.8306	5.72382	3.33328	8.9206	7.21055	6.02695	7.40747	3.63714	6.33831	6.416	5.71961	
11.0745	8.13563	9.31845	8.5487	6.65531	4.03482	6.41157	0	4.2878	8.87151	9.99755	4.68849	10.002	4.89329	8.68789	5.46884	3.07829	5.84195	6.74246	5.88832	5.37836	3.25246	5.95363	6.36983	5.79888	
5.18582	1.0718	5.14019	4.30572	4.79853	2.16604	4.54279	4.2878	0	2.56119	4.91808	7.20038	4.46042	3.21143	4.54531	3.60005	1.20951	1.59897	2.52758	7.97436	5.82302	4.98177	1.55786	5.54442	1.65631	
15.7797	1.48939	9.33975	6.39057	5.08516	5.927	10.1251	8.87151	2.56119	0	7.92025	12.2256	4.87801	9.23471	13.5516	6.4656	7.17302	3.68382	7.10366	7.72866	3.80822	10.9453	1.97545	4.79969	3.82613	
5.04874	5.70313	2.59959	6.73605	6.22185	2.46278	6.17641	9.99755	4.91808	7.92025	0	7.62804	2.31451	3.07435	7.48045	6.11393	3.41932	6.09582	2.3905	7.83728	4.94491	9.48816	6.94166	5.93638	4.59144	
6.38599	8.70216	5.59861	6.04536	7.27047	6.9474	7.4487	4.68849	7.20038	12.2256	7.62804	0	5.31353	6.24032	4.6181	8.38141	5.99087	9.86544	6.92417	7.81444	6.8224	7.88115	12.2829	5.83093	7.5071	
6.60563	3.38862	0.285079	7.94266	9.6444	3.21338	9.74911	10.002	4.46042	4.87801	2.31451	5.31353	0	11.5539	9.93163	6.80565	6.06462	6.45408	4.70501	5.74608	7.25942	6.35107	3.87468	6.96139	5.72537	
3.3421	6.52865	5.36561	3.98568	8.04232	3.01823	5.27797	4.89329	3.21143	9.23471	3.07435	6.24032	11.5539	0	5.8653	3.93201	2.0617	6.41471	0.683853	2.66895	3.9793	1.64083	4.342	4.20012	8.3928	
2.22815	5.22575	8.5487	5.48028	3.11263	6.54424	2.8306	8.68789	4.54531	13.5516	7.48045	4.6181	9.93163	5.8653	0	4.4594	6.16388	4.39338	4.88639	3.19634	13.4242	5.83221	5.23922	9.2466	2.889	
5.3524	7.95499	6.52057	0.313061	4.46792	3.34708	5.72382	5.46884	3.60005	6.4656	6.11393	8.38141	6.80565	3.93201	4.4594	0	2.39055	3.01981	3.72344	1.26306	5.74487	3.89892	9.63011	0.527495	7.61015	
8.2473	2.28131	3.88484	2.70361	6.85847	0.956534	3.33328	3.07829	1.20951	7.17302	3.41932	5.99087	6.06462	2.0617	6.16388	2.39055	0	2.80848	2.74555	3.65361	8.45665	3.70252	6.47343	6.75393	2.86581	
13.8346	0.858182	10.5097	2.70675	4.6466	4.05976	8.9206	5.84195	1.59897	3.68382	6.09582	9.86544	6.45408	6.41471	4.39338	3.01981	2.80848	0	4.12655	4.99069	7.49204	3.07329	0.372122	2.92118	1.50437	
2.65824	3.59938	4.68176	4.0365	3.54272	4.85328	7.21055	6.74246	2.52758	7.10366	2.3905	6.92417	4.70501	0.683853	4.88639	3.72344	2.74555	4.12655	0	3.35281	3.29544	2.32468	6.72644	4.28692	4.18388	
5.42449	11.4174	5.461	1.57612	5.73098	8.38931	6.02695	5.88832	7.97436	7.72866	7.83728	7.81444	5.74608	2.66895	3.19634	1.26306	3.65361	4.99069	3.35281	0	8.74222	2.63586	5.33703	2.49837	6.08535	
2.16142	5.29761	7.66778	1.20591	1.27694	7.40769	7.40747	5.37836	5.82302	3.80822	4.94491	6.8224	7.25942	3.9793	13.4242	5.74487	8.45665	7.49204	3.29544	8.74222	0	7.67843	16.447	0.991473	4.41917	
7.28597	3.18723	6.06599	4.9198	6.40149	4.7288	3.63714	3.25246	4.98177	10.9453	9.48816	7.88115	6.35107	1.64083	5.83221	3.89892	3.70252	3.07329	2.32468	2.63586	7.67843	0	2.70117	9.34721	5.05138	
11.2476	0.48606	8.76716	3.07887	5.49244	4.92367	6.33831	5.95363	1.55786	1.97545	6.94166	12.2829	3.87468	4.342	5.23922	9.63011	6.47343	0.372122	6.72644	5.33703	16.447	2.70117	0	9.53148	1.87649	
11.33	6.61622	6.67631	0.214434	2.26842	8.00522	6.416	6.36983	5.54442	4.79969	5.93638	5.83093	6.96139	4.20012	9.2466	0.527495	6.75393	2.92118	4.28692	2.49837	0.991473	9.34721	9.53148	0	7.20073	
4.02671	2.33674	7.16164	4.21112	3.14223	4.1171	5.71961	5.79888	1.65631	3.82613	4.59144	7.5071	5.72537	8.3928	2.889	7.61015	2.86581	1.50437	4.18388	6.08535	4.41917	5.05138	1.87649	7.20073	0	

0	4.92486	7.74059	5.55977	0.810782	3.242	7.36043	3.83318	5.1434	8.73523	1.92617	4.91181	5.97878	5.15492	2.67872	6.23176	7.71656	6.12223	3.70536	5.76063	3.31151	8.33213	5.06497	6.72227	10.1458	
4.92486	0	3.52508	7.66209	4.90373	2.31736	4.31051	1.09169	1.2653	3.74853	8.70132	4.3656	4.47391	7.16479	10.1595	4.98228	2.91092	3.38074	5.0322	9.05927	6.19797	3.20606	4.64193	4.89408	7.07691	
7.74059	3.52508	0	5.73431	9.53946	5.99759	4.03695	3.90741	4.79039	4.59893	5.36286	7.18132	1.31025	7.05961	3.44973	5.85779	2.87324	5.33108	6.45361	4.87008	5.77852	4.29701	4.26436	2.9663	7.28639	
5.55977	7.66209	5.73431	0	4.74899	6.72235	7.91501	9.69479	6.45142	8.32589	9.40651	6.42088	9.61792	9.6532	6.61693	7.59134	10.8541	7.88981	9.04721	6.05808	6.17877	11.353	7.68759	2.76802	9.87998	
0.810782	4.90373	9.53946	4.74899	0	2.43122	5.14388	4.64396	3.48328	6.50879	2.73695	5.03625	4.00741	6.88207	1.86794	7.04254	5.71708	5.15354	4.51614	6.6755	4.1223	4.21852	4.91646	6.38555	7.10885	
