20
5
3
5
20

6	7
19	44
37	23
35	6
5	8

20	35
8	31
29	43
18	39
19	47
31	24
38	50
33	21
2	27
1	12
26	20
20	33
15	46
20	26
17	19
15	12
5	30
13	40
38	5
9	40

70

1.79769e+308
1.79769e+308
1.79769e+308
1.79769e+308
1.79769e+308

17
18
13
19
12
18
13
13
17
20
16
18
15
11
18
16
15
15
15
16

0
0
0
0
0

0

0	22.0674	25.6631	10.156	1.85262	13.1423	17.9304	13.1565	20.706	16.9316	16.6704	15.9796	12.9661	10.8099	3.66281	13.9932	10.9023	20.4127	8.73231	14.368	14.1308	15.9011	13.3973	11.7055	12.4713	
22.0674	0	14.8433	22.2007	16.7367	6.51988	3.40588	8.94439	6.11882	2.85039	11.9918	8.65826	12.6335	9.27905	13.0533	7.86555	7.81988	1.65469	10.9299	20.6825	14.5747	6.91601	5.19199	13.6925	6.38577	
25.6631	14.8433	0	15.5767	18.2241	8.32346	14.9412	14.428	9.93343	17.5955	10.1021	15.9409	7.1107	16.1455	17.6922	8.4373	7.29754	13.5192	9.46754	14.9572	21.6307	19.2292	10.388	17.1262	14.7785	
10.156	22.2007	15.5767	0	12.0087	19.0733	13.1148	16.8491	18.4874	12.152	9.03515	14.1127	14.2894	13.2992	18.4949	10.7	21.5364	19.3723	16.9732	21.5375	20.445	9.60469	17.0087	1.54952	12.6204	
1.85262	16.7367	18.2241	12.0087	0	12.6704	14.4275	15.0958	13.0234	21.5471	16.4136	20.5311	11.1135	12.6625	1.81019	17.7467	11.3704	13.2088	10.5849	15.4086	12.2782	11.5829	11.5447	18.7555	14.0408	
13.1423	6.51988	8.32346	19.0733	12.6704	0	4.94733	7.70662	1.60997	6.39141	11.4138	10.443	6.11359	6.15161	16.0182	8.26653	1.3	5.19571	3.47	10.0457	16.7488	12.3196	2.06456	18.8535	4.78456	
17.9304	3.40588	14.9412	13.1148	14.4275	4.94733	0	12.3503	4.36149	6.49588	21.6677	19.1465	18.0038	6.96983	13.2828	9.08474	8.72348	5.06057	7.08944	14.3619	15.2943	3.51013	2.88278	15.8795	3.35049	
13.1565	8.94439	14.428	16.8491	15.0958	7.70662	12.3503	0	9.31659	10.2318	12.3622	2.73642	13.8202	16.2962	18.5846	9.68501	6.59414	9.73999	4.42414	10.0598	16.763	19.0621	9.77118	20.8343	8.16308	
20.706	6.11882	9.93343	18.4874	13.0234	1.60997	4.36149	9.31659	0	9.20882	13.4976	14.38	7.72356	5.56577	19.9277	7.68068	2.90997	6.79134	6.01997	15.7725	23.3557	10.7128	1.47872	23.8246	4.19872	
16.9316	2.85039	17.5955	12.152	21.5471	6.39141	6.49588	10.2318	9.20882	0	11.1552	8.19927	15.3856	16.7318	12.5943	7.40656	10.3693	1.1957	7.03471	13.835	14.1157	6.31146	6.01577	10.6025	3.29577	
16.6704	11.9918	10.1021	9.03515	16.4136	11.4138	21.6677	12.3622	13.4976	11.1552	0	17.3407	5.30016	12.6648	21.7357	1.66481	10.108	7.87567	6.92569	8.18469	14.2	18.6398	7.86678	10.5847	11.677	
15.9796	8.65826	15.9409	14.1127	20.5311	10.443	19.1465	2.73642	14.38	8.19927	17.3407	0	23.0226	18.6476	18.4021	13.2144	9.16077	7.00357	7.16056	32.5757	19.9236	21.0925	12.3162	15.6622	11.9517	
12.9661	12.6335	7.1107	14.2894	11.1135	6.11359	18.0038	13.8202	7.72356	15.3856	5.30016	23.0226	0	22.4551	12.9236	6.96497	7.41359	11.3093	10.5236	17.5757	17.7097	18.5289	8.17815	12.7399	15.4175	
10.8099	9.27905	16.1455	13.2992	12.6625	6.15161	6.96983	16.2962	5.56577	16.7318	12.6648	18.6476	22.4551	0	14.8639	10.289	9.48683	9.39968	11.6568	10.2762	7.1458	5.09117	4.08705	14.8487	6.80705	
3.66281	13.0533	17.6922	18.4949	1.81019	16.0182	13.2828	18.5846	19.9277	12.5943	21.7357	18.4021	12.9236	14.8639	0	17.6094	13.1805	11.3986	14.1605	17.115	14.0884	9.77272	13.3549	16.9454	12.2306	
13.9932	7.86555	8.4373	10.7	17.7467	8.26653	9.08474	9.68501	7.68068	7.40656	1.66481	13.2144	6.96497	10.289	17.6094	0	7.43087	6.21086	5.26087	6.51988	9.65032	16.0912	6.20197	10.3731	8.92197	
10.9023	7.81988	7.29754	21.5364	11.3704	1.3	8.72348	6.59414	2.90997	10.3693	10.108	9.16077	7.41359	9.48683	13.1805	7.43087	0	6.49571	2.17	7.80567	14.5088	11.9317	3.36456	26.6031	5.90894	
20.4127	1.65469	13.5192	19.3723	13.2088	5.19571	5.06057	9.73999	6.79134	1.1957	7.87567	7.00357	11.3093	9.39968	11.3986	6.21086	6.49571	0	9.39498	12.7307	12.92	9.88877	5.31263	11.7982	4.49147	
8.73231	10.9299	9.46754	16.9732	10.5849	3.47	7.08944	4.42414	6.01997	7.03471	6.92569	7.16056	10.5236	11.6568	14.1605	5.26087	2.17	9.39498	0	5.63567	8.76612	6.75464	6.45894	15.6339	3.73894	
14.368	20.6825	14.9572	21.5375	15.4086	10.0457	14.3619	10.0598	15.7725	13.835	8.18469	32.5757	17.5757	10.2762	17.115	6.51988	7.80567	12.7307	5.63567	0	3.13045	14.0271	12.7218	16.8929	9.37462	
14.1308	14.5747	21.6307	20.445	12.2782	16.7488	15.2943	16.763	23.3557	14.1157	14.2	19.9236	17.7097	7.1458	14.0884	9.65032	14.5088	12.92	8.76612	3.13045	0	12.237	11.2328	23.5665	14.1418	
15.9011	6.91601	19.2292	9.60469	11.5829	12.3196	3.51013	19.0621	10.7128	6.31146	18.6398	21.0925	18.5289	5.09117	9.77272	16.0912	11.9317	9.88877	6.75464	14.0271	12.237	0	5.73569	11.1542	3.01569	
13.3973	5.19199	10.388	17.0087	11.5447	2.06456	2.88278	9.77118	1.47872	6.01577	7.86678	12.3162	8.17815	4.08705	13.3549	6.20197	3.36456	5.31263	6.45894	12.7218	11.2328	5.73569	0	16.575	2.72	
11.7055	13.6925	17.1262	1.54952	18.7555	18.8535	15.8795	20.8343	23.8246	10.6025	10.5847	15.6622	12.7399	14.8487	16.9454	10.3731	26.6031	11.7982	15.6339	16.8929	23.5665	11.1542	16.575	0	13.8982	
12.4713	6.38577	14.7785	12.6204	14.0408	4.78456	3.35049	8.16308	4.19872	3.29577	11.677	11.9517	15.4175	6.80705	12.2306	8.92197	5.90894	4.49147	3.73894	9.37462	14.1418	3.01569	2.72	13.8982	0	

0	15.4041	7.32596	8.10326	1.18794	15.2682	14.8361	26.1529	18.0434	15.6238	12.1313	22.5533	12.0217	19.0733	2.68701	10.5185	15.6093	12.4077	15.1045	12.8603	9.78085	16.5163	10.795	15.0779	14.075	
15.4041	0	12.9425	16.0745	24.2342	7.2494	4.42764	4.42195	6.2208	3.15	13.915	12.0611	18.9424	11.3503	16.5767	9.75	6.95858	2.99633	11.3176	11.01	12.7871	6.7361	7.42744	14.5045	7.23897	
7.32596	12.9425	0	8.93291	8.5139	8.03914	15.4276	12.4704	16.0356	20.7095	4.80538	17.562	4.69574	25.1421	10.013	3.19249	17.224	19.7337	12.7742	12.8495	12.1418	24.2447	18.1209	7.75194	11.3341	
8.10326	16.0745	8.93291	0	6.91532	11.1711	18.5596	15.6024	12.2682	25.2915	7.73455	19.2454	4.23717	31.0993	11.5539	6.32446	16.7984	17.6176	12.3156	10.0418	11.6833	30.0668	19.4687	3.98447	22.7173	
1.18794	24.2342	8.5139	6.91532	0	16.5614	16.7877	27.7239	22.506	20.5575	12.5168	21.3654	11.1525	19.9362	3.87495	13.2398	17.7844	13.5957	15.2107	12.6975	10.9688	18.4679	11.9829	10.8998	15.802	
15.2682	7.2494	8.03914	11.1711	16.5614	0	4.35822	14.1246	1.02859	9.35957	4.04465	19.8175	7.54204	4.3335	18.896	4.84665	1.02	6.66426	4.14	6.65321	6.8485	7.26092	4.47321	9.31229	7.75321	
14.8361	4.42764	15.4276	18.5596	16.7877	4.35822	0	5.07922	3.32962	7.57764	15.7652	12.7184	14.9685	5.23588	12.1491	12.2351	11.1721	7.2833	6.89	9.15	14.0455	2.30846	11.737	11.6133	7.04741	
26.1529	4.42195	12.4704	15.6024	27.7239	14.1246	5.07922	0	8.40885	7.57195	14.4004	7.63918	18.4703	12.0019	17.2283	9.27793	11.3805	7.41828	11.9692	14.2292	20.4088	7.38769	11.8494	19.2668	14.3157	
18.0434	6.2208	16.0356	12.2682	22.506	1.02859	3.32962	8.40885	0	8.85169	5.07324	15.9076	18.8639	5.36209	15.4787	5.87524	2.04859	5.63567	5.16859	10.1447	13.6709	5.63809	5.5018	8.28369	9.87831	
15.6238	3.15	20.7095	25.2915	20.5575	9.35957	7.57764	7.57195	8.85169	0	16.185	13.4879	16.8897	19.3492	24.5756	12.9	10.1086	3.21602	10.3732	7.85997	14.0911	14.735	4.88636	13.9173	7.45866	
12.1313	13.915	4.80538	7.73455	12.5168	4.04465	15.7652	14.4004	5.07324	16.185	0	18.5056	3.49738	8.37815	17.1554	5.1225	5.06465	10.7713	8.18465	8.325	10.9435	11.2677	8.51786	12.5573	6.52871	
22.5533	12.0611	17.562	19.2454	21.3654	19.8175	12.7184	7.63918	15.9076	13.4879	18.5056	0	15.0082	30.3246	23.3366	16.9171	18.4897	10.2719	23.0867	22.6656	17.3232	27.3972	20.9604	23.905	14.5145	
12.0217	18.9424	4.69574	4.23717	11.1525	7.54204	14.9685	18.4703	18.8639	16.8897	3.49738	15.0082	0	19.7712	20.327	7.88823	12.5612	20.7789	8.07847	9.02973	7.44611	15.5301	21.0747	8.22164	10.0261	
19.0733	11.3503	25.1421	31.0993	19.9362	4.3335	5.23588	12.0019	5.36209	19.3492	8.37815	30.3246	19.7712	0	16.3863	9.18015	5.3535	8.37679	8.4735	13.4496	13.0385	2.92742	7.41415	15.8788	4.13415	
2.68701	16.5767	10.013	11.5539	3.87495	18.896	12.1491	17.2283	15.4787	24.5756	17.1554	23.3366	20.327	16.3863	0	21.2929	22.423	15.0948	17.7915	15.5473	12.4679	13.8293	13.482	14.686	18.5683	
10.5185	9.75	3.19249	6.32446	13.2398	4.84665	12.2351	9.27793	5.87524	12.9	5.1225	16.9171	7.88823	9.18015	21.2929	0	5.86665	12.7463	8.98665	12.8586	16.6385	14.5436	9.31986	9.98887	11.6512	
15.6093	6.95858	17.224	16.7984	17.7844	1.02	11.1721	11.3805	2.04859	10.1086	5.06465	18.4897	12.5612	5.3535	22.423	5.86665	0	8.21775	5.16	9.16321	5.8285	10.1374	5.49321	12.5653	11.3441	
12.4077	2.99633	19.7337	17.6176	13.5957	6.66426	7.2833	7.41828	5.63567	3.21602	10.7713	10.2719	20.7789	8.37679	15.0948	12.7463	8.21775	0	13.6856	11.076	13.6924	8.98159	7.52264	13.6331	4.24264	
15.1045	11.3176	12.7742	12.3156	15.2107	4.14	6.89	11.9692	5.16859	10.3732	8.18465	23.0867	8.07847	8.4735	17.7915	8.98665	5.16	13.6856	0	2.51321	12.4785	7.4516	8.61321	8.57053	12.1905	
12.8603	11.01	12.8495	10.0418	12.6975	6.65321	9.15	14.2292	10.1447	7.85997	8.325	22.6656	9.02973	13.4496	15.5473	12.8586	9.16321	11.076	2.51321	0	9.97375	9.96481	12.7463	6.05733	14.8537	
9.78085	12.7871	12.1418	11.6833	10.9688	6.8485	14.0455	20.4088	13.6709	14.0911	10.9435	17.3232	7.44611	13.0385	12.4679	16.6385	5.8285	13.6924	12.4785	9.97375	0	11.737	12.7298	16.0311	9.44976	
16.5163	6.7361	24.2447	30.0668	18.4679	7.26092	2.30846	7.38769	5.63809	14.735	11.2677	27.3972	15.5301	2.92742	13.8293	14.5436	10.1374	8.98159	7.4516	9.96481	11.737	0	8.01895	17.4525	4.73895	
10.795	7.42744	18.1209	19.4687	11.9829	4.47321	11.737	11.8494	5.5018	4.88636	8.51786	20.9604	21.0747	7.41415	13.482	9.31986	5.49321	7.52264	8.61321	12.7463	12.7298	8.01895	0	15.4842	3.28	
15.0779	14.5045	7.75194	3.98447	10.8998	9.31229	11.6133	19.2668	8.28369	13.9173	12.5573	23.905	8.22164	15.8788	14.686	9.98887	12.5653	13.6331	8.57053	6.05733	16.0311	17.4525	15.4842	0	17.8757	
14.075	7.23897	11.3341	22.7173	15.802	7.75321	7.04741	14.3157	9.87831	7.45866	6.52871	14.5145	10.0261	4.13415	18.5683	11.6512	11.3441	4.24264	12.1905	14.8537	9.44976	4.73895	3.28	17.8757	0	

0	12.69	17.9704	13.4899	1.25865	10.2158	10.2257	10.68	12.3518	17.0015	17.4453	18.2241	12.4697	11.0212	9.05097	17.1747	17.7594	13.2082	15.1045	7.60739	5.13597	8.51804	17.3858	10.5806	13.5858	
12.69	0	12.4464	9.89545	18.3337	8.22448	9.8242	2.00998	5.22849	4.89	12.3616	15.101	8.34701	7.33235	18.4707	14.7267	8.56876	2.728	6.67027	10.0598	10.8538	8.5607	3.74977	12.8047	5.27359	
17.9704	12.4464	0	10.0406	20.0141	9.76452	14.4827	14.4564	14.4195	13.1585	2.91973	18.1127	5.50073	15.2783	17.7671	2.28035	8.03629	13.5102	6.55982	5.17807	18.8987	12.7751	11.5686	9.9641	16.7408	
13.4899	9.89545	10.0406	0	16.1183	11.3059	9.77557	11.9054	11.198	14.7855	9.51548	19.5048	4.53982	10.5711	17.1046	10.593	15.1549	12.5493	5.75	9.76959	10.6026	8.06794	9.71926	2.9093	13.5193	
1.25865	18.3337	20.0141	16.1183	0	8.9572	10.5593	11.9387	9.94107	14.6167	10.2139	16.084	13.7283	12.6954	8.20244	9.24646	11.0772	14.4669	11.9083	6.34874	3.87732	9.77669	12.5718	11.5706	14.8444	
10.2158	8.22448	9.76452	11.3059	8.9572	0	7.8378	12.4793	0.98387	4.93438	6.84479	18.956	11.8205	21.6526	17.1596	13.44	2.12	9.45281	13.32	10.71	12.8345	17.0455	2.46259	8.39657	9.18311	
10.2257	9.8242	14.4827	9.77557	10.5593	7.8378	0	8.25836	7.04595	11.8441	10.8344	7.45722	16.3329	4.21079	12.702	19.8924	5.7178	11.7821	11.0832	15.4909	6.68199	1.70763	6.07442	14.3753	9.23649	
10.68	2.00998	14.4564	11.9054	11.9387	12.4793	8.25836	0	9.25058	6.89998	11.915	14.1382	10.357	9.05388	14.8638	10.9476	10.3593	4.73798	8.68024	8.04984	8.84382	6.55073	5.75975	14.0584	13.9998	
12.3518	5.22849	14.4195	11.198	9.94107	0.98387	7.04595	9.25058	0	3.95051	6.44472	17.6076	11.9432	13.2102	19.2955	14.8286	1.32816	7.74376	6.48751	16.8633	14.9704	19.1513	1.47872	9.38044	5.27872	
17.0015	4.89	13.1585	14.7855	14.6167	4.93438	11.8441	6.89998	3.95051	0	12.5043	13.6571	11.8028	8.3976	19.6042	10.8781	5.27866	3.79326	11.5603	12.9128	18.526	13.5517	5.42922	14.0561	6.33884	
17.4453	12.3616	2.91973	9.51548	10.2139	6.84479	10.8344	11.915	6.44472	12.5043	0	13.6004	4.97566	13.0452	11.2002	5.20008	5.11656	12.9852	7.15542	3.86518	12.6741	10.9402	10.1149	14.279	13.9149	
18.2241	15.101	18.1127	19.5048	16.084	18.956	7.45722	14.1382	17.6076	13.6571	13.6004	0	20.3825	16.9038	17.0702	12.633	13.175	12.373	15.2948	9.73526	14.1392	9.16485	13.5316	23.5161	14.9186	
12.4697	8.34701	5.50073	4.53982	13.7283	11.8205	16.3329	10.357	11.9432	11.8028	4.97566	20.3825	0	12.6139	20.2773	7.78108	10.0922	8.00952	10.2898	8.84084	25.4422	12.6078	12.0968	7.44912	10.5551	
11.0212	7.33235	15.2783	10.5711	12.6954	21.6526	4.21079	9.05388	13.2102	8.3976	13.0452	16.9038	12.6139	0	10.373	12.0777	15.1643	4.60435	9.91527	9.18	11.5633	2.50316	14.5339	27.7575	7.14993	
9.05097	18.4707	17.7671	17.1046	8.20244	17.1596	12.702	14.8638	19.2955	19.6042	11.2002	17.0702	20.2773	10.373	0	10.2327	24.0504	14.9773	11.8004	7.33498	6.02	12.8761	16.8092	13.7133	18.3565	
17.1747	14.7267	2.28035	10.593	9.24646	13.44	19.8924	10.9476	14.8286	10.8781	5.20008	12.633	7.78108	12.0777	10.2327	0	11.7118	14.6714	8.06102	2.89772	11.7067	15.0555	13.0698	7.68375	27.865	
17.7594	8.56876	8.03629	15.1549	11.0772	2.12	5.7178	10.3593	1.32816	5.27866	5.11656	13.175	10.0922	15.1643	24.0504	11.7118	0	9.93398	11.2455	8.98174	12.3998	7.42543	2.80687	10.5166	10.0367	
13.2082	2.728	13.5102	12.5493	14.4669	9.45281	11.7821	4.73798	7.74376	3.79326	12.9852	12.373	8.00952	4.60435	14.9773	14.6714	9.93398	0	9.39827	13.7843	20.2981	7.1075	6.34558	20.6825	2.54558	
15.1045	6.67027	6.55982	5.75	11.9083	13.32	11.0832	8.68024	6.48751	11.5603	7.15542	15.2948	10.2898	9.91527	11.8004	8.06102	11.2455	9.39827	0	5.55951	12.3388	12.4184	5.00879	8.6593	8.80879	
7.60739	10.0598	5.17807	9.76959	6.34874	10.71	15.4909	8.04984	16.8633	12.9128	3.86518	9.73526	8.84084	9.18	7.33498	2.89772	8.98174	13.7843	5.55951	0	8.80893	11.6832	10.5683	10.5815	23.9784	
5.13597	10.8538	18.8987	10.6026	3.87732	12.8345	6.68199	8.84382	14.9704	18.526	12.6741	14.1392	25.4422	11.5633	6.02	11.7067	12.3998	20.2981	12.3388	8.80893	0	8.38962	12.7564	7.69332	15.9185	
8.51804	8.5607	12.7751	8.06794	9.77669	17.0455	1.70763	6.55073	19.1513	13.5517	10.9402	9.16485	12.6078	2.50316	12.8761	15.0555	7.42543	7.1075	12.4184	11.6832	8.38962	0	7.78205	10.9772	7.86234	
17.3858	3.74977	11.5686	9.71926	12.5718	2.46259	6.07442	5.75975	1.47872	5.42922	10.1149	13.5316	12.0968	14.5339	16.8092	13.0698	2.80687	6.34558	5.00879	10.5683	12.7564	7.78205	0	10.7529	3.8	
10.5806	12.8047	9.9641	2.9093	11.5706	8.39657	14.3753	14.0584	9.38044	14.0561	14.279	23.5161	7.44912	27.7575	13.7133	7.68375	10.5166	20.6825	8.6593	10.5815	7.69332	10.9772	10.7529	0	14.5529	
13.5858	5.27359	16.7408	13.5193	14.8444	9.18311	9.23649	13.9998	5.27872	6.33884	13.9149	14.9186	10.5551	7.14993	18.3565	27.865	10.0367	2.54558	8.80879	23.9784	15.9185	7.86234	3.8	14.5529	0	

0	18.6635	18.8176	14.3397	0.509117	18.4498	9.33261	22.577	25.0175	17.5938	15.5868	34.3449	9.87803	6.08738	7.0145	8.11027	13.3372	17.431	19.6502	6.53228	9.34079	6.6763	20.0924	19.828	17.0349	
18.6635	0	16.68	20.5717	14.9545	6.82938	12.153	9.35238	2.80446	3.18	14.1186	7.77069	12.7648	9.37624	12.9842	12.6635	11.1037	2.90689	7.40799	9.63641	15.2256	13.2795	5.11988	10.6937	7.65865	
18.8176	16.68	0	5.99646	25.7991	17.2712	7.5208	16.7631	12.937	13.5	2.18979	23.8426	3.37963	11.7754	20.6018	6.77656	9.25483	14.5308	10.7194	8.13622	7.78979	10.1771	13.2847	5.04777	20.8322	
14.3397	20.5717	5.99646	0	13.7557	21.73	12.261	12.6641	8.83792	20.2382	11.2478	22.9331	12.4377	10.8583	7.25032	12.6664	21.7652	20.3594	13	9.78228	10.2315	9.60469	20.3372	0.948683	20.834	
0.509117	14.9545	25.7991	13.7557	0	15.1481	9.83281	22.0679	18.6389	12.4796	11.9696	25.0323	16.0202	5.57826	6.50538	8.61938	12.8281	20.5424	16.1521	6.02316	8.83167	7.18542	18.9374	14.7793	24.8318	
18.4498	6.82938	17.2712	21.73	15.1481	0	13.3735	9.27203	4.02492	10.5554	12.8374	12.2365	6.56603	17.9249	21.5329	8.19031	2.32	11.6906	8.62845	16.6407	15.2671	19.1318	5.1614	11.9142	11.0414	
9.33261	12.153	7.5208	12.261	9.83281	13.3735	0	18.2346	9.34856	10.4849	9.7106	21.0536	11.3006	4.25455	7.86254	17.13	12.7738	11.5157	5.59	7.82455	16.0881	2.65631	13.1032	12.5686	13.3114	
22.577	9.35238	16.7631	12.6641	22.0679	9.27203	18.2346	0	10.0454	8.61626	15.475	2.96446	12.5084	20.2301	21.6042	14.7895	11.592	9.64704	11.7457	15.0727	14.3382	24.3899	4.23249	11.7154	5.86489	
25.0175	2.80446	12.937	8.83792	18.6389	4.02492	9.34856	10.0454	0	5.98446	11.3142	10.5752	10.3142	12.1807	19.5184	14.3644	6.34492	5.71135	4.60353	12.6157	15.9186	12.0049	5.81288	7.88923	10.142	
17.5938	3.18	13.5	20.2382	12.4796	10.5554	10.4849	8.61626	5.98446	0	12.4028	10.9507	10.8886	10.0264	12.9879	9.4835	15.3538	1.03078	8.61976	6.45641	12.6445	11.7855	8.29988	14.4197	5.78253	
15.5868	14.1186	2.18979	11.2478	11.9696	12.8374	9.7106	15.475	11.3142	12.4028	0	18.4395	1.18983	9.51643	18.4982	2.9576	5.43587	11.0477	6.90047	5.94643	5.6	20.8525	9.4657	7.23757	17.8092	
34.3449	7.77069	23.8426	22.9331	25.0323	12.2365	21.0536	2.96446	10.5752	10.9507	18.4395	0	18.7769	17.1469	27.1929	20.6016	16.836	10.6776	15.3424	25.4614	20.6068	30.3896	7.19695	14.6798	8.82934	
9.87803	12.7648	3.37963	12.4377	16.0202	6.56603	11.3006	12.5084	10.3142	10.8886	1.18983	18.7769	0	18.0821	19.3545	1.76777	4.24603	9.85787	5.71064	7.13626	6.78983	20.6126	8.27587	10.0566	10.6924	
6.08738	9.37624	11.7754	10.8583	5.57826	17.9249	4.25455	20.2301	12.1807	10.0264	9.51643	17.1469	18.0821	0	3.60799	18.0586	17.0284	12.2831	9.84455	3.57	9.75809	3.90323	14.4961	12.4036	17.566	
7.0145	12.9842	20.6018	7.25032	6.50538	21.5329	7.86254	21.6042	19.5184	12.9879	18.4982	27.1929	19.3545	3.60799	0	16.0299	19.3335	14.0187	16.0471	7.17799	15.3371	7.51122	23.1294	8.19901	24.4264	
8.11027	12.6635	6.77656	12.6664	8.61938	8.19031	17.13	14.7895	14.3644	9.4835	2.9576	20.6016	1.76777	18.0586	16.0299	0	5.87031	10.5143	7.47841	14.4886	16.0371	14.7866	10.0436	11.7177	8.9246	
13.3372	11.1037	9.25483	21.7652	12.8281	2.32	12.7738	11.592	6.34492	15.3538	5.43587	16.836	4.24603	17.0284	19.3335	5.87031	0	14.1039	9.59	16.4638	16.1174	15.4301	7.4814	17.0598	14.7949	
17.431	2.90689	14.5308	20.3594	20.5424	11.6906	11.5157	9.64704	5.71135	1.03078	11.0477	10.6776	9.85787	12.2831	14.0187	10.5143	14.1039	0	9.65053	7.48718	18.6574	10.7547	8.02677	17.4851	4.75176	
19.6502	7.40799	10.7194	13	16.1521	8.62845	5.59	11.7457	4.60353	8.61976	6.90047	15.3424	5.71064	9.84455	16.0471	7.47841	9.59	9.65053	0	10.129	15.9067	8.24631	7.51319	12.4928	7.83398	
6.53228	9.63641	8.13622	9.78228	6.02316	16.6407	7.82455	15.0727	12.6157	6.45641	5.94643	25.4614	7.13626	3.57	7.17799	14.4886	16.4638	7.48718	10.129	0	6.18809	7.47323	16.2938	8.8336	17.963	
9.34079	15.2256	7.78979	10.2315	8.83167	15.2671	16.0881	14.3382	15.9186	12.6445	5.6	20.6068	6.78983	9.75809	15.3371	16.0371	16.1174	18.6574	15.9067	6.18809	0	16.6631	10.1057	11.1802	15.9857	
6.6763	13.2795	10.1771	9.60469	7.18542	19.1318	2.65631	24.3899	12.0049	11.7855	20.8525	30.3896	20.6126	3.90323	7.51122	14.7866	15.4301	10.7547	8.24631	7.47323	16.6631	0	16.6584	10.5534	15.5065	
20.0924	5.11988	13.2847	20.3372	18.9374	5.1614	13.1032	4.23249	5.81288	8.29988	9.4657	7.19695	8.27587	14.4961	23.1294	10.0436	7.4814	8.02677	7.51319	16.2938	10.1057	16.6584	0	13.7021	5.88	
19.828	10.6937	5.04777	0.948683	14.7793	11.9142	12.5686	11.7154	7.88923	14.4197	7.23757	14.6798	10.0566	12.4036	8.19901	11.7177	17.0598	17.4851	12.4928	8.8336	11.1802	10.5534	13.7021	0	17.5803	
17.0349	7.65865	20.8322	20.834	24.8318	11.0414	13.3114	5.86489	10.142	5.78253	17.8092	8.82934	10.6924	17.566	24.4264	8.9246	14.7949	4.75176	7.83398	17.963	15.9857	15.5065	5.88	17.5803	0	

0	16.0324	7.67482	9.70248	0.381838	14.3336	12.5772	16.6608	16.5267	26.2325	11.186	16.8404	13.6017	18.0689	6.6468	13.171	18.5766	17.31	15.8126	11.7208	10.8104	7.86184	16.0026	9.65994	6.83164	
16.0324	0	19.1856	20.5034	12.2318	5.1818	6.04829	10.1066	2.49852	1.47	16.5165	6.08649	19.3342	10.0975	17.9975	15.7911	6.41974	5.01587	8.6804	7.30452	13.2221	4.75176	6.17197	19.856	4.4907	
7.67482	19.1856	0	12.8379	8.05665	6.65877	11.9714	14.2214	9.34205	12.0775	8.33338	13.9878	7.28958	13.259	11.2115	7.63918	9.47877	11.0087	16.5988	5.09902	10.8503	8.84315	13.15	15.1682	13.4139	
9.70248	20.5034	12.8379	0	9.32064	7.83592	13.1485	17.6761	10.5192	13.2546	13.16	24.4623	10.7442	19.2606	17.6079	12.3979	10.6559	12.1858	8.25	15.6272	17.1696	15.7517	16.2328	4.52206	15.7704	
0.381838	12.2318	8.05665	9.32064	0	17.1566	8.77653	17.0426	8.44199	21.1944	11.5678	26.9707	17.1567	14.2682	7.02864	12.2245	21.1832	13.238	16.1944	11.2241	11.1922	7.48	10.7698	9.2781	6.44981	
14.3336	5.1818	6.65877	7.83592	17.1566	0	5.31263	9.87411	2.68328	4.94071	10.2106	10.0352	7.24295	7.37368	15.0131	14.2979	2.82	4.3499	8.86517	7.48928	13.412	6.60916	8.68835	12.358	4.67547	
12.5772	6.04829	11.9714	13.1485	8.77653	5.31263	0	11.4499	3.84187	6.09931	15.9513	19.3632	14.5203	8.08476	15.2625	15.5546	7.7631	9.66252	5.33	5.04066	8.09938	1.29653	11.6434	12.7036	5.83406	
16.6608	10.1066	14.2214	17.6761	17.0426	9.87411	11.4499	0	7.60805	9.86549	9.34753	14.2522	6.93181	21.2988	10.4433	15.7706	11.3548	14.224	13.7899	12.4141	11.2249	19.2032	14.9765	14.8104	9.60024	
16.5267	2.49852	9.34205	10.5192	8.44199	2.68328	3.84187	7.60805	0	2.25743	11.3118	6.87392	8.34418	8.4749	10.9185	7.76692	3.92122	5.8033	6.18188	4.806	10.5573	5.13841	6.31218	15.9111	1.99218	
26.2325	1.47	12.0775	13.2546	21.1944	4.94071	6.09931	9.86549	2.25743	0	9.51861	4.61649	17.4622	11.5675	14.209	17.0315	6.17866	3.54587	8.43932	7.06343	13.6672	6.22176	4.70197	20.744	4.24962	
11.186	16.5165	8.33338	13.16	11.5678	10.2106	15.9513	9.34753	11.3118	9.51861	0	5.65442	2.41572	10.485	12.3882	1.98497	6.83867	9.87628	10.6213	12.2176	16.2665	17.0713	4.81664	9.71926	7.75971	
16.8404	6.08649	13.9878	24.4623	26.9707	10.0352	19.3632	14.2522	6.87392	4.61649	5.65442	0	8.07014	27.8866	18.0328	7.63939	13.045	8.16236	16.2757	20.0557	25.477	23.1156	9.31846	15.3737	16.2636	
13.6017	19.3342	7.28958	10.7442	17.1567	7.24295	14.5203	6.93181	8.34418	17.4622	2.41572	8.07014	0	8.97663	9.97246	4.40069	4.42295	13.841	13.037	12.3886	16.5022	22.4735	7.23236	7.87864	13.0249	
18.0689	10.0975	13.259	19.2606	14.2682	7.37368	8.08476	21.2988	8.4749	11.5675	10.485	27.8866	8.97663	0	14.2725	8.5	4.55368	15.7746	13.9833	8.16	13.9113	6.78823	13.7938	16.3758	12.2548	
6.6468	17.9975	11.2115	17.6079	7.02864	15.0131	15.2625	10.4433	10.9185	14.209	12.3882	18.0328	9.97246	14.2725	0	16.3451	14.3954	10.6632	16.7566	6.11249	11.62	9.85662	10.9667	17.2176	15.2867	
13.171	15.7911	7.63918	12.3979	12.2245	14.2979	15.5546	15.7706	7.76692	17.0315	1.98497	7.63939	4.40069	8.5	16.3451	0	9.37556	12.563	11.2854	10.2326	14.2815	12.2369	6.80161	7.87584	5.77474	
18.5766	6.41974	9.47877	10.6559	21.1832	2.82	7.7631	11.3548	3.92122	6.17866	6.83867	13.045	4.42295	4.55368	14.3954	9.37556	0	7.1699	10.1031	8.72722	15.331	11.3419	11.5083	12.3016	5.91341	
17.31	5.01587	11.0087	12.1858	13.238	4.3499	9.66252	14.224	5.8033	3.54587	9.87628	8.16236	13.841	15.7746	10.6632	12.563	7.1699	0	13.0424	13.6403	16.5243	11.1321	5.05964	21.1445	6.78823	
15.8126	8.6804	16.5988	8.25	16.1944	8.86517	5.33	13.7899	6.18188	8.43932	10.6213	16.2757	13.037	13.9833	16.7566	11.2854	10.1031	13.0424	0	10.9879	8.91964	6.62653	7.98276	11.0635	8.17407	
11.7208	7.30452	5.09902	15.6272	11.2241	7.48928	5.04066	12.4141	4.806	7.06343	12.2176	20.0557	12.3886	8.16	6.11249	10.2326	8.72722	13.6403	10.9879	0	5.75129	3.74413	12.6075	11.1051	6.79818	
10.8104	13.2221	10.8503	17.1696	11.1922	13.412	8.09938	11.2249	10.5573	13.6672	16.2665	25.477	16.5022	13.9113	11.62	14.2815	15.331	16.5243	8.91964	5.75129	0	9.39592	14.0561	16.8564	9.73612	
7.86184	4.75176	8.84315	15.7517	7.48	6.60916	1.29653	19.2032	5.13841	6.22176	17.0713	23.1156	22.4735	6.78823	9.85662	12.2369	11.3419	11.1321	6.62653	3.74413	9.39592	0	10.7822	14.0002	6.4622	
16.0026	6.17197	13.15	16.2328	10.7698	8.68835	11.6434	14.9765	6.31218	4.70197	4.81664	9.31846	7.23236	13.7938	10.9667	6.80161	11.5083	5.05964	7.98276	12.6075	14.0561	10.7822	0	14.5359	4.32	
9.65994	19.856	15.1682	4.52206	9.2781	12.358	12.7036	14.8104	15.9111	20.744	9.71926	15.3737	7.87864	16.3758	17.2176	7.87584	12.3016	21.1445	11.0635	11.1051	16.8564	14.0002	14.5359	0	13.6506	
6.83164	4.4907	13.4139	15.7704	6.44981	4.67547	5.83406	9.60024	1.99218	4.24962	7.75971	16.2636	13.0249	12.2548	15.2867	5.77474	5.91341	6.78823	8.17407	6.79818	9.73612	6.4622	4.32	13.6506	0	

0	25.4952	17.9119	14.3884	2.36174	20.1888	22.0115	24.7591	12.1102	25.6563	28.0021	29.075	21.4482	14.889	5.86899	25.5235	21.3354	15.3287	18.6447	11.6407	5.70054	16.8817	20.4585	14.6221	16.0611	
25.4952	0	12.3175	22.4941	13.0628	6.98588	6.13174	6.94282	3.31436	5.16	12.8281	17.2086	14.8348	7.66061	24.1936	10.1657	3.86588	5.05351	6.85055	10.8107	11.1925	10.2221	4.48714	18.0674	7.12888	
17.9119	12.3175	0	14.2598	12.1936	7.00527	6.01664	14.8028	8.83402	17.6954	2.49393	14.286	6.75293	10.4875	16.9748	6.27096	8.69306	11.1397	14.5966	13.3462	8.85483	9.93787	10.588	18.6517	8.64271	
14.3884	22.4941	14.2598	0	12.0266	12.0804	22.1069	16.5242	16.5525	15.4688	13.1976	18.8753	8.47434	21.3383	11.9755	7.98879	14.2886	24.9936	21.1704	18.4715	15.3654	17.0035	15.1772	2.56144	22.5609	
2.36174	13.0628	12.1936	12.0266	0	14.2206	12.5659	13.3769	9.74849	16.682	17.3388	24.7093	10.7849	14.9597	5.9397	20.0154	20.8797	12.9669	13.2391	9.27893	3.3388	14.52	9.79521	12.2604	16.1319	
20.1888	6.98588	7.00527	12.0804	14.2206	0	5.79642	8.10059	4.26961	11.4057	4.51134	6.79492	9.23461	6.91473	14.3198	9.41984	3.12	14.4178	9.09	13.0502	9.55324	10.4355	3.09684	13.2946	4.45684	
22.0115	6.13174	6.01664	22.1069	12.5659	5.79642	0	6.44583	2.81737	5.3115	8.51058	16.0053	12.4504	4.47088	12.8182	8.97626	2.67642	11.3544	8.58	9.45602	10.6956	3.92122	3.98606	20.2464	2.62606	
24.7591	6.94282	14.8028	16.5242	13.3769	8.10059	6.44583	0	3.62846	3.55421	12.7731	5.81489	8.04984	7.21848	16.2385	11.7975	11.0132	10.1099	11.9148	11.5381	11.5066	10.099	4.80123	16.4616	6.23965	
12.1102	3.31436	8.83402	16.5525	9.74849	4.26961	2.81737	3.62846	0	6.93354	8.98348	9.44335	11.6783	7.28826	15.6882	14.637	5.49379	8.36788	8.28636	12.2466	7.62918	6.7386	1.17277	17.7667	2.53277	
25.6563	5.16	17.6954	15.4688	16.682	11.4057	5.3115	3.55421	6.93354	0	16.3121	9.3691	11.6041	10.7727	12.8776	21.5706	9.02588	6.55574	11.7733	15.0923	14.8117	12.4864	4.04544	12.9074	2.68544	
28.0021	12.8281	2.49393	13.1976	17.3388	4.51134	8.51058	12.7731	8.98348	16.3121	0	11.3063	4.72327	13.7693	18.8311	8.47094	7.63134	13.6336	13.6013	10.8522	11.3488	13.2524	7.60818	17.8059	12.4831	
29.075	17.2086	14.286	18.8753	24.7093	6.79492	16.0053	5.81489	9.44335	9.3691	11.3063	0	13.8647	11.5344	20.5544	26.4583	9.91492	25.1172	15.8849	17.353	20.4578	15.9139	9.89175	20.0895	15.3614	
21.4482	14.8348	6.75293	8.47434	10.7849	9.23461	12.4504	8.04984	11.6783	11.6041	4.72327	13.8647	0	14.0446	15.5661	3.74767	10.0475	17.8926	13.9574	9.9972	7.44611	8.52916	11.5862	11.0358	12.9462	
14.889	7.66061	10.4875	21.3383	14.9597	6.91473	4.47088	7.21848	7.28826	10.7727	13.7693	11.5344	14.0446	0	9.01998	10.0946	3.79473	13.5828	13.0509	11.0502	13.6961	5.51543	8.24951	18.4341	7.09695	
5.86899	24.1936	16.9748	11.9755	5.9397	14.3198	12.8182	16.2385	15.6882	12.8776	18.8311	20.5544	15.5661	9.01998	0	21.524	12.8147	18.9066	22.8216	15.2186	8.12	14.5354	11.5522	9.41409	10.1922	
25.5235	10.1657	6.27096	7.98879	20.0154	9.41984	8.97626	11.7975	14.637	21.5706	8.47094	26.4583	3.74767	10.0946	21.524	0	6.29984	17.4106	13.6613	11.2287	11.1938	12.2768	10.7546	10.5502	18.0254	
21.3354	3.86588	8.69306	14.2886	20.8797	3.12	2.67642	11.0132	5.49379	9.02588	7.63134	9.91492	10.0475	3.79473	12.8147	6.29984	0	8.91939	10.7164	13.6264	10.9112	6.59764	4.45477	16.4146	5.30248	
15.3287	5.05351	11.1397	24.9936	12.9669	14.4178	11.3544	10.1099	8.36788	6.55574	13.6336	25.1172	17.8926	13.5828	18.9066	17.4106	8.91939	0	11.9041	19.6858	15.3	14.151	10.1847	19.4631	8.82469	
18.6447	6.85055	14.5966	21.1704	13.2391	9.09	8.58	11.9148	8.28636	11.7733	13.6013	15.8849	13.9574	13.0509	22.8216	13.6613	10.7164	11.9041	0	3.9602	14.0068	8.69354	9.45913	22.3846	11.2061	
11.6407	10.8107	13.3462	18.4715	9.27893	13.0502	9.45602	11.5381	12.2466	15.0923	10.8522	17.353	9.9972	11.0502	15.2186	11.2287	13.6264	19.6858	3.9602	0	10.0466	5.5348	14.243	21.5393	13.5761	
5.70054	11.1925	8.85483	15.3654	3.3388	9.55324	10.6956	11.5066	7.62918	14.8117	11.3488	20.4578	7.44611	13.6961	8.12	11.1938	10.9112	15.3	14.0068	10.0466	0	15.1647	6.45641	15.5992	7.81641	
16.8817	10.2221	9.93787	17.0035	14.52	10.4355	3.92122	10.099	6.7386	12.4864	13.2524	15.9139	8.52916	5.51543	14.5354	12.2768	6.59764	14.151	8.69354	5.5348	15.1647	0	8.70825	23.7301	6.54729	
20.4585	4.48714	10.588	15.1772	9.79521	3.09684	3.98606	4.80123	1.17277	4.04544	7.60818	9.89175	11.5862	8.24951	11.5522	10.7546	4.45477	10.1847	9.45913	14.243	6.45641	8.70825	0	16.3914	1.36	
14.6221	18.0674	18.6517	2.56144	12.2604	13.2946	20.2464	16.4616	17.7667	12.9074	17.8059	20.0895	11.0358	18.4341	9.41409	10.5502	16.4146	19.4631	22.3846	21.5393	15.5992	23.7301	16.3914	0	15.5928	
16.0611	7.12888	8.64271	22.5609	16.1319	4.45684	2.62606	6.23965	2.53277	2.68544	12.4831	15.3614	12.9462	7.09695	10.1922	18.0254	5.30248	8.82469	11.2061	13.5761	7.81641	6.54729	1.36	15.5928	0	

0	17.0336	18.1405	11.8496	0.424264	17.8419	12.0217	28.2193	16.8833	17.8141	19.4179	21.7793	20.3765	23.2408	6.50538	16.8713	9.75379	13.6085	16.4177	10.6213	7.92764	12.7443	23.2851	9.03965	16.0692	
17.0336	0	9.90719	15.1563	15.5142	2.40533	3.91676	2.41197	1.37674	3.93	8.62981	10.8493	11.8035	10.572	17.9679	8.13576	6.93343	4.65152	6.51676	7.51676	19.078	6.38334	2.37966	11.3938	5.45966	
18.1405	9.90719	0	15.5529	18.5647	7.20336	14.2525	11.6276	10.1842	12.6	1.27738	5.94407	2.23607	20.4321	24.6459	2.87816	8.24159	9.32141	9.43903	12.7502	15.9208	20.866	12.3258	11.8066	15.3956	
11.8496	15.1563	15.5529	0	11.4253	18.2841	17.4499	12.7443	19.3745	20.3053	15.2726	20.4934	13.3168	17.2743	10.7029	16.2867	13.3979	16.0997	20.6152	16.0572	11.7155	14.9833	23.4882	4.74342	18.5604	
0.424264	15.5142	18.5647	11.4253	0	11.0295	11.5974	17.5972	17.4882	20.5394	16.2937	22.2041	17.8216	14.611	6.92965	15.343	9.32952	14.0328	14.1974	10.9868	8.29315	12.32	13.8833	8.61538	18.7172	
17.8419	2.40533	7.20336	18.2841	11.0295	0	6.89377	11.3768	1.02859	9.89707	8.66421	14.5746	4.96729	6.71821	11.3365	7.71348	1.7	4.30337	6.93	13.1543	12.7094	4.42719	3.17018	10.3545	10.306	
12.0217	3.91676	14.2525	17.4499	11.5974	6.89377	0	6.32873	5.29349	7.84676	5.81979	11	7.18885	4.7576	12.5124	4.219	10.2325	10.0436	2.6	3.6	6.29364	2.46658	6.29642	18.6128	10.5948	
28.2193	2.41197	11.6276	12.7443	17.5972	11.3768	6.32873	0	3.78871	6.34197	11.0418	8.4373	9.39149	8.16002	23.4472	9.69315	12.7946	8.5388	13.983	6.97653	9.67017	10.4511	4.79163	8.98179	16.8643	
16.8833	1.37674	10.1842	19.3745	17.4882	1.02859	5.29349	3.78871	0	5.30674	8.61006	11.4456	5.99588	13.7216	12.3651	7.00928	2.72859	3.27478	7.95859	9.7259	19.1681	5.45578	2.14159	16.8132	5.22159	
17.8141	3.93	12.6	20.3053	20.5394	9.89707	7.84676	6.34197	5.30674	0	12.5598	9.04063	11.2909	16.3856	25.4597	14.7873	12.3904	4.20557	15.5063	12.0707	14.7643	13.0735	6.30966	17.3826	6.6663	
19.4179	8.62981	1.27738	15.2726	16.2937	8.66421	5.81979	11.0418	8.61006	12.5598	0	7.22145	3.51345	17.5895	18.074	1.60078	6.96421	10.8712	6.7768	4.3174	17.4706	22.317	11.0095	10.5292	16.3519	
21.7793	10.8493	5.94407	20.4934	22.2041	14.5746	11	8.4373	11.4456	9.04063	7.22145	0	8.18014	16.5973	18.3124	13.576	12.8746	8.17083	8.4	15.4065	22.7221	16.5927	15.9286	15.75	10.6316	
20.3765	11.8035	2.23607	13.3168	17.8216	4.96729	7.18885	9.39149	5.99588	11.2909	3.51345	8.18014	0	17.5515	16.3038	2.96985	6.66729	7.08534	8.14587	5.68646	13.6847	9.39448	12.1932	14.315	9.54608	
23.2408	10.572	20.4321	17.2743	14.611	6.71821	4.7576	8.16002	13.7216	16.3856	17.5895	16.5973	17.5515	0	24.2036	11.358	10.6253	11.159	9.73899	10.739	21.6346	2.29103	11.58	17.1418	14.66	
6.50538	17.9679	24.6459	10.7029	6.92965	11.3365	12.5124	23.4472	12.3651	25.4597	18.074	18.3124	16.3038	24.2036	0	15.0884	13.0365	16.7297	9.91236	16.9189	14.433	15.7637	17.349	15.4463	14.269	
16.8713	8.13576	2.87816	16.2867	15.343	7.71348	4.219	9.69315	7.00928	14.7873	1.60078	13.576	2.96985	11.358	15.0884	0	6.01348	10.0552	5.17602	2.71662	5.41026	6.68558	9.15087	12.13	12.6044	
9.75379	6.93343	8.24159	13.3979	9.32952	1.7	10.2325	12.7946	2.72859	12.3904	6.96421	12.8746	6.66729	10.6253	13.0365	6.01348	0	11.4335	8.63	8.7301	11.0094	6.12719	4.55377	8.65452	7.63377	
13.6085	4.65152	9.32141	16.0997	14.0328	4.30337	10.0436	8.5388	3.27478	4.20557	10.8712	8.17083	7.08534	11.159	16.7297	10.0552	11.4335	0	14.4548	12.3485	17.924	8.86794	5.41637	20.1875	2.46073	
16.4177	6.51676	9.43903	20.6152	14.1974	6.93	2.6	13.983	7.95859	15.5063	6.7768	8.4	8.14587	9.73899	9.91236	5.17602	8.63	14.4548	0	6.2	9.70015	5.06658	7.66971	18.6645	10.7497	
10.6213	7.51676	12.7502	16.0572	10.9868	13.1543	3.6	6.97653	9.7259	12.0707	4.3174	15.4065	5.68646	10.739	16.9189	2.71662	8.7301	12.3485	6.2	0	2.69364	6.06658	12.9678	9.66571	9.88777	
7.92764	19.078	15.9208	11.7155	8.29315	12.7094	6.29364	9.67017	19.1681	14.7643	17.4706	22.7221	13.6847	21.6346	14.433	5.41026	11.0094	17.924	9.70015	2.69364	0	20.6132	15.5632	6.97207	12.5814	
12.7443	6.38334	20.866	14.9833	12.32	4.42719	2.46658	10.4511	5.45578	13.0735	22.317	16.5927	9.39448	2.29103	15.7637	6.68558	6.12719	8.86794	5.06658	6.06658	20.6132	0	11.6531	16.1462	11.3287	
23.2851	2.37966	12.3258	23.4882	13.8833	3.17018	6.29642	4.79163	2.14159	6.30966	11.0095	15.9286	12.1932	11.58	17.349	9.15087	4.55377	5.41637	7.66971	12.9678	15.5632	11.6531	0	13.2083	3.08	
9.03965	11.3938	11.8066	4.74342	8.61538	10.3545	18.6128	8.98179	16.8132	17.3826	10.5292	15.75	14.315	17.1418	15.4463	12.13	8.65452	20.1875	18.6645	9.66571	6.97207	16.1462	13.2083	0	17.7268	
16.0692	5.45966	15.3956	18.5604	18.7172	10.306	10.5948	16.8643	5.22159	6.6663	16.3519	10.6316	9.54608	14.66	14.269	12.6044	7.63377	2.46073	10.7497	9.88777	12.5814	11.3287	3.08	17.7268	0	

0	17.2556	18.3394	15.3791	0.410122	15.2358	11.5436	16.5366	12.7322	18.7556	19.3591	25.0263	18.9351	13.4455	6.43467	17.1053	17.4793	20.8333	15.4743	7.32547	7.41084	5.47012	14.1663	12.0078	12.3423	
17.2556	0	12.723	14.5433	17.6658	4.56406	8.04696	15.6047	5.7109	1.5	9.0183	7.77069	13.5176	11.54	14.4687	15.7255	3.42406	3.57771	7.97406	11.1176	19.6143	10.2962	5.69677	19.5896	10.7368	
18.3394	12.723	0	22.6629	25.9402	5.84256	19.4152	12.1501	16.4206	14.223	1.64235	15.913	3.26484	17.1339	14.5667	7.53322	11.307	7.08293	10.8102	11.0139	18.9395	11.5152	17.8547	9.33676	17.9641	
15.3791	14.5433	22.6629	0	15.5821	12.2593	15.7422	13.1192	15.3567	17.5801	11.6789	21.7656	22.0938	17.2107	21.8138	17.309	11.1193	19.6578	15.6693	9.03224	21.9246	23.5747	16.267	3.98447	21.0285	
0.410122	17.6658	25.9402	15.5821	0	14.8257	10.6572	16.1265	9.6453	18.9001	14.9328	27.8267	14.4715	11.424	6.84479	20.3186	15.7564	17.484	10.183	7.73559	7.00071	5.06	16.9721	11.5976	9.36813	
15.2358	4.56406	5.84256	12.2593	14.8257	0	5.7629	14.6852	5.37745	4.96721	4.20021	11.7863	5.82271	12.1538	12.1846	5.49287	1.14	2.65827	3.87	9.44172	12.2393	8.99298	5.1614	11.8946	10.2014	
11.5436	8.04696	19.4152	15.7422	10.6572	5.7629	0	11.6097	6.65925	7.7666	13.1811	15.2692	15.0087	3.17289	10.0226	14.4737	4.6229	10.0755	9.1729	9.29289	11.1569	5.59723	9.77064	20.6478	8.87428	
16.5366	15.6047	12.1501	13.1192	16.1265	14.6852	11.6097	0	17.6741	14.3359	10.5077	17.5587	12.1302	10.0431	12.9497	16.3986	16.2326	12.027	19.6756	16.1631	23.1272	14.42	15.1519	17.1036	10.1119	
12.7322	5.7109	16.4206	15.3567	9.6453	5.37745	6.65925	17.6741	0	7.2109	9.87983	13.4816	13.9968	9.83213	9.01068	11.1725	4.23745	8.33788	8.41789	5.40675	10.1449	4.5853	7.34259	10.4545	8.89343	
18.7556	1.5	14.223	17.5801	18.9001	4.96721	7.7666	14.3359	7.2109	0	7.74953	9.27069	15.8907	10.9395	18.0625	11.3932	4.92406	2.30894	9.77038	11.8194	18.1397	13.3638	4.97855	21.9626	10.0186	
19.3591	9.0183	1.64235	11.6789	14.9328	4.20021	13.1811	10.5077	9.87983	7.74953	0	14.2707	1.6225	16.2368	12.9244	5.89087	5.34021	5.44059	8.07021	12.6562	15.4325	9.87283	9.36161	7.69441	14.181	
25.0263	7.77069	15.913	21.7656	27.8267	11.7863	15.2692	17.5587	13.4816	9.27069	14.2707	0	15.8932	19.3107	21.6909	20.1616	10.6463	11.3484	15.1963	18.1497	26.8366	20.3348	11.3088	21.9651	16.3488	
18.9351	13.5176	3.26484	22.0938	14.4715	5.82271	15.0087	12.1302	13.9968	15.8907	1.6225	15.8932	0	15.7754	13.8369	7.51337	11.2871	7.06309	10.7904	11.6097	14.4897	9.41148	17.8858	9.31691	13.7196	
13.4455	11.54	17.1339	17.2107	11.424	12.1538	3.17289	10.0431	9.83213	10.9395	16.2368	19.3107	15.7754	0	10.6607	15.8998	7.79578	15.1177	11.4869	6.12	11.9236	6.36396	10.2176	11.1678	10.6721	
6.43467	14.4687	14.5667	21.8138	6.84479	12.1846	10.0226	12.9497	9.01068	18.0625	12.9244	21.6909	13.8369	10.6607	0	14.3205	11.0446	18.365	9.54836	4.5407	9.98502	4.42538	11.3815	9.58848	8.73351	
17.1053	15.7255	7.53322	17.309	20.3186	5.49287	14.4737	16.3986	11.1725	11.3932	5.89087	20.1616	7.51337	15.8998	14.3205	0	6.63287	8.15114	9.36287	9.77982	17.7322	15.7637	10.6543	13.5853	20.4758	
17.4793	3.42406	11.307	11.1193	15.7564	1.14	4.6229	16.2326	4.23745	4.92406	5.34021	10.6463	11.2871	7.79578	11.0446	6.63287	0	3.79827	4.55	9.6442	13.3793	8.82275	5.14774	15.1038	9.90919	
20.8333	3.57771	7.08293	19.6578	17.484	2.65827	10.0755	12.027	8.33788	2.30894	5.44059	11.3484	7.06309	15.1177	18.365	8.15114	3.79827	0	6.52827	12.1	14.8976	13.2673	7.28749	13.135	12.6927	
15.4743	7.97406	10.8102	15.6693	10.183	3.87	9.1729	19.6756	8.41789	9.77038	8.07021	15.1963	10.7904	11.4869	9.54836	9.36287	4.55	6.52827	0	8.14888	10.6826	5.12298	9.0314	13.1966	9.43111	
7.32547	11.1176	11.0139	9.03224	7.73559	9.44172	9.29289	16.1631	5.40675	11.8194	12.6562	18.1497	11.6097	6.12	4.5407	9.77982	9.6442	12.1	8.14888	0	10.8474	8.96609	6.84082	5.04777	11.8808	
7.41084	19.6143	18.9395	21.9246	7.00071	12.2393	11.1569	23.1272	10.1449	18.1397	15.4325	26.8366	14.4897	11.9236	9.98502	17.7322	13.3793	14.8976	10.6826	10.8474	0	5.55964	17.4007	15.8951	9.86777	
5.47012	10.2962	11.5152	23.5747	5.06	8.99298	5.59723	14.42	4.5853	13.3638	9.87283	20.3348	9.41148	6.36396	4.42538	15.7637	8.82275	13.2673	5.12298	8.96609	5.55964	0	9.34813	15.7918	4.30813	
14.1663	5.69677	17.8547	16.267	16.9721	5.1614	9.77064	15.1519	7.34259	4.97855	9.36161	11.3088	17.8858	10.2176	11.3815	10.6543	5.14774	7.28749	9.0314	6.84082	17.4007	9.34813	0	11.8886	5.04	
12.0078	19.5896	9.33676	3.98447	11.5976	11.8946	20.6478	17.1036	10.4545	21.9626	7.69441	21.9651	9.31691	11.1678	9.58848	13.5853	15.1038	13.135	13.1966	5.04777	15.8951	15.7918	11.8886	0	23.5298	
12.3423	10.7368	17.9641	21.0285	9.36813	10.2014	8.87428	10.1119	8.89343	10.0186	14.181	16.3488	13.7196	10.6721	8.73351	20.4758	9.90919	12.6927	9.43111	11.8808	9.86777	4.30813	5.04	23.5298	0	

0	14.6725	9.52954	9.87219	0.551543	13.6168	9.36043	13.9825	7.17696	17.665	14.0926	19.0462	19.413	10.0731	5.58614	10.783	13.3796	11.0385	11.564	8.63192	4.11825	5.75543	10.3893	12.052	13.9685	
14.6725	0	18.9661	22.6495	22.3271	3.71271	6.282	5.12544	6.09682	4.32	14.2275	16.7369	17.7881	13.7037	15.3743	17.9295	4.29271	5.94794	12.0502	17.8067	14.9551	11.231	2.88444	18.7566	4.20444	
9.52954	18.9661	0	14.6693	16.0739	10.0471	21.3935	13.6377	17.2729	14.2392	7.76881	5.4037	3.62243	11.3661	8.35128	10.4814	9.46708	14.342	15.3638	9.92495	5.41128	19.9238	17.482	13.345	14.9483	
9.87219	22.6495	14.6693	0	9.32064	18.9368	17.5735	18.9284	22.2262	34.4705	15.1933	24.2199	11.0469	23.9928	14.3552	17.9058	19.5168	29.4491	20.3331	22.1728	12.8036	18.7806	23.3649	4.86991	22.3728	
0.551543	22.3271	16.0739	9.32064	0	13.4081	13.065	16.9987	7.72851	17.6002	18.9933	27.1882	20.3675	14.8482	5.0346	13.4342	12.8281	14.743	11.0125	10.4816	4.6698	6.30698	17.5245	14.1906	20.4457	
13.6168	3.71271	10.0471	18.9368	13.4081	0	11.5698	4.75062	6.43988	5.35213	16.3561	14.9401	21.0758	6.46184	12.191	14.2168	0.58	5.45494	9.36	12.6348	20.2429	14.5465	6.59715	15.0439	8.7942	
9.36043	6.282	21.3935	17.5735	13.065	11.5698	0	18.2826	6.60994	11.3264	9.2625	27.8312	16.2259	8.99315	15.8874	15.2347	14.112	8.39396	8.37478	5.1	9.61367	3.605	3.39756	12.7036	4.71756	
13.9825	5.12544	13.6377	18.9284	16.9987	4.75062	18.2826	0	12.621	8.94275	10.3167	18.5307	13.8636	10.0525	12.8043	16.529	4.17062	9.04556	6.92474	10.1995	9.86426	21.3944	8.00988	14.0584	11.5876	
