50
5
3
12
40

42	6
2	39
5	45
14	8
43	3

28	23
33	5
45	13
14	3
50	32
17	45
1	22
39	36
8	8
17	9
21	18
22	16
17	39
42	6
21	5
38	2
39	17
21	38
31	6
40	33
26	26
40	48
33	42
14	50
11	10
24	5
7	44
49	42
8	31
40	24
35	44
7	30
16	48
40	10
10	3
7	31
33	29
25	34
49	9
5	48
23	3
3	49
15	18
38	50
42	31
12	23
47	22
24	24
14	17
44	20

70

1.79769e+308
1.79769e+308
1.79769e+308
1.79769e+308
1.79769e+308

19
17
19
18
14
19
20
13
11
16
17
16
11
14
13
12
16
12
13
20
16
16
16
13
20
16
11
16
12
14
13
17
19
11
11
19
11
15
14
14
18
12
16
17
11
18
14
16
15
15

0
0
0
0
0

0

0	16.2635	17.0294	16.2814	4.55368	9.51001	5.34268	3.19862	16.0542	16.2514	17.1402	23.0324	13.1926	17.7106	15.4031	12.9245	10.5288	23.2203	0	11.1728	3.16784	4.78874	13.0863	7.77999	9.38593	11.7621	15.2314	12.6167	15.112	21.7218	11.4792	17.3604	11.1292	14.7195	8.81925	15.8192	19.41	19.7658	4.6063	15.4274	16.6644	12.7044	11.9704	2.81784	21.9553	8.4671	15.8956	12.4478	11.0454	8	12.2566	9.7445	12.5305	11.8164	12.1082	
16.2635	0	3.15286	28.5157	16.2262	14.0025	14.8158	13.0648	19.0271	21.534	8.67286	16.0076	14.7825	20.8085	23.1	20.8038	15.0333	12.0077	20.376	23.0414	19.9559	19.6269	11.3857	17.6832	10.9229	15.6026	12.0911	12.7273	5.04643	21.1526	14.1669	4.53922	18.2422	9.62299	14.6065	16.1561	7.51581	6.63035	16.716	12.4581	8.43581	9.60266	12.5476	19.5624	7.47286	18.8993	5.1206	18.6209	7.90504	15.4775	12.886	19.2416	11.9822	18.7406	19.1878	
17.0294	3.15286	0	16.7969	16.9921	9.10529	15.5349	13.8307	14.2252	10.8855	5.52	19.1605	9.76223	13.947	17.1419	15.2576	13.0913	8.37	19.9709	17.7429	16.803	14.3655	10.0683	14.5304	7.77	10.7908	13.1318	9.57449	5.76555	16.6306	13.9149	1.38636	15.9159	9.30658	11.01	10.6758	5.02636	7.34947	13.2571	9.30525	8.18372	6.44981	7.35783	14.6458	3.39882	13.7095	1.96774	16.6201	7.70142	9.15593	14.7	19.3128	10.4651	13.4049	14.5226	
16.2814	28.5157	16.7969	0	8.0946	15.5939	9.31144	9.57779	2.45	9.95132	16.4468	6.46278	12.4632	5.46	4.73079	6.98105	6.87666	13.8545	16.2814	7.61888	14.0089	10.9484	17.3189	11.4114	13.0668	7.77588	15.705	13.9004	12.4149	4.35394	4.23375	15.6178	18.4937	8.17713	11.1396	14.3695	11.6527	8.54413	7.1554	7.37	7.15978	14.7159	12.3033	15.7564	14.35	3.2946	17.3016	7.50389	18.3635	12.0924	3.48053	12.457	14.0018	8.3805	13.444	
4.55368	16.2262	16.9921	8.0946	0	9.47278	7.92072	3.16139	8.31	11.2431	14.3254	12.6486	12.3181	9.36099	12.9846	11.984	8.97264	15.749	4.55368	7.34359	4.13021	8.33953	13.6851	7.2979	14.8755	16.4879	19.4717	12.4811	19.9514	17.0839	5.73915	17.1232	16.7773	12.8377	16.9231	10.4433	12.7647	18.2097	3.73173	10.13	13.8797	11.5901	13.8087	3.39411	16.7991	4.8	15.0211	7.47287	12.5427	11.7381	14.4094	8.73742	10.9744	6.4405	12.0709	
9.51001	14.0025	9.10529	15.5939	9.47278	0	10.4298	6.31139	9.5896	15.8893	12.159	15.7822	15.4192	14.3539	11.0221	4.8173	5.07142	12.9408	13.6225	8.69746	10.4743	6.26498	9.17923	9.50345	9.14038	5.64071	9.33748	6.81548	14.9028	11.1907	12.1698	7.72161	12.8039	13.8392	5.90038	8.10327	11.3616	16.4867	10.2181	10.7696	7.87085	2.65548	6.61776	9.60056	9.73407	9.98715	15.0852	12.0173	9.10744	9.67471	8.31782	10.3049	2.02032	12.1518	10.5812	
5.34268	14.8158	15.5349	9.31144	7.92072	10.4298	0	4.75933	9.52684	16.6047	16.1251	13.8654	14.6263	14.2259	9.68663	7.12346	10.6145	14.7995	5.34268	6.65826	10.4374	9.92814	10.5794	2.43731	12.0144	6.41942	10.4419	9.62	9.76934	17.5799	6.25569	18.1971	8.06226	14.167	12.4996	14.0889	14.0311	11.3533	6.70981	11.3468	13.2109	10.7604	10.6924	9.55415	18.2049	6.01684	17.9991	7.10515	15.4966	11.1915	10.7148	11.3052	8.40952	8.13753	13.6689	
3.19862	13.0648	13.8307	9.57779	3.16139	6.31139	4.75933	0	9.79318	9.05155	19.3507	14.1318	12.4931	18.9761	14.8197	11.1287	11.1074	17.2322	3.19862	10.9218	7.2916	6.5621	14.8597	7.19664	9.96262	11.1788	20.8788	14.3793	14.5287	20.4535	7.22233	14.033	11.7059	11.5209	10.5926	13.6047	13.6281	20.8872	3.90674	11.6132	12.4509	8.96687	12.5471	6.5555	18.1507	6.28318	15.1961	11.8645	12.7177	8.5767	14.0299	6.54588	8.33171	9.60189	8.90955	
16.0542	19.0271	14.2252	2.45	8.31	9.5896	9.52684	9.79318	0	12.4013	16.6622	11.0221	12.6786	6.44627	2.28079	5.72358	4.42666	10.9808	17.1671	5.16888	11.1352	12.7201	14.3914	9.32185	11.1157	11.4274	16.1755	13.1316	16.9743	1.90394	4.44915	15.8332	15.0086	5.72713	8.59637	16.326	7.83431	13.1035	7.3708	4.92	6.65713	11.0681	12.5187	10.0052	14.2146	3.51	18.9188	4.86226	19.4518	11.8794	5.93053	9.56864	7.47776	10.3976	15.195	
16.2514	21.534	10.8855	9.95132	11.2431	15.8893	16.6047	9.05155	12.4013	0	15.7756	17.0407	5.1077	15.4113	14.4176	12.881	7.64766	19.4018	14.7891	15.4737	21.5458	8.7321	15.1777	17.5671	3.11546	12.5494	10.9221	5.50983	15.8519	14.7828	14.2437	14.2478	8.54239	12.5119	6.35546	4.41816	10.074	19.122	12.2304	17.443	15.6785	9.86594	8.27636	11.9713	10.7739	13.2459	22.6172	18.0818	12.6692	4.50139	13.4319	2.50567	17.4217	22.0274	7.08472	
17.1402	8.67286	5.52	16.4468	14.3254	12.159	16.1251	19.3507	16.6622	15.7756	0	14.8491	17.0526	10.8054	15.78	15.2035	15.3828	7.08	17.1402	13.2658	20.3081	17.4192	6.23402	17.4016	13.29	13.0348	14.9611	12.0463	4.24023	19.9178	14.0913	6.73342	20.4297	14.2821	15.9158	11.3575	10.3734	2.65631	17.013	14.8252	7.27281	9.50352	12.7049	17.4719	8.74588	13.1522	7.48774	8.91725	13.0485	20.8436	7.71991	14.7428	13.5188	7.88487	19.3219	
23.0324	16.0076	19.1605	6.46278	12.6486	15.7822	13.8654	14.1318	11.0221	17.0407	14.8491	0	17.0172	5.32184	9.48732	6.48276	12.6728	17.5661	21.5057	10.2271	21.6792	10.4501	15.8699	15.9654	17.7566	7.27759	15.5668	13.7622	11.9167	10.622	8.78775	15.64	19.4999	12.9365	22.3817	20.6646	11.1545	8.04584	11.7094	11.1917	6.6615	17.2218	16.8573	19.5563	14.9488	7.8486	21.5141	7.0056	17.9814	16.3707	2.98225	19.1198	14.3013	6.96419	12.9457	
13.1926	14.7825	9.76223	12.4632	12.3181	15.4192	14.6263	12.4931	12.6786	5.1077	17.0526	17.0172	0	13.4467	12.4815	14.5098	13.9928	20.1175	14.7132	10.8727	14.9665	15.021	13.3935	13.4611	1.99223	10.2456	8.66995	4.3866	14.7287	21.7229	9.64274	13.1925	9.796	15.3853	5.23223	6.17155	8.95081	20.1496	8.58634	14.4986	14.5552	9.16632	12.3652	14.0196	12.5273	9.16856	19.1325	9.9	6.87748	3.37816	13.9234	16.0044	13.9646	10.9324	10.2891	
17.7106	20.8085	13.947	5.46	9.36099	14.3539	14.2259	18.9761	6.44627	15.4113	10.8054	5.32184	13.4467	0	4.16548	10.3703	9.19097	12.8655	17.7106	8.22989	13.0199	18.552	14.9686	10.8183	10.8347	13.6797	10.245	8.44038	18.5699	5.30016	6.99989	11.6394	12.6247	7.6063	10.4811	12.9093	7.5963	11.2928	13.8727	5.86983	6.6763	11.8917	16.6057	14.7695	9.62696	7.93904	12.5786	3.95287	12.9035	19.191	8.30409	14.333	12.2421	2.9205	20.2499	
15.4031	23.1	17.1419	4.73079	12.9846	11.0221	9.68663	14.8197	2.28079	14.4176	15.78	9.48732	12.4815	4.16548	0	6.20478	6.70745	8.7	12.0222	6.16597	8.85438	10.3461	15.4619	10.3869	9.55558	9.51822	14.4105	10.7576	15.8757	4.18473	7.39597	19.2095	15.1692	8.00792	6.31558	16.1365	13.6866	14.4049	14.2977	7.20079	8.68721	13.6093	14.9458	11.84	12.75	5.79079	21.1996	2.58147	17.069	12.6881	6.60483	12.1099	10.019	3.61385	12.821	
12.9245	20.8038	15.2576	6.98105	11.984	4.8173	7.12346	11.1287	5.72358	12.881	15.2035	6.48276	14.5098	10.3703	6.20478	0	1.29692	8.12347	17.6715	4.83143	13.0709	10.9683	9.4	4.68615	15.9965	7.79586	13.0458	10.3309	12.4349	14.9031	8.50453	12.5389	18.6073	16.3675	10.7177	16.843	11.6727	8.56411	11.5447	5.95234	7.17977	7.47279	8.74098	6.87545	12.1735	6.12113	21.6194	7.2	19.0948	11.2969	3.50051	6.4389	4.34802	8.23238	13.464	
10.5288	15.0333	13.0913	6.87666	8.97264	5.07142	10.6145	11.1074	4.42666	7.64766	15.3828	12.6728	13.9928	9.19097	6.70745	1.29692	0	9.42039	8.39637	3.53452	15.3573	11.3684	10.21	5.98307	11.3859	6.67148	11.7488	9.03398	20.0657	6.3306	4.76452	12.8846	13.1292	10.1538	11.0633	12.0892	16.0426	18.5532	8.68501	7.24926	11.8568	6.64146	10.0379	5.57853	12.8464	4.82421	17.767	8.49692	10.1382	10	4.79743	5.14198	3.0511	7.4979	9.72103	
23.2203	12.0077	8.37	13.8545	15.749	12.9408	14.7995	17.2322	10.9808	19.4018	7.08	17.5661	20.1175	12.8655	8.7	8.12347	9.42039	0	18.9092	14.866	15.7413	15.0595	6.76189	12.8096	14.089	8.38004	11.4855	13.6193	7.28881	16.2878	11.8881	6.06246	17.1986	9.2376	15.0156	10.4058	7.13042	5.70489	14.8098	14.0758	8.05042	12.721	12.653	20.5205	4.05	10.949	7.00161	11.2815	14.96	17.5553	10.7685	16.8961	12.0004	13.1001	20.3334	
0	20.376	19.9709	16.2814	4.55368	13.6225	5.34268	3.19862	17.1671	14.7891	17.1402	21.5057	14.7132	17.7106	12.0222	17.6715	8.39637	18.9092	0	9.04038	3.16784	4.78874	12.7227	9.93467	15.0111	16.0476	18.7659	12.6167	23.2619	16.1216	10.4699	20.8949	20.6378	17.3028	12.5818	14.997	20.3037	17.6334	4.6063	15.4274	20.427	11.0138	13.561	2.81784	25.4899	9.35368	17.4162	17.4325	11.0454	8	16.0191	13.2911	10.3981	10.9942	12.7279	
11.1728	23.0414	17.7429	7.61888	7.34359	8.69746	6.65826	10.9218	5.16888	15.4737	13.2658	10.2271	10.8727	8.22989	6.16597	4.83143	3.53452	14.866	9.04038	0	8.53209	13.878	18.51	4.22095	10.5628	10.5352	15.2834	8.16843	16.1793	7.07282	1.23	16.9618	11.947	10.896	12.4816	12.6373	7.88114	12.3085	8.10285	9.96862	8.99611	10.176	13.6473	6.22254	19.6155	2.16915	21.1542	8.74744	20.1862	13.4365	7.24486	8.6765	6.58561	9.16901	14.48	
3.16784	19.9559	16.803	14.0089	4.13021	10.4743	10.4374	7.2916	11.1352	21.5458	20.3081	21.6792	14.9665	13.0199	8.85438	13.0709	15.3573	15.7413	3.16784	8.53209	0	4.20932	9.55489	8.38475	11.9248	12.8798	14.2785	15.7845	20.2067	12.9537	7.30209	18.1894	13.6681	18.7091	8.23983	14.5735	13.4248	13.1326	7.86193	16.691	15.0682	12.125	14.1613	5.98567	19.7913	8.24124	18.7708	11.4358	17.7477	10.5388	11.6772	10.4358	16.5001	10.5707	13.8304	
4.78874	19.6269	14.3655	10.9484	8.33953	6.26498	9.92814	6.5621	12.7201	8.7321	17.4192	10.4501	15.021	18.552	10.3461	10.9683	11.3684	15.0595	4.78874	13.878	4.20932	0	8.29759	9.65704	7.27051	11.7632	13.0212	8.47255	13.5906	17.163	11.5114	13.9866	13.5812	12.8057	4.03051	13.3635	12.1675	11.8753	6.43467	17.7187	11.1471	7.91568	10.7911	8.45212	19.3282	10.2955	16.3766	11.4912	15.2457	10.452	7.46783	6.22643	8.2853	15.4368	9.62107	
13.0863	11.3857	10.0683	17.3189	13.6851	9.17923	10.5794	14.8597	14.3914	15.1777	6.23402	15.8699	13.3935	14.9686	15.4619	9.4	10.21	6.76189	12.7227	18.51	9.55489	8.29759	0	14.0861	10.8285	4.16	4.7236	9.39927	5.16163	12.4875	10.521	7.50988	7.10326	5.97706	12.3281	12.0329	3.86988	3.57771	14.7323	15.3523	4.78988	8.50099	6.90136	14.7391	10.6944	15.9101	13.384	11.0967	8.90967	10.8718	8.45535	14.524	7.15891	15.5514	14.2176	
7.77999	17.6832	14.5304	11.4114	7.2979	9.50345	2.43731	7.19664	9.32185	17.5671	17.4016	15.9654	13.4611	10.8183	10.3869	4.68615	5.98307	12.8096	9.93467	4.22095	8.38475	9.65704	14.0861	0	13.3023	8.85674	18.5567	12.0573	12.2067	11.2258	3.81838	15.9167	10.4996	15.049	10.0623	17.4807	10.4695	21.9324	8.86397	10.6385	11.5845	15.3128	13.4271	7.11683	18.8504	4.75753	16.4981	9.54247	17.675	16.9146	8.18666	15.8835	10.8468	9.51677	16.5677	
9.38593	10.9229	7.77	13.0668	14.8755	9.14038	12.0144	9.96262	11.1157	3.11546	13.29	17.7566	1.99223	10.8347	9.55558	15.9965	11.3859	14.089	15.0111	10.5628	11.9248	7.27051	10.8285	13.3023	0	7.63364	10.5255	2.39437	12.7364	13.0196	11.635	9.15636	4.51515	9.06576	3.24	6.86328	6.95858	14.3203	10.5786	16.0357	7.87858	6.55437	5.35634	15.0868	12.09	10.1838	9.73774	11.8922	8.86971	1.38593	15.1308	5.62114	12.6419	19.4189	8.2969	
11.7621	15.6026	10.7908	7.77588	16.4879	5.64071	6.41942	11.1788	11.4274	12.5494	13.0348	7.27759	10.2456	13.6797	9.51822	7.79586	6.67148	8.38004	16.0476	10.5352	12.8798	11.7632	4.16	8.85674	7.63364	0	8.8836	5.23927	13.2298	12.7908	13.7994	10.2445	14.1393	12.0096	9.68131	9.70819	8.02988	7.73771	12.7562	14.5462	7.9746	4.34099	4.273	11.2006	12.43	11.8249	19.1412	6.93675	10.7075	8.24341	4.29535	12.1427	3.62039	7.96913	11.5893	
15.2314	12.0911	13.1318	15.705	19.4717	9.33748	10.4419	20.8788	16.1755	10.9221	14.9611	15.5668	8.66995	10.245	14.4105	13.0458	11.7488	11.4855	18.7659	15.2834	14.2785	13.0212	4.7236	18.5567	10.5255	8.8836	0	10.842	8.60535	15.5452	13.0967	10.5011	2.37966	13.0082	10.32	9.02841	8.59348	8.30131	12.9971	16.1148	11.8211	6.68199	6.36067	14.878	12.6	15.3694	15.5516	18.5699	4.18607	5.50888	16.5514	10.4196	10.6973	13.1655	13.6769	
12.6167	12.7273	9.57449	13.9004	12.4811	6.81548	9.62	14.3793	13.1316	5.50983	12.0463	13.7622	4.3866	8.44038	10.7576	10.3309	9.03398	13.6193	12.6167	8.16843	15.7845	8.47255	9.39927	12.0573	2.39437	5.23927	10.842	0	14.0021	13.7405	9.39843	10.9608	10.5402	10.3789	4.44204	4.46891	9.35295	14.7026	13.5927	14.3102	9.37536	4.16	8.12227	12.356	10.8247	12.8071	11.5422	12.176	11.8838	3.7803	9.53462	13.9062	8.1753	11.3609	10.6913	
15.112	5.04643	5.76555	12.4149	19.9514	14.9028	9.76934	14.5287	16.9743	15.8519	4.24023	11.9167	14.7287	18.5699	15.8757	12.4349	20.0657	7.28881	23.2619	16.1793	20.2067	13.5906	5.16163	12.2067	12.7364	13.2298	8.60535	14.0021	0	21.2536	17.1493	7.15192	10.985	15.0721	9.56008	15.2987	11.6462	1.58392	16.4792	15.0708	6.20041	12.2154	13.3974	16.3995	8.94296	15.7862	7.73329	12.9578	12.7914	14.1224	6.64751	19.0242	16.9231	14.2406	16.0655	
21.7218	21.1526	16.6306	4.35394	17.0839	11.1907	17.5799	20.4535	1.90394	14.7828	19.9178	10.622	21.7229	5.30016	4.18473	14.9031	6.3306	16.2878	16.1216	7.07282	12.9537	17.163	12.4875	11.2258	13.0196	12.7908	15.5452	13.7405	21.2536	0	12.3001	14.3231	23.8676	7.63107	10.5935	18.6664	16.3574	16.0652	18.0311	6.82394	11.9765	13.1857	18.3158	16.7506	12.3106	5.41394	15.2623	11.2798	16.2575	13.7833	8.31197	22.6554	9.17039	8.22066	21.3185	
11.4792	14.1669	13.9149	4.23375	5.73915	12.1698	6.25569	7.22233	4.44915	14.2437	14.0913	8.78775	9.64274	6.99989	7.39597	8.50453	4.76452	11.8881	10.4699	1.23	7.30209	11.5114	10.521	3.81838	11.635	13.7994	13.0967	9.39843	17.1493	12.3001	0	10.2911	10.717	8.69611	13.8807	13.7552	6.65114	12.3826	4.79995	6.26915	7.57114	12.3604	9.94784	7.45254	16.6269	0.939149	16.1652	13.8718	15.6838	9.73699	8.47486	14.5335	10.83	9.92039	13.25	
17.3604	4.53922	1.38636	15.6178	17.1232	7.72161	18.1971	14.033	15.8332	14.2478	6.73342	15.64	13.1925	11.6394	19.2095	12.5389	12.8846	6.06246	20.8949	16.9618	18.1894	13.9866	7.50988	15.9167	9.15636	10.2445	10.5011	10.9608	7.15192	14.3231	10.2911	0	15.8378	5.74718	13.622	8.36821	3.64	9.38973	15.1261	10.6916	4.56	7.83617	5.97147	16.7147	2.01246	12.3232	3.3541	14.1657	6.31506	9.94188	11.7393	21.4762	9.74193	14.6183	13.2877	
11.1292	18.2422	15.9159	18.4937	16.7773	12.8039	8.06226	11.7059	15.0086	8.54239	20.4297	19.4999	9.796	12.6247	15.1692	18.6073	13.1292	17.1986	20.6378	11.947	13.6681	13.5812	7.10326	10.4996	4.51515	14.1393	2.37966	10.5402	10.985	23.8676	10.717	15.8378	0	18.0461	10.0623	11.4081	13.2807	23.3767	12.622	23.0058	16.1416	9.06165	7.09963	17.82	14.9797	11.6562	22.5921	15.1674	6.56574	3.12922	22.6008	8.0399	14.9415	21.3543	12.619	
14.7195	9.62299	9.30658	8.17713	12.8377	13.8392	14.167	11.5209	5.72713	12.5119	14.2821	12.9365	15.3853	7.6063	8.00792	16.3675	10.1538	9.2376	17.3028	10.896	18.7091	12.8057	5.97706	15.049	9.06576	12.0096	13.0082	10.3789	15.0721	7.63107	8.69611	5.74718	18.0461	0	14.4167	14.8479	1.85	5.54649	15.4276	8.81487	0.93	6.14536	16.0556	18.4223	12.7409	9.23713	11.2743	7.03574	17.4144	16.3895	4.60925	10.0062	16.3131	6.39725	14.5853	
8.81925	14.6065	11.01	11.1396	16.9231	5.90038	12.4996	10.5926	8.59637	6.35546	15.9158	22.3817	5.23223	10.4811	6.31558	10.7177	11.0633	15.0156	12.5818	12.4816	8.23983	4.03051	12.3281	10.0623	3.24	9.68131	10.32	4.44204	9.56008	10.5935	13.8807	13.622	10.0623	14.4167	0	8.91095	10.1986	11.144	10.4652	13.6096	15.803	8.55587	13.1434	12.4826	18.1066	12.1996	19.0591	8.89706	14.5061	4.62593	11.4983	9.46414	7.9207	14.4324	6.50538	
15.8192	16.1561	10.6758	14.3695	10.4433	8.10327	14.0889	13.6047	16.326	4.41816	11.3575	20.6646	6.17155	12.9093	16.1365	16.843	12.0892	10.4058	14.997	12.6373	14.5735	13.3635	12.0329	17.4807	6.86328	9.70819	9.02841	4.46891	15.2987	18.6664	13.7552	8.36821	11.4081	14.8479	8.91095	0	15.9028	14.0138	14.175	18.146	10.6632	5.44779	9.41006	13.6438	6.35575	12.816	9.30736	16.0715	8.25109	11.8982	18.4766	6.92383	9.46308	16.8838	14.4805	
19.41	7.51581	5.02636	11.6527	12.7647	11.3616	14.0311	13.6281	7.83431	10.074	10.3734	11.1545	8.95081	7.5963	13.6866	11.6727	16.0426	7.13042	20.3037	7.88114	13.4248	12.1675	3.86988	10.4695	6.95858	8.02988	8.59348	9.35295	11.6462	16.3574	6.65114	3.64	13.2807	1.85	10.1986	15.9028	0	5.53649	13.524	8.80487	0.92	6.13536	9.61147	19.1441	5.65246	7.59028	9.23146	7.02574	9.95506	8.34451	4.59925	12.1134	11.0288	8.50443	13.7979	
19.7658	6.63035	7.34947	8.54413	18.2097	16.4867	11.3533	20.8872	13.1035	19.122	2.65631	8.04584	20.1496	11.2928	14.4049	8.56411	18.5532	5.70489	17.6334	12.3085	13.1326	11.8753	3.57771	21.9324	14.3203	7.73771	8.30131	14.7026	1.58392	16.0652	12.3826	9.38973	23.3767	5.54649	11.144	14.0138	5.53649	0	20.2488	12.5014	4.61649	9.83185	10.4791	14.8156	8.03	15.8085	10.5611	9.08695	15.7274	18.1645	5.0636	17.3991	10.7366	10.5412	15.0271	
4.6063	16.716	13.2571	7.1554	3.73173	10.2181	6.70981	3.90674	7.3708	12.2304	17.013	11.7094	8.58634	13.8727	14.2977	11.5447	8.68501	14.8098	4.6063	8.10285	7.86193	6.43467	14.7323	8.86397	10.5786	12.7562	12.9971	13.5927	16.4792	18.0311	4.79995	15.1261	12.622	15.4276	10.4652	14.175	13.524	20.2488	0	9.1908	14.639	13.6292	12.8695	5.43323	14.2409	3.8608	11.2893	13.815	8.81099	9.49276	13.9025	9.72471	13.0135	10.1722	12.2782	
15.4274	12.4581	9.30525	7.37	10.13	10.7696	11.3468	11.6132	4.92	17.443	14.8252	11.1917	14.4986	5.86983	7.20079	5.95234	7.24926	14.0758	15.4274	9.96862	16.691	17.7187	15.3523	10.6385	16.0357	14.5462	16.1148	14.3102	15.0708	6.82394	6.26915	10.6916	23.0058	8.81487	13.6096	18.146	8.80487	12.5014	9.1908	0	7.88487	13.1002	14.3387	18.2452	13.6252	5.33	11.273	10.4181	18.7733	14.1278	9.45286	24.54	17.2063	8.79033	20.2144	
16.6644	8.43581	8.18372	7.15978	13.8797	7.87085	13.2109	12.4509	6.65713	15.6785	7.27281	6.6615	14.5552	6.6763	8.68721	7.17977	11.8568	8.05042	20.427	8.99611	15.0682	11.1471	4.78988	11.5845	7.87858	7.9746	11.8211	9.37536	6.20041	11.9765	7.57114	4.56	16.1416	0.93	15.803	10.6632	0.92	4.61649	14.639	7.88487	0	5.21536	9.17763	13.4114	10.0725	8.70526	10.4341	6.10574	14.3751	13.9489	3.67925	10.9362	9.23066	7.13811	13.6428	
12.7044	9.60266	6.44981	14.7159	11.5901	2.65548	10.7604	8.96687	11.0681	9.86594	9.50352	17.2218	9.16632	11.8917	13.6093	7.47279	6.64146	12.721	11.0138	10.176	12.125	7.91568	8.50099	15.3128	6.55437	4.34099	6.68199	4.16	12.2154	13.1857	12.3604	7.83617	9.06165	6.14536	8.55587	5.44779	6.13536	9.83185	13.6292	13.1002	5.21536	0	3.96227	8.196	10.7698	11.4213	8.41755	11.2777	10.8681	7.93269	8.63634	11.7834	4.0153	14.1394	11.2785	
11.9704	12.5476	7.35783	12.3033	13.8087	6.61776	10.6924	12.5471	12.5187	8.27636	12.7049	16.8573	12.3652	16.6057	14.9458	8.74098	10.0379	12.653	13.561	13.6473	14.1613	10.7911	6.90136	13.4271	5.35634	4.273	6.36067	8.12227	13.3974	18.3158	9.94784	5.97147	7.09963	16.0556	13.1434	9.41006	9.61147	10.4791	12.8695	14.3387	9.17763	3.96227	0	10.7432	7.98393	9.00869	13.3351	11.2097	10.5467	3.97042	8.56834	10.3537	7.89338	18.7112	7.31626	
2.81784	19.5624	14.6458	15.7564	3.39411	9.60056	9.55415	6.5555	10.0052	11.9713	17.4719	19.5563	14.0196	14.7695	11.84	6.87545	5.57853	20.5205	2.81784	6.22254	5.98567	8.45212	14.7391	7.11683	15.0868	11.2006	14.878	12.356	16.3995	16.7506	7.45254	16.7147	17.82	18.4223	12.4826	13.6438	19.1441	14.8156	5.43323	18.2452	13.4114	8.196	10.7432	0	17.3756	8.19411	16.7226	14.4215	14.2442	12.9503	13.4674	10.7205	7.58024	9.83461	14.4997	
21.9553	7.47286	3.39882	14.35	16.7991	9.73407	18.2049	18.1507	14.2146	10.7739	8.74588	14.9488	12.5273	9.62696	12.75	12.1735	12.8464	4.05	25.4899	19.6155	19.7913	19.3282	10.6944	18.8504	12.09	12.43	12.6	10.8247	8.94296	12.3106	16.6269	2.01246	14.9797	12.7409	18.1066	6.35575	5.65246	8.03	14.2409	13.6252	10.0725	10.7698	7.98393	17.3756	0	14.3356	2.95161	17.9166	8.32752	18.4824	13.0936	17.8833	9.79535	12.5475	15.5065	
8.4671	18.8993	13.7095	3.2946	4.8	9.98715	6.01684	6.28318	3.51	13.2459	13.1522	7.8486	9.16856	7.93904	5.79079	6.12113	4.82421	10.949	9.35368	2.16915	8.24124	10.2955	15.9101	4.75753	10.1838	11.8249	15.3694	12.8071	15.7862	5.41394	0.939149	12.3232	11.6562	9.23713	12.1996	12.816	7.59028	15.8085	3.8608	5.33	8.70526	11.4213	9.00869	8.19411	14.3356	0	15.1501	12.44	12.6718	8.79784	6.77513	9.96619	7.87531	11.2405	14.1891	
15.8956	5.1206	1.96774	17.3016	15.0211	15.0852	17.9991	15.1961	18.9188	22.6172	7.48774	21.5141	19.1325	12.5786	21.1996	21.6194	17.767	7.00161	17.4162	21.1542	18.7708	16.3766	13.384	16.4981	9.73774	19.1412	15.5516	11.5422	7.73329	15.2623	16.1652	3.3541	22.5921	11.2743	19.0591	9.30736	9.23146	10.5611	11.2893	11.273	10.4341	8.41755	13.3351	16.7226	2.95161	15.1501	0	20.6192	12.255	19.8274	15.6247	17.1339	12.747	17.5555	12.5549	
12.4478	18.6209	16.6201	7.50389	7.47287	12.0173	7.10515	11.8645	4.86226	18.0818	8.91725	7.0056	9.9	3.95287	2.58147	7.2	8.49692	11.2815	17.4325	8.74744	11.4358	11.4912	11.0967	9.54247	11.8922	6.93675	18.5699	12.176	12.9578	11.2798	13.8718	14.1657	15.1674	7.03574	8.89706	16.0715	7.02574	9.08695	13.815	10.4181	6.10574	11.2777	11.2097	14.4215	17.9166	12.44	20.6192	0	12.0496	19.5023	4.02336	18.1006	10.5571	1.03238	13.9869	
11.0454	7.90504	7.70142	18.3635	12.5427	9.10744	15.4966	12.7177	19.4518	12.6692	13.0485	17.9814	6.87748	12.9035	17.069	19.0948	10.1382	14.96	11.0454	20.1862	17.7477	15.2457	8.90967	17.675	8.86971	10.7075	4.18607	11.8838	12.7914	16.2575	15.6838	6.31506	6.56574	17.4144	14.5061	8.25109	9.95506	15.7274	8.81099	18.7733	14.3751	10.8681	10.5467	14.2442	8.32752	12.6718	12.255	12.0496	0	7.57243	18.4062	13.9557	7.08712	11.0172	18.861	
8	15.4775	9.15593	12.0924	11.7381	9.67471	11.1915	8.5767	11.8794	4.50139	20.8436	16.3707	3.37816	19.191	12.6881	11.2969	10	17.5553	8	13.4365	10.5388	10.452	10.8718	16.9146	1.38593	8.24341	5.50888	3.7803	14.1224	13.7833	9.73699	9.94188	3.12922	16.3895	4.62593	11.8982	8.34451	18.1645	9.49276	14.1278	13.9489	7.93269	3.97042	12.9503	18.4824	8.79784	19.8274	19.5023	7.57243	0	17.8734	6.38329	11.695	17.4979	9.68283	
12.2566	12.886	14.7	3.48053	14.4094	8.31782	10.7148	14.0299	5.93053	13.4319	7.71991	2.98225	13.9234	8.30409	6.60483	3.50051	4.79743	10.7685	16.0191	7.24486	11.6772	7.46783	8.45535	8.18666	15.1308	4.29535	16.5514	9.53462	6.64751	8.31197	8.47486	11.7393	22.6008	4.60925	11.4983	18.4766	4.59925	5.0636	13.9025	9.45286	3.67925	8.63634	8.56834	13.4674	13.0936	6.77513	15.6247	4.02336	18.4062	17.8734	0	13.6943	7.91573	5.05573	9.9635	
9.7445	19.2416	19.3128	12.457	8.73742	10.3049	11.3052	6.54588	9.56864	2.50567	14.7428	19.1198	16.0044	14.333	12.1099	6.4389	5.14198	16.8961	13.2911	8.6765	10.4358	6.22643	14.524	15.8835	5.62114	12.1427	10.4196	13.9062	19.0242	22.6554	14.5335	21.4762	8.0399	10.0062	9.46414	6.92383	12.1134	17.3991	9.72471	24.54	10.9362	11.7834	10.3537	10.7205	17.8833	9.96619	17.1339	18.1006	13.9557	6.38329	13.6943	0	8.19308	12.6399	4.57905	
12.5305	11.9822	10.4651	14.0018	10.9744	2.02032	8.40952	8.33171	7.47776	17.4217	13.5188	14.3013	13.9646	12.2421	10.019	4.34802	3.0511	12.0004	10.3981	6.58561	16.5001	8.2853	7.15891	10.8468	12.6419	3.62039	10.6973	8.1753	16.9231	9.17039	10.83	9.74193	14.9415	16.3131	7.9207	9.46308	11.0288	10.7366	13.0135	17.2063	9.23066	4.0153	7.89338	7.58024	9.79535	7.87531	12.747	10.5571	7.08712	11.695	7.91573	8.19308	0	10.1314	12.6016	
11.8164	18.7406	13.4049	8.3805	6.4405	12.1518	8.13753	9.60189	10.3976	22.0274	7.88487	6.96419	10.9324	2.9205	3.61385	8.23238	7.4979	13.1001	10.9942	9.16901	10.5707	15.4368	15.5514	9.51677	19.4189	7.96913	13.1655	11.3609	14.2406	8.22066	9.92039	14.6183	21.3543	6.39725	14.4324	16.8838	8.50443	10.5412	10.1722	8.79033	7.13811	14.1394	18.7112	9.83461	12.5475	11.2405	17.5555	1.03238	11.0172	17.4979	5.05573	12.6399	10.1314	0	17.9324	
12.1082	19.1878	14.5226	13.444	12.0709	10.5812	13.6689	8.90955	15.195	7.08472	19.3219	12.9457	10.2891	20.2499	12.821	13.464	9.72103	20.3334	12.7279	14.48	13.8304	9.62107	14.2176	16.5677	8.2969	11.5893	13.6769	10.6913	16.0655	21.3185	13.25	13.2877	12.619	14.5853	6.50538	14.4805	13.7979	15.0271	12.2782	20.2144	13.6428	11.2785	7.31626	14.4997	15.5065	14.1891	12.5549	13.9869	18.861	9.68283	9.9635	4.57905	12.6016	17.9324	0	

0	17.8567	13.4397	11.79	1.51789	7.42518	9.91055	3.9602	9.85311	7.88885	16.9449	16.7876	10.3341	15.5349	11.1235	12.819	11.2109	13.2482	0	11.8605	6.27911	3.07847	21.0566	5.60125	5.68553	7.42762	20.0831	13.4259	21.8358	16.6214	3.60555	17.1247	12.836	8.98261	3.62215	12.1244	8.48764	15.1288	3.53299	16.4855	9.07764	13.2749	10.4821	10.3575	15.8469	8.46357	17.8849	15.4103	12.6482	7.09975	16.19	6.28603	9.41866	16.6915	7.9196	
17.8567	0	6.10447	17.0655	19.0062	15.2665	25.1467	24.0947	16.7034	12.1269	7.10842	15.1456	15.1983	16.4163	13.081	14.8798	14.4654	12.9284	19.5441	22.0188	22.7896	19.3856	9.76896	19.439	20.0125	14.9454	13.2157	9.34345	10.7375	18.275	17.354	7.49083	16.8165	9.864	14.3776	13.1618	9.36902	12.5475	16.9939	12.1698	9.95902	14.9314	10.5917	23.7682	8.74447	15.1598	10.6213	13.4107	11.985	22.0278	17.3922	21.605	14.6346	12.2794	19.3303	
13.4397	6.10447	0	15.8915	14.9576	9.70194	19.0422	15.3793	19.7715	14.5129	5.48494	16.4294	14.9101	13.6037	13.4165	12.4032	12.2333	8.73767	13.4397	16.0183	20.7323	20.2813	12.9805	12.9577	17.39	14.2115	11.0256	8.94864	4.63303	17.2567	17.0452	1.38636	10.6368	11.2392	17.0618	15.1164	10.7442	5.65127	10.8894	14.8038	11.3342	14.2617	14.3589	19.5826	2.64	17.7938	4.51686	10.5429	10.3468	14.0412	19.6573	23.9092	9.0682	9.41148	15.2396	
11.79	17.0655	15.8915	0	12.44	12.1058	13.7483	6.59413	6.35	17.5728	16.1948	12.8491	15.0441	6.24	3.98447	8.8875	9.05097	13.0808	10.5543	10.618	14.167	10.3439	15.6372	10.4275	17.4755	9.56273	16.2205	13.763	15.2398	4.83144	8.25747	18.8449	23.4677	12.0439	12.0315	23.8378	13.2873	15.4352	11.084	5.76281	14.4925	9.62867	12.8963	12.9864	15.4097	8.75129	12.8841	6.84253	15.6317	16.8106	5.90177	14.7995	12.2837	6.48	12.3924	
1.51789	19.0062	14.9576	12.44	0	12.3457	6.93467	5.4781	6.09	11.652	14.7092	24.4318	14.7841	15.9991	9.71243	11.0559	10.3732	14.766	1.51789	12.6668	6.01684	6.84158	19.1571	7.56077	9.44864	8.94552	13.535	9.66279	21.826	15.1067	5.12344	17.2251	16.5991	13.8948	5.14005	13.4812	12.2507	20.8062	6.16891	12.73	10.9805	14.1197	12	9.07925	20.8712	9.98146	21.369	12.5573	12.3043	16.0142	20.7628	12.7621	13.1818	13.195	9.43749	
7.42518	15.2665	9.70194	12.1058	12.3457	0	14.198	8.38203	11.1569	5.46704	10.701	10.267	11.4364	9.10201	8.57087	6.38884	6.73027	6.60161	8.54322	12.4078	12.4705	6.64088	6.76261	5.96046	11.6193	2.99261	16.6427	12.1418	10.7062	12.8699	11.0906	8.31558	11.497	9.98585	7.33479	11.7321	14.298	8.95601	3.8922	10.2417	10.0655	5.12502	4.67472	10.1518	9.60299	17.5506	15.463	8.9143	10.2264	9.69783	11.6741	6.46894	3.17479	7.79261	9.49758	
9.91055	25.1467	19.0422	13.7483	6.93467	14.198	0	10.1855	9.36144	16.4936	16.4522	22.2277	18.0555	11.8343	7.06912	8.8459	6.68023	15.946	6.66555	6.8638	5.83095	4.70654	13.6781	0.626099	10.4937	12.2421	10.9349	10.7216	14.8898	9.3037	3.06	20.4286	13.0333	18.5844	14.1096	13.9232	18.3501	13.8716	2.69436	7.98704	17.2521	8.9036	13.1339	3.79326	18.2015	2.42034	16.7322	15.9259	13.1323	9.0795	11.8316	7.47608	11.5311	12.9009	5.2083	
3.9602	24.0947	15.3793	6.59413	5.4781	8.38203	10.1855	0	12.9441	13.5784	13.2158	23.6787	10.0132	7.84062	10.5786	15.7519	13.9679	13.8005	3.9602	14.7289	10.6949	3.74977	14.2681	6.55809	8.85737	10.3282	9.71634	11.679	16.4049	11.4256	7.56575	16.4516	15.5662	12.5006	5.43737	13.0813	13.7663	25.9932	4.48983	12.1488	13.4228	9.49357	9.2232	6.39225	12.1178	12.4238	16.9275	13.83	9.03752	10.9087	12.4959	6.95733	5.68957	13.0741	5.79828	
9.85311	16.7034	19.7715	6.35	6.09	11.1569	9.36144	12.9441	0	14.6635	11.7836	12.4871	8.6941	9.9612	3.62243	4.96588	4.42666	14.8112	7.60789	6.90676	10.1669	14.8996	14.5235	6.83424	13.3426	8.36212	14.5945	14.5489	17.4891	9.29124	7.79036	20.5381	20.7059	15.1769	11.3514	16.6165	15.6719	17.1656	14.5435	6.64	13.3721	8.17312	7.56557	13.1547	15.0477	5.04	12.5221	6.48049	24.5855	14.9118	7.93359	15.6237	13.7069	7.24845	13.1031	
7.88885	12.1269	14.5129	17.5728	11.652	5.46704	16.4936	13.5784	14.6635	0	11.7523	15.7341	5.9694	17.7366	17.2054	14.1554	12.1973	12.0686	7.88885	17.1218	10.6626	10.9673	15.3972	16.8014	10.6179	8.45965	5.43815	6.70585	18.869	15.6374	14.7394	13.7826	6.02993	14.6999	10.5452	10.5242	16.3765	18.7844	9.35923	14.9557	18.7	12.947	10.1418	14.0983	13.0594	23.0646	9.996	16.3258	4.75933	12.7201	20.6474	11.936	7.88885	14.4536	14.2116	
16.9449	7.10842	5.48494	16.1948	14.7092	10.701	16.4522	13.2158	11.7836	11.7523	0	11.8898	10.9013	13.4843	14.2702	8.45264	7.35697	5.21687	19.0682	13.3219	13.0972	20.6387	2.66055	13.2494	15.9707	6.43055	8.02827	5.04643	5.94757	11.3634	11.7173	7.85374	17.0552	12.7006	11.6862	8.86481	12.0802	5.43912	21.2094	14.4451	13.1333	11.1034	9.61848	12.7384	2.84494	11.4551	5.90836	9.541	7.68795	10.1868	15.7927	13.9905	7.52622	10.1788	11.1303	
16.7876	15.1456	16.4294	12.8491	24.4318	10.267	22.2277	23.6787	12.4871	15.7341	11.8898	0	24.6275	11.8767	8.86468	11.7594	16.9973	6.06976	12.8157	17.5191	19.0472	16.9079	8.62609	15.3077	16.9454	10.426	20.7958	14.372	10.1744	14.7041	13.1377	17.9209	22.4565	4.73316	19.7799	21.9991	3.94316	8.42416	14.1592	7.56857	3.35316	15.5037	14.9418	22.8568	14.976	10.5586	11.9125	11.7227	18.2605	15.5312	11.929	16.736	13.4418	14.9512	22.039	
10.3341	15.1983	14.9101	15.0441	14.7841	11.4364	18.0555	10.0132	8.6941	5.9694	10.9013	24.6275	0	17.7543	12.3165	12.6319	13.1208	14.157	8.19796	17.2047	16.632	7.12139	11.2681	15.9504	4.64855	11.6449	5.90038	5.85484	18.018	14.7864	16.002	13.4171	11.9993	11.061	4.57581	9.39149	21.9663	17.9334	10.8758	15.3341	18.7177	12.6835	8.34386	17.2082	17.3445	13.7341	14.7836	14.0042	6.5792	6.06276	20.6651	11.1678	8.73581	16.4449	14.4753	
15.5349	16.4163	13.6037	6.24	15.9991	9.10201	11.8343	7.84062	9.9612	17.7366	13.4843	11.8767	17.7543	0	6.33877	7.22299	6.12732	13.3826	11.8008	13.0928	10.7079	11.5904	9.8794	12.1814	16.44	6.1094	17.9701	13.9433	15.1572	5.01172	10.4876	12.6049	20.7728	7.54224	13.278	15.568	7.04727	13.6884	12.3305	4.30813	7.63727	8.24182	10.463	14.2329	12.1502	7.29813	9.08683	8.31135	16.8781	12.8146	10.6499	16.046	10.748	8.94911	13.6389	
11.1235	13.081	13.4165	3.98447	9.71243	8.57087	7.06912	10.5786	3.62243	17.2054	14.2702	8.86468	12.3165	6.33877	0	7.29689	5.04209	12.3	7.87855	8.93783	8.42516	10.5235	9.34826	6.44302	15.9089	5.57826	16.7519	14.771	10.862	5.83945	4.273	16.434	22.858	12.4552	12.7104	15.0368	9.78072	14.6544	8.51128	7.56003	11.1164	7.71068	8.51845	14.4723	11.4252	7.02336	8.89964	2.85806	24.6607	12.2835	4.31116	12.4243	10.2169	3.98943	15.9955	
12.819	14.8798	12.4032	8.8875	11.0559	6.38884	8.8459	15.7519	4.96588	14.1554	8.45264	11.7594	12.6319	7.22299	7.29689	0	1.09567	10.6695	10.8239	14.066	6.83595	15.3292	7.16623	7.1498	12.2814	3.39623	11.0083	11.7551	15.0839	7.23536	5.45601	16.8507	18.2554	9.78619	8.07386	12.8548	8.99619	16.1003	12.5805	11.6059	8.40619	4.84214	4.28803	10.5792	10.9497	10.0059	7.88632	3.27971	11.6871	10.1015	2.98573	13.416	8.03485	3.91746	14.0542	
11.2109	14.4654	12.2333	9.05097	10.3732	6.73027	6.68023	13.9679	4.42666	12.1973	7.35697	16.9973	13.1208	6.12732	5.04209	1.09567	0	11.7032	7.96588	9.37033	5.74028	10.1346	9.58598	6.05413	15.3561	4.49191	12.1039	12.4034	10.1879	6.13968	4.36033	15.0458	18.7235	11.7812	10.3552	15.2745	9.10669	12.7961	8.12239	10.4354	9.50186	3.74647	5.3837	9.4835	10.2019	7.1107	8.98199	2.18403	18.8225	11.9629	4.08141	12.1988	9.90506	2.82179	7.44176	
13.2482	12.9284	8.73767	13.0808	14.766	6.60161	15.946	13.8005	14.8112	12.0686	5.21687	6.06976	14.157	13.3826	12.3	10.6695	11.7032	0	13.2482	12.8157	17.4986	13.2425	2.55633	12.7432	16.5554	6.32633	7.92405	8.3022	3.37263	15.2556	13.2889	11.8512	21.1016	12.5964	12.2709	12.1206	8.99552	2.3544	10.4938	13.6383	9.42292	9.40566	9.51426	12.6341	8.66494	10.949	17.1119	10.0128	10.9437	10.0825	16.2935	13.0705	8.11094	8.88144	11.0261	
0	19.5441	13.4397	10.5543	1.51789	8.54322	6.66555	3.9602	7.60789	7.88885	19.0682	12.8157	8.19796	11.8008	7.87855	10.8239	7.96588	13.2482	0	8.61555	6.27911	3.07847	11.1976	6.71928	5.68553	7.42762	20.7588	11.1807	17.3528	12.7702	3.60555	14.826	12.836	10.8426	3.62215	13.2424	8.48764	14.54	3.53299	11.4536	9.46256	9.56004	7.40798	10.3524	16.0797	6.35591	17.9565	16.1425	12.9977	12.8781	15.8047	11.3989	7.78215	12.2276	7.9196	
11.8605	22.0188	16.0183	10.618	12.6668	12.4078	6.8638	14.7289	6.90676	17.1218	13.3219	17.5191	17.2047	13.0928	8.93783	14.066	9.37033	12.8157	8.61555	0	9.16217	9.73109	19.6945	3.661	11.8665	13.8716	21.1673	20.9336	11.3853	6.17342	4.61713	19.995	13.9201	14.5285	12.6289	21.8687	17.2453	12.4035	14.3973	4.85676	18.6802	14.9759	16.4148	9.61665	15.6612	1.86676	17.8375	11.7959	18.9556	16.0395	13.249	6.52353	9.23298	14.8509	11.6795	
6.27911	22.7896	20.7323	14.167	6.01684	12.4705	5.83095	10.6949	10.1669	10.6626	13.0972	19.0472	16.632	10.7079	8.42516	6.83595	5.74028	17.4986	6.27911	9.16217	0	9.35758	14.3805	6.45705	11.9646	11.4685	20.7091	15.6796	18.9647	11.88	4.15217	20.1497	13.5427	12.9348	11.8812	19.229	13.4298	15.0866	9.8121	15.0161	14.3148	9.33608	12.3097	4.30267	15.8158	6.90253	19.0822	7.92431	13.6417	14.9105	14.4937	7.9855	9.38765	8.56207	6.96094	
3.07847	19.3856	20.2813	10.3439	6.84158	6.64088	4.70654	3.74977	14.8996	10.9673	20.6387	16.9079	7.12139	11.5904	10.5235	15.3292	10.1346	13.2425	3.07847	9.73109	9.35758	0	13.7176	4.08044	5.96558	9.63349	14.3893	10.8503	15.8545	19.1889	9.92902	14.9565	15.5035	10.5115	2.54558	13.9627	10.0166	16.6577	6.1487	17.8722	10.6066	8.94315	6.33141	6.89038	18.5601	5.87468	20.6526	16.9392	12.7873	7.15891	19.1225	3.20755	6.70558	15.6275	5.24786	
21.0566	9.76896	12.9805	15.6372	19.1571	6.76261	13.6781	14.2681	14.5235	15.3972	2.66055	8.62609	11.2681	9.8794	9.34826	7.16623	9.58598	2.55633	11.1976	19.6945	14.3805	13.7176	0	15.6766	8.94043	3.77	5.36773	7.70698	6.66096	14.0239	16.5683	14.4075	12.6149	10.0401	10.7438	13.2286	10.5351	4.91073	14.932	15.5375	10.8429	5.90242	6.95793	10.0778	5.50549	13.5053	14.251	12.6183	6.04655	7.52622	12.7902	13.6257	8.40862	8.57	8.46979	
5.60125	19.439	12.9577	10.4275	7.56077	5.96046	0.626099	6.55809	6.83424	16.8014	13.2494	15.3077	15.9504	12.1814	6.44302	7.1498	6.05413	12.7432	6.71928	3.661	6.45705	4.08044	15.6766	0	11.794	11.8701	10.3088	10.0955	20.1591	6.1009	3.6861	17.6578	17.2692	16.3257	6.62603	10.6597	14.097	14.4977	2.06826	4.78424	17.5594	9.8006	12.6235	4.41936	17.8683	1.79424	15.3427	8.23816	10.9877	9.7056	10.7542	7.28799	12.1673	8.87592	5.8344	
5.68553	20.0125	17.39	17.4755	9.44864	11.6193	10.4937	8.85737	13.3426	10.6179	15.9707	16.9454	4.64855	16.44	15.9089	12.2814	15.3561	16.5554	5.68553	11.8665	11.9646	5.96558	8.94043	11.794	0	8.11944	10.5489	10.5034	20.3915	13.625	12.5361	18.1723	9.75879	6.41249	3.42	9.9081	6.90746	24.4019	9.21852	12.9897	7.79249	11.6097	7.20583	10.202	12.8154	9.99974	21.9069	16.0096	9.37497	1.41421	19.3509	6.5192	7.58	11.7448	11.6751	
7.42762	14.9454	14.2115	9.56273	8.94552	2.99261	12.2421	10.3282	8.36212	8.45965	6.43055	10.426	11.6449	6.1094	5.57826	3.39623	4.49191	6.32633	7.42762	13.8716	11.4685	9.63349	3.77	11.8701	8.11944	0	9.13773	11.8207	11.3779	10.3079	9.85126	11.3082	15.0498	8.45288	8.13945	9.45857	7.66288	9.62764	6.8848	10.4175	7.07288	2.13242	4.35362	13.8478	11.0668	14.6146	11.2826	5.93137	14.666	6.70522	6.38197	9.46155	4.63862	4.8	5.82771	
20.0831	13.2157	11.0256	16.2205	13.535	16.6427	10.9349	9.71634	14.5945	5.43815	8.02827	20.7958	5.90038	17.9701	16.7519	11.0083	12.1039	7.92405	20.7588	21.1673	20.7091	14.3893	5.36773	10.3088	10.5489	9.13773	0	3.32034	16.0354	12.8038	16.1778	11.4345	7.20753	15.4078	10.4762	7.69059	19.5219	13.6412	12.3771	21.9833	15.5861	17.8177	11.3393	10.0178	11.9467	12.1031	8.88324	15.864	0.678823	8.63958	13.994	16.5607	21.0706	22.3127	13.8375	
13.4259	9.34345	8.94864	13.763	9.66279	12.1418	10.7216	11.679	14.5489	6.70585	5.04643	14.372	5.85484	13.9433	14.771	11.7551	12.4034	8.3022	11.1807	20.9336	15.6796	10.8503	7.70698	10.0955	10.5034	11.8207	3.32034	0	10.994	8.93158	15.9645	7.56227	9.17022	15.5684	8.30468	3.81838	16.0634	10.4856	12.1638	18.1947	16.9484	11.8067	7.46705	11.9805	7.89138	11.8898	11.7062	13.1274	2.64151	10.6023	15.9723	18.5234	12.4647	17.1836	12.5333	
21.8358	10.7375	4.63303	15.2398	21.826	10.7062	14.8898	16.4049	17.4891	18.869	5.94757	10.1744	18.018	15.1572	10.862	15.0839	10.1879	3.37263	17.3528	11.3853	18.9647	15.8545	6.66096	20.1591	20.3915	11.3779	16.0354	10.994	0	12.7444	11.9527	6.0194	19.2076	17.1738	20.4678	10.4834	7.65936	1.01823	15.5225	10.8491	8.71239	9.62867	13.6643	13.2649	7.27303	13.2521	9.14989	8.00391	14.8047	20.5077	17.5667	15.7625	12.2156	9.13528	10.6066	
16.6214	18.275	17.2567	4.83144	15.1067	12.8699	9.3037	11.4256	9.29124	15.6374	11.3634	14.7041	14.7864	5.01172	5.83945	7.23536	6.13968	15.2556	12.7702	6.17342	11.88	19.1889	14.0239	6.1009	13.625	10.3079	12.8038	8.93158	12.7444	0	7.05702	16.4939	25.35	7.21249	17.2363	12.75	7.70746	16.8025	19.6977	7.29666	8.59249	9.88615	10.4009	15.6232	14.2083	4.30666	11.7212	4.74046	11.5731	17.0131	7.04074	15.2175	13.1775	5.87183	19.0522	
3.60555	17.354	17.0452	8.25747	5.12344	11.0906	3.06	7.56575	7.79036	14.7394	11.7173	13.1377	16.002	10.4876	4.273	5.45601	4.36033	13.2889	3.60555	4.61713	4.15217	9.92902	16.5683	3.6861	12.5361	9.85126	16.1778	15.9645	11.9527	7.05702	0	22.8728	18.9301	17.087	7.22771	17.9787	15.3382	10.9345	7.93725	5.74036	13.0681	8.1068	10.9297	6.85326	15.6982	2.75036	13.1726	6.54437	21.6809	12.1395	8.58416	11.5335	13.5398	7.18212	8.2683	
17.1247	7.49083	1.38636	18.8449	17.2251	8.31558	20.4286	16.4516	20.5381	13.7826	7.85374	17.9209	13.4171	12.6049	16.434	16.8507	15.0458	11.8512	14.826	19.995	20.1497	14.9565	14.4075	17.6578	18.1723	11.3082	11.4345	7.56227	6.0194	16.4939	22.8728	0	9.25047	17.5731	14.922	11.3807	12.1306	10.9753	12.2078	16.1902	19.3585	17.1412	12.9725	18.4905	4.02636	22.8001	5.90322	15.9451	10.2038	16.41	22.8823	14.7845	10.762	10.7978	17.0848	
12.836	16.8165	10.6368	23.4677	16.5991	11.497	13.0333	15.5662	20.7059	6.02993	17.0552	22.4565	11.9993	20.7728	22.858	18.2554	18.7235	21.1016	12.836	13.9201	13.5427	15.5035	12.6149	17.2692	9.75879	15.0498	7.20753	9.17022	19.2076	25.35	18.9301	9.25047	0	16.7221	13.7296	8.90955	19.6933	22.9003	16.369	23.394	19.1033	18.9769	17.9605	9.24	14.2103	15.7869	16.0259	24.7641	6.52871	8.34458	21.5036	12.9228	13.9188	18.6752	11.8983	
8.98261	9.864	11.2392	12.0439	13.8948	9.98585	18.5844	12.5006	15.1769	14.6999	12.7006	4.73316	11.061	7.54224	12.4552	9.78619	11.7812	12.5964	10.8426	14.5285	12.9348	10.5115	10.0401	16.3257	6.41249	8.45288	15.4078	15.5684	17.1738	7.21249	17.087	17.5731	16.7221	0	9.83249	16.3206	0.494975	7.1361	17.2239	10.1097	1.08497	16.4573	15.2575	11.6878	13.2393	11.5191	16.5779	7.41763	16.2873	7.8267	12.7008	8.005	6.81106	10.7285	13.1338	
3.62215	14.3776	17.0618	12.0315	5.14005	7.33479	14.1096	5.43737	11.3514	10.5452	11.6862	19.7799	4.57581	13.278	12.7104	8.07386	10.3552	12.2709	3.62215	12.6289	11.8812	2.54558	10.7438	6.62603	3.42	8.13945	10.4762	8.30468	20.4678	17.2363	7.22771	14.922	13.7296	9.83249	0	12.1231	12.5621	20.3833	6.3	11.2269	13.0847	8.12546	3.78583	11.8296	10.5882	12.0857	20.0109	9.44622	10.9462	4.83421	18.9256	5.75314	4.16	15.1459	7.79344	
12.1244	13.1618	15.1164	23.8378	13.4812	11.7321	13.9232	13.0813	16.6165	10.5242	8.86481	21.9991	9.39149	15.568	15.0368	12.8548	15.2745	12.1206	13.2424	21.8687	19.229	13.9627	13.2286	10.6597	9.9081	9.45857	7.69059	3.81838	10.4834	12.75	17.9787	11.3807	8.90955	16.3206	12.1231	0	19.4091	11.5016	8.59142	21.2261	16.5314	11.591	9.05097	11.3732	19.2816	15.5498	15.5246	14.7114	6.45989	11.3223	18.4788	13.8708	14.0972	14.2586	8.71488	
8.48764	9.36902	10.7442	13.2873	12.2507	14.298	18.3501	13.7663	15.6719	16.3765	12.0802	3.94316	21.9663	7.04727	9.78072	8.99619	9.10669	8.99552	8.48764	17.2453	13.4298	10.0166	10.5351	14.097	6.90746	7.66288	19.5219	16.0634	7.65936	7.70746	15.3382	12.1306	19.6933	0.494975	12.5621	19.4091	0	6.64112	12.0206	9.31968	0.59	17.8765	12.583	14.5568	13.3842	15.3785	13.9034	6.92266	15.4973	17.1755	11.9108	8.49997	7.30603	8.05403	14.1812	
