20
5
3
5
20

6	7
19	44
37	23
35	6
5	8

20	35
8	31
29	43
18	39
19	47
31	24
38	50
33	21
2	27
1	12
26	20
20	33
15	46
20	26
17	19
15	12
5	30
13	40
38	5
9	40

70

1.79769e+308
1.79769e+308
1.79769e+308
1.79769e+308
1.79769e+308

17
18
13
19
12
18
13
13
17
20
16
18
15
11
18
16
15
15
15
16

0
0
0
0
0

0

0	8.79771	6.08725	7.38219	0.754954	8.70839	6.76595	7.88868	8.4236	6.77583	4.7769	7.02519	3.70132	7.58858	6.52325	4.89201	7.03247	7.80527	7.45887	2.37817	7.96496	6.10108	7.24755	8.23578	10.2577	
8.79771	0	6.84936	9.04346	7.79675	3.95444	6.69853	2.4541	2.98366	2.02188	7.57893	8.82925	11.9865	4.97748	2.86288	6.38438	3.04173	3.39177	3.1969	7.06274	7.27477	4.2417	1.30415	8.87451	2.06262	
6.08725	6.84936	0	4.51263	12.0378	7.00295	4.28465	7.5552	5.27697	6.44421	2.43037	5.7098	2.38593	7.90186	1.39122	2.40031	3.7521	7.63283	4.20828	2.94779	3.17148	4.94952	2.94995	8.16783	5.71042	
7.38219	9.04346	4.51263	0	12.1807	6.34907	10.851	12.25	5.51304	9.07868	2.89505	7.00474	3.68087	16.0015	6.5028	2.11232	3.49389	7.08589	3.9203	2.6598	4.42639	7.99117	5.90174	4.69991	5.05653	
0.754954	7.79675	12.0378	12.1807	0	9.99291	11.9906	9.52875	5.70229	7.53078	2.21965	9.26491	4.45627	8.34354	8.05133	2.17069	5.99552	7.05031	8.47209	1.62321	9.98002	4.41726	6.4926	7.48082	8.90464	
8.70839	3.95444	7.00295	6.34907	9.99291	0	3.43622	4.55895	3.83914	1.93256	5.50406	4.62006	7.90922	4.37461	5.05904	4.2348	4.62467	4.86524	2.42682	5.5654	5.09659	2.77135	3.50031	4.66532	3.0419	
6.76595	6.69853	4.28465	10.851	11.9906	3.43622	0	2.45246	7.02431	6.57281	3.39758	2.35416	5.67803	2.26812	5.67587	6.54371	7.2356	4.56876	5.7702	3.45891	10.0705	0.664867	5.49802	17.2653	4.63591	
7.88868	2.4541	7.5552	12.25	9.52875	4.55895	2.45246	0	5.43777	3.27422	4.5203	8.3474	6.2004	3.39085	4.59488	5.90755	4.77373	5.12377	5.01564	4.58164	4.99665	1.78759	3.03615	11.4514	4.51672	
8.4236	2.98366	5.27697	5.51304	5.70229	3.83914	7.02431	5.43777	0	4.86872	4.18344	3.2407	5.7739	7.23802	3.88575	3.40072	2.17661	1.0261	4.70991	3.94819	5.66601	6.6105	3.11371	8.50446	5.04628	
6.77583	2.02188	6.44421	9.07868	7.53078	1.93256	6.57281	3.27422	4.86872	0	8.39905	6.55262	10.4771	2.9556	12.4546	4.07368	2.69211	5.74041	4.35938	7.06442	7.02915	4.55885	3.32603	6.59788	4.0845	
4.7769	7.57893	2.43037	2.89505	2.21965	5.50406	3.39758	4.5203	4.18344	8.39905	0	4.39945	1.07558	4.33596	3.82159	0.782724	2.16429	7.1227	2.5907	0.596441	3.09679	2.73271	7.61948	6.85748	6.88936	
7.02519	8.82925	5.7098	7.00474	9.26491	4.62006	2.35416	8.3474	3.2407	6.55262	4.39945	0	3.32387	5.97137	6.1458	5.69706	8.55571	2.2146	7.04688	9.60867	9.71665	3.01903	4.30222	9.10577	6.99008	
3.70132	11.9865	2.38593	3.68087	4.45627	7.90922	5.67803	6.2004	5.7739	10.4771	1.07558	3.32387	0	11.2899	2.82193	1.8583	3.75475	5.53847	4.18116	1.67202	4.60219	3.80829	4.38066	5.7819	6.61668	
7.58858	4.97748	7.90186	16.0015	8.34354	4.37461	2.26812	3.39085	7.23802	2.9556	4.33596	5.97137	11.2899	0	9.06408	6.44297	5.0614	8.04505	4.43983	4.3973	7.28382	1.60325	5.71759	11.1328	3.30555	
6.52325	2.86288	1.39122	6.5028	8.05133	5.05904	5.67587	4.59488	3.88575	12.4546	3.82159	6.1458	2.82193	9.06408	0	3.79152	3.2963	3.64635	3.53822	7.32622	1.78026	9.46248	1.55873	8.60383	3.97077	
4.89201	6.38438	2.40031	2.11232	2.17069	4.2348	6.54371	5.90755	3.40072	4.07368	0.782724	5.69706	1.8583	6.44297	3.79152	0	1.38157	4.42681	1.80797	0.54748	2.31406	3.34153	3.11914	6.81223	2.94226	
7.03247	3.04173	3.7521	3.49389	5.99552	4.62467	7.2356	4.77373	2.17661	2.69211	2.16429	8.55571	3.75475	5.0614	3.2963	1.38157	0	3.20271	2.5333	1.92905	3.69563	6.66466	1.73757	10.8693	3.66758	
7.80527	3.39177	7.63283	7.08589	7.05031	4.86524	4.56876	5.12377	1.0261	5.74041	7.1227	2.2146	5.53847	8.04505	3.64635	4.42681	3.20271	0	4.06711	5.10517	8.65404	6.66308	2.08762	13.9176	4.49966	
7.45887	3.1969	4.20828	3.9203	8.47209	2.42682	5.7702	5.01564	4.70991	4.35938	2.5907	7.04688	4.18116	4.43983	3.53822	1.80797	2.5333	4.06711	0	2.35545	4.12204	5.12854	1.97949	7.09214	1.13428	
2.37817	7.06274	2.94779	2.6598	1.62321	5.5654	3.45891	4.58164	3.94819	7.06442	0.596441	9.60867	1.67202	4.3973	7.32622	0.54748	1.92905	5.10517	2.35545	0	2.86154	2.79405	6.10988	6.61526	6.95069	
7.96496	7.27477	3.17148	4.42639	9.98002	5.09659	10.0705	4.99665	5.66601	7.02915	3.09679	9.71665	4.60219	7.28382	1.78026	2.31406	3.69563	8.65404	4.12204	2.86154	0	6.78424	3.33899	7.19481	8.13849	
6.10108	4.2417	4.94952	7.99117	4.41726	2.77135	0.664867	1.78759	6.6105	4.55885	2.73271	3.01903	3.80829	1.60325	9.46248	3.34153	6.66466	6.66308	5.12854	2.79405	6.78424	0	4.82375	7.43667	4.15665	
7.24755	1.30415	2.94995	5.90174	6.4926	3.50031	5.49802	3.03615	3.11371	3.32603	7.61948	4.30222	4.38066	5.71759	1.55873	3.11914	1.73757	2.08762	1.97949	6.10988	3.33899	4.82375	0	8.16562	2.41204	
8.23578	8.87451	8.16783	4.69991	7.48082	4.66532	17.2653	11.4514	8.50446	6.59788	6.85748	9.10577	5.7819	11.1328	8.60383	6.81223	10.8693	13.9176	7.09214	6.61526	7.19481	7.43667	8.16562	0	7.70722	
10.2577	2.06262	5.71042	5.05653	8.90464	3.0419	4.63591	4.51672	5.04628	4.0845	6.88936	6.99008	6.61668	3.30555	3.97077	2.94226	3.66758	4.49966	1.13428	6.95069	8.13849	4.15665	2.41204	7.70722	0	

0	5.41668	2.18935	5.05824	0.145505	2.97256	8.53148	7.89818	5.88544	5.26892	1.62191	8.58544	4.78918	4.25385	3.62371	3.72853	8.51828	7.0693	5.85713	1.45281	8.526	4.85175	9.21077	4.31737	6.92831	
5.41668	0	8.61038	5.95852	5.56218	2.89516	7.99609	8.69591	0.468767	1.10177	4.74879	5.49503	5.74269	6.46335	8.79357	10.0524	6.61121	2.34152	7.76536	3.63103	3.10932	4.67928	1.31408	5.71598	1.82431	
2.18935	8.61038	0	9.6022	6.14871	1.9181	3.63708	6.03752	4.72171	4.21446	0.567445	5.06574	1.0004	8.04989	7.86726	1.39807	4.12545	7.73226	3.588	2.54853	9.93684	5.79322	3.8764	10.6969	3.13953	
5.05824	5.95852	9.6022	0	4.91274	7.91615	8.98791	9.68773	5.48975	8.99868	10.06	13.6231	10.1474	12.9814	12.5675	10.8929	11.7825	9.69235	10.0574	6.22004	14.285	9.70027	5.7258	2.89927	6.45193	
0.145505	5.56218	6.14871	4.91274	0	3.8742	8.67698	7.04226	6.3006	3.83656	1.76741	10.2411	4.93469	4.39936	3.76922	2.45776	5.97964	6.90992	6.22279	1.30731	11.2576	8.6666	10.5973	4.46288	8.31486	
2.97256	2.89516	1.9181	7.91615	3.8742	0	3.82407	3.16806	2.4264	4.27547	1.35066	3.22163	5.94795	10.6667	6.91265	3.45728	2.10545	3.03572	2.34859	5.1815	12.4788	5.01536	3.27171	9.50674	3.78194	
8.53148	7.99609	3.63708	8.98791	8.67698	3.82407	0	2.40044	4.10742	8.29601	4.20452	2.8348	4.63748	6.70439	9.42809	5.03514	1.71862	5.32543	3.18606	8.47848	6.29976	4.62854	3.26211	11.3111	3.98823	
7.89818	8.69591	6.03752	9.68773	7.04226	3.16806	2.40044	0	4.80724	7.78113	4.51872	5.44456	7.80239	9.10484	10.8036	7.16385	4.11907	6.20378	5.51666	8.31431	8.70021	7.2383	3.96192	12.0109	4.68805	
5.88544	0.468767	4.72171	5.48975	6.3006	2.4264	4.10742	4.80724	0	1.57054	3.77705	5.9638	3.49467	4.21533	7.46924	7.80434	4.53184	4.2026	4.77499	6.03818	3.57809	4.21052	0.845315	6.18475	1.35554	
5.26892	1.10177	4.21446	8.99868	3.83656	4.27547	8.29601	7.78113	1.57054	0	3.64701	6.5968	6.28339	5.73774	5.55511	3.67971	4.84655	1.23974	7.88224	2.52925	4.2111	7.71944	4.35424	6.81775	4.70533	
1.62191	4.74879	0.567445	10.06	1.76741	1.35066	4.20452	4.51872	3.77705	3.64701	0	6.96353	1.56785	5.82367	5.24562	1.96551	3.4561	4.38638	3.69925	3.25708	12.658	5.22578	4.44384	5.93928	6.73642	
8.58544	5.49503	5.06574	13.6231	10.2411	3.22163	2.8348	5.44456	5.9638	6.5968	6.96353	0	4.06533	16.1347	10.6157	6.97086	1.11618	4.72299	2.58362	12.4227	8.60435	4.0261	8.48692	11.211	6.20446	
4.78918	5.74269	1.0004	10.1474	4.93469	5.94795	4.63748	7.80239	3.49467	6.28339	1.56785	4.06533	0	4.99892	6.94126	2.39847	5.12585	7.52313	4.5884	4.05598	11.7017	5.75333	2.86526	9.10656	2.13913	
4.25385	6.46335	8.04989	12.9814	4.39936	10.6667	6.70439	9.10484	4.21533	5.73774	5.82367	16.1347	4.99892	0	3.85662	4.35895	3.50782	12.8887	10.7607	3.20849	11.0015	0.597898	3.58592	8.57122	2.85979	
3.62371	8.79357	7.86726	12.5675	3.76922	6.91265	9.42809	10.8036	7.46924	5.55511	5.24562	10.6157	6.94126	3.85662	0	4.17631	6.03149	11.0252	4.56405	3.02586	16.6241	3.25872	6.84169	7.94108	6.87292	
3.72853	10.0524	1.39807	10.8929	2.45776	3.45728	5.03514	7.16385	7.80434	3.67971	1.96551	6.97086	2.39847	4.35895	4.17631	0	5.52352	10.5599	4.98607	1.15046	14.7487	7.3324	5.27446	9.29885	5.04466	
8.51828	6.61121	4.12545	11.7825	5.97964	2.10545	1.71862	4.11907	4.53184	4.84655	3.4561	1.11618	5.12585	3.50782	6.03149	5.52352	0	3.60681	1.46744	8.96685	8.01839	2.90992	4.98073	8.62558	6.39546	
7.0693	2.34152	7.73226	9.69235	6.90992	3.03572	5.32543	6.20378	4.2026	1.23974	4.38638	4.72299	7.52313	12.8887	11.0252	10.5599	3.60681	0	5.07424	3.769	11.9113	6.51672	4.18355	12.2326	4.90968	
5.85713	7.76536	3.588	10.0574	6.22279	2.34859	3.18606	5.51666	4.77499	7.88224	3.69925	2.58362	4.5884	10.7607	4.56405	4.98607	1.46744	5.07424	0	7.55218	10.9531	4.37735	7.4644	7.15815	7.8629	
1.45281	3.63103	2.54853	6.22004	1.30731	5.1815	8.47848	8.31431	6.03818	2.52925	3.25708	12.4227	4.05598	3.20849	3.02586	1.15046	8.96685	3.769	7.55218	0	12.565	3.80639	7.80342	8.45708	6.06828	
8.526	3.10932	9.93684	14.285	11.2576	12.4788	6.29976	8.70021	3.57809	4.2111	12.658	8.60435	11.7017	11.0015	16.6241	14.7487	8.01839	11.9113	10.9531	12.565	0	11.419	7.84331	8.8253	6.71288	
4.85175	4.67928	5.79322	9.70027	8.6666	5.01536	4.62854	7.2383	4.21052	7.71944	5.22578	4.0261	5.75333	0.597898	3.25872	7.3324	2.90992	6.51672	4.37735	3.80639	11.419	0	4.34033	7.97524	3.45769	
9.21077	1.31408	3.8764	5.7258	10.5973	3.27171	3.26211	3.96192	0.845315	4.35424	4.44384	8.48692	2.86526	3.58592	6.84169	5.27446	4.98073	4.18355	7.4644	7.80342	7.84331	4.34033	0	8.04901	0.726127	
4.31737	5.71598	10.6969	2.89927	4.46288	9.50674	11.3111	12.0109	6.18475	6.81775	5.93928	11.211	9.10656	8.57122	7.94108	9.29885	8.62558	12.2326	7.15815	8.45708	8.8253	7.97524	8.04901	0	8.77513	
6.92831	1.82431	3.13953	6.45193	8.31486	3.78194	3.98823	4.68805	1.35554	4.70533	6.73642	6.20446	2.13913	2.85979	6.87292	5.04466	6.39546	4.90968	7.8629	6.06828	6.71288	3.45769	0.726127	8.77513	0	

0	5.99463	5.55414	9.71106	0.233332	9.38848	0.966247	4.13041	6.5771	6.41748	5.33651	13.4994	8.96375	8.44346	8.16455	3.31531	9.48653	4.48672	6.36816	4.02231	13.0266	6.78732	3.12212	7.88184	3.75771	
5.99463	0	3.5662	8.53652	8.44609	1.37445	5.02838	6.66245	0.847262	1.22955	5.46712	3.09079	6.10868	12.8049	6.72617	4.63415	2.46851	3.36424	2.08799	4.59385	10.3674	5.94427	2.37424	12.1344	2.45339	
5.55414	3.5662	0	12.0466	4.14993	7.12615	7.34378	10.769	4.41346	4.64045	1.72923	6.5017	2.91847	8.41552	12.1526	1.06795	5.98769	3.15354	2.86932	1.02765	3.72956	4.84129	6.79844	4.00038	5.82903	
9.71106	8.53652	12.0466	0	13.7223	8.70025	7.96044	11.3586	3.45378	7.68333	3.27536	7.44681	2.91112	7.59316	11.4223	11.8489	2.90763	5.17228	2.21306	4.05472	8.77771	6.95724	6.58613	1.82922	6.46972	
0.233332	8.44609	4.14993	13.7223	0	10.3328	1.19958	9.22776	9.62541	11.5148	3.74325	15.904	12.2785	8.6768	7.93121	3.08198	8.74902	5.91487	5.63065	3.78898	5.74358	7.60262	8.21947	8.11517	7.84305	
9.38848	1.37445	7.12615	8.70025	10.3328	0	3.8922	4.29216	0.527192	3.53437	7.57146	1.67313	5.78861	5.59897	8.7234	9.4691	2.14844	4.52174	1.76792	7.51749	4.41683	3.70385	1.73633	7.29073	2.74167	
0.966247	5.02838	7.34378	7.96044	1.19958	3.8922	0	3.16417	3.68286	4.01531	4.85805	7.31248	5.12021	8.115	4.84046	5.51933	6.44195	3.52047	5.74738	5.49274	8.93744	5.82107	2.15588	8.84809	2.79146	
4.13041	6.66245	10.769	11.3586	9.22776	4.29216	3.16417	0	4.81935	3.20912	8.02222	4.44974	9.01615	8.38733	4.03427	6.74635	6.00346	3.28271	6.25831	9.90703	11.0997	6.0934	2.99062	10.0673	1.98528	
6.5771	0.847262	4.41346	3.45378	9.62541	0.527192	3.68286	4.81935	0	2.07681	2.30302	2.20032	5.26142	4.09579	5.66136	8.37344	1.62124	3.99455	1.24072	3.08239	2.91365	4.23104	1.52698	6.34333	2.53233	
6.41748	1.22955	4.64045	7.68333	11.5148	3.53437	4.01531	3.20912	2.07681	0	5.13619	1.86124	5.39834	7.00865	3.27284	5.7084	3.74223	2.52128	4.60575	5.6681	8.00957	4.71472	2.15799	7.47884	1.22385	
5.33651	5.46712	1.72923	3.27536	3.74325	7.57146	4.85805	8.02222	2.30302	5.13619	0	6.99743	0.262158	8.00884	8.90156	0.661275	1.75688	2.9359	1.0623	0.810017	3.32288	4.62365	5.43538	1.34407	5.33533	
13.4994	3.09079	6.5017	7.44681	15.904	1.67313	7.31248	4.44974	2.20032	1.86124	6.99743	0	5.78432	4.35553	11.097	12.0488	1.88099	8.69426	2.57556	6.84103	3.17339	5.37698	3.40946	5.6176	3.08509	
8.96375	6.10868	2.91847	2.91112	12.2785	5.78861	5.12021	9.01615	5.26142	5.39834	0.262158	5.78432	0	6.37788	7.82767	0.923433	3.90333	6.4696	1.32446	1.07217	5.11724	7.50096	6.7884	1.08191	7.03087	
8.44346	12.8049	8.41552	7.59316	8.6768	5.59897	8.115	8.38733	4.09579	7.00865	8.00884	4.35553	6.37788	0	10.4069	7.34757	2.47455	11.1539	3.16912	6.10756	3.76695	2.29393	9.15434	9.42237	6.49273	
8.16455	6.72617	12.1526	11.4223	7.93121	8.7234	4.84046	4.03427	5.66136	3.27284	8.90156	11.097	7.82767	10.4069	0	5.37204	4.00284	3.34643	6.32203	9.71158	2.71043	8.11293	3.05434	9.65892	2.04899	
3.31531	4.63415	1.06795	11.8489	3.08198	9.4691	5.51933	6.74635	8.37344	5.7084	0.661275	12.0488	0.923433	7.34757	5.37204	0	3.95401	2.83405	1.72358	0.708163	2.66161	4.5218	5.76642	9.6101	4.76108	
9.48653	2.46851	5.98769	2.90763	8.74902	2.14844	6.44195	6.00346	1.62124	3.74223	1.75688	1.88099	3.90333	2.47455	4.00284	3.95401	0	5.31562	0.694576	2.53624	1.29241	3.59763	3.14823	4.98524	4.01818	
4.48672	3.36424	3.15354	5.17228	5.91487	4.52174	3.52047	3.28271	3.99455	2.52128	2.9359	8.69426	6.4696	11.1539	3.34643	2.83405	5.31562	0	3.96755	2.12589	10.626	5.93952	2.30278	7.0015	1.29744	
6.36816	2.08799	2.86932	2.21306	5.63065	1.76792	5.74738	6.25831	1.24072	4.60575	1.0623	2.57556	1.32446	3.16912	6.32203	1.72358	0.694576	3.96755	0	1.84167	1.98698	4.2922	2.76771	4.04227	4.27303	
4.02231	4.59385	1.02765	4.05472	3.78898	7.51749	5.49274	9.90703	3.08239	5.6681	0.810017	6.84103	1.07217	6.10756	9.71158	0.708163	2.53624	2.12589	1.84167	0	3.36977	3.81364	5.98615	9.57143	3.42332	
13.0266	10.3674	3.72956	8.77771	5.74358	4.41683	8.93744	11.0997	2.91365	8.00957	3.32288	3.17339	5.11724	3.76695	2.71043	2.66161	1.29241	10.626	1.98698	3.36977	0	4.89003	7.9722	6.19915	4.75943	
6.78732	5.94427	4.84129	6.95724	7.60262	3.70385	5.82107	6.0934	4.23104	4.71472	4.62365	5.37698	7.50096	2.29393	8.11293	4.5218	3.59763	5.93952	4.2922	3.81364	4.89003	0	5.44018	14.3152	5.93857	
3.12212	2.37424	6.79844	6.58613	8.21947	1.73633	2.15588	2.99062	1.52698	2.15799	5.43538	3.40946	6.7884	9.15434	3.05434	5.76642	3.14823	2.30278	2.76771	5.98615	7.9722	5.44018	0	15.2282	1.00534	
7.88184	12.1344	4.00038	1.82922	8.11517	7.29073	8.84809	10.0673	6.34333	7.47884	1.34407	5.6176	1.08191	9.42237	9.65892	9.6101	4.98524	7.0015	4.04227	9.57143	6.19915	14.3152	15.2282	0	8.11278	
3.75771	2.45339	5.82903	6.46972	7.84305	2.74167	2.79146	1.98528	2.53233	1.22385	5.33533	3.08509	7.03087	6.49273	2.04899	4.76108	4.01818	1.29744	4.27303	3.42332	4.75943	5.93857	1.00534	8.11278	0	

0	10.4486	9.02673	11.4516	0.41046	4.18271	5.33026	9.7679	8.58266	11.2397	7.72353	4.98002	7.76859	1.99191	2.61986	7.10259	5.72291	8.80119	2.77416	3.3096	3.68119	6.43962	9.54862	9.28238	6.99043	
10.4486	0	8.20365	8.77509	9.51837	4.23241	2.91472	7.27601	3.17739	0.675276	6.41845	6.98531	0.642474	7.14884	7.14214	2.82625	2.7761	0.339566	5.63691	4.93538	4.40655	4.15727	2.06359	7.14617	2.01764	
9.02673	8.20365	0	2.99596	15.3361	7.72457	9.02868	2.3864	8.95427	9.74765	6.36666	7.17428	7.56118	12.0983	10.8404	8.9448	6.26826	12.3957	6.25257	8.68157	12.6659	6.88558	8.35934	4.31197	9.02521	
11.4516	8.77509	2.99596	0	12.641	9.23525	6.48123	5.38236	12.7526	13.7918	9.36262	10.1079	9.43155	9.45972	14.1149	5.94884	9.26422	12.1439	9.24853	7.28879	3.98029	8.62433	11.3553	1.31601	6.44454	
0.41046	9.51837	15.3361	12.641	0	3.77225	5.29327	11.7195	5.93394	10.9926	6.84957	5.39048	10.1748	2.40237	2.2094	4.85103	5.22856	12.3764	3.18462	3.72006	3.27073	6.85008	4.6905	5.93501	12.5965	
4.18271	4.23241	7.72457	9.23525	3.77225	0	2.75402	7.94726	2.16168	4.51595	3.07732	9.27554	4.40795	8.41289	5.60874	5.11649	1.45631	7.16398	2.39568	3.86961	4.77655	4.89711	3.12764	8.92476	6.51474	
5.33026	2.91472	9.02868	6.48123	5.29327	2.75402	0	8.98587	4.9157	3.58999	5.83134	10.8586	3.55719	3.82877	6.20292	3.60283	4.21033	3.25428	5.1497	2.02066	2.02253	2.1431	5.88166	4.68682	3.76072	
9.7679	7.27601	2.3864	5.38236	11.7195	7.94726	8.98587	0	9.87509	7.37298	8.75306	4.78788	7.91848	12.7611	12.9342	8.94694	8.65466	7.61557	8.63897	11.5161	14.3384	6.84277	8.76129	14.7791	8.9824	
8.58266	3.17739	8.95427	12.7526	5.93394	2.16168	4.9157	9.87509	0	2.50211	5.23901	12.6723	5.63765	8.7062	3.67254	7.27817	2.68601	3.63192	4.55737	5.09932	6.80161	7.76664	1.19144	10.7555	5.62701	
11.2397	0.675276	9.74765	13.7918	10.9926	4.51595	3.58999	7.37298	2.50211	0	11.3245	12.1609	1.31775	7.93908	3.86941	3.50152	3.45138	1.01484	9.93896	7.81425	6.99848	5.07802	1.38831	14.9315	2.69291	
7.72353	6.41845	6.36666	9.36262	6.84957	3.07732	5.83134	8.75306	5.23901	11.3245	0	7.25548	5.77598	5.73162	8.99391	8.0747	4.53363	11.8776	5.47301	7.53972	9.655	7.57703	6.20496	12.0021	9.71666	
4.98002	6.98531	7.17428	10.1079	5.39048	9.27554	10.8586	4.78788	12.6723	12.1609	7.25548	0	7.64177	6.97194	13.7042	4.15906	11.769	12.7881	7.75418	8.28962	5.73936	11.4196	12.3691	9.99117	10.0635	
7.76859	0.642474	7.56118	9.43155	10.1748	4.40795	3.55719	7.91848	5.63765	1.31775	5.77598	7.64177	0	11.5076	8.78064	3.46872	2.95164	0.98204	4.99444	5.36495	5.06301	5.04522	5.30351	9.38301	2.66011	
1.99191	7.14884	12.0983	9.45972	2.40237	8.41289	3.82877	12.7611	8.7062	7.93908	5.73162	6.97194	11.5076	0	4.65519	6.50746	4.22141	6.80928	4.76607	1.80811	8.11372	5.91831	7.13629	7.78089	8.05794	
2.61986	7.14214	10.8404	14.1149	2.2094	5.60874	6.20292	12.9342	3.67254	3.86941	8.99391	13.7042	8.78064	4.65519	0	5.76069	5.82899	6.51744	8.31228	6.46329	4.18039	10.5735	2.4811	6.84467	11.1091	
7.10259	2.82625	8.9448	5.94884	4.85103	5.11649	3.60283	8.94694	7.27817	3.50152	8.0747	4.15906	3.46872	6.50746	5.76069	0	5.60235	3.16581	4.65338	4.69936	1.5803	7.22899	7.19047	4.24458	4.84389	
5.72291	2.7761	6.26826	9.26422	5.22856	1.45631	4.21033	8.65466	2.68601	3.45138	4.53363	11.769	2.95164	4.22141	5.82899	5.60235	0	3.11567	3.85199	2.41331	9.85328	7.08666	3.87745	8.38609	4.79374	
8.80119	0.339566	12.3957	12.1439	12.3764	7.16398	3.25428	7.61557	3.63192	1.01484	11.8776	12.7881	0.98204	6.80928	6.51744	3.16581	3.11567	0	11.0961	7.47854	7.68519	4.74231	2.51812	15.4847	2.3572	
2.77416	5.63691	6.25257	9.24853	3.18462	2.39568	5.1497	8.63897	4.55737	9.93896	5.47301	7.75418	4.99444	4.76607	8.31228	4.65338	3.85199	11.0961	0	5.80205	6.23368	4.67785	5.52333	9.34481	4.21628	
3.3096	4.93538	8.68157	7.28879	3.72006	3.86961	2.02066	11.5161	5.09932	7.81425	7.53972	8.28962	5.36495	1.80811	6.46329	4.69936	2.41331	7.47854	5.80205	0	4.04319	4.16376	7.46052	5.97279	5.78138	
3.68119	4.40655	12.6659	3.98029	3.27073	4.77655	2.02253	14.3384	6.80161	6.99848	9.655	5.73936	5.06301	8.11372	4.18039	1.5803	9.85328	7.68519	6.23368	4.04319	0	4.16563	5.61017	2.66428	5.78325	
6.43962	4.15727	6.88558	8.62433	6.85008	4.89711	2.1431	6.84277	7.76664	5.07802	7.57703	11.4196	5.04522	5.91831	10.5735	7.22899	7.08666	4.74231	4.67785	4.16376	4.16563	0	9.06379	7.26816	2.13963	
9.54862	2.06359	8.35934	11.3553	4.6905	3.12764	5.88166	8.76129	1.19144	1.38831	6.20496	12.3691	5.30351	7.13629	2.4811	7.19047	3.87745	2.51812	5.52333	7.46052	5.61017	9.06379	0	8.27445	6.67868	
9.28238	7.14617	4.31197	1.31601	5.93501	8.92476	4.68682	14.7791	10.7555	14.9315	12.0021	9.99117	9.38301	7.78089	6.84467	4.24458	8.38609	15.4847	9.34481	5.97279	2.66428	7.26816	8.27445	0	5.12853	
6.99043	2.01764	9.02521	6.44454	12.5965	6.51474	3.76072	8.9824	5.62701	2.69291	9.71666	10.0635	2.66011	8.05794	11.1091	4.84389	4.79374	2.3572	4.21628	5.78138	5.78325	2.13963	6.67868	5.12853	0	

0	10.5188	9.81688	3.97481	5.21202	8.78993	4.77359	4.82431	16.5396	4.09243	8.999	6.19298	12.3181	3.87966	2.48828	3.5444	4.43911	11.9992	13.7211	2.84975	7.61345	1.09209	5.78684	10.4732	8.96896	
10.5188	0	5.04559	9.51705	6.65953	2.83811	3.47955	2.07214	3.27844	0.701467	4.10407	3.18564	5.18821	7.74837	2.30562	4.84307	2.28673	3.4635	8.71566	7.20555	2.49671	5.80436	3.91856	6.93704	1.49045	
9.81688	5.04559	0	8.81514	10.9771	2.67266	6.01682	5.61046	5.08602	5.96245	7.32341	3.538	5.61409	8.98281	7.32861	5.56419	4.824	1.58208	10.7285	6.25884	5.03399	13.3727	5.46227	8.2467	4.02772	
3.97481	9.51705	8.81514	0	5.13501	5.92082	10.674	6.46302	11.5752	3.09069	10.5735	12.3481	10.1283	11.0352	1.48654	4.28063	11.803	10.3302	11.5468	9.22152	5.78838	7.53061	11.3804	1.59812	6.79465	
5.21202	6.65953	10.9771	5.13501	0	4.8219	4.82257	4.58738	7.02118	5.25263	7.74351	8.2385	7.70345	5.33935	3.64848	6.16473	4.40503	10.3264	8.15985	7.29052	2.40143	6.30411	3.43218	9.45229	3.4077	
8.78993	2.83811	2.67266	5.92082	4.8219	0	2.78012	4.91025	2.0879	3.53957	3.25086	3.04649	3.83274	3.2969	6.32404	2.00496	1.48826	1.09058	6.43474	2.69961	6.37807	4.90387	1.38973	4.3227	2.28454	
4.77359	3.47955	6.01682	10.674	4.82257	2.78012	0	3.57184	4.66416	7.05814	3.75972	6.19672	8.57487	2.4791	9.18747	4.12294	1.71738	5.3148	3.65643	3.30673	2.99537	3.6815	1.39039	8.54693	1.9891	
4.82431	2.07214	5.61046	6.46302	4.58738	4.91025	3.57184	0	4.25779	2.44735	5.6834	4.93152	3.11607	7.04667	4.05149	4.94385	2.37902	5.53565	9.11523	5.1334	2.589	3.73222	4.01085	4.8649	1.58274	
16.5396	3.27844	5.08602	11.5752	7.02118	2.0879	4.66416	4.25779	0	3.97991	5.33876	5.45985	9.55185	5.49618	8.41193	4.09286	3.47134	3.17847	5.43722	10.4955	3.68132	11.9117	3.47762	6.41059	2.67506	
4.09243	0.701467	5.96245	3.09069	5.25263	3.53957	7.05814	2.44735	3.97991	0	4.80553	2.48417	5.56341	7.57492	1.60415	8.4003	6.6406	4.16497	14.3645	5.8274	7.74978	6.17957	5.66775	7.31225	2.19191	
8.999	4.10407	7.32341	10.5735	7.74351	3.25086	3.75972	5.6834	5.33876	4.80553	0	9.28838	3.32262	5.11934	8.40836	4.35808	2.04235	4.34144	6.98883	3.6317	5.10693	5.45796	3.0152	7.04059	2.83863	
6.19298	3.18564	3.538	12.3481	8.2385	3.04649	6.19672	4.93152	5.45985	2.48417	9.28838	0	7.82547	6.7135	4.08832	4.03787	4.93258	1.95592	18.5686	3.34322	9.33951	13.7588	4.80633	10.688	7.23444	
12.3181	5.18821	5.61409	10.1283	7.70345	3.83274	8.57487	3.11607	9.55185	5.56341	3.32262	7.82547	0	8.44195	9.82983	1.82778	5.36496	7.19617	10.7432	2.52242	8.4185	6.84829	4.56033	4.51029	4.6988	
3.87966	7.74837	8.98281	11.0352	5.33935	3.2969	2.4791	7.04667	5.49618	7.57492	5.11934	6.7135	8.44195	0	6.36794	4.63972	2.88003	6.00084	6.13553	6.72942	7.82616	3.31445	1.90718	9.23296	4.33529	
2.48828	2.30562	7.32861	1.48654	3.64848	6.32404	9.18747	4.05149	8.41193	1.60415	8.40836	4.08832	9.82983	6.36794	0	8.329	7.81229	7.41461	12.8439	5.33803	6.04991	3.58037	7.08065	3.08466	9.52096	
3.5444	4.84307	5.56419	4.28063	6.16473	2.00496	4.12294	4.94385	4.09286	8.4003	4.35808	4.03787	1.82778	4.63972	8.329	0	2.284	3.09554	12.361	0.694645	6.69093	12.6368	2.73255	2.68251	5.16067	
4.43911	2.28673	4.824	11.803	4.40503	1.48826	1.71738	2.37902	3.47134	6.6406	2.04235	4.93258	5.36496	2.88003	7.81229	2.284	0	2.57883	4.94648	1.58936	1.80255	3.41561	0.972852	5.81096	0.796281	
11.9992	3.4635	1.58208	10.3302	10.3264	1.09058	5.3148	5.53565	3.17847	4.16497	4.34144	1.95592	7.19617	6.00084	7.41461	3.09554	2.57883	0	8.94116	5.29914	10.0282	8.04087	2.4803	5.41327	4.95395	
13.7211	8.71566	10.7285	11.5468	8.15985	6.43474	3.65643	9.11523	5.43722	14.3645	6.98883	18.5686	10.7432	6.13553	12.8439	12.361	4.94648	8.94116	0	6.53584	5.75842	7.33792	5.04682	14.6787	5.64553	
2.84975	7.20555	6.25884	9.22152	7.29052	2.69961	3.30673	5.1334	10.4955	5.8274	3.6317	3.34322	2.52242	6.72942	5.33803	0.694645	1.58936	5.29914	6.53584	0	5.99628	3.94184	2.56221	3.37715	2.38564	
7.61345	2.49671	5.03399	5.78838	2.40143	6.37807	2.99537	2.589	3.68132	7.74978	5.10693	9.33951	8.4185	7.82616	6.04991	6.69093	1.80255	10.0282	5.75842	5.99628	0	9.02855	3.43438	7.3865	1.00627	
1.09209	5.80436	13.3727	7.53061	6.30411	4.90387	3.6815	3.73222	11.9117	6.17957	5.45796	13.7588	6.84829	3.31445	3.58037	12.6368	3.41561	8.04087	7.33792	3.94184	9.02855	0	4.38846	8.59712	4.21189	
5.78684	3.91856	5.46227	11.3804	3.43218	1.38973	1.39039	4.01085	3.47762	5.66775	3.0152	4.80633	4.56033	1.90718	7.08065	2.73255	0.972852	2.4803	5.04682	2.56221	3.43438	4.38846	0	5.41506	1.76913	
10.4732	6.93704	8.2467	1.59812	9.45229	4.3227	8.54693	4.8649	6.41059	7.31225	7.04059	10.688	4.51029	9.23296	3.08466	2.68251	5.81096	5.41327	14.6787	3.37715	7.3865	8.59712	5.41506	0	6.44764	
8.96896	1.49045	4.02772	6.79465	3.4077	2.28454	1.9891	1.58274	2.67506	2.19191	2.83863	7.23444	4.6988	4.33529	9.52096	5.16067	0.796281	4.95395	5.64553	2.38564	1.00627	4.21189	1.76913	6.44764	0	

0	5.73206	8.58813	10.0913	0.765581	5.54482	7.48228	12.741	2.82058	11.1831	8.1386	3.91701	6.18435	7.11668	1.95545	6.33694	9.92535	13.056	5.9795	1.8865	3.91772	8.53488	5.03982	8.44423	5.42898	
5.73206	0	10.571	3.66631	4.96648	3.35918	10.3146	1.88611	4.41846	4.58862	8.34408	5.19871	9.01671	4.92913	6.15635	6.54242	3.2034	3.5764	6.3306	6.0874	8.11861	7.1577	3.36619	3.99316	1.81005	
8.58813	10.571	0	7.50808	8.0726	8.49179	10.4293	12.4571	3.98982	8.45473	1.04006	6.86398	0.626052	9.46945	16.2271	4.46004	8.64617	7.47435	4.0905	6.24802	5.56098	6.8371	7.75987	7.18123	8.37595	
10.0913	3.66631	7.50808	0	8.00549	9.68384	7.0036	5.55242	8.71539	8.71797	5.55605	8.9669	9.62571	6.32664	11.2197	2.84277	6.8697	7.2427	5.2323	6.42468	8.84311	7.10195	9.59021	0.32685	5.47636	
0.765581	4.96648	8.0726	8.00549	0	9.31555	7.70017	5.75431	3.58616	10.0181	4.71056	7.88277	7.44655	7.37475	1.18987	3.79122	5.92507	8.54288	4.62261	1.12092	3.15213	2.77934	4.27424	7.67864	6.77653	
5.54482	3.35918	8.49179	9.68384	9.31555	0	7.38595	6.73806	2.72424	1.54101	7.44667	3.82067	6.08801	7.02034	17.0549	6.35493	0.155786	2.6307	4.87702	9.5697	6.34749	5.53157	1.80662	9.41532	3.93158	
7.48228	10.3146	10.4293	7.0036	7.70017	7.38595	0	4.906	4.66171	7.83553	7.40373	5.75814	8.02548	0.676953	9.33091	5.60207	5.07676	8.90768	6.0559	6.87161	5.46782	3.2945	3.42593	8.11799	3.79603	
12.741	1.88611	12.4571	5.55242	5.75431	6.73806	4.906	0	4.40903	5.1795	8.92333	3.31259	8.61389	9.47164	7.65736	8.42854	3.1309	4.10736	11.2722	10.0744	10.9922	3.96833	1.48007	10.8291	3.69617	
2.82058	4.41846	3.98982	8.71539	3.58616	2.72424	4.66171	4.40903	0	5.97206	3.77778	1.09643	3.36377	4.2961	8.59553	9.15752	2.88003	5.35494	7.12895	7.85827	7.3296	6.91364	8.08763	9.04224	2.6084	
11.1831	4.58862	8.45473	8.71797	10.0181	1.54101	7.83553	5.1795	5.97206	0	5.88812	8.86149	7.82868	6.48274	10.0953	6.79458	1.38523	1.07215	7.88421	7.63604	11.0068	5.6842	3.03606	9.31049	3.36366	
8.1386	8.34408	1.04006	5.55605	4.71056	7.44667	7.40373	8.92333	3.77778	5.88812	0	10.3515	0.414006	8.1755	11.9572	1.80166	9.97285	4.81597	3.27957	3.58964	5.04752	5.24805	7.54783	4.31758	8.09759	
3.91701	5.19871	6.86398	8.9669	7.88277	3.82067	5.75814	3.31259	1.09643	8.86149	10.3515	0	4.4602	5.39253	14.7631	9.43214	8.50399	7.41995	9.03686	6.76184	7.67956	8.42026	4.79267	10.9846	3.70484	
6.18435	9.01671	0.626052	9.62571	7.44655	6.08801	8.02548	8.61389	3.36377	7.82868	0.414006	4.4602	0	7.65987	8.63642	2.21567	8.78465	5.22998	3.99105	4.00364	6.19119	6.21105	7.13382	7.80728	5.97217	
7.11668	4.92913	9.46945	6.32664	7.37475	7.02034	0.676953	9.47164	4.2961	6.48274	8.1755	5.39253	7.65987	0	6.73526	6.27902	6.89488	7.2296	5.37895	4.27596	4.79087	2.61754	4.10288	6.65349	3.11908	
1.95545	6.15635	16.2271	11.2197	1.18987	17.0549	9.33091	7.65736	8.59553	10.0953	11.9572	14.7631	8.63642	6.73526	0	7.88694	7.82811	8.72977	10.1294	2.31079	4.342	4.11772	5.46411	8.86851	16.8283	
6.33694	6.54242	4.46004	2.84277	3.79122	6.35493	5.60207	8.42854	9.15752	6.79458	1.80166	9.43214	2.21567	6.27902	7.88694	0	7.05519	6.61763	1.47791	2.67029	2.94839	4.32871	9.028	2.51592	5.99846	
9.92535	3.2034	8.64617	6.8697	5.92507	0.155786	5.07676	3.1309	2.88003	1.38523	9.97285	8.50399	8.78465	6.89488	7.82811	7.05519	0	2.45737	5.0328	7.03421	12.3119	4.13908	1.65083	10.9998	3.7758	
13.056	3.5764	7.47435	7.2427	8.54288	2.6307	8.90768	4.10736	5.35494	1.07215	4.81597	7.41995	5.22998	7.2296	8.72977	6.61763	2.45737	0	7.50772	6.27047	10.8419	4.61205	5.58743	9.42573	4.43581	
5.9795	6.3306	4.0905	5.2323	4.62261	4.87702	6.0559	11.2722	7.12895	7.88421	3.27957	9.03686	3.99105	5.37895	10.1294	1.47791	5.0328	7.50772	0	4.14821	1.47048	6.01164	8.49989	3.99383	4.52055	
1.8865	6.0874	6.24802	6.42468	1.12092	9.5697	6.87161	10.0744	7.85827	7.63604	3.58964	6.76184	4.00364	4.27596	2.31079	2.67029	7.03421	6.27047	4.14821	0	3.90885	1.65842	4.14667	5.18621	9.37291	
3.91772	8.11861	5.56098	8.84311	3.15213	6.34749	5.46782	10.9922	7.3296	11.0068	5.04752	7.67956	6.19119	4.79087	4.342	2.94839	12.3119	10.8419	1.47048	3.90885	0	5.56727	7.42638	7.60464	5.99102	
8.53488	7.1577	6.8371	7.10195	2.77934	5.53157	3.2945	3.96833	6.91364	5.6842	5.24805	8.42026	6.21105	2.61754	4.11772	4.32871	4.13908	4.61205	6.01164	1.65842	5.56727	0	2.48825	7.4288	5.73662	
5.03982	3.36619	7.75987	9.59021	4.27424	1.80662	3.42593	1.48007	8.08763	3.03606	7.54783	4.79267	7.13382	4.10288	5.46411	9.028	1.65083	5.58743	8.49989	4.14667	7.42638	2.48825	0	9.34898	5.42663	
8.44423	3.99316	7.18123	0.32685	7.67864	9.41532	8.11799	10.8291	9.04224	9.31049	4.31758	10.9846	7.80728	6.65349	8.86851	2.51592	10.9998	9.42573	3.99383	5.18621	7.60464	7.4288	9.34898	0	9.90479	
5.42898	1.81005	8.37595	5.47636	6.77653	3.93158	3.79603	3.69617	2.6084	3.36366	8.09759	3.70484	5.97217	3.11908	16.8283	5.99846	3.7758	4.43581	4.52055	9.37291	5.99102	5.73662	5.42663	9.90479	0	

0	12.2513	3.9425	4.8912	0.590359	13.0848	11.8808	14.836	15.3892	12.8197	6.07078	16.4404	11.1346	3.73629	1.07618	7.09385	12.2831	16.3289	11.7769	12.7763	11.1655	3.22854	7.2525	5.47503	5.70538	
12.2513	0	1.93324	7.26683	9.29465	1.75535	1.87609	7.10825	2.84206	0.568409	4.66024	4.14646	7.69107	3.13002	6.69714	7.05835	1.34056	1.53548	2.09933	3.32355	5.51722	2.17436	6.36503	7.86039	2.20408	
3.9425	1.93324	0	1.32432	3.35214	3.23605	2.32486	4.06026	4.46278	1.36484	2.04348	4.94288	1.74856	4.85483	3.83796	2.70287	3.27417	2.33191	2.5154	0.877394	2.48813	2.97078	5.0822	1.90814	5.61522	
4.8912	7.26683	1.32432	0	4.67646	3.57606	14.3255	8.55508	2.532	2.68915	1.37841	7.57356	1.67332	5.27855	6.10352	4.02718	12.2381	6.82011	3.83972	2.20171	4.97489	9.02394	16.0207	0.583826	6.2227	
0.590359	9.29465	3.35214	4.67646	0	7.67808	6.91148	6.70866	8.08905	4.42475	5.48042	14.6586	5.1007	3.14593	0.485821	6.055	11.6928	7.61731	5.86754	4.22953	9.17807	2.50204	6.66214	8.70486	4.07186	
13.0848	1.75535	3.23605	3.57606	7.67808	0	2.97808	6.06516	1.91629	1.87121	2.19766	3.38065	2.49258	2.38173	5.94885	2.2244	0.414791	1.5119	1.17356	4.93485	4.59145	2.85222	2.46707	8.31328	1.45579	
11.8808	1.87609	2.32486	14.3255	6.91148	2.97808	0	3.17645	1.98041	2.44449	6.36658	7.08661	2.62886	2.44822	6.01534	4.59976	3.21665	7.39335	3.68151	1.44747	3.05821	2.91871	3.40732	3.92858	1.52228	
14.836	7.10825	4.06026	8.55508	6.70866	6.06516	3.17645	0	1.19604	5.4958	2.60662	7.32213	2.3117	8.515	5.90608	3.1677	2.69753	3.8802	4.08595	3.49309	3.67045	3.88986	2.62294	3.14421	3.78757	
15.3892	2.84206	4.46278	2.532	8.08905	1.91629	1.98041	1.19604	0	6.48063	3.00914	4.46736	2.71422	3.51747	7.0846	3.80625	1.50149	2.38208	2.26027	3.42788	4.86648	3.98796	1.42691	1.94817	2.59154	
12.8197	0.568409	1.36484	2.68915	4.42475	1.87121	2.44449	5.4958	6.48063	0	4.06887	3.57805	3.11339	5.17632	3.62217	1.67958	1.90897	0.967075	2.44059	2.24223	7.19077	1.60595	1.92225	10.2075	2.77249	
6.07078	4.66024	2.04348	1.37841	5.48042	2.19766	6.36658	2.60662	3.00914	4.06887	0	7.66988	0.294918	3.90014	5.96624	2.78986	2.61245	3.52446	4.65781	1.47631	4.86564	5.69778	6.39688	1.96223	3.65345	
16.4404	4.14646	4.94288	7.57356	14.6586	3.38065	7.08661	7.32213	4.46736	3.57805	7.66988	0	8.27004	9.86217	13.997	6.47077	2.96586	4.54512	3.72463	6.88565	5.27491	5.18399	7.553	6.98973	6.24922	
11.1346	7.69107	1.74856	1.67332	5.1007	2.49258	2.62886	2.3117	2.71422	3.11339	0.294918	8.27004	0	4.19506	8.37647	2.49494	4.16825	3.20744	3.41319	1.18139	2.79213	5.75196	4.14113	4.66239	5.13921	
3.73629	3.13002	4.85483	5.27855	3.14593	2.38173	2.44822	8.515	3.51747	5.17632	3.90014	9.86217	4.19506	0	3.63175	7.5577	4.20929	7.01858	7.37024	5.73223	9.95	2.32236	5.08688	5.55893	0.925933	
1.07618	6.69714	3.83796	6.10352	0.485821	5.94885	6.01534	5.90608	7.0846	3.62217	5.96624	13.997	8.37647	3.63175	0	5.88153	7.77641	6.59403	5.89762	6.58679	11.2875	2.01622	7.14796	7.59154	3.41265	
7.09385	7.05835	2.70287	4.02718	6.055	2.2244	4.59976	3.1677	3.80625	1.67958	2.78986	6.47077	2.49494	7.5577	5.88153	0	1.67702	0.712502	0.918252	3.58026	6.83815	4.79965	1.66767	12.6484	6.54029	
12.2831	1.34056	3.27417	12.2381	11.6928	0.414791	3.21665	2.69753	1.50149	1.90897	2.61245	2.96586	4.16825	4.20929	7.77641	1.67702	0	1.92669	0.75877	4.87582	4.17666	4.64016	2.9284	3.44967	1.87058	
16.3289	1.53548	2.33191	6.82011	7.61731	1.5119	7.39335	3.8802	2.38208	0.967075	3.52446	4.54512	3.20744	7.01858	6.59403	0.712502	1.92669	0	1.63075	4.41094	7.80027	2.57302	0.955171	11.5573	2.96769	
11.7769	2.09933	2.5154	3.83972	5.86754	1.17356	3.68151	4.08595	2.26027	2.44059	4.65781	3.72463	3.41319	7.37024	5.89762	0.918252	0.75877	1.63075	0	3.3928	4.93543	3.88139	3.29759	12.5423	4.00091	
12.7763	3.32355	0.877394	2.20171	4.22953	4.93485	1.44747	3.49309	3.42788	2.24223	1.47631	6.88565	1.18139	5.73223	6.58679	3.58026	4.87582	4.41094	3.3928	0	1.61074	4.57057	7.95619	6.00181	2.96975	
11.1655	5.51722	2.48813	4.97489	9.17807	4.59145	3.05821	3.67045	4.86648	7.19077	4.86564	5.27491	2.79213	9.95	11.2875	6.83815	4.17666	7.80027	4.93543	1.61074	0	6.18131	10.8043	4.39107	7.46002	
3.22854	2.17436	2.97078	9.02394	2.50204	2.85222	2.91871	3.88986	3.98796	1.60595	5.69778	5.18399	5.75196	2.32236	2.01622	4.79965	4.64016	2.57302	3.88139	4.57057	6.18131	0	5.55737	10.1841	1.39642	
7.2525	6.36503	5.0822	16.0207	6.66214	2.46707	3.40732	2.62294	1.42691	1.92225	6.39688	7.553	4.14113	5.08688	7.14796	1.66767	2.9284	0.955171	3.29759	7.95619	10.8043	5.55737	0	3.37508	4.01845	
5.47503	7.86039	1.90814	0.583826	8.70486	8.31328	3.92858	3.14421	1.94817	10.2075	1.96223	6.98973	4.66239	5.55893	7.59154	12.6484	3.44967	11.5573	12.5423	6.00181	4.39107	10.1841	3.37508	0	4.53971	
5.70538	2.20408	5.61522	6.2227	4.07186	1.45579	1.52228	3.78757	2.59154	2.77249	3.65345	6.24922	5.13921	0.925933	3.41265	6.54029	1.87058	2.96769	4.00091	2.96975	7.46002	1.39642	4.01845	4.53971	0	

0	8.28383	8.88121	9.25067	1.23058	6.50146	4.64518	6.66881	7.97652	7.22765	7.23997	6.78892	6.34	7.31105	4.28205	5.98459	6.05978	4.53526	3.72869	4.73766	2.24008	6.33346	8.57474	6.20671	10.7614	
8.28383	0	9.87873	10.4129	4.99224	3.84171	4.44731	1.14395	0.307317	0.694606	5.29071	3.30142	3.4295	3.66274	3.90863	9.05038	2.51954	1.68756	4.85062	3.45426	6.38476	3.57499	1.43594	9.15963	3.76736	
8.88121	9.87873	0	9.42327	10.1118	8.99049	3.16358	7.71371	3.59305	8.92045	1.4558	6.59986	0.470868	2.66467	12.9478	5.95294	4.60037	5.78312	7.183	10.5328	4.41223	3.91713	4.37093	4.07677	3.70332	
9.25067	10.4129	9.42327	0	10.4813	14.2079	7.08412	11.5102	10.6735	10.9191	6.55752	13.2562	4.85918	12.4907	11.2662	3.47033	15.1491	11.0128	7.83032	9.07315	5.06135	7.71246	11.352	1.25328	16.1362	
1.23058	4.99224	10.1118	10.4813	0	7.73204	5.87576	5.27967	8.65469	6.3162	6.44222	5.99117	4.95086	6.3996	2.89292	7.21517	4.80812	3.30468	2.93094	3.82621	1.0095	5.02144	5.02646	4.81757	5.38448	
6.50146	3.84171	8.99049	14.2079	7.73204	0	7.67438	1.7946	2.63123	3.92168	4.19397	12.9352	6.65658	6.88982	5.57433	12.4861	4.18132	6.9948	7.82245	6.92324	6.06477	6.80207	4.66302	12.1685	5.28716	
4.64518	4.44731	3.16358	7.08412	5.87576	7.67438	0	4.97662	4.13999	4.52728	3.67765	6.13989	2.69271	3.23971	5.01646	3.61379	5.41076	5.65133	3.07967	3.66755	6.63407	6.13898	3.92955	6.29861	4.59716	
6.66881	1.14395	7.71371	11.5102	5.27967	1.7946	4.97662	0	0.836632	1.22392	2.39937	7.32263	3.38431	4.19205	6.15358	5.48657	2.38672	3.89016	4.71781	7.47546	4.27017	4.1043	1.96526	8.07824	4.73584	
7.97652	0.307317	3.59305	10.6735	8.65469	2.63123	4.13999	0.836632	0	0.387289	3.23601	2.72445	3.12218	3.35542	5.05091	7.5098	2.82685	1.99488	7.10917	2.87728	5.1068	3.26767	1.12862	6.72808	1.79623	
7.22765	0.694606	8.92045	10.9191	6.3162	3.92168	4.52728	1.22392	0.387289	0	6.07145	2.33716	3.50947	3.74271	3.8389	8.09281	3.4838	2.65183	5.39738	2.48999	8.49522	3.65496	1.51591	10.1239	4.51226	
7.23997	5.29071	1.4558	6.55752	6.44222	4.19397	3.67765	2.39937	3.23601	6.07145	0	6.5715	0.984936	3.17874	12.8554	3.08719	2.77117	4.27461	3.51127	8.69001	4.92629	4.4312	3.00408	4.59084	2.33647	
6.78892	3.30142	6.59986	13.2562	5.99117	12.9352	6.13989	7.32263	2.72445	2.33716	6.5715	0	7.07073	8.90057	7.36082	7.42022	5.39131	6.13517	3.06022	4.82715	9.24423	8.9739	6.18181	14.5171	7.55429	
6.34	3.4295	0.470868	4.85918	4.95086	6.65658	2.69271	3.38431	3.12218	3.50947	0.984936	7.07073	0	2.1938	5.22951	4.07213	3.75611	5.63294	4.49621	4.76719	3.94136	3.44627	4.25081	3.6059	3.32141	
7.31105	3.66274	2.66467	12.4907	6.3996	6.88982	3.23971	4.19205	3.35542	3.74271	3.17874	8.90057	2.1938	0	3.92231	6.8535	4.50283	4.80605	6.31938	2.57339	6.13516	3.61879	3.48438	5.7997	4.15199	
4.28205	3.90863	12.9478	11.2662	2.89292	5.57433	5.01646	6.15358	5.05091	3.8389	12.8554	7.36082	5.22951	3.92231	0	6.02537	3.72451	2.22107	6.16914	1.34891	1.88341	1.78324	3.94285	5.69148	4.30087	
5.98459	9.05038	5.95294	3.47033	7.21517	12.4861	3.61379	5.48657	7.5098	8.09281	3.08719	7.42022	4.07213	6.8535	6.02537	0	5.85837	7.54247	4.35999	5.60282	8.38323	4.24213	7.54334	4.72361	5.42366	
6.05978	2.51954	4.60037	15.1491	4.80812	4.18132	5.41076	2.38672	2.82685	3.4838	2.77117	5.39131	3.75611	4.50283	3.72451	5.85837	0	1.50344	2.33109	3.7361	6.20064	6.43704	3.22522	7.7354	3.58323	
4.53526	1.68756	5.78312	11.0128	3.30468	6.9948	5.65133	3.89016	1.99488	2.65183	4.27461	6.13517	5.63294	4.80605	2.22107	7.54247	1.50344	0	3.83452	2.23266	4.10448	4.00431	1.72178	8.50526	2.0798	
3.72869	4.85062	7.183	7.83032	2.93094	7.82245	3.07967	4.71781	7.10917	5.39738	3.51127	3.06022	4.49621	6.31938	6.16914	4.35999	2.33109	3.83452	0	6.22215	3.94044	5.91368	5.98055	10.318	5.84774	
4.73766	3.45426	10.5328	9.07315	3.82621	6.92324	3.66755	7.47546	2.87728	2.48999	8.69001	4.82715	4.76719	2.57339	1.34891	5.60282	3.7361	2.23266	6.22215	0	3.23233	3.13215	3.95444	11.1706	4.31246	
2.24008	6.38476	4.41223	5.06135	1.0095	6.06477	6.63407	4.27017	5.1068	8.49522	4.92629	9.24423	3.94136	6.13516	1.88341	8.38323	6.20064	4.10448	3.94044	3.23233	0	3.66665	6.41898	3.80806	6.77699	
6.33346	3.57499	3.91713	7.71246	5.02144	6.80207	6.13898	4.1043	3.26767	3.65496	4.4312	8.9739	3.44627	3.61879	1.78324	4.24213	6.43704	4.00431	5.91368	3.13215	3.66665	0	4.3963	7.05217	5.51125	
8.57474	1.43594	4.37093	11.352	5.02646	4.66302	3.92955	1.96526	1.12862	1.51591	3.00408	6.18181	4.25081	3.48438	3.94285	7.54334	3.22522	1.72178	5.98055	3.95444	6.41898	4.3963	0	10.0987	0.667608	
6.20671	9.15963	4.07677	1.25328	4.81757	12.1685	6.29861	8.07824	6.72808	10.1239	4.59084	14.5171	3.6059	5.7997	5.69148	4.72361	7.7354	8.50526	10.318	11.1706	3.80806	7.05217	10.0987	0	10.7663	
10.7614	3.76736	3.70332	16.1362	5.38448	5.28716	4.59716	4.73584	1.79623	4.51226	2.33647	7.55429	3.32141	4.15199	4.30087	5.42366	3.58323	2.0798	5.84774	4.31246	6.77699	5.51125	0.667608	10.7663	0	

0	6.17262	8.99528	6.38512	0.987378	7.63631	10.0834	4.7713	3.61644	4.62257	15.5504	13.2626	9.19062	6.95325	0.5684	10.4792	8.26033	3.72065	5.52254	2.43444	1.34914	7.05889	6.48228	5.07257	4.81595	
6.17262	0	7.21741	5.50727	7.04915	2.95344	3.98541	4.91315	1.32743	0.321301	5.53053	3.33191	9.6558	6.3007	6.74102	10.7429	1.72859	0.435632	8.32416	5.77381	2.80715	8.50073	3.47203	3.73888	4.6537	
8.99528	7.21741	0	10.3695	6.77891	5.99544	7.92389	9.58219	9.06575	9.30422	4.63008	14.5119	10.8639	9.92826	7.19788	6.7818	5.12971	6.42266	6.94122	5.65233	13.251	8.55636	10.3997	9.52755	14.4738	
6.38512	5.50727	10.3695	0	8.60149	3.21487	3.98417	7.98131	10.0016	8.99572	6.24584	12.0086	4.36177	6.04355	6.95352	4.09412	4.0806	7.25089	7.07887	6.91861	5.49183	7.41545	7.47855	1.76839	12.0374	
0.987378	7.04915	6.77891	8.60149	0	6.08715	8.13641	7.44322	5.83281	6.72785	3.40567	5.09726	9.0412	6.21442	0.418978	10.289	6.06951	8.21425	5.37312	2.38341	3.46871	3.69887	5.7529	11.2562	7.86862	
