10
10
2
2
50

6	11
10	43
1	33
14	23
27	48
42	35
42	47
41	23
36	45
43	34

12	21
1	2
11	28
2	10
14	5
10	12
23	24
24	11
8	30
11	27

150

1.79769e+308
1.79769e+308
1.79769e+308
1.79769e+308
1.79769e+308
1.79769e+308
1.79769e+308
1.79769e+308
1.79769e+308
1.79769e+308

11
15
11
14
17
13
14
15
13
17

0
0
0
0
0
0
0
0
0
0

0

0	21.3024	7.44514	17.0877	11.5495	22.0872	24.5572	37.3086	19.4975	15.0339	6.35297	8.02027	10.7878	1.7317	2.8	3.5871	10.0605	7.81462	7.78708	10.7933
21.3024	0	13.8572	15.7771	15.948	9.56561	6.44981	26.562	11.5095	10.8243	13.0335	22.7233	16.2703	19.6127	19.4833	15.7994	21.4102	20.1345	16.1852	14.7975
7.44514	13.8572	0	8.06462	26.9738	15.5798	20.307	28.9876	15.3415	19.0576	6.02316	12.044	5.73462	5.75543	10.2451	8.72407	11.323	22.1255	7.08267	5.01462
17.0877	15.7771	8.06462	0	13.9262	13.6152	18.8447	21.87	16.0955	12.7166	2.74357	17.5899	3.77	12.766	9.19338	5.50944	4.43714	10.9563	5.76529	3.05
11.5495	15.948	26.9738	13.9262	0	11.8888	9.62131	28.4069	7.20999	10.6301	10.7283	30.9681	18.9759	10.931	9.65549	7.96241	9.48911	13.1556	15.4688	15.7975
22.0872	9.56561	15.5798	13.6152	11.8888	0	5.28	19.0354	9.60323	1.25865	12.3292	13.1577	11.2852	14.5609	18.5585	20.1865	16.0268	15.3	12.7153	10.5652
24.5572	6.44981	20.307	18.8447	9.62131	5.28	0	22.8198	5.05964	6.12805	19.4833	18.4377	21.3891	19.4303	18.6994	17.5837	19.1104	13.6847	13.3185	15.8452
37.3086	26.562	28.9876	21.87	28.4069	19.0354	22.8198	0	26.1213	17.7767	22.9644	32.7855	27.526	28.6573	28.3203	25.7303	26.3071	23.3057	22.602	24.7284
19.4975	11.5095	15.3415	16.0955	7.20999	9.60323	5.05964	26.1213	0	8.34458	11.4105	29.9737	14.1719	14.3142	22.2975	15.1724	16.6991	18.7444	8.25884	10.9741
15.0339	10.8243	19.0576	12.7166	10.6301	1.25865	6.12805	17.7767	8.34458	0	15.4602	14.4163	18.3726	13.3022	20.5458	16.2708	17.1537	16.5587	13.974	11.8238
6.35297	13.0335	6.02316	2.74357	10.7283	12.3292	19.4833	22.9644	11.4105	15.4602	0	14.0546	2.484	5.7345	4.45894	2.76586	7.18071	7.95906	3.15163	1.764
8.02027	22.7233	12.044	17.5899	30.9681	13.1577	18.4377	32.7855	29.9737	14.4163	14.0546	0	15.2599	6.28856	7.60475	9.2572	14.6174	12.6194	12.3439	14.5399
10.7878	16.2703	5.73462	3.77	18.9759	11.2852	21.3891	27.526	14.1719	18.3726	2.484	15.2599	0	9.05608	8.7133	9.48338	7.02835	7.70434	3.43529	0.72
1.7317	19.6127	5.75543	12.766	10.931	14.5609	19.4303	28.6573	14.3142	13.3022	5.7345	6.28856	9.05608	0	4.5317	2.96864	8.32882	8.16183	6.05538	8.77067
2.8	19.4833	10.2451	9.19338	9.65549	18.5585	18.6994	28.3203	22.2975	20.5458	4.45894	7.60475	8.7133	4.5317	0	1.69307	11.5338	5.01462	9.60144	7.9933
3.5871	15.7994	8.72407	5.50944	7.96241	20.1865	17.5837	25.7303	15.1724	16.2708	2.76586	9.2572	9.48338	2.96864	1.69307	0	11.2975	5.1932	5.9175	4.52986
10.0605	21.4102	11.323	4.43714	9.48911	16.0268	19.1104	26.3071	16.6991	17.1537	7.18071	14.6174	7.02835	8.32882	11.5338	11.2975	0	6.5192	9.02364	6.30835
7.81462	20.1345	22.1255	10.9563	13.1556	15.3	13.6847	23.3057	18.7444	16.5587	7.95906	12.6194	7.70434	8.16183	5.01462	5.1932	6.5192	0	13.6174	8.42434
7.78708	16.1852	7.08267	5.76529	15.4688	12.7153	13.3185	22.602	8.25884	13.974	3.15163	12.3439	3.43529	6.05538	9.60144	5.9175	9.02364	13.6174	0	2.71529
10.7933	14.7975	5.01462	3.05	15.7975	10.5652	15.8452	24.7284	10.9741	11.8238	1.764	14.5399	0.72	8.77067	7.9933	4.52986	6.30835	8.42434	2.71529	0
																			
0	8.70724	9.47563	7.88759	12.6056	16.7826	19.1751	14.235	11.5596	21.0211	4.6898	6.14571	7.37759	0.824621	10.3878	3.0511	10.001	12.455	11.654	6.53759
8.70724	0	12.6032	5.7109	3.89841	13.2897	15.1823	21.1464	14.6185	12.3139	10.6606	15.9142	9.20947	9.53186	10.5709	11.7583	18.4457	19.1182	9.07553	7.0609
9.47563	12.6032	0	12.3418	8.70483	18.4311	22.592	22.3791	19.24	26.2807	11.0885	16.6826	9.39149	10.3003	18.5318	11.1952	16.981	19.0966	8.37735	10.2315
7.88759	5.7109	12.3418	0	9.60931	11.595	23.485	9.52168	16.4449	14.7029	4.94975	9.39617	2.19	8.81493	4.86	6.76199	4.81341	14.8892	3.9644	1.35
12.6056	3.89841	8.70483	9.60931	0	9.72622	14.0721	15.9092	10.7201	10.702	12.8719	23.645	9.89887	21.4551	25.249	19.9	18.0071	15.2198	8.63693	15.8918
16.7826	13.2897	18.4311	11.595	9.72622	0	3.84426	9.80828	8.01655	0.975807	18.0918	28.9606	11.085	19.2856	10.8187	15.657	9.24926	24.946	17.4999	10.245
19.1751	15.1823	22.592	23.485	14.0721	3.84426	0	8.54105	3.35201	2.86845	24.0528	18.2631	16.241	14.087	12.7114	16.124	8.65153	19.8646	18.0217	12.1149
14.235	21.1464	22.3791	9.52168	15.9092	9.80828	8.54105	0	5.18904	8.83247	14.8251	20.1588	9.01168	15.924	18.5205	11.1839	10.6364	16.6469	15.4266	8.17168
11.5596	14.6185	19.24	16.4449	10.7201	8.01655	3.35201	5.18904	0	6.22046	14.6002	14.9698	15.9349	10.735	16.8837	16.3729	12.0035	21.836	19.357	13.3607
21.0211	12.3139	26.2807	14.7029	10.702	0.975807	2.86845	8.83247	6.22046	0	14.0353	14.3791	15.8629	17.7757	9.84293	16.9424	8.27345	19.4865	17.6436	11.2208
4.6898	10.6606	11.0885	4.94975	12.8719	18.0918	24.0528	14.8251	14.6002	14.0353	0	8.72854	1.69706	3.86518	4.19237	7.92881	9.28652	14.2216	2.959	2.53706
6.14571	15.9142	16.6826	9.39617	23.645	28.9606	18.2631	20.1588	14.9698	14.3791	8.72854	0	10.6984	5.32109	4.53617	10.258	21.7596	14.5654	13.2364	13.7445
7.37759	9.20947	9.39149	2.19	9.89887	11.085	16.241	9.01168	15.9349	15.8629	1.69706	10.6984	0	5.56223	5.88943	6.25199	4.30341	18.702	1.26194	0.84
0.824621	9.53186	10.3003	8.81493	21.4551	19.2856	14.087	15.924	10.735	17.7757	3.86518	5.32109	5.56223	0	8.05755	3.87572	12.504	15.6361	8.10019	7.36221
10.3878	10.5709	18.5318	4.86	25.249	10.8187	12.7114	18.5205	16.8837	9.84293	4.19237	4.53617	5.88943	8.05755	0	7.33665	16.0056	10.0292	8.42738	6.21
3.0511	11.7583	11.1952	6.76199	19.9	15.657	16.124	11.1839	16.3729	16.9424	7.92881	10.258	6.25199	3.87572	7.33665	0	8.66898	9.4039	10.5601	5.41199
10.001	18.4457	16.981	4.81341	18.0071	9.24926	8.65153	10.6364	12.0035	8.27345	9.28652	21.7596	4.30341	12.504	16.0056	8.66898	0	11.213	8.85141	3.46341
12.455	19.1182	19.0966	14.8892	15.2198	24.946	19.8646	16.6469	21.836	19.4865	14.2216	14.5654	18.702	15.6361	10.0292	9.4039	11.213	0	20.5832	14.6764
11.654	9.07553	8.37735	3.9644	8.63693	17.4999	18.0217	15.4266	19.357	17.6436	2.959	13.2364	1.26194	8.10019	8.42738	10.5601	8.85141	20.5832	0	2.10194
6.53759	7.0609	10.2315	1.35	15.8918	10.245	12.1149	8.17168	13.3607	11.2208	2.53706	13.7445	0.84	7.36221	6.21	5.41199	3.46341	14.6764	2.10194	0
																			
0	12.1206	13.3282	7.01541	17.5589	12.5867	17.8191	22.9437	19.084	23.3047	5.71433	2.16208	10.6483	5.27758	7.36533	3.91695	9.02084	13.1805	9.16143	9.49955
12.1206	0	8.63273	7.13863	14.4282	15.6981	8.56642	20.1613	7.30151	22.2926	6.40631	22.2428	9.35275	25.4349	13.7753	13.0444	9.71282	19.2446	6.57647	9.13863
13.3282	8.63273	0	12.9353	9.30517	10.0487	15.5968	22.659	16.8617	9.24262	5.50336	15.19	4.83253	21.5865	9.25504	15.2771	13.0734	13.3676	2.05626	7.35956
7.01541	7.13863	12.9353	0	14.089	10.3241	22.4192	20.4865	9.79985	17.4933	1.30108	9.66163	3.14871	12.7771	15.4051	7.93915	4.60759	11.0708	4.74818	2
17.5589	14.4282	9.30517	14.089	0	20.6434	11.726	25.2147	12.9909	18.5478	11.2989	19.2148	10.628	12.2813	15.0505	21.0726	21.5839	20.5199	7.85175	13.1551
12.5867	15.6981	10.0487	10.3241	20.6434	0	9.66148	14.2225	8.39657	0.806102	8.1365	16.3384	10.0441	21.2352	15.7646	8.66979	4.82999	11.1	13.6274	8.32406
17.8191	8.56642	15.5968	22.4192	11.726	9.66148	0	14.1247	1.26491	11.8649	23.5334	19.337	7.91605	23.0967	14.1338	21.2285	13.12	23.747	17.653	20.9904
22.9437	20.1613	22.659	20.4865	25.2147	14.2225	14.1247	0	12.8598	13.4164	19.1855	20.7816	19.5109	27.7152	21.417	24.6851	20.8453	16.6469	22.2646	23.0097
19.084	7.30151	16.8617	9.79985	12.9909	8.39657	1.26491	12.8598	0	9.20267	13.7078	16.6796	6.65114	22.1471	15.3987	13.3842	11.8551	15.6395	9.42741	8.37114
23.3047	22.2926	9.24262	17.4933	18.5478	0.806102	11.8649	13.4164	9.20267	0	12.9216	24.4326	18.4259	26.0204	24.1215	9.47589	5.63609	11.9061	11.2989	9.13016
5.71433	6.40631	5.50336	1.30108	11.2989	8.1365	23.5334	19.1855	13.7078	12.9216	0	7.87642	4.44979	10.9919	10.6459	6.63807	3.30651	15.9016	3.4471	3.30108
2.16208	22.2428	15.19	9.66163	19.2148	16.3384	19.337	20.7816	16.6796	24.4326	7.87642	0	10.0284	6.93354	5.20325	6.07903	19.0093	16.9321	12.402	8.61626
10.6483	9.35275	4.83253	3.14871	10.628	10.0441	7.91605	19.5109	6.65114	18.4259	4.44979	10.0284	0	14.8001	9.97505	6.73311	8.98087	8.98839	2.77627	1.72
5.27758	25.4349	21.5865	12.7771	12.2813	21.2352	23.0967	27.7152	22.1471	26.0204	10.9919	6.93354	14.8001	0	12.1368	9.19453	16.4053	22.1509	16.5495	13.0801
7.36533	13.7753	9.25504	15.4051	15.0505	15.7646	14.1338	21.417	15.3987	24.1215	10.6459	5.20325	9.97505	12.1368	0	7.09479	14.5064	16.3583	7.19878	12.5021
3.91695	13.0444	15.2771	7.93915	21.0726	8.66979	21.2285	24.6851	13.3842	9.47589	6.63807	6.07903	6.73311	9.19453	7.09479	0	9.94458	9.26354	9.50939	8.45311
9.02084	9.71282	13.0734	4.60759	21.5839	4.82999	13.12	20.8453	11.8551	5.63609	3.30651	19.0093	8.98087	16.4053	14.5064	9.94458	0	15.9069	6.75361	9.87819
13.1805	19.2446	13.3676	11.0708	20.5199	11.1	23.747	16.6469	15.6395	11.9061	15.9016	16.9321	8.98839	22.1509	16.3583	9.26354	15.9069	0	11.7647	9.07083
9.16143	6.57647	2.05626	4.74818	7.85175	13.6274	17.653	22.2646	9.42741	11.2989	3.4471	12.402	2.77627	16.5495	7.19878	9.50939	6.75361	11.7647	0	4.49627
9.49955	9.13863	7.35956	2	13.1551	8.32406	20.9904	23.0097	8.37114	9.13016	3.30108	8.61626	1.72	13.0801	12.5021	8.45311	9.87819	9.07083	4.49627	0
																			
0	10.9848	17.0737	7.35959	30.2041	11.2493	15.8543	17.6314	20.5142	11.815	3.03209	6.85064	8.26469	4.41172	4.85683	2.68002	14.1797	7.56	6.57768	9.35817
10.9848	0	3.76701	9.79012	9.21442	17.3648	17.1445	16.2324	6.5192	20.1517	7.95266	16.2954	6.47186	16.429	14.6501	20.3243	11.8729	21.5425	7.32223	6.09186
17.0737	3.76701	0	7.25111	12.9814	16.9503	23.8284	19.9994	10.2862	16.3846	8.95279	13.0565	5.81378	12.662	18.309	16.2341	15.5317	25.4351	5.4072	6.19378
7.35959	9.79012	7.25111	0	19.0045	8.66909	20.5081	7.13051	11.2006	14.2741	4.32749	8.1504	1.92421	11.23	4.86	7.03681	2.08274	13.4898	1.84391	2.30421
30.2041	9.21442	12.9814	19.0045	0	20.5221	20.3018	17.7649	9.67657	29.9515	17.1671	28.5333	30.6073	25.7791	31.2739	28.1618	22.8127	22.6441	26.1725	15.3063
11.2493	17.3648	16.9503	8.66909	20.5221	0	9.82295	6.38205	10.8456	0.565685	14.2814	21.8588	15.6326	15.661	11.0013	13.9293	6.58635	18.8093	13.6	20.6874
15.8543	17.1445	23.8284	20.5081	20.3018	9.82295	0	11.0496	10.6253	9.25727	30.0252	18.618	28.4052	11.4426	15.6481	17.8249	16.0974	24.2158	22.2916	34.3018
17.6314	16.2324	19.9994	7.13051	17.7649	6.38205	11.0496	0	17.2276	6.94773	18.6159	20.9152	14.7876	20.5548	9.46277	16.5474	5.04777	21.4329	17.3259	19.1488
20.5142	6.5192	10.2862	11.2006	9.67657	10.8456	10.6253	17.2276	0	11.4113	14.4719	19.351	13.1248	16.1025	16.0606	18.4852	13.2833	28.8757	13.0445	12.6111
11.815	20.1517	16.3846	14.2741	29.9515	0.565685	9.25727	6.94773	11.4113	0	16.5799	29.2839	17.4691	20.6999	17.8314	23.5917	7.15203	21.2657	13.0343	14.2647
3.03209	7.95266	8.95279	4.32749	17.1671	14.2814	30.0252	18.6159	14.4719	16.5799	0	8.34271	5.23259	7.44382	9.18749	5.71211	6.41023	10.5921	3.54559	4.77595
6.85064	16.2954	13.0565	8.1504	28.5333	21.8588	18.618	20.9152	19.351	29.2839	8.34271	0	7.24276	7.17541	6.34743	4.17062	10.2331	15.3992	9.99431	7.62276
8.26469	6.47186	5.81378	1.92421	30.6073	15.6326	28.4052	14.7876	13.1248	17.4691	5.23259	7.24276	0	13.247	6.78421	10.4203	4.00695	18.5217	1.61037	0.38
4.41172	16.429	12.662	11.23	25.7791	15.661	11.4426	20.5548	16.1025	20.6999	7.44382	7.17541	13.247	0	6.37	7.09174	10.785	11.9717	13.1667	18.3728
4.85683	14.6501	18.309	4.86	31.2739	11.0013	15.6481	9.46277	16.0606	17.8314	9.18749	6.34743	6.78421	6.37	0	2.17681	4.415	8.62981	6.70391	11.91
2.68002	20.3243	16.2341	7.03681	28.1618	13.9293	17.8249	16.5474	18.4852	23.5917	5.71211	4.17062	10.4203	7.09174	2.17681	0	6.59181	10.24	12.3781	10.8003
14.1797	11.8729	15.5317	2.08274	22.8127	6.58635	16.0974	5.04777	13.2833	7.15203	6.41023	10.2331	4.00695	10.785	4.415	6.59181	0	13.0448	3.92665	9.13274
7.56	21.5425	25.4351	13.4898	22.6441	18.8093	24.2158	21.4329	28.8757	21.2657	10.5921	15.3992	18.5217	11.9717	8.62981	10.24	13.0448	0	17.1354	18.1417
6.57768	7.32223	5.4072	1.84391	26.1725	13.6	22.2916	17.3259	13.0445	13.0343	3.54559	9.99431	1.61037	13.1667	6.70391	12.3781	3.92665	17.1354	0	1.23037
9.35817	6.09186	6.19378	2.30421	15.3063	20.6874	34.3018	19.1488	12.6111	14.2647	4.77595	7.62276	0.38	18.3728	11.91	10.8003	9.13274	18.1417	1.23037	0
																			
0	7.73977	14.0825	3.74977	21.272	16.7628	19.3734	17.9442	11.5302	17.9201	6.23879	6.5892	6.43201	6.22589	2.4	0.865852	7.94257	11.263	11.0332	8.59977
7.73977	0	14.3121	11.4895	21.8954	23.0894	31.0468	30.6201	35.9899	24.1076	16.3696	14.329	12.4131	14.601	10.1398	8.60562	14.9554	26.3774	15.5118	11.8631
14.0825	14.3121	0	7.299	12.4813	9.84073	16.1979	14.3009	14.43	8.8225	10.904	25.7661	2.999	23.6079	18.077	19.7184	5.54133	10.2134	2.51321	2.449
3.74977	11.4895	7.299	0	14.8823	15.1875	20.9682	14.85	21.4865	12.5737	2.48902	10.339	2.68224	10.6354	6.14977	4.61563	7.94233	8.58101	5.56668	3.23224
21.272	21.8954	12.4813	14.8823	0	13.1006	7.66698	14.3112	12.238	14.1189	18.4873	20.4511	10.5823	28.1576	20.7971	17.7824	10.7057	12.6213	13.681	10.0323
16.7628	23.0894	9.84073	15.1875	13.1006	0	19.56	6.4966	17.0264	1.01823	11.1029	32.3442	10.7885	32.1256	14.3628	18.0725	6.3848	12.6531	7.90411	11.5528
19.3734	31.0468	16.1979	20.9682	7.66698	19.56	0	25.8183	9.92955	20.3399	27.6387	12.7842	16.5692	26.3287	19.0597	30.89	17.833	20.2883	13.6847	17.3334
17.9442	30.6201	14.3009	14.85	14.3112	6.4966	25.8183	0	11.509	5.47837	13.5251	16.6729	17.5322	31.1159	13.697	10.6823	3.60555	8.94772	16.648	6.69788
11.5302	35.9899	14.43	21.4865	12.238	17.0264	9.92955	11.509	0	13.27	16.5474	20.9708	17.4803	29.6702	9.13017	13.7257	7.90342	13.2492	16.9432	10.9957
17.9201	24.1076	8.8225	12.5737	14.1189	1.01823	20.3399	5.47837	13.27	0	10.0846	18.4339	11.9938	22.4143	15.381	12.4433	5.36656	10.7123	8.92234	8.45889
6.23879	16.3696	10.904	2.48902	18.4873	11.1029	27.6387	13.5251	16.5474	10.0846	0	15.219	1.90919	14.2108	7.41728	8.85076	9.91953	6.09199	4.79363	2.45919
6.5892	14.329	25.7661	10.339	20.4511	32.3442	12.7842	16.6729	20.9708	18.4339	15.219	0	18.664	13.4748	8.9892	7.45506	13.0673	18.4131	21.5485	16.1597
6.43201	12.4131	2.999	2.68224	10.5823	10.7885	16.5692	17.5322	17.4803	11.9938	1.90919	18.664	0	16.6266	8.35014	10.76	3.64233	8.00118	2.88444	0.55
6.22589	14.601	23.6079	10.6354	28.1576	32.1256	26.3287	31.1159	29.6702	22.4143	14.2108	13.4748	16.6266	0	9.28559	5.36004	12.4368	20.8094	22.5653	21.1589
2.4	10.1398	18.077	6.14977	20.7971	14.3628	19.0597	13.697	9.13017	15.381	7.41728	8.9892	8.35014	9.28559	0	3.26585	10.0914	8.86305	11.2346	8.90014
0.865852	8.60562	19.7184	4.61563	17.7824	18.0725	30.89	10.6823	13.7257	12.4433	8.85076	7.45506	10.76	5.36004	3.26585	0	7.07672	12.4225	17.2052	10.1691
7.94257	14.9554	5.54133	7.94233	10.7057	6.3848	17.833	3.60555	7.90342	5.36656	9.91953	13.0673	3.64233	12.4368	10.0914	7.07672	0	5.34575	6.741	3.09233
11.263	26.3774	10.2134	8.58101	12.6213	12.6531	20.2883	8.94772	13.2492	10.7123	6.09199	18.4131	8.00118	20.8094	8.86305	12.4225	5.34575	0	7.70024	8.43808
11.0332	15.5118	2.51321	5.56668	13.681	7.90411	13.6847	16.648	16.9432	8.92234	4.79363	21.5485	2.88444	22.5653	11.2346	17.2052	6.741	7.70024	0	3.43444
8.59977	11.8631	2.449	3.23224	10.0323	11.5528	17.3334	6.69788	10.9957	8.45889	2.45919	16.1597	0.55	21.1589	8.90014	10.1691	3.09233	8.43808	3.43444	0
																			
0	16.7375	10.0581	7.35532	16.1668	17.7732	19.7747	9.95606	25.3471	12.9099	6.96094	10.4028	8.69644	0.865852	3	2.06155	9.66903	3.96	10.5077	8.90532
16.7375	0	11.8392	9.3822	18.8998	20.4472	12.8282	10.5099	5.99767	10.3003	8.82736	21.5175	10.7233	20.2153	21.9981	12.6723	5.06478	16.6878	7.49718	9.93936
10.0581	11.8392	0	10.2854	16.1158	24.1539	31.2233	15.8911	17.8369	21.4813	6.51153	16.3378	8.94427	12.6066	16.5366	7.99656	10.2741	17.4966	12.9468	9.74427
7.35532	9.3822	10.2854	0	8.51262	18.5183	15.8576	8.81372	15.3799	13.3424	5.09117	13.1281	1.34112	8.22118	10.3553	9.41688	8.85375	10.3095	7.03789	1.55
16.1668	18.8998	16.1158	8.51262	0	9.32483	3.60799	17.4143	10.4385	8.71672	13.8991	28.9333	7.1715	17.0326	19.1668	16.9505	17.6617	17.6666	12.8683	7.9715
17.7732	20.4472	24.1539	18.5183	9.32483	0	6.84	16.1357	4.91079	0.608112	20.9829	24.4986	17.7683	26.7375	14.7732	14.0929	23.4913	9.55797	24.4778	12.4005
19.7747	12.8282	31.2233	15.8576	3.60799	6.84	0	11.3427	6.83052	7.44811	17.5071	30.8466	10.7795	39.7416	18.172	22.9973	21.3697	24.0248	26.0913	17.4076
9.95606	10.5099	15.8911	8.81372	17.4143	16.1357	11.3427	0	4.51221	8.81488	11.2783	16.2358	8.06372	20.4287	9.08599	7.8945	15.502	10.6124	14.7732	7.26372
25.3471	5.99767	17.8369	15.3799	10.4385	4.91079	6.83052	4.51221	0	4.30267	26.8012	27.7218	17.286	26.3712	13.5982	12.4067	11.0624	13.2525	13.4948	11.7759
12.9099	10.3003	21.4813	13.3424	8.71672	0.608112	7.44811	8.81488	4.30267	0	15.807	20.311	12.5924	26.019	15.3813	13.4848	21.0922	8.94986	18.1405	11.7924
6.96094	8.82736	6.51153	5.09117	13.8991	20.9829	17.5071	11.2783	26.8012	15.807	0	15.5927	4.81462	6.09509	12.4461	10.4181	3.76258	13.4061	7.58362	4.01462
10.4028	21.5175	16.3378	13.1281	28.9333	24.4986	30.8466	16.2358	27.7218	20.311	15.5927	0	12.3781	13.6324	12.6746	8.34125	15.9487	11.3612	17.8943	11.5781
8.69644	10.7233	8.94427	1.34112	7.1715	17.7683	10.7795	8.06372	17.286	12.5924	4.81462	12.3781	0	16.2823	18.4164	9.77904	12.2696	11.6506	5.69677	0.8
0.865852	20.2153	12.6066	8.22118	17.0326	26.7375	39.7416	20.4287	26.3712	26.019	6.09509	13.6324	16.2823	0	3.86585	2.9274	9.85767	4.82585	11.3736	10.1097
3	21.9981	16.5366	10.3553	19.1668	14.7732	18.172	9.08599	13.5982	15.3813	12.4461	12.6746	18.4164	3.86585	0	5.06155	20.8136	6.96	13.5077	14.5665
2.06155	12.6723	7.99656	9.41688	16.9505	14.0929	22.9973	7.8945	12.4067	13.4848	10.4181	8.34125	9.77904	2.9274	5.06155	0	7.60748	6.02155	12.5693	10.579
9.66903	5.06478	10.2741	8.85375	17.6617	23.4913	21.3697	15.502	11.0624	21.0922	3.76258	15.9487	12.2696	9.85767	20.8136	7.60748	0	20.7311	11.3462	7.7772
3.96	16.6878	17.4966	10.3095	17.6666	9.55797	24.0248	10.6124	13.2525	8.94986	13.4061	11.3612	11.6506	4.82585	6.96	6.02155	20.7311	0	9.19061	11.8595
10.5077	7.49718	12.9468	7.03789	12.8683	24.4778	26.0913	14.7732	13.4948	18.1405	7.58362	17.8943	5.69677	11.3736	13.5077	12.5693	11.3462	9.19061	0	6.49677
8.90532	9.93936	9.74427	1.55	7.9715	12.4005	17.4076	7.26372	11.7759	11.7924	4.01462	11.5781	0.8	10.1097	14.5665	10.579	7.7772	11.8595	6.49677	0
																			
0	11.9321	10.4224	9.51866	17.6085	26.0359	21.9338	15.0202	35.3422	20.3171	13.6328	8.70419	7.61962	7.09174	7.8	4.49419	8.98839	11.0909	7.83304	7.88962
11.9321	0	17.3207	12.4416	18.9604	12.2635	10.6422	14.53	17.4727	11.2877	15.2426	23.1544	16.4615	19.0239	19.4799	16.4263	11.2806	15.3226	14.7313	16.1915
10.4224	17.3207	0	8.48987	21.0117	20.7214	23.8505	22.9879	17.02	19.7456	12.866	10.5909	3.76857	8.97847	14.1785	13.0936	11.4095	15.4514	2.58936	3.49857
9.51866	12.4416	8.48987	0	19.0643	14.0854	20.4677	22.14	25.2132	18.7539	4.29921	14.5483	7.88356	10.8403	11.88	12.1729	8.87428	7.18543	5.90051	8.75
17.6085	18.9604	21.0117	19.0643	0	4.76386	14.1313	10.0622	16.0327	5.73967	21.0031	13.4496	9.98887	15.9813	10.7813	16.2637	15.9208	11.6639	11.9719	10.2589
26.0359	12.2635	20.7214	14.0854	4.76386	0	12.24	4.21811	9.71154	0.975807	15.4305	22.7293	13.6733	21.2148	12.731	13.4968	10.9419	6.9	23.6081	23.0512
21.9338	10.6422	23.8505	20.4677	14.1313	12.24	0	17.5383	6.83052	13.2158	18.6585	16.8021	23.5547	19.3338	14.1338	18.9694	17.3241	13.2822	25.3735	26.8337
15.0202	14.53	22.9879	22.14	10.0622	4.21811	17.5383	0	11.978	3.2423	17.697	28.2848	15.9398	15.886	16.0083	10.526	22.1741	12.1983	21.0303	24.958
35.3422	17.4727	17.02	25.2132	16.0327	9.71154	6.83052	11.978	0	8.73573	23.1904	33.9981	21.4332	25.9985	20.9643	22.9346	22.0697	18.0278	19.6094	20.5186
20.3171	11.2877	19.7456	18.7539	5.73967	0.975807	13.2158	3.2423	8.73573	0	14.4547	23.1744	12.6975	19.3386	20.5061	13.7683	22.5684	7.87581	14.6805	12.9675
13.6328	15.2426	12.866	4.29921	21.0031	15.4305	18.6585	17.697	23.1904	14.4547	0	8.15352	9.63745	6.54107	11.7411	11.9011	13.1735	10.9343	10.1997	9.36745
8.70419	23.1544	10.5909	14.5483	13.4496	22.7293	16.8021	28.2848	33.9981	23.1744	8.15352	0	8.25357	1.61245	2.66833	6.97249	10.8676	8.49928	12.6792	14.5002
7.61962	16.4615	3.76857	7.88356	9.98887	13.6733	23.5547	15.9398	21.4332	12.6975	9.63745	8.25357	0	6.64112	11.8411	12.0012	14.3144	10.2724	1.98305	0.27
7.09174	19.0239	8.97847	10.8403	15.9813	21.2148	19.3338	15.886	25.9985	19.3386	6.54107	1.61245	6.64112	0	4.28078	5.36004	13.3993	11.031	8.62418	6.91112
7.8	19.4799	14.1785	11.88	10.7813	12.731	14.1338	16.0083	20.9643	20.5061	11.7411	2.66833	11.8411	4.28078	0	5.48234	8.19928	5.83095	15.633	14.1869
4.49419	16.4263	13.0936	12.1729	16.2637	13.4968	18.9694	10.526	22.9346	13.7683	11.9011	6.97249	12.0012	5.36004	5.48234	0	10.6387	6.59676	10.5042	14.432
8.98839	11.2806	11.4095	8.87428	15.9208	10.9419	17.3241	22.1741	22.0697	22.5684	13.1735	10.8676	14.3144	13.3993	8.19928	10.6387	0	4.04191	13.9988	14.5958
11.0909	15.3226	15.4514	7.18543	11.6639	6.9	13.2822	12.1983	18.0278	7.87581	10.9343	8.49928	10.2724	11.031	5.83095	6.59676	4.04191	0	12.2555	10.5424
7.83304	14.7313	2.58936	5.90051	11.9719	23.6081	25.3735	21.0303	19.6094	14.6805	10.1997	12.6792	1.98305	8.62418	15.633	10.5042	13.9988	12.2555	0	2.25305
7.88962	16.1915	3.49857	8.75	10.2589	23.0512	26.8337	24.958	20.5186	12.9675	9.36745	14.5002	0.27	6.91112	14.1869	14.432	14.5958	10.5424	2.25305	0
																			
0	16.1251	19.936	8.34814	28.0037	18.557	13.4217	10.73	26.0674	11.9557	15.9195	13.6932	6.7475	1.97909	5.22909	3.38095	8.98839	7.59165	18.4726	15.7573
16.1251	0	8.07217	19.7235	14.7076	23.5131	20.2095	22.503	11.7346	19.5975	18.8149	16.7905	12.0266	16.9799	26.2348	15.3932	7.13674	14.4382	10.4331	12.4266
19.936	8.07217	0	11.348	15.7089	20.2655	22.9049	14.4309	12.208	20.1328	8.76265	10.85	4.30789	17.9569	11.1023	19.3544	15.2089	11.2888	2.36089	4.898
8.34814	19.7235	11.348	0	16.9174	21.8175	17.8116	19.8624	21.5559	16.3457	4.94975	20.7199	6.85	6.36905	9.61905	8.10075	13.7642	12.6526	9.16529	6.45
28.0037	14.7076	15.7089	16.9174	0	6.24751	6.01332	10.5918	14.4882	4.88987	16.0087	25.3774	9.2205	14.8665	22.0894	12.5871	19.2133	29.3666	11.1675	9.6205
18.557	23.5131	20.2655	21.8175	6.24751	0	13.2226	7.05962	11.7785	1.35765	22.1802	21.832	11.7761	11.3343	30.542	22.4183	26.7845	18.8556	18.0828	15.3675
13.4217	20.2095	22.9049	17.8116	6.01332	13.2226	0	17.5669	8.4749	10.9032	26.7342	25.7934	15.2338	11.4426	14.6926	13.1743	21.2857	26.3123	18.322	19.9215
10.73	22.503	14.4309	19.8624	10.5918	7.05962	17.5669	0	18.2188	5.70197	18.9538	14.005	12.1655	12.7091	21.0578	14.1109	18.3301	11.0286	14.1125	12.5655
26.0674	11.7346	12.208	21.5559	14.4882	11.7785	8.4749	18.2188	0	12.5169	16.2488	25.28	11.7941	19.9175	18.5884	22.6864	17.5357	24.8372	9.84708	12.5624
11.9557	19.5975	20.1328	16.3457	4.88987	1.35765	10.9032	5.70197	12.5169	0	17.2067	19.707	10.4184	9.97666	13.2267	11.7084	19.8198	16.7306	12.3654	10.8184
15.9195	18.8149	8.76265	4.94975	16.0087	22.1802	26.7342	18.9538	16.2488	17.2067	0	22.9452	6.78823	11.3188	15.1431	10.1548	13.3401	13.2035	6.40176	6.81269
13.6932	16.7905	10.85	20.7199	25.3774	21.832	25.7934	14.005	25.28	19.707	22.9452	0	16.1569	14.3508	17.6008	12.3611	15.4519	8.1504	13.2109	14.5412
6.7475	12.0266	4.30789	6.85	9.2205	11.7761	15.2338	12.1655	11.7941	10.4184	6.78823	16.1569	0	5.09826	10.6884	3.36656	9.9928	6.79081	1.947	0.4
1.97909	16.9799	17.9569	6.36905	14.8665	11.3343	11.4426	12.7091	19.9175	9.97666	11.3188	14.3508	5.09826	0	3.25	1.7317	9.84315	5.94241	11.9914	12.8191
5.22909	26.2348	11.1023	9.61905	22.0894	30.542	14.6926	21.0578	18.5884	13.2267	15.1431	17.6008	10.6884	3.25	0	4.9817	13.0932	10.0292	8.74137	11.4567
3.38095	15.3932	19.3544	8.10075	12.5871	22.4183	13.1743	14.1109	22.6864	11.7084	10.1548	12.3611	3.36656	1.7317	4.9817	0	11.5122	4.2107	5.31355	3.76656
8.98839	7.13674	15.2089	13.7642	19.2133	26.7845	21.2857	18.3301	17.5357	19.8198	13.3401	15.4519	9.9928	9.84315	13.0932	11.5122	0	7.30151	11.9398	10.3928
7.59165	14.4382	11.2888	12.6526	29.3666	18.8556	26.3123	11.0286	24.8372	16.7306	13.2035	8.1504	6.79081	5.94241	10.0292	4.2107	7.30151	0	9.1061	6.39081
18.4726	10.4331	2.36089	9.16529	11.1675	18.0828	18.322	14.1125	9.84708	12.3654	6.40176	13.2109	1.947	11.9914	8.74137	5.31355	11.9398	9.1061	0	2.347
15.7573	12.4266	4.898	6.45	9.6205	15.3675	19.9215	12.5655	12.5624	10.8184	6.81269	14.5412	0.4	12.8191	11.4567	3.76656	10.3928	6.39081	2.347	0
																			
0	10.192	11.1112	3.46133	13.6054	23.8716	32.9639	29.6	13.3891	37.9996	5.29981	17.3996	8.53426	5.31881	5.6	2.88617	6.44961	19.1278	17.3828	6.06133
10.192	0	3.90155	6.73071	16.8748	11.4407	24.8968	19.1837	21.5068	10.9457	7.15732	20.9048	11.8036	8.48896	27.2507	12.1266	9.71898	31.5916	11.5746	9.33071
11.1112	3.90155	0	5.09424	15.3017	18.1534	31.6933	23.0853	18.728	14.8472	3.25576	23.4539	10.4683	12.3905	10.8343	8.22503	15.1248	16.377	9.55903	8.91273
3.46133	6.73071	5.09424	0	10.1441	16.7361	25.0903	20.1727	12.3287	17.6764	1.83848	13.9871	3.25	8.78014	9.06133	6.3475	2.98828	13.7324	7.22448	2.6
13.6054	16.8748	15.3017	10.1441	0	10.0621	15.4843	10.0286	10.056	9.56713	11.9826	31.8001	15.217	25.1821	19.6244	15.9248	13.1324	17.6277	18.3492	12.7441
23.8716	11.4407	18.1534	16.7361	10.0621	0	4.68	9.39244	11.0561	0.494975	14.8977	23.2154	14.3012	22.1699	22.4762	26.6987	23.3985	25.8808	20.7552	14.9512
32.9639	24.8968	31.6933	25.0903	15.4843	4.68	0	14.0724	11.068	5.17497	19.5777	30.9954	18.3238	26.8499	43.8107	21.5709	28.0429	18.6396	27.9033	32.1025
29.6	19.1837	23.0853	20.1727	10.0286	9.39244	14.0724	0	20.0846	9.88742	22.0745	35.7078	23.6937	27.6727	33.4498	25.9534	30.2866	37.2475	30.7583	29.239
13.3891	21.5068	18.728	12.3287	10.056	11.0561	11.068	20.0846	0	10.5611	14.4683	16.17	7.25578	23.2846	20.1777	10.503	17.4028	7.57166	13.7097	7.90578
37.9996	10.9457	14.8472	17.6764	9.56713	0.494975	5.17497	9.88742	10.5611	0	15.3926	26.8104	14.7962	19.4346	28.4201	21.0641	33.541	18.1328	22.5203	26.4986
5.29981	7.15732	3.25576	1.83848	11.9826	14.8977	19.5777	22.0745	14.4683	15.3926	0	16.1267	6.30697	16.7987	7.57852	11.4808	4.82675	13.1212	6.30327	4.43848
17.3996	20.9048	23.4539	13.9871	31.8001	23.2154	30.9954	35.7078	16.17	26.8104	16.1267	0	8.91417	12.4159	18.9452	15.8753	12.4451	32.473	15.3681	9.56417
8.53426	11.8036	10.4683	3.25	15.217	14.3012	18.3238	23.6937	7.25578	14.7962	6.30697	8.91417	0	19.116	14.791	11.1733	7.70051	11.7824	5.27448	0.65
5.31881	8.48896	12.3905	8.78014	25.1821	22.1699	26.8499	27.6727	23.2846	19.4346	16.7987	12.4159	19.116	0	10.9188	8.20498	18.0263	29.5984	20.0636	17.638
5.6	27.2507	10.8343	9.06133	19.6244	22.4762	43.8107	33.4498	20.1777	28.4201	7.57852	18.9452	14.791	10.9188	0	8.48617	15.7678	13.5278	13.8818	13.2355
2.88617	12.1266	8.22503	6.3475	15.9248	26.6987	21.5709	25.9534	10.503	21.0641	11.4808	15.8753	11.1733	8.20498	8.48617	0	6.8998	18.0746	15.1478	10.5233
6.44961	9.71898	15.1248	2.98828	13.1324	23.3985	28.0429	30.2866	17.4028	33.541	4.82675	12.4451	7.70051	18.0263	15.7678	6.8998	0	18.1829	11.675	5.58828
19.1278	31.5916	16.377	13.7324	17.6277	25.8808	18.6396	37.2475	7.57166	18.1328	13.1212	32.473	11.7824	29.5984	13.5278	18.0746	18.1829	0	15.7569	11.1324
17.3828	11.5746	9.55903	7.22448	18.3492	20.7552	27.9033	30.7583	13.7097	22.5203	6.30327	15.3681	5.27448	20.0636	13.8818	15.1478	11.675	15.7569	0	4.62448
6.06133	9.33071	8.91273	2.6	12.7441	14.9512	32.1025	29.239	7.90578	26.4986	4.43848	9.56417	0.65	17.638	13.2355	10.5233	5.58828	11.1324	4.62448	0
																			
0	8.06226	8.65767	8.5347	30.7439	12.1147	16.5564	15.17	26.1089	13.048	8.58946	5.04486	7.04071	5.19511	11.9	6.43204	7.24314	11.9603	4.01204	6.0347
8.06226	0	9.51751	6.69844	22.6817	7.77443	11.1437	18.6922	18.7753	6.84105	4.85996	11.7533	7.89218	13.2574	15.7997	13.95	19.8102	15.9415	9.88288	6.25218
8.65767	9.51751	0	5.76533	27.7514	11.0832	17.19	14.1123	25.0774	12.0165	5.82009	11.6123	4.90533	17.4995	12.8129	9.17331	6.18013	8.27519	4.64562	3.26533
8.5347	6.69844	5.76533	0	13.4395	9.92806	13.2973	5.67	20.9473	8.99468	1.83848	10.847	2.68224	11.9474	3.6	11.5816	5.886	12.1893	5.7109	2.5
30.7439	22.6817	27.7514	13.4395	0	19.2172	11.275	27.9306	10.9099	15.5776	20.0911	31.7535	10.7572	28.6563	20.215	20.5363	20.3706	27.4699	13.7859	12.3972
12.1147	7.77443	11.0832	9.92806	19.2172	0	5.23605	12.7845	13.9943	0.933381	19.0857	17.1595	7.44491	17.3098	24.0147	18.5467	13.9026	19.3584	14.32	14.3485
16.5564	11.1437	17.19	13.2973	11.275	5.23605	0	16.1538	6.89377	4.30267	17.5673	26.2074	10.8142	20.1608	19.1815	17.072	15.7754	21.9833	12.5443	18.484
15.17	18.6922	14.1123	5.67	27.9306	12.7845	16.1538	0	28.2034	11.8512	7.50848	19.9949	8.35224	20.3651	9.27	21.602	7.93221	15.6249	11.1633	8.17
26.1089	18.7753	25.0774	20.9473	10.9099	13.9943	6.89377	28.2034	0	11.1964	23.6353	30.5286	21.6671	27.0545	17.3473	25.329	29.8428	32.6533	19.4381	25.0275
13.048	6.84105	12.0165	8.99468	15.5776	0.933381	4.30267	11.8512	11.1964	0	10.8332	18.5944	6.51153	19.8013	12.5947	16.2906	12.9692	20.6619	9.54019	8.15153
8.58946	4.85996	5.82009	1.83848	20.0911	19.0857	17.5673	7.50848	23.6353	10.8332	0	9.44043	4.19476	10.1089	5.43848	9.55061	7.72448	12.2441	5.02292	2.55476
5.04486	11.7533	11.6123	10.847	31.7535	17.1595	26.2074	19.9949	30.5286	18.5944	9.44043	0	9.98701	6.04669	10.6724	2.69072	14.6081	6.91549	7.21842	8.34701
7.04071	7.89218	4.90533	2.68224	10.7572	7.44491	10.8142	8.35224	21.6671	6.51153	4.19476	9.98701	0	15.8742	6.28224	7.55636	6.25976	11.3293	3.02866	1.64
5.19511	13.2574	17.4995	11.9474	28.6563	17.3098	20.1608	20.3651	27.0545	19.8013	10.1089	6.04669	15.8742	0	17.0951	8.73742	23.0677	12.9622	9.20716	11.2298
11.9	15.7997	12.8129	3.6	20.215	24.0147	19.1815	9.27	17.3473	12.5947	5.43848	10.6724	6.28224	17.0951	0	7.98164	9.486	17.3762	12.5093	6.1
6.43204	13.95	9.17331	11.5816	20.5363	18.5467	17.072	21.602	25.329	16.2906	9.55061	2.69072	7.55636	8.73742	7.98164	0	7.75879	9.60621	4.52769	10.4674
7.24314	19.8102	6.18013	5.886	20.3706	13.9026	15.7754	7.93221	29.8428	12.9692	7.72448	14.6081	6.25976	23.0677	9.486	7.75879	0	7.69266	3.2311	8.386
11.9603	15.9415	8.27519	12.1893	27.4699	19.3584	21.9833	15.6249	32.6533	20.6619	12.2441	6.91549	11.3293	12.9622	17.3762	9.60621	7.69266	0	9.439	9.6893
4.01204	9.88288	4.64562	5.7109	13.7859	14.32	12.5443	11.1633	19.4381	9.54019	5.02292	7.21842	3.02866	9.20716	12.5093	4.52769	3.2311	9.439	0	4.66866
6.0347	6.25218	3.26533	2.5	12.3972	14.3485	18.484	8.17	25.0275	8.15153	2.55476	8.34701	1.64	11.2298	6.1	10.4674	8.386	9.6893	4.66866	0
																			
0	11.6542	9.58467	7.62374	24.5834	18.0596	30.2581	19.8333	22.8518	18.4014	5.24786	11.1045	10.5733	6.26712	8.5621	6.14343	16.6496	14.1953	7.83304	9.95436
11.6542	0	10.8016	6.93467	9.56882	18.2611	23.3995	8.85402	14.6917	20.0344	6.40631	14.0904	9.14623	12.7987	16.726	11.0161	17.8081	17.5936	9.14736	8.33623
9.58467	10.8016	0	3.96432	18.502	18.2998	25.4414	22.6669	24.05	12.32	4.39528	12.0794	4.49185	10.7877	14.715	9.00505	6.18013	15.2773	1.75163	3.87295
7.62374	6.93467	3.96432	0	16.5035	12.2748	26.3339	7.56	27.2466	12.781	2.37588	10.06	3.16	8.76829	12.6956	6.85999	11.0476	12.3402	2.21269	2.35
24.5834	9.56882	18.502	16.5035	0	13.9859	6.51429	18.4228	5.12289	14.3802	15.9751	17.9654	19.4906	22.8027	19.2747	26.9793	26.6103	35.4095	16.7504	17.9051
18.0596	18.2611	18.2998	12.2748	13.9859	0	3.48	12.439	4.8714	1.25865	13.9045	12.1051	10.7348	11.7925	22.5116	14.4348	22.174	19.7207	11.827	9.92484
30.2581	23.3995	25.4414	26.3339	6.51429	3.48	0	19.5249	1.3914	4.73865	17.3845	15.5851	19.5309	15.2725	15.5432	29.6201	22.8788	30.5986	18.9129	13.4048
19.8333	8.85402	22.6669	7.56	18.4228	12.439	19.5249	0	20.4376	11.1803	9.93588	18.4035	17.8808	13.5662	21.1013	20.2456	18.3883	8.73963	9.77269	9.91
22.8518	14.6917	24.05	27.2466	5.12289	4.8714	1.3914	20.4376	0	9.25727	22.7675	20.9681	18.1395	20.6555	14.1518	16.5704	21.4874	26.5134	19.8256	18.7879
18.4014	20.0344	12.32	12.781	14.3802	1.25865	4.73865	11.1803	9.25727	0	14.7908	13.3637	13.3086	13.0511	23.409	19.4006	21.3572	19.92	10.5683	11.1835
5.24786	6.40631	4.39528	2.37588	15.9751	13.9045	17.3845	9.93588	22.7675	14.7908	0	7.68407	5.37401	6.39241	7.02845	4.60977	9.8012	14.3206	4.58857	4.72588
11.1045	14.0904	12.0794	10.06	17.9654	12.1051	15.5851	18.4035	20.9681	13.3637	7.68407	0	9.19274	4.83735	10.4065	9.01393	13.6199	12.7655	11.933	10.0027
10.5733	9.14623	4.49185	3.16	19.4906	10.7348	19.5309	17.8808	18.1395	13.3086	5.37401	9.19274	0	9.65828	8.35014	5.31999	4.42719	12.1985	2.74022	0.81
6.26712	12.7987	10.7877	8.76829	22.8027	11.7925	15.2725	13.5662	20.6555	13.0511	6.39241	4.83735	9.65828	0	9.09811	6.67943	17.7094	7.92818	10.9696	8.84828
8.5621	16.726	14.715	12.6956	19.2747	22.5116	15.5432	21.1013	14.1518	23.409	7.02845	10.4065	8.35014	9.09811	0	2.41868	12.7773	12.3616	11.0904	6.92867
6.14343	11.0161	9.00505	6.85999	26.9793	14.4348	29.6201	20.2456	16.5704	19.4006	4.60977	9.01393	5.31999	6.67943	2.41868	0	16.0115	14.6076	6.63131	4.50999
16.6496	17.8081	6.18013	11.0476	26.6103	22.174	22.8788	18.3883	21.4874	21.3572	9.8012	13.6199	4.42719	17.7094	12.7773	16.0115	0	10.0396	7.16741	5.23719
14.1953	17.5936	15.2773	12.3402	35.4095	19.7207	30.5986	8.73963	26.5134	19.92	14.3206	12.7655	12.1985	7.92818	12.3616	14.6076	10.0396	0	14.5529	13.0085
7.83304	9.14736	1.75163	2.21269	16.7504	11.827	18.9129	9.77269	19.8256	10.5683	4.58857	11.933	2.74022	10.9696	11.0904	6.63131	7.16741	14.5529	0	2.12132
9.95436	8.33623	3.87295	2.35	17.9051	9.92484	13.4048	9.91	18.7879	11.1835	4.72588	10.0027	0.81	8.84828	6.92867	4.50999	5.23719	13.0085	2.12132	0
																			
0	13.8018	18.2614	9.56708	24.6584	9.01019	14.6675	11.5083	12.8855	8.71321	12.9034	9.83367	9.29725	5.31881	3.3	5.23634	11.4993	17.1	6.30464	10.7594
13.8018	0	19.2176	14.3878	6.91082	16.637	15.8601	29.4977	23.6076	22.856	14.0959	22.87	10.0478	21.4872	22.703	20.5837	14.5037	15.9409	7.49718	9.1378
18.2614	19.2176	0	20.1894	12.3068	22.0331	20.3197	18.9663	17.76	21.7614	16.3766	23.4314	11.8512	20.9072	21.9857	18.9049	13.7864	24.1794	11.9568	12.7612
9.56708	14.3878	20.1894	0	23.6356	27.1757	22.1922	26.8912	13.9935	12.033	1.6122	11.0608	6.13769	6.54597	6.99128	4.33074	6.51988	12.0531	8.21094	5.25
24.6584	6.91082	12.3068	23.6356	0	9.72622	14.4062	15.1449	16.6968	10.0232	26.366	27.258	20.4408	22.7431	22.0119	24.6724	21.4145	25.4229	14.408	16.0486
9.01019	16.637	22.0331	27.1757	9.72622	0	4.68	3.09207	4.46927	0.296985	10.7178	38.2526	12.0177	29.7279	10.1399	20.5241	25.7901	25.8509	13.0429	25.4178
14.6675	15.8601	20.3197	22.1922	14.4062	4.68	0	10.0987	2.65631	4.97698	14.9616	36.4945	11.3555	22.3529	18.6768	12.3191	20.6411	17.0785	8.36289	12.8177
11.5083	29.4977	18.9663	26.8912	15.1449	3.09207	10.0987	0	6.96737	2.79508	13.2159	29.6997	14.5158	24.9288	12.638	23.0222	20.3714	31.9755	25.9146	31.7511
12.8855	23.6076	17.76	13.9935	16.6968	4.46927	2.65631	6.96737	0	4.17229	14.5931	17.4658	15.893	20.96	12.3233	9.66274	24.6982	14.4222	11.0192	21.2253
8.71321	22.856	21.7614	12.033	10.0232	0.296985	4.97698	2.79508	4.17229	0	10.4208	18.8029	11.7208	14.032	9.84293	12.5035	18.0422	18.5945	14.7134	12.6308
12.9034	14.0959	16.3766	1.6122	26.366	10.7178	14.9616	13.2159	14.5931	10.4208	0	20.5906	4.52548	8.15817	16.8187	5.94294	8.13208	14.3709	6.59873	5.43548
9.83367	22.87	23.4314	11.0608	27.258	38.2526	36.4945	29.6997	17.4658	18.8029	20.5906	0	13.5709	4.51486	10.4636	7.8031	9.64494	20.5353	16.3944	13.7322
9.29725	10.0478	11.8512	6.13769	20.4408	12.0177	11.3555	14.5158	15.893	11.7208	4.52548	13.5709	0	9.05608	9.71428	7.05374	12.2898	7.71312	2.99261	0.91
5.31881	21.4872	20.9072	6.54597	22.7431	29.7279	22.3529	24.9288	20.96	14.032	8.15817	4.51486	9.05608	0	8.61881	10.5552	8.07643	19.6806	11.6234	9.96608
3.3	22.703	21.9857	6.99128	22.0119	10.1399	18.6768	12.638	12.3233	9.84293	16.8187	10.4636	9.71428	8.61881	0	2.66055	8.19928	19.8035	9.60464	13.2033
5.23634	20.5837	18.9049	4.33074	24.6724	20.5241	12.3191	23.0222	9.66274	12.5035	5.94294	7.8031	7.05374	10.5552	2.66055	0	10.8506	22.3363	10.0463	7.96374
11.4993	14.5037	13.7864	6.51988	21.4145	25.7901	20.6411	20.3714	24.6982	18.0422	8.13208	9.64494	12.2898	8.07643	8.19928	10.8506	0	11.6042	12.2782	11.3798
17.1	15.9409	24.1794	12.0531	25.4229	25.8509	17.0785	31.9755	14.4222	18.5945	14.3709	20.5353	7.71312	19.6806	19.8035	22.3363	11.6042	0	11.2579	6.80312
6.30464	7.49718	11.9568	8.21094	14.408	13.0429	8.36289	25.9146	11.0192	14.7134	6.59873	16.3944	2.99261	11.6234	9.60464	10.0463	12.2782	11.2579	0	3.90261
10.7594	9.1378	12.7612	5.25	16.0486	25.4178	12.8177	31.7511	21.2253	12.6308	5.43548	13.7322	0.91	9.96608	13.2033	7.96374	11.3798	6.80312	3.90261	0
																			
0	20.6394	11.6865	8.75205	27.1641	21.0483	25.6982	21.9303	20.2672	15.1227	4.19829	9.47198	7.94595	1.23693	6.1	3.62833	14.5526	8.549	10.2156	10.5244
20.6394	0	3.76701	13.9358	7.44242	11.8817	10.5994	30.2943	13.0397	11.2877	11.2553	29.8085	9.87628	14.2398	13.9543	15.7737	14.9388	12.997	5.26118	6.15213
11.6865	3.76701	0	10.1688	11.2094	19.43	15.2711	25.2203	13.69	15.0548	7.48826	14.5137	11.2359	13.3526	10.1873	12.606	11.1718	9.23002	9.02819	13.3694
8.75205	13.9358	10.1688	0	21.9685	15.8234	17.1539	22.2858	21.1266	15.427	4.55377	11.5792	2.97379	11.2435	8.07238	7.62284	9.4176	5.62338	6.49095	4.60379
27.1641	7.44242	11.2094	21.9685	0	6.27699	3.15699	29.7791	4.73813	15.7672	22.2119	29.0236	17.3371	22.3266	33.8073	24.1146	19.4282	21.7934	12.7036	14.2389
21.0483	11.8817	19.43	15.8234	6.27699	0	3.12	11.3191	4.70114	0.59397	20.9781	25.3738	17.3001	19.8114	9.61665	19.654	9.22089	10.2	18.6454	10.421
25.6982	10.5994	15.2711	17.1539	3.15699	3.12	0	14.4391	1.58114	3.71397	17.9278	32.6355	14.1801	20.6114	20.3554	18.8292	12.3409	13.32	16.505	15.8101
21.9303	30.2943	25.2203	22.2858	29.7791	11.3191	14.4391	0	28.4621	11.9131	17.732	24.7575	21.4797	24.4217	21.593	23.1716	20.54	19.144	26.596	24.0581
20.2672	13.0397	13.69	21.1266	4.73813	4.70114	1.58114	28.4621	0	10.17	21.1783	32.2523	15.7613	19.0302	19.1926	21.4216	13.831	22.92	18.9452	19.997
15.1227	11.2877	15.0548	15.427	15.7672	0.59397	3.71397	11.9131	10.17	0	13.2151	17.1611	11.457	20.4053	9.02268	11.4414	9.81486	10.794	10.718	9.827
4.19829	11.2553	7.48826	4.55377	22.2119	20.9781	17.9278	17.732	21.1783	13.2151	0	7.02544	3.74767	5.43522	4.19237	5.43953	13.9714	6.64137	7.21703	5.37767
9.47198	29.8085	14.5137	11.5792	29.0236	25.3738	32.6355	24.7575	32.2523	17.1611	7.02544	0	10.7731	10.7089	8.13842	10.5571	22.0558	10.5874	13.5461	12.6551
7.94595	9.87628	11.2359	2.97379	17.3371	17.3001	14.1801	21.4797	15.7613	11.457	3.74767	10.7731	0	7.04045	7.06773	4.64905	11.0307	8.59717	2.52095	1.63
1.23693	14.2398	13.3526	11.2435	22.3266	19.8114	20.6114	24.4217	19.0302	20.4053	5.43522	10.7089	7.04045	0	4.81008	2.3914	15.7896	10.3507	8.97866	9.86962
6.1	13.9543	10.1873	8.07238	33.8073	9.61665	20.3554	21.593	19.1926	9.02268	4.19237	8.13842	7.06773	4.81008	0	2.41868	18.9214	2.449	10.8944	10.5184
3.62833	15.7737	12.606	7.62284	24.1146	19.654	18.8292	23.1716	21.4216	11.4414	5.43953	10.5571	4.64905	2.3914	2.41868	0	18.4207	4.86768	9.26416	6.27905
14.5526	14.9388	11.1718	9.4176	19.4282	9.22089	12.3409	20.54	13.831	9.81486	13.9714	22.0558	11.0307	15.7896	18.9214	18.4207	0	15.041	10.2916	9.40068
8.549	12.997	9.23002	5.62338	21.7934	10.2	13.32	19.144	22.92	10.794	6.64137	10.5874	8.59717	10.3507	2.449	4.86768	15.041	0	8.44542	9.33638
10.2156	5.26118	9.02819	6.49095	12.7036	18.6454	16.505	26.596	18.9452	10.718	7.21703	13.5461	2.52095	8.97866	10.8944	9.26416	10.2916	8.44542	0	0.890955
10.5244	6.15213	13.3694	4.60379	14.2389	10.421	15.8101	24.0581	19.997	9.827	5.37767	12.6551	1.63	9.86962	10.5184	6.27905	9.40068	9.33638	0.890955	0
																			
0	11.9321	7.81699	4.03822	11.3961	11.3494	20.0283	11.0582	18.1373	20.0404	6.27267	7.51581	7.82834	2.06155	5.8	1.44309	9.83717	5.09236	11.7826	5.48822
11.9321	0	12.4761	10.4275	13.1128	18.529	20.9301	18.2378	24.0826	21.8835	13.4523	10.494	10.3475	13.9937	17.7321	13.3752	12.0698	16.0671	11.6928	8.97748
