10
10
2
2
20

6	25
1	50
11	25
47	42
3	33
22	35
37	29
8	32
40	14
47	10

40	12
50	19
49	12
45	9
11	8
25	5
17	28
33	35
2	41
7	15

150

1.79769e+308
1.79769e+308
1.79769e+308
1.79769e+308
1.79769e+308
1.79769e+308
1.79769e+308
1.79769e+308
1.79769e+308
1.79769e+308

13
15
11
18
13
13
19
18
19
14

0
0
0
0
0
0
0
0
0
0

0

0	17.3411	2.2	35.69	7.63058	13.2009	19.0358	10.7746	11.4715	9.14644	14.4951	21.4001	13.2809	8.4309	6.11	12.9418	5.82243	27.7031	16.5074	6.33142	
17.3411	0	16.1555	37.5896	14.0972	14.3437	24.6582	6.56649	13.9095	18.5661	22.1096	25.3685	16.5296	21.3796	20.0655	15.8193	14.6426	18.024	7.24431	25.9745	
2.2	16.1555	0	24.1481	5.43058	11.0009	11.6324	10.2813	14.6893	12.3643	17.7129	20.9361	16.4987	10.6309	3.91	9.92348	3.62243	13.4209	12.2835	6.57055	
35.69	37.5896	24.1481	0	30.6938	21.9856	24.7437	28.6017	17.8829	17.2958	15.4029	20.6434	20.9829	21.4671	27.8339	34.6043	20.5257	19.5656	30.7244	34.875	
7.63058	14.0972	5.43058	30.6938	0	7.06884	16.1159	8.92328	16.2663	14.7439	20.0925	26.9975	18.204	14.0283	9.34058	16.1723	9.05301	9.48884	6.85292	13.4605	
13.2009	14.3437	11.0009	21.9856	7.06884	0	9.04708	12.7429	10.2337	12.1709	12.7137	13.1474	14.5669	11.4553	13.9105	18.6629	14.6233	2.42	7.09941	11.25	
19.0358	24.6582	11.6324	24.7437	16.1159	9.04708	0	12.544	5.201	7.51482	7.681	4.1003	9.53419	8.23036	15.3182	22.8688	8.00999	6.63421	16.1465	20.2971	
10.7746	6.56649	10.2813	28.6017	8.92328	12.7429	12.544	0	7.34302	15.889	9.82302	22.2129	11.6762	10.3836	14.1913	9.25277	8.07606	15.1629	5.73283	16.6656	
11.4715	13.9095	14.6893	17.8829	16.2663	10.2337	5.201	7.34302	0	3.7561	2.48	9.3013	4.33319	3.04056	18.007	16.5958	13.211	11.8352	13.0759	11.8888	
9.14644	18.5661	12.3643	17.2958	14.7439	12.1709	7.51482	15.889	3.7561	0	1.89283	9.58296	2.03647	0.715542	11.8983	17.9118	11.5437	14.149	17.3317	9.56382	
14.4951	22.1096	17.7129	15.4029	20.0925	12.7137	7.681	9.82302	2.48	1.89283	0	7.69013	3.9293	2.60837	13.7911	19.2014	16.8923	14.6548	22.6803	14.9125	
21.4001	25.3685	20.9361	20.6434	26.9975	13.1474	4.1003	22.2129	9.3013	9.58296	7.69013	0	8.83883	12.9692	24.8217	26.8915	12.1103	10.7345	29.5853	21.8175	
13.2809	16.5296	16.4987	20.9829	18.204	14.5669	9.53419	11.6762	4.33319	2.03647	3.9293	8.83883	0	2.75201	13.9348	22.001	15.6781	16.508	21.4661	13.6983	
8.4309	21.3796	10.6309	21.4671	14.0283	11.4553	8.23036	10.3836	3.04056	0.715542	2.60837	12.9692	2.75201	0	11.5088	16.2611	10.8281	13.8753	16.6161	8.84828	
6.11	20.0655	3.91	27.8339	9.34058	13.9105	15.3182	14.1913	18.007	11.8983	13.7911	24.8217	13.9348	11.5088	0	6.01348	7.30821	12.5381	18.4024	2.66055	
12.9418	15.8193	9.92348	34.6043	16.1723	18.6629	22.8688	9.25277	16.5958	17.9118	19.2014	26.8915	22.001	16.2611	6.01348	0	13.3217	18.5516	14.9856	7.41285	
5.82243	14.6426	3.62243	20.5257	9.05301	14.6233	8.00999	8.07606	13.211	11.5437	16.8923	12.1103	15.6781	10.8281	7.30821	13.3217	0	14.6442	13.8089	9.96876	
27.7031	18.024	13.4209	19.5656	9.48884	2.42	6.63421	15.1629	11.8352	14.149	14.6548	10.7345	16.508	13.8753	12.5381	18.5516	14.6442	0	9.51941	13.67	
16.5074	7.24431	12.2835	30.7244	6.85292	7.09941	16.1465	5.73283	13.0759	17.3317	22.6803	29.5853	21.4661	16.6161	18.4024	14.9856	13.8089	9.51941	0	18.3494	
6.33142	25.9745	6.57055	34.875	13.4605	11.25	20.2971	16.6656	11.8888	9.56382	14.9125	21.8175	13.6983	8.84828	2.66055	7.41285	9.96876	13.67	18.3494	0	

0	15.6901	5.4	15.0462	6.48784	13.2409	7.50168	4.29526	11.02	12.8694	12.9334	21.2787	13.7443	29.4641	15.663	12.0168	5.92891	13.9625	10.4943	9.81584	
15.6901	0	19.3303	29.2811	12.0566	9.29508	22.7722	11.3948	24.3663	16.6431	21.7496	15.6913	16.5296	17.5796	15.7047	27.54	8.64029	37.229	4.07492	14.9144	
5.4	19.3303	0	19.6453	10.1891	9.92818	12.1007	6.35877	13.2098	16.2606	9.62066	13.9538	15.3898	20.3156	11.9	8.7041	2.6162	10.6498	7.18157	4.41584	
15.0462	29.2811	19.6453	0	33.1879	14.0288	7.54456	29.2341	11.0629	12.9123	16.7892	21.3216	13.7872	21.0448	16.2342	27.1193	13.0423	5.00879	25.2062	17.8561	
6.48784	12.0566	10.1891	33.1879	0	13.2018	22.4537	2.19258	17.3405	11.5958	15.5538	11.7698	15.4467	14.5121	13.5604	20.3593	5.93514	22.305	7.98164	19.0517	
13.2409	9.29508	9.92818	14.0288	13.2018	0	18.1255	11.0545	18.5313	17.7883	14.3164	12.8996	16.5766	21.3597	16.8499	13.3999	7.31198	9.02	5.22015	17.3993	
7.50168	22.7722	12.1007	7.54456	22.4537	18.1255	0	11.7969	3.51832	5.36773	6.55832	9.91955	6.2426	6.34675	8.6896	14.8553	10.8135	12.331	15.3789	16.5165	
4.29526	11.3948	6.35877	29.2341	2.19258	11.0545	11.7969	0	16.6592	9.40322	10.747	13.9624	11.27	13.0927	11.3678	9.83046	3.74257	11.7761	8.30794	12.4124	
11.02	24.3663	13.2098	11.0629	17.3405	18.5313	3.51832	16.6592	0	6.51794	3.04	6.82403	3.87843	2.82843	10.6611	6.84718	10.0445	11.5107	19.8242	23.9638	
12.8694	16.6431	16.2606	12.9123	11.5958	17.7883	5.36773	9.40322	6.51794	0	7.08676	5.54372	1.86676	2.91676	14.0573	13.7081	13.1458	9.74205	12.5682	24.1835	
12.9334	21.7496	9.62066	16.7892	15.5538	14.3164	6.55832	10.747	3.04	7.08676	0	3.78403	5.22	5.86843	13.7011	3.80718	7.00446	11.7804	11.5698	14.5856	
21.2787	15.6913	13.9538	21.3216	11.7698	12.8996	9.91955	13.9624	6.82403	5.54372	3.78403	0	3.67696	4.72696	20.2762	7.59121	10.7885	15.5644	11.6163	23.7955	
13.7443	16.5296	15.3898	13.7872	15.4467	16.5766	6.2426	11.27	3.87843	1.86676	5.22	3.67696	0	1.05	14.9322	9.02718	12.2245	11.6088	14.435	22.3167	
29.4641	17.5796	20.3156	21.0448	14.5121	21.3597	6.34675	13.0927	2.82843	2.91676	5.86843	4.72696	1.05	0	13.4895	13.953	17.1503	13.4316	16.2577	23.3667	
15.663	15.7047	11.9	16.2342	13.5604	16.8499	8.6896	11.3678	10.6611	14.0573	13.7011	20.2762	14.9322	13.4895	0	11.3111	14.5162	21.0206	11.6298	13.3027	
12.0168	27.54	8.7041	27.1193	20.3593	13.3999	14.8553	9.83046	6.84718	13.7081	3.80718	7.59121	9.02718	13.953	11.3111	0	6.0879	14.1215	10.6533	13.7961	
5.92891	8.64029	2.6162	13.0423	5.93514	7.31198	10.8135	3.74257	10.0445	13.1458	7.00446	10.7885	12.2245	17.1503	14.5162	6.0879	0	8.03355	4.56537	7.03203	
13.9625	37.229	10.6498	5.00879	22.305	9.02	12.331	11.7761	11.5107	9.74205	11.7804	15.5644	11.6088	13.4316	21.0206	14.1215	8.03355	0	12.5989	22.2987	
10.4943	4.07492	7.18157	25.2062	7.98164	5.22015	15.3789	8.30794	19.8242	12.5682	11.5698	11.6163	14.435	16.2577	11.6298	10.6533	4.56537	12.5989	0	12.1791	
9.81584	14.9144	4.41584	17.8561	19.0517	17.3993	16.5165	12.4124	23.9638	24.1835	14.5856	23.7955	22.3167	23.3667	13.3027	13.7961	7.03203	22.2987	12.1791	0	

0	14.1257	6.3	14.2031	8.01755	11.7307	15.1462	4.29526	23.6434	24.2745	16.4698	17.6727	32.8325	27.4273	12.5812	29.7931	4.33267	12.3662	13.4922	9.44688	
14.1257	0	11.3088	19.7728	12.8534	17.1911	20.6066	12.4523	20.5864	13.411	15.8134	20.9056	17.9082	14.529	18.5629	34.3927	9.79306	17.8266	9.87037	17.5016	
6.3	11.3088	0	20.5031	6.15933	10.3496	13.7651	2.43705	13.5498	12.5722	10.1698	16.0289	16.9198	15.2427	11.1125	22.4189	2.95161	10.9852	11.3817	7.00071	
14.2031	19.7728	20.5031	0	12.8855	24.5189	22.1416	18.4984	21.4974	14.3423	18.2971	25.0754	17.1742	13.2242	26.7843	31.7847	18.5358	19.096	9.90244	23.65	
8.01755	12.8534	6.15933	12.8855	0	17.5995	17.2529	3.72228	18.3661	19.4201	17.0176	17.7249	23.7676	22.0906	13.8845	29.2668	6.38148	9.32064	2.98304	9.77272	
11.7307	17.1911	10.3496	24.5189	17.5995	0	7.26997	10.0572	27.4621	26.1644	25.9935	20.7381	25.3735	29.0488	16.1679	35.1761	7.398	15.2022	14.6164	15.1066	
15.1462	20.6066	13.7651	22.1416	17.2529	7.26997	0	13.4727	20.1921	18.8944	18.9889	16.3365	18.1035	20.0124	19.5833	26.1035	10.8135	7.93221	14.8	18.5221	
4.29526	12.4523	2.43705	18.4984	3.72228	10.0572	13.4727	0	25.7765	22.601	12.6068	15.9992	27.7814	24.4022	11.429	34.0884	2.65919	10.5753	6.70532	9.43776	
23.6434	20.5864	13.5498	21.4974	18.3661	27.4621	20.1921	25.7765	0	5.78244	3.38	3.57771	3.78001	7.73001	18.3083	11.78	16.9178	11.982	15.3831	14.1965	
24.2745	13.411	12.5722	14.3423	19.4201	26.1644	18.8944	22.601	5.78244	0	2.40244	7.4946	4.4972	1.11803	24.7485	12.4972	19.9419	15.8989	22.5585	21.3719	
16.4698	15.8134	10.1698	18.2971	17.0176	25.9935	18.9889	12.6068	3.38	2.40244	0	5.85915	6.75	3.52047	22.3331	12.2492	13.1214	14.2634	18.7631	17.1705	
17.6727	20.9056	16.0289	25.0754	17.7249	20.7381	16.3365	15.9992	3.57771	7.4946	5.85915	0	7.35772	8.61263	22.1099	18.1083	13.3401	8.40428	18.9608	17.7742	
32.8325	17.9082	16.9198	17.1742	23.7676	25.3735	18.1035	27.7814	3.78001	4.4972	6.75	7.35772	0	3.95	20.2513	8	24.3002	19.3644	19.1631	17.9765	
27.4273	14.529	15.2427	13.2242	22.0906	29.0488	20.0124	24.4022	7.73001	1.11803	3.52047	8.61263	3.95	0	24.2013	11.95	21.0599	20.2554	23.1267	22.4697	
12.5812	18.5629	11.1125	26.7843	13.8845	16.1679	19.5833	11.429	18.3083	24.7485	22.3331	22.1099	20.2513	24.2013	0	21.0472	8.76986	16.8034	17.4447	4.11175	
29.7931	34.3927	22.4189	31.7847	29.2668	35.1761	26.1035	34.0884	11.78	12.4972	12.2492	18.1083	8	11.95	21.0472	0	29.8171	31.0017	38.4919	23.6799	
4.33267	9.79306	2.95161	18.5358	6.38148	7.398	10.8135	2.65919	16.9178	19.9419	13.1214	13.3401	24.3002	21.0599	8.76986	29.8171	0	8.03355	14.3333	7.70857	
12.3662	17.8266	10.9852	19.096	9.32064	15.2022	7.93221	10.5753	11.982	15.8989	14.2634	8.40428	19.3644	20.2554	16.8034	31.0017	8.03355	0	12.3037	14.105	
13.4922	9.87037	11.3817	9.90244	2.98304	14.6164	14.8	6.70532	15.3831	22.5585	18.7631	18.9608	19.1631	23.1267	17.4447	38.4919	14.3333	12.3037	0	12.7558	
9.44688	17.5016	7.00071	23.65	9.77272	15.1066	18.5221	9.43776	14.1965	21.3719	17.1705	17.7742	17.9765	22.4697	4.11175	23.6799	7.70857	14.105	12.7558	0	

0	9.43319	3.55	25.7953	7.62294	10	11.2525	9.79493	15.8941	17.2	17.4671	18.1498	22.3363	18.9442	10.1004	19.3646	8.89337	8.62488	15.4319	4.62294	
9.43319	0	12.9832	23.102	14.4361	19.4332	20.6857	18.6847	20.6208	14.6152	18.439	29.485	21.7825	13.8325	17.2696	25.2543	17.737	20.1533	9.59871	14.0561	
3.55	12.9832	0	8.988	4.07294	13.55	13.9445	6.24493	14.7822	13.65	18.0909	13.2457	18.43	14.4326	13.6504	15.9418	7.78152	5.07488	8.91029	8.17294	
25.7953	23.102	8.988	0	18.3407	14.2531	12.7828	22.5893	14.2469	12.2967	12.0166	9.50988	7.51665	15.4666	16.836	14.2053	9.32704	3.91312	13.5033	26.4768	
7.62294	14.4361	4.07294	18.3407	0	11.4343	21.3657	3.41634	12.9471	17.4917	19.6092	18.6727	24.1994	16.7745	13.3329	16.4176	5.94643	9.14781	4.83735	13.2277	
10	19.4332	13.55	14.2531	11.4343	0	10.5011	8.01798	16.4669	18.7383	16.7156	18.5108	23.5184	19.521	17.9346	18.8192	13.3364	10.34	17.104	14.623	
11.2525	20.6857	13.9445	12.7828	21.3657	10.5011	0	18.5191	5.96585	10.6554	6.21456	14.2691	10.7146	10.821	19.9156	8.31817	12.9666	8.86966	20.5525	15.8755	
9.79493	18.6847	6.24493	22.5893	3.41634	8.01798	18.5191	0	12.3191	16.8637	26.2666	20.8447	26.3469	16.1465	9.91658	15.7896	5.31838	10.7323	8.2537	15.3997	
15.8941	20.6208	14.7822	14.2469	12.9471	16.4669	5.96585	12.3191	0	6.58087	2.14	12.1043	6.64	6.74645	15.632	14.284	7.00071	12.4146	15.139	29.7136	
17.2	14.6152	13.65	12.2967	17.4917	18.7383	10.6554	16.8637	6.58087	0	4.44087	3.605	4.78004	0.782624	9.62645	5.41465	11.5453	11.7758	19.6836	22.5743	
17.4671	18.439	18.0909	12.0166	19.6092	16.7156	6.21456	26.2666	2.14	4.44087	0	8.04586	4.5	4.60645	13.4503	9.85551	9.14071	15.0842	31.0627	22.4592	
18.1498	29.485	13.2457	9.50988	18.6727	18.5108	14.2691	20.8447	12.1043	3.605	8.04586	0	5.37401	4.38762	21.8043	9.01964	13.5847	8.17083	19.8537	23.7546	
22.3363	21.7825	18.43	7.51665	24.1994	23.5184	10.7146	26.3469	6.64	4.78004	4.5	5.37401	0	5.56267	16.4303	10.1947	13.731	11.4298	21.02	27.3544	
18.9442	13.8325	14.4326	15.4666	16.7745	19.521	10.821	16.1465	6.74645	0.782624	4.60645	4.38762	5.56267	0	8.84382	6.19727	10.8281	16.242	18.9664	23.0334	
10.1004	17.2696	13.6504	16.836	13.3329	17.9346	19.9156	9.91658	15.632	9.62645	13.4503	21.8043	16.4303	8.84382	0	11.5974	12.1108	17.5247	19.0026	14.1896	
19.3646	25.2543	15.9418	14.2053	16.4176	18.8192	8.31817	15.7896	14.284	5.41465	9.85551	9.01964	10.1947	6.19727	11.5974	0	10.4712	10.8669	18.6095	25.787	
8.89337	17.737	7.78152	9.32704	5.94643	13.3364	12.9666	5.31838	7.00071	11.5453	9.14071	13.5847	13.731	10.8281	12.1108	10.4712	0	5.41392	8.13827	13.5163	
8.62488	20.1533	5.07488	3.91312	9.14781	10.34	8.86966	10.7323	12.4146	11.7758	15.0842	8.17083	11.4298	16.242	17.5247	10.8669	5.41392	0	11.6829	14.2297	
15.4319	9.59871	8.91029	13.5033	4.83735	17.104	20.5525	8.2537	15.139	19.6836	31.0627	19.8537	21.02	18.9664	19.0026	18.6095	8.13827	11.6829	0	12.9734	
4.62294	14.0561	8.17294	26.4768	13.2277	14.623	15.8755	15.3997	29.7136	22.5743	22.4592	23.7546	27.3544	23.0334	14.1896	25.787	13.5163	14.2297	12.9734	0	

0	16.5718	4.7	20.291	3.67392	14.2643	13.644	5.38728	9.23213	11.1307	8.37213	14.5955	9.43365	13.9337	17.1824	12.6759	7.85286	21.7615	9.28939	3.71845	
16.5718	0	16.2103	21.996	14.5497	25.7889	34.4848	16.406	19.5737	12.8014	22.8479	22.478	14.4984	16.3791	12.0887	21.824	13.0574	26.3302	12.2248	20.2903	
4.7	16.2103	0	12.0914	5.76999	15.6551	8.944	6.50147	11.6654	18.9668	10.8054	21.2449	14.1337	13.6426	14.79	11.9194	3.15286	16.4257	4.58939	8.41845	
20.291	21.996	12.0914	0	16.6171	7.00961	17.3491	12.2872	19.1381	17.3317	14.6032	14.7494	15.6346	19.4283	24.5025	17.7052	8.93859	9.42961	25.0824	29.6041	
3.67392	14.5497	5.76999	16.6171	0	17.5454	14.714	8.66833	17.48	27.351	12.046	25.4786	13.1076	27.5326	20.56	31.2143	8.92285	18.942	8.46537	7.39238	
14.2643	25.7889	15.6551	7.00961	17.5454	0	10.3395	8.87705	8.4536	17.4163	7.5936	7.73977	12.9016	10.1994	17.4929	11.8974	12.2257	2.42	14.1772	29.3484	
13.644	34.4848	8.944	17.3491	14.714	10.3395	0	14.4715	5.65991	12.4322	6.51991	12.3009	9.16334	11.1046	23.734	10.9078	12.0969	8.72543	13.5334	20.8991	
5.38728	16.406	6.50147	12.2872	8.66833	8.87705	14.4715	0	8.81163	15.5839	9.67163	16.6168	12.3151	13.8383	21.568	12.1152	3.34861	11.297	5.30016	9.10574	
9.23213	19.5737	11.6654	19.1381	17.48	8.4536	5.65991	8.81163	0	5.20048	0.86	7.9044	3.50343	5.44472	20.6979	5.16377	12.1602	11.2893	14.1118	17.6563	
11.1307	12.8014	18.9668	17.3317	27.351	17.4163	12.4322	15.5839	5.20048	0	7.6323	6.03738	1.69706	3.57771	18.8915	6.69706	14.0674	12.1684	14.3992	10.884	
8.37213	22.8479	10.8054	14.6032	12.046	7.5936	6.51991	9.67163	0.86	7.6323	0	9.51513	4.36343	6.30472	21.1988	4.30377	13.0703	10.0136	15.3948	12.0906	
14.5955	22.478	21.2449	14.7494	25.4786	7.73977	12.3009	16.6168	7.9044	6.03738	9.51513	0	5.16188	2.45967	22.3564	10.1619	12.9494	6.53667	17.864	20.5606	
9.43365	14.4984	14.1337	15.6346	13.1076	12.9016	9.16334	12.3151	3.50343	1.69706	4.36343	5.16188	0	4.5	17.1945	5	13.7666	11.6985	12.7022	12.5811	
13.9337	16.3791	13.6426	19.4283	27.5326	10.1994	11.1046	13.8383	5.44472	3.57771	6.30472	2.45967	4.5	0	21.6945	9.5	10.4897	8.59069	17.2022	14.4618	
17.1824	12.0887	14.79	24.5025	20.56	17.4929	23.734	21.568	20.6979	18.8915	21.1988	22.3564	17.1945	21.6945	0	16.895	17.9429	19.9129	19.3794	13.464	
12.6759	21.824	11.9194	17.7052	31.2143	11.8974	10.9078	12.1152	5.16377	6.69706	4.30377	10.1619	5	9.5	16.895	0	8.76657	16.5372	17.7022	27.5923	
7.85286	13.0574	3.15286	8.93859	8.92285	12.2257	12.0969	3.34861	12.1602	14.0674	13.0703	12.9494	13.7666	10.4897	17.9429	8.76657	0	13.2728	7.74225	15.1079	
21.7615	26.3302	16.4257	9.42961	18.942	2.42	8.72543	11.297	11.2893	12.1684	10.0136	6.53667	11.6985	8.59069	19.9129	16.5372	13.2728	0	25.03	27.0403	
9.28939	12.2248	4.58939	25.0824	8.46537	14.1772	13.5334	5.30016	14.1118	14.3992	15.3948	17.864	12.7022	17.2022	19.3794	17.7022	7.74225	25.03	0	16.5445	
3.71845	20.2903	8.41845	29.6041	7.39238	29.3484	20.8991	9.10574	17.6563	10.884	12.0906	20.5606	12.5811	14.4618	13.464	27.5923	15.1079	27.0403	16.5445	0	

0	15.479	6.4	18.6416	7.09152	14.279	18.0186	11.2842	21.9316	14.2	20.3698	15.9866	21.26	21.0549	12.7584	23.1313	9.00739	16.4116	14.9119	12.3613	
15.479	0	18.9092	31.2921	8.38745	18.4112	26.1554	12.9766	22.4604	15.8493	25.3863	30.6488	17.7444	16.6543	27.3871	31.11	22.8465	30.9374	10.6854	22.4012	
6.4	18.9092	0	14.3592	10.5217	7.87902	13.4387	7.38207	14.4111	7.8	17.3369	14.0049	9.69505	8.60498	14.6589	18.5513	4.42741	16.4329	15.6048	13.786	
18.6416	31.2921	14.3592	0	17.8755	15.7549	9.31255	12.8864	12.7319	11.2157	15.9728	19.5092	9.32064	17.1915	20.1633	24.0557	9.93177	5.63489	18.6947	15.4756	
7.09152	8.38745	10.5217	17.8755	0	15.5462	16.251	4.58912	15.2365	18.3217	27.823	15.5806	17.8183	20.2729	19.85	31.9522	7.54377	22.5499	7.82039	12.9335	
14.279	18.4112	7.87902	15.7549	15.5462	0	10.6626	11.643	16.3847	15.2028	20.4579	18.2658	17.0978	16.0078	18.9198	12.3613	8.68835	10.12	7.72583	11.5	
18.0186	26.1554	13.4387	9.31255	16.251	10.6626	0	11.6619	13.1291	10.306	12.4291	14.2691	12.2011	11.111	19.2427	18.5556	9.01124	3.67766	17.0702	13.5184	
11.2842	12.9766	7.38207	12.8864	4.58912	11.643	11.6619	0	10.6474	9.9518	11.3474	10.9915	13.2292	15.6838	13.1862	14.6707	2.95466	15.3396	5.40833	8.3444	
21.9316	22.4604	14.4111	12.7319	15.2365	16.3847	13.1291	10.6474	0	5.30628	0.7	7.82624	3.41123	6.22254	8.31139	4.02336	13.602	11.0379	16.0557	18.9918	
14.2	15.8493	7.8	11.2157	18.3217	15.2028	10.306	9.9518	5.30628	0	7.31105	11.9853	1.89505	0.804984	11.5378	10.6344	6.99714	13.9837	22.9286	18.3168	
20.3698	25.3863	17.3369	15.9728	27.823	20.4579	12.4291	11.3474	0.7	7.31105	0	8.52624	4.11123	6.92254	7.61139	4.72336	16.5341	10.3379	17.4816	20.1786	
15.9866	30.6488	14.0049	19.5092	15.5806	18.2658	14.2691	10.9915	7.82624	11.9853	8.52624	0	11.2375	11.1803	14.993	11.4612	9.57747	17.9467	16.3998	19.3359	
21.26	17.7444	9.69505	9.32064	17.8183	17.0978	12.2011	13.2292	3.41123	1.89505	4.11123	11.2375	0	2.70003	13.4328	7.43459	8.89219	14.8495	18.6375	16.4217	
21.0549	16.6543	8.60498	17.1915	20.2729	16.0078	11.111	15.6838	6.22254	0.804984	6.92254	11.1803	2.70003	0	12.3427	10.2459	7.80213	19.6091	21.0921	24.0282	
12.7584	27.3871	14.6589	20.1633	19.85	18.9198	19.2427	13.1862	8.31139	11.5378	7.61139	14.993	13.4328	12.3427	0	11.7406	10.2315	17.9493	21.2073	13.3027	
23.1313	31.11	18.5513	24.0557	31.9522	12.3613	18.5556	14.6707	4.02336	10.6344	4.72336	11.4612	7.43459	10.2459	11.7406	0	14.1239	22.4813	20.0872	23.8613	
9.00739	22.8465	4.42741	9.93177	7.54377	8.68835	9.01124	2.95466	13.602	6.99714	16.5341	9.57747	8.89219	7.80213	10.2315	14.1239	0	12.6889	8.36298	11.2991	
16.4116	30.9374	16.4329	5.63489	22.5499	10.12	3.67766	15.3396	11.0379	13.9837	10.3379	17.9467	14.8495	19.6091	17.9493	22.4813	12.6889	0	17.8458	9.84073	
14.9119	10.6854	15.6048	18.6947	7.82039	7.72583	17.0702	5.40833	16.0557	22.9286	17.4816	16.3998	18.6375	21.0921	21.2073	20.0872	8.36298	17.8458	0	13.7527	
12.3613	22.4012	13.786	15.4756	12.9335	11.5	13.5184	8.3444	18.9918	18.3168	20.1786	19.3359	16.4217	24.0282	13.3027	23.8613	11.2991	9.84073	13.7527	0	

0	12.239	5.55	11.3879	10.3382	7.80363	12.9156	4.51367	18.8869	13.74	17.3531	15.9681	13.5824	18.3165	10.9952	14.0534	4.10463	10.3652	6.677	2.11047	
12.239	0	15.3411	25.808	14.252	28.9157	25.6742	7.72528	27.1388	32.6576	23.9588	27.5144	21.5496	25.1833	37.3579	29.7405	21.6122	18.8042	9.88861	20.327	
5.55	15.3411	0	12.3417	14.1425	3.12187	9.09941	7.61577	13.3369	8.19	9.83929	15.1035	8.03243	8.97262	14.9404	11.9624	6.82087	12.5819	5.87442	7.66047	
11.3879	25.808	12.3417	0	18.5815	10.9823	8.36462	15.4616	7.50405	12.6844	10.6841	9.98555	17.3018	11.9018	14.1739	24.3042	7.2833	4.38269	15.3038	19.0922	
10.3382	14.252	14.1425	18.5815	0	14.9972	20.1092	6.52674	20.3807	23.8029	23.5607	20.3355	22.7356	25.5101	18.1888	12.8192	11.2982	14.7326	8.69008	12.4487	
7.80363	28.9157	3.12187	10.9823	14.9972	0	5.97753	10.7376	9.89742	11.3119	6.71742	12.3324	10.0474	7.94192	10.5896	15.0843	3.699	9.46	8.99629	8.75	
12.9156	25.6742	9.09941	8.36462	20.1092	5.97753	0	17.3333	15.8687	6.5986	7.04048	7.38055	11.216	5.81598	13.3686	24.8589	8.81099	9.30232	15.17	14.7275	
4.51367	7.72528	7.61577	15.4616	6.52674	10.7376	17.3333	0	20.9527	15.8058	25.5039	16.6818	13.2087	27.4311	20.7775	19.346	8.6183	11.0789	2.16333	6.62414	
18.8869	27.1388	13.3369	7.50405	20.3807	9.89742	15.8687	20.9527	0	9.11035	3.18	8.79502	6.51	4.4045	23.8931	21.5538	14.7873	11.8867	19.2114	18.4226	
13.74	32.6576	8.19	12.6844	23.8029	11.3119	6.5986	15.8058	9.11035	0	2.00712	4.47214	2.96985	0.782624	14.7828	20.1524	14.9945	18.6598	14.0152	20.3605	
17.3531	23.9588	9.83929	10.6841	23.5607	6.71742	7.04048	25.5039	3.18	2.00712	0	4.91401	3.33	1.2245	20.3392	18.3738	10.4164	11.2179	14.3754	15.2426	
15.9681	27.5144	15.1035	9.98555	20.3355	12.3324	7.38055	16.6818	8.79502	4.47214	4.91401	0	7.07107	3.68951	20.7492	17.4784	16.1915	5.60286	18.1164	20.8576	
13.5824	21.5496	8.03243	17.3018	22.7356	10.0474	11.216	13.2087	6.51	2.96985	3.33	7.07107	0	3.75247	17.7526	19.9949	16.0823	12.6739	11.0454	18.5726	
18.3165	25.1833	8.97262	11.9018	25.5101	7.94192	5.81598	27.4311	4.4045	0.782624	1.2245	3.68951	3.75247	0	15.5654	19.5983	14.2119	9.29237	16.4454	16.4671	
10.9952	37.3579	14.9404	14.1739	18.1888	10.5896	13.3686	20.7775	23.8931	14.7828	20.3392	20.7492	17.7526	15.5654	0	18.47	6.8906	22.6709	20.3882	13.7865	
14.0534	29.7405	11.9624	24.3042	12.8192	15.0843	24.8589	19.346	21.5538	20.1524	18.3738	17.4784	19.9949	19.5983	18.47	0	20.0123	23.0812	17.8368	11.9429	
4.10463	21.6122	6.82087	7.2833	11.2982	3.699	8.81099	8.6183	14.7873	14.9945	10.4164	16.1915	16.0823	14.2119	6.8906	20.0123	0	11.666	13.4976	6.21511	
10.3652	18.8042	12.5819	4.38269	14.7326	9.46	9.30232	11.0789	11.8867	18.6598	11.2179	5.60286	12.6739	9.29237	22.6709	23.0812	11.666	0	13.2422	12.4757	
6.677	9.88861	5.87442	15.3038	8.69008	8.99629	15.17	2.16333	19.2114	14.0152	14.3754	18.1164	11.0454	16.4454	20.3882	17.8368	13.4976	13.2422	0	13.3253	
2.11047	20.327	7.66047	19.0922	12.4487	8.75	14.7275	6.62414	18.4226	20.3605	15.2426	20.8576	18.5726	16.4671	13.7865	11.9429	6.21511	12.4757	13.3253	0	

0	10.9081	4.7	18.0526	8.33755	14.0459	11.2765	5.16888	9.64849	17.5495	12.9685	12.5918	14.627	15.9417	13.4672	21.4875	12.4144	15.0914	5.11265	3.21596	
10.9081	0	17.4091	13.9462	4.964	17.9062	18.0054	8.99223	29.0248	31.2778	22.526	17.4118	34.8959	37.069	21.8719	51.5263	24.2106	25.0564	5.79545	22.5922	
4.7	17.4091	0	12.8089	12.4451	11.4469	6.57647	9.86888	12.9229	11.7295	15.5531	7.89177	16.2356	13.4695	18.1672	12.748	7.71443	10.3914	9.81265	7.91596	
18.0526	13.9462	12.8089	0	8.9822	14.4718	6.23246	12.8837	14.0771	6.4	15.2091	9.04598	7.81421	8.77023	25.2546	12.404	16.2219	18.5634	12.2071	18.1506	
8.33755	4.964	12.4451	8.9822	0	12.9053	15.2147	4.02823	20.4994	15.3822	19.9555	14.8412	27.7281	28.6841	19.3014	36.8915	12.3998	20.1446	3.2249	14.0668	
14.0459	17.9062	11.4469	14.4718	12.9053	0	8.2393	8.87705	16.1707	13.3923	12.8507	11.6836	18.0888	15.1323	14.2858	14.4108	10.925	12.21	12.1108	20.1574	
11.2765	18.0054	6.57647	6.23246	15.2147	8.2393	0	17.1164	8.47541	5.15302	8.97659	3.44426	6.56723	6.89301	14.9054	6.17155	14.2909	12.331	12.21	11.9181	
5.16888	8.99223	9.86888	12.8837	4.02823	8.87705	17.1164	0	14.8174	19.2837	21.7278	18.7553	26.9659	21.2299	18.6361	32.195	8.37153	18.1515	7.13899	8.38484	
9.64849	29.0248	12.9229	14.0771	20.4994	16.1707	8.47541	14.8174	0	6.39277	3.32	5.03115	4.97855	6.29325	19.422	12.245	17.9199	8.60916	14.7611	6.60303	
17.5495	31.2778	11.7295	6.4	15.3822	13.3923	5.15302	19.2837	6.39277	0	8.9009	8.59727	1.41421	2.37023	24.1396	11.3246	15.2286	13.7535	17.363	14.504	
12.9685	22.526	15.5531	15.2091	19.9555	12.8507	8.97659	21.7278	3.32	8.9009	0	8.35115	8.29855	6.53067	25.7616	15.1481	15.0691	5.28916	16.7306	9.92303	
12.5918	17.4118	7.89177	9.04598	14.8412	11.6836	3.44426	18.7553	5.03115	8.59727	8.35115	0	8.34386	9.50329	16.2086	9.6158	15.6062	10.0385	11.6163	11.6342	
14.627	34.8959	16.2356	7.81421	27.7281	18.0888	6.56723	26.9659	4.97855	1.41421	8.29855	8.34386	0	3.78445	24.5525	17.2236	21.7584	15.1677	19.9602	11.5816	
15.9417	37.069	13.4695	8.77023	28.6841	15.1323	6.89301	21.2299	6.29325	2.37023	6.53067	9.50329	3.78445	0	21.7694	13.0646	12.8584	11.8198	19.103	12.8963	
13.4672	21.8719	18.1672	25.2546	19.3014	14.2858	14.9054	18.6361	19.422	24.1396	25.7616	16.2086	24.5525	21.7694	0	8.73387	24.1358	26.2471	16.0765	12.819	
21.4875	51.5263	12.748	12.404	36.8915	14.4108	6.17155	32.195	12.245	11.3246	15.1481	9.6158	17.2236	13.0646	8.73387	0	32.3876	18.5025	18.3815	18.0897	
12.4144	24.2106	7.71443	16.2219	12.3998	10.925	14.2909	8.37153	17.9199	15.2286	15.0691	15.6062	21.7584	12.8584	24.1358	32.3876	0	9.77998	15.5105	11.3168	
15.0914	25.0564	10.3914	18.5634	20.1446	12.21	12.331	18.1515	8.60916	13.7535	5.28916	10.0385	15.1677	11.8198	26.2471	18.5025	9.77998	0	19.2609	17.2283	
5.11265	5.79545	9.81265	12.2071	3.2249	12.1108	12.21	7.13899	14.7611	17.363	16.7306	11.6163	19.9602	19.103	16.0765	18.3815	15.5105	19.2609	0	8.32861	
3.21596	22.5922	7.91596	18.1506	14.0668	20.1574	11.9181	8.38484	6.60303	14.504	9.92303	11.6342	11.5816	12.8963	12.819	18.0897	11.3168	17.2283	8.32861	0	

0	5.09902	5.05	38.6694	6.85892	8.31637	29.7775	5.02328	13.9463	12.2099	16.3027	13.0148	15.0309	8.4309	19.1238	13.173	11.2215	13.0248	9.1336	8.64289	
5.09902	0	10.149	35.1002	11.2974	13.1428	30.4245	9.84974	20.8643	33.7761	19.8062	39.8029	38.956	13.5299	27.5061	31.8577	16.5005	29.6908	10.0515	13.7419	
5.05	10.149	0	22.2753	10.5938	5.79777	20.5221	8.75814	19.7727	14.283	19.8485	11.8377	18.343	13.4809	20.5792	17.5683	6.17155	7.97481	12.8685	13.6929	
38.6694	35.1002	22.2753	0	23.8028	23.625	18.3694	25.6385	19.4937	17.9323	20.6432	10.4377	16.9431	15.0216	24.215	16.1683	20.6993	27.9466	30.1574	29.8877	
6.85892	11.2974	10.5938	23.8028	0	5.12875	19.7296	1.83565	8.94882	12.3673	8.50882	15.4647	18.9488	16.3806	16.5658	10.615	5.20312	10.2678	5.94598	6.0849	
8.31637	13.1428	5.79777	23.625	5.12875	0	13.4236	3.2931	14.3076	8.48528	12.3437	12.8423	12.4734	12.2642	16.9883	15.9304	2.5807	4.4	7.40343	8.40191	
29.7775	30.4245	20.5221	18.3694	19.7296	13.4236	0	25.5467	11.6607	4.93831	8.79677	12.4329	8.53155	8.71726	17.9183	12.3834	16.4205	12.5473	35.913	20.7479	
5.02328	9.84974	8.75814	25.6385	1.83565	3.2931	25.5467	0	11.0145	11.7784	10.3445	17.8052	22.6312	13.4542	15.5898	9.63889	5.8738	7.6931	4.11033	5.10882	
13.9463	20.8643	19.7727	19.4937	8.94882	14.3076	11.6607	11.0145	0	4.29846	0.44	9.05608	10.88	5.51543	22.3154	3.84843	19.3177	19.5469	15.1249	8.37851	
12.2099	33.7761	14.283	17.9323	12.3673	8.48528	4.93831	11.7784	4.29846	0	3.85846	7.4946	3.98808	3.77895	12.98	7.44514	11.066	12.8853	16.107	11.9752	
16.3027	19.8062	19.8485	20.6432	8.50882	12.3437	8.79677	10.3445	0.44	3.85846	0	9.49608	7.84654	5.95543	16.8384	3.97271	13.7119	19.0031	16.0067	8.50278	
13.0148	39.8029	11.8377	10.4377	15.4647	12.8423	12.4329	17.8052	9.05608	7.4946	9.49608	0	6.50538	4.58394	13.7773	5.73062	10.2616	15.3262	16.912	10.2607	
15.0309	38.956	18.343	16.9431	18.9488	12.4734	8.53155	22.6312	10.88	3.98808	7.84654	6.50538	0	6.6	10.6988	11.4332	16.767	18.2116	18.9281	21.1797	
8.4309	13.5299	13.4809	15.0216	16.3806	12.2642	8.71726	13.4542	5.51543	3.77895	5.95543	4.58394	6.6	0	16.7589	9.36386	14.8455	14.0315	12.3281	17.0738	
19.1238	27.5061	20.5792	24.215	16.5658	16.9883	17.9183	15.5898	22.3154	12.98	16.8384	13.7773	10.6988	16.7589	0	15.011	14.4076	18.6815	21.2073	10.4809	
13.173	31.8577	17.5683	16.1683	10.615	15.9304	12.3834	9.63889	3.84843	7.44514	3.97271	5.73062	11.4332	9.36386	15.011	0	13.5507	12.7307	24.9737	4.53008	
11.2215	16.5005	6.17155	20.6993	5.20312	2.5807	16.4205	5.8738	19.3177	11.066	13.7119	10.2616	16.767	14.8455	14.4076	13.5507	0	5.06463	12.701	9.02067	
13.0248	29.6908	7.97481	27.9466	10.2678	4.4	12.5473	7.6931	19.5469	12.8853	19.0031	15.3262	18.2116	14.0315	18.6815	12.7307	5.06463	0	21.0087	8.20061	
9.1336	10.0515	12.8685	30.1574	5.94598	7.40343	35.913	4.11033	15.1249	16.107	16.0067	16.912	18.9281	12.3281	21.2073	24.9737	12.701	21.0087	0	9.21914	
8.64289	13.7419	13.6929	29.8877	6.0849	8.40191	20.7479	5.10882	8.37851	11.9752	8.50278	10.2607	21.1797	17.0738	10.4809	4.53008	9.02067	8.20061	9.21914	0	

0	14.874	5.45	23.6977	7.94592	6.03775	15.0848	8.51773	22.3745	17.3515	18.3291	18.7349	17.9689	17.2833	20.58	16.1752	13.7011	13.4077	11.5447	9.32732	
14.874	0	9.42404	21.9328	14.0528	12.3873	21.4344	13.0035	20.9981	23.7011	19.0581	21.4536	30.3632	21.5719	24.554	28.3431	17.6751	19.7573	9.77982	13.3014	
5.45	9.42404	0	20.7023	11.6869	11.4877	15.8244	3.57941	25.1288	25.1709	13.3908	24.818	23.4189	20.7873	15.13	9.84878	8.25109	14.1547	8.9952	3.87732	
23.6977	21.9328	20.7023	0	16.426	12.8484	12.9058	16.0537	10.791	8.6763	19.0996	12.9488	7.51665	9.56665	31.9921	31.7666	17.5287	5.47837	12.153	24.5796	
7.94592	14.0528	11.6869	16.426	0	10.5077	19.5548	8.10744	17.609	13.3504	17.9188	10.789	19.6985	16.0651	18.6367	15.7649	15.1986	17.8777	4.273	12.5386	
6.03775	12.3873	11.4877	12.8484	10.5077	0	9.04708	14.1746	12.6826	11.3137	18.5938	13.8752	12.4734	14.6902	20.1168	21.8321	10.2368	7.37	14.7807	16.2886	
15.0848	21.4344	15.8244	12.9058	19.5548	9.04708	0	12.245	10.249	13.7964	12.189	14.8979	17.907	15.3402	26.0688	19.9025	19.2838	7.42744	20.7902	18.2082	
8.51773	13.0035	3.57941	16.0537	8.10744	14.1746	12.245	0	11.7513	17.0915	9.81134	18.0458	19.9121	14.826	12.8119	7.65747	7.09118	10.5753	8.54516	7.45673	
22.3745	20.9981	25.1288	10.791	17.609	12.6826	10.249	11.7513	0	3.54739	1.94	6.10884	4.70705	5.09117	19.1487	13.9943	17.363	5.31263	16.8833	19.9658	
17.3515	23.7011	25.1709	8.6763	13.3504	11.3137	13.7964	17.0915	3.54739	0	5.48739	2.56144	1.15966	3.20966	24.3313	17.5417	17.4929	8.86002	15.1685	25.1483	
18.3291	19.0581	13.3908	19.0996	17.9188	18.5938	12.189	9.81134	1.94	5.48739	0	8.76001	7.06462	5.01462	20.3831	15.2287	16.9025	7.25263	16.8067	21.2002	
18.7349	21.4536	24.818	12.9488	10.789	13.8752	14.8979	18.0458	6.10884	2.56144	8.76001	0	3.7211	5.93791	29.223	20.8143	19.5208	7.47048	15.062	23.3276	
17.9689	30.3632	23.4189	7.51665	19.6985	12.4734	17.907	19.9121	4.70705	1.15966	7.06462	3.7211	0	2.05	29.4044	20.3365	18.6525	12.995	13.8421	28.2197	
17.2833	21.5719	20.7873	9.56665	16.0651	14.6902	15.3402	14.826	5.09117	3.20966	5.01462	5.93791	2.05	0	31.6311	19.0855	20.8693	10.4038	11.7921	25.6717	
20.58	24.554	15.13	31.9921	18.6367	20.1168	26.0688	12.8119	19.1487	24.3313	20.3831	29.223	29.4044	31.6311	0	5.15442	23.3811	27.4868	19.8391	11.1259	
16.1752	28.3431	9.84878	31.7666	15.7649	21.8321	19.9025	7.65747	13.9943	17.5417	15.2287	20.8143	20.3365	19.0855	5.15442	0	14.7486	18.2328	16.2026	5.97147	
13.7011	17.6751	8.25109	17.5287	15.1986	10.2368	19.2838	7.09118	17.363	17.4929	16.9025	19.5208	18.6525	20.8693	23.3811	14.7486	0	12.0503	15.4826	12.1284	
13.4077	19.7573	14.1547	5.47837	17.8777	7.37	7.42744	10.5753	5.31263	8.86002	7.25263	7.47048	12.995	10.4038	27.4868	18.2328	12.0503	0	17.6314	23.6935	
11.5447	9.77982	8.9952	12.153	4.273	14.7807	20.7902	8.54516	16.8833	15.1685	16.8067	15.062	13.8421	11.7921	19.8391	16.2026	15.4826	17.6314	0	12.8725	
9.32732	13.3014	3.87732	24.5796	12.5386	16.2886	18.2082	7.45673	19.9658	25.1483	21.2002	23.3276	28.2197	25.6717	11.1259	5.97147	12.1284	23.6935	12.8725	0	

0	10.9629	3.4	24.3042	9.43186	11.5566	21.0472	4.44087	14.3539	12.7214	13.3603	23.6091	12.5782	12.6463	10.7301	17.5596	4.67472	14.804	7.43866	3.81895	
10.9629	0	14.3629	26.4015	12.3784	18.9951	13.3997	15.4038	13.0877	23.2432	15.791	28.7723	19.5907	15.793	24.3675	25.7511	15.6376	7.77506	10.6854	14.7818	
3.4	14.3629	0	28.1151	5.73174	10.236	19.7294	4.41715	13.1922	11.4008	12.0396	26.4539	15.9782	16.0463	9.40948	14.1596	3.3541	13.4834	4.03866	5.60057	
24.3042	26.4015	28.1151	0	27.5627	24.6211	9.51271	23.7667	13.8536	15.4595	14.3336	16.2364	11.726	13.626	34.6624	21.0508	24.0885	15.1374	28.8071	29.9427	
9.43186	12.3784	5.73174	27.5627	0	11.639	26.2991	8.00546	14.945	10.9227	13.4427	18.7968	14.6563	13.7178	10.8125	17.0723	4.75714	14.8864	1.69307	14.9262	
11.5566	18.9951	10.236	24.6211	11.639	0	15.1092	17.9126	16.5326	14.9286	15.5674	8.38475	15.4381	13.5381	12.9372	18.8411	6.88186	11.22	20.6718	16.25	
21.0472	13.3997	19.7294	9.51271	26.2991	15.1092	0	18.6324	8.71932	11.1959	9.19932	6.7245	10.3009	8.40086	21.9901	11.5381	15.7539	5.62466	23.7681	21.0418	
4.44087	15.4038	4.41715	23.7667	8.00546	17.9126	18.6324	0	9.91308	14.9936	10.3931	26.6836	14.0985	12.1985	9.67471	14.9959	7.77125	15.2257	8.45581	8.25982	
14.3539	13.0877	13.1922	13.8536	14.945	16.5326	8.71932	9.91308	0	6.28856	0.48	14.1626	9.95711	5.61124	19.5878	12.7292	9.16553	5.31263	21.0425	19.5913	
12.7214	23.2432	11.4008	15.4595	10.9227	14.9286	11.1959	14.9936	6.28856	0	6.76856	7.87407	3.73352	2.79508	14.1021	8.09807	8.04671	10.8131	12.6158	13.3027	
13.3603	15.791	12.0396	14.3336	13.4427	15.5674	9.19932	10.3931	0.48	6.76856	0	15.955	7.03124	5.13124	14.7409	10.4342	8.68553	5.79263	16.1581	18.3128	
23.6091	28.7723	26.4539	16.2364	18.7968	8.38475	6.7245	26.6836	14.1626	7.87407	15.955	0	11.0309	10.6692	26.7443	18.2626	15.2666	12.3492	22.628	21.1768	
12.5782	19.5907	15.9782	11.726	14.6563	15.4381	10.3009	14.0985	9.95711	3.73352	7.03124	11.0309	0	1.9	25.6007	7.20298	11.7802	9.91798	18.4875	16.3972	
12.6463	15.793	16.0463	13.626	13.7178	13.5381	8.40086	12.1985	5.61124	2.79508	5.13124	10.6692	1.9	0	15.755	5.30298	10.8418	8.01798	17.549	16.0978	
10.7301	24.3675	9.40948	34.6624	10.8125	12.9372	21.9901	9.67471	19.5878	14.1021	14.7409	26.7443	25.6007	15.755	0	10.452	6.05538	16.1846	13.6821	9.51346	
17.5596	25.7511	14.1596	21.0508	17.0723	18.8411	11.5381	14.9959	12.7292	8.09807	10.4342	18.2626	7.20298	5.30298	10.452	0	16.5074	13.321	15.3792	19.7602	
4.67472	15.6376	3.3541	24.0885	4.75714	6.88186	15.7539	7.77125	9.16553	8.04671	8.68553	15.2666	11.7802	10.8418	6.05538	16.5074	0	10.1293	6.45022	8.49367	
14.804	7.77506	13.4834	15.1374	14.8864	11.22	5.62466	15.2257	5.31263	10.8131	5.79263	12.3492	9.91798	8.01798	16.1846	13.321	10.1293	0	18.4604	15.4171	
7.43866	10.6854	4.03866	28.8071	1.69307	20.6718	23.7681	8.45581	21.0425	12.6158	16.1581	22.628	18.4875	17.549	13.6821	15.3792	6.45022	18.4604	0	9.63923	
3.81895	14.7818	5.60057	29.9427	14.9262	16.25	21.0418	8.25982	19.5913	13.3027	18.3128	21.1768	16.3972	16.0978	9.51346	19.7602	8.49367	15.4171	9.63923	0	

0	12.6363	4.15	24.9902	7.20907	12.5972	16.0799	4.14966	16.7955	28.0021	13.3663	14.3248	24.079	24.2201	4.60721	15.7373	9.80551	14.9878	11.7213	4.82394	
12.6363	0	10.3461	13.5402	12.6244	12.9035	19.0683	9.47329	25.2852	27.3992	21.0668	17.3132	25.8352	21.1442	17.5677	18.7257	16.0497	21.2635	1.90163	7.81232	
4.15	10.3461	0	19.7849	3.16784	11.4177	12.0688	2.97015	12.1763	19.4085	9.21634	17.6863	12.7263	19.5371	3.57	14.1596	7.78152	9.78249	8.44448	8.18545	
24.9902	13.5402	19.7849	0	16.0061	16.6154	10.3328	19.6765	15.0285	8.94557	17.9247	23.9272	13.2039	7.60393	32.1257	26.1641	17.2504	9.39149	15.4419	21.3526	
7.20907	12.6244	3.16784	16.0061	0	11.5069	8.90097	3.05941	22.6683	25.4336	12.3842	23.0492	27.0045	24.0824	6.73784	17.3274	9.75664	6.61465	10.6311	11.3533	
12.5972	12.9035	11.4177	16.6154	11.5069	0	7.91619	8.44751	21.6835	14.4957	21.1021	20.5803	18.8232	15.8373	19.4767	23.7476	9.6346	8.36	14.8051	19.1722	
16.0799	19.0683	12.0688	10.3328	8.90097	7.91619	0	11.9604	13.7674	16.5326	13.8101	16.5624	17.3201	17.8742	21.0113	15.8314	10.3107	2.45177	18.87	11.256	
4.14966	9.47329	2.97015	19.6765	3.05941	8.44751	11.9604	0	20.9452	22.9432	12.1865	17.6429	30.9316	26.4983	6.54015	17.1298	6.69722	9.67406	7.57166	8.9736	
16.7955	25.2852	12.1763	15.0285	22.6683	21.6835	13.7674	20.9452	0	8.76626	2.96	2.79508	6.47	7.42462	18.6569	21.8102	13.7408	15.7021	29.6596	12.2959	
28.0021	27.3992	19.4085	8.94557	25.4336	14.4957	16.5326	22.9432	8.76626	0	7.83749	8.15868	4.32749	1.34164	29.8635	10.6037	19.1044	18.8094	35.4026	17.6595	
13.3663	21.0668	9.21634	17.9247	12.3842	21.1021	13.8101	12.1865	2.96	7.83749	0	5.75508	3.51	9.11	12.7863	20.7958	16.9979	12.7421	17.6608	13.2544	
14.3248	17.3132	17.6863	23.9272	23.0492	20.5803	16.5624	17.6429	2.79508	8.15868	5.75508	0	6.08112	9.50032	19.2562	18.7624	10.9457	18.8046	17.4438	9.50084	
24.079	25.8352	12.7263	13.2039	27.0045	18.8232	17.3201	30.9316	6.47	4.32749	3.51	6.08112	0	5.6	24.2949	14.9312	17.0268	16.2521	28.5754	15.582	
24.2201	21.1442	19.5371	7.60393	24.0824	15.8373	17.8742	26.4983	7.42462	1.34164	9.11	9.50032	5.6	0	26.0816	11.9453	25.3267	16.9954	27.563	19.6201	
4.60721	17.5677	3.57	32.1257	6.73784	19.4767	21.0113	6.54015	18.6569	29.8635	12.7863	19.2562	24.2949	26.0816	0	17.7296	11.3515	20.0029	12.0145	9.43115	
15.7373	18.7257	14.1596	26.1641	17.3274	23.7476	15.8314	17.1298	21.8102	10.6037	20.7958	18.7624	14.9312	11.9453	17.7296	0	21.4294	18.2831	18.8563	10.9134	
9.80551	16.0497	7.78152	17.2504	9.75664	9.6346	10.3107	6.69722	13.7408	19.1044	16.9979	10.9457	17.0268	25.3267	11.3515	21.4294	0	7.85891	14.2689	10.9888	
14.9878	21.2635	9.78249	9.39149	6.61465	8.36	2.45177	9.67406	15.7021	18.8094	12.7421	18.8046	16.2521	16.9954	20.0029	18.2831	7.85891	0	17.3375	13.7078	
11.7213	1.90163	8.44448	15.4419	10.6311	14.8051	18.87	7.57166	29.6596	35.4026	17.6608	17.4438	28.5754	27.563	12.0145	18.8563	14.2689	17.3375	0	7.94292	
4.82394	7.81232	8.18545	21.3526	11.3533	19.1722	11.256	8.9736	12.2959	17.6595	13.2544	9.50084	15.582	19.6201	9.43115	10.9134	10.9888	13.7078	7.94292	0	

0	13.0021	6.6	17.2639	4.10112	4.90567	9.81989	8.80893	18.6282	11.7876	15.2882	18.4377	14.7292	12.5926	14.6188	16.8276	5.81489	21.8404	6.43918	9.25915	
13.0021	0	14.5929	28.1465	8.90097	20.5135	16.5183	14.9014	22.2075	35.0856	28.2854	27.2216	31.8601	34.2807	10.3618	26.5409	12.5134	26.6403	10.142	12.6192	
6.6	14.5929	0	17.0608	9.95606	10.0797	6.08454	8.60582	15.4154	18.3876	18.7945	11.8377	15.3732	16.3291	9.58126	11.23	2.07954	24.4078	12.2941	5.5238	
17.2639	28.1465	17.0608	0	15.7975	18.5278	7.38055	8.45495	17.7386	13.7655	15.504	14.3595	10.824	18.124	20.7974	17.2186	11.3855	20.1442	13.2143	18.6366	
4.10112	8.90097	9.95606	15.7975	0	9.00679	16.9637	7.09738	32.1981	15.8887	17.5313	17.0151	25.2834	27.1891	19.2627	20.9287	9.91602	17.7393	2.33805	16.4625	
4.90567	20.5135	10.0797	18.5278	9.00679	0	11.1473	13.7146	25.507	16.6933	19.606	21.9293	25.4649	18.7451	8.25743	20.208	8.00016	18.92	16.0781	6	
9.81989	16.5183	6.08454	7.38055	16.9637	11.1473	0	9.62107	11.7987	12.0061	8.45871	18.7133	13.1387	11.2011	13.5134	16.3002	4.005	12.7637	14.3804	7.44925	
8.80893	14.9014	8.60582	8.45495	7.09738	13.7146	9.62107	0	13.2502	15.7944	10.1887	9.6725	13.208	19.7515	22.5458	19.8359	10.6854	22.3847	4.75933	15.9296	
18.6282	22.2075	15.4154	17.7386	32.1981	25.507	11.7987	13.2502	0	8.94568	3.34	3.57771	6.91466	12.5158	11.8457	16.9681	18.286	21.9656	25.7543	14.1031	
11.7876	35.0856	18.3876	13.7655	15.8887	16.6933	12.0061	15.7944	8.94568	0	5.60568	6.4771	2.94156	0.804984	24.9872	5.904	17.6025	10.2547	31.8932	17.3474	
15.2882	28.2854	18.7945	15.504	17.5313	19.606	8.45871	10.1887	3.34	5.60568	0	6.91771	4.68	6.41067	15.1857	14.6618	12.4637	19.0125	14.948	14.5799	
18.4377	27.2216	11.8377	14.3595	17.0151	21.9293	18.7133	9.6725	3.57771	6.4771	6.91771	0	3.53553	10.8355	15.4234	20.5458	13.9172	20.3462	14.4318	18.1525	
14.7292	31.8601	15.3732	10.824	25.2834	25.4649	13.1387	13.208	6.91466	2.94156	4.68	3.53553	0	3.74655	18.7603	12.1916	18.2438	16.7498	25.7122	19.2599	
12.5926	34.2807	16.3291	18.124	27.1891	18.7451	11.2011	19.7515	12.5158	0.804984	6.41067	10.8355	3.74655	0	18.7999	5.09902	15.2061	9.44976	31.0882	16.5424	
14.6188	10.3618	9.58126	20.7974	19.2627	8.25743	13.5134	22.5458	11.8457	24.9872	15.1857	15.4234	18.7603	18.7999	0	16.1791	5.70169	27.1873	20.5038	2.25743	
16.8276	26.5409	11.23	17.2186	20.9287	20.208	16.3002	19.8359	16.9681	5.904	14.6618	20.5458	12.1916	5.09902	16.1791	0	13.3096	14.5488	31.6128	14.208	
5.81489	12.5134	2.07954	11.3855	9.91602	8.00016	4.005	10.6854	18.286	17.6025	12.4637	13.9172	18.2438	15.2061	5.70169	13.3096	0	16.7686	19.5827	3.44426	
21.8404	26.6403	24.4078	20.1442	17.7393	18.92	12.7637	22.3847	21.9656	10.2547	19.0125	20.3462	16.7498	9.44976	27.1873	14.5488	16.7686	0	20.0773	24.0197	
6.43918	10.142	12.2941	13.2143	2.33805	16.0781	14.3804	4.75933	25.7543	31.8932	14.948	14.4318	25.7122	31.0882	20.5038	31.6128	19.5827	20.0773	0	22.0781	
9.25915	12.6192	5.5238	18.6366	16.4625	6	7.44925	15.9296	14.1031	17.3474	14.5799	18.1525	19.2599	16.5424	2.25743	14.208	3.44426	24.0197	22.0781	0	

0	7.64853	2.45	31.4698	10.7569	6.60379	12.2582	3.56725	8.96339	18.7728	17.5295	31.6749	17.31	21.076	7.21	21.004	4.59663	17.1641	11.2148	11.0549	
7.64853	0	10.0985	27.8299	13.8641	14.2523	21.5782	11.2158	18.3147	26.4214	17.4246	33.049	33.1746	18.7657	18.6629	28.0185	18.77	13.4297	8.05929	18.7034	
