20
5
2
3
40

6	25
1	50
11	25
47	42
3	33

22	35
37	29
8	32
40	14
47	10
42	35
5	14
4	36
42	25
29	13
40	12
50	19
49	12
45	9
11	8
25	5
17	28
33	35
2	41
7	15

150

1.79769e+308
1.79769e+308
1.79769e+308
1.79769e+308
1.79769e+308

14
17
16
17
17
12
20
15
15
12
13
15
11
18
13
13
19
18
19
14

0
0
0
0
0

0

0	15.2578	6.8	20.4432	7.71131	6.03775	7.81425	4.80487	9.41613	14.7786	10.9383	8.94674	8.38525	12.8727	16.8736	8.73613	16.6799	13.0489	11.4767	11.6952	11.1861	4.10463	10.741	10.4316	11.63	
15.2578	0	11.0396	21.4776	12.7103	13.1616	17.1607	18.7455	16.8076	17.37	24.3936	16.0516	6.93627	22.9875	27.0482	21.8	19.9014	15.3052	17.9552	16.4061	22.0552	11.1532	17.7896	4.88991	20.8299	
6.8	11.0396	0	17.6314	11.8931	12.8377	12.4474	8.98661	12.0943	19.856	19.6802	5.01199	10.9581	18.2742	12.9389	15.5361	22.8861	15.3841	18.313	9.50918	10.7142	6.43988	12.362	15.9295	7.69527	
20.4432	21.4776	17.6314	0	19.8163	13.3771	8.95688	16.9099	10.6788	11.6861	9.29051	12.6194	18.5656	3.89841	18.0674	9.02806	6.29841	9.62131	10.5727	15.5657	13.0855	13.5235	6.88709	26.3675	13.3626	
7.71131	12.7103	11.8931	19.8163	0	8.49039	15.7479	2.90644	21.7244	14.2008	18.872	9.77249	3.82636	16.6218	26.8408	22.0648	14.2218	12.136	14.786	11.8555	9.28766	15.4145	21.9423	5.87272	8.28113	
6.03775	13.1616	12.8377	13.3771	8.49039	0	13.852	5.58395	11.1942	13.2985	12.97	12.4361	6.48999	13.0422	17.6703	10.5142	10.6422	15.2384	13.2548	14.5331	11.9652	10.1424	6.49	8.53635	10.25	
7.81425	17.1607	12.4474	8.95688	15.7479	13.852	0	12.6191	11.6619	15.2443	3.1241	13.2772	12.819	5.05847	15.0264	10.1881	7.45847	14.508	11.7328	16.7257	11.2698	6.0075	9.23021	14.8654	10.5939	
4.80487	18.7455	8.98661	16.9099	2.90644	5.58395	12.6191	0	18.1625	17.0153	19.8292	7.11683	5.60029	15.5683	15.0437	13.541	16.2261	13.1312	18.2899	8.94911	6.38122	8.9095	12.074	7.64665	9.80011	
9.41613	16.8076	12.0943	10.6788	21.7244	11.1942	11.6619	18.1625	0	2.17681	15.7318	20.5997	16.2466	5.80965	11.394	0.68	4.83312	4.24156	2.89914	13.8536	8.79094	5.65442	12.2908	28.9177	8.96402	
14.7786	17.37	19.856	11.6861	14.2008	13.2985	15.2443	17.0153	2.17681	0	8.55953	13.0761	14.0698	5.05631	14.2337	2.85681	2.65631	2.06475	1.27456	14.0616	8.81475	7.83123	11.871	16.1162	14.3265	
10.9383	24.3936	19.6802	9.29051	18.872	12.97	3.1241	19.8292	15.7318	8.55953	0	13.83	15.9431	8.18257	17.6603	13.9296	5.90322	10.4994	15.4743	20.4673	13.4479	9.1316	6.48	26.8041	13.718	
8.94674	16.0516	5.01199	12.6194	9.77249	12.4361	13.2772	7.11683	20.5997	13.0761	13.83	0	5.94613	12.1474	7.92687	10.9673	15.6076	11.0114	13.6614	4.4972	5.70225	11.4519	7.35	7.9925	2.68328	
8.38525	6.93627	10.9581	18.5656	3.82636	6.48999	12.819	5.60029	16.2466	14.0698	15.9431	5.94613	0	13.9189	13.873	12.7388	16.7261	15.9624	15.3444	10.4433	11.6484	12.4899	12.98	2.04636	4.45477	
12.8727	22.9875	18.2742	3.89841	16.6218	13.0422	5.05847	15.5683	5.80965	5.05631	8.18257	12.1474	13.9189	0	15.8436	5.12965	2.4	6.99619	6.67432	11.6673	9.18708	11.066	10.7855	25.0073	9.46414	
16.8736	27.0482	12.9389	18.0674	26.8408	17.6703	15.0264	15.0437	11.394	14.2337	17.6603	7.92687	13.873	15.8436	0	10.714	16.89	14.8185	13.4545	12.4241	9.92814	17.8168	11.1803	28.2037	10.6102	
8.73613	21.8	15.5361	9.02806	22.0648	10.5142	10.1881	13.541	0.68	2.85681	13.9296	10.9673	12.7388	5.12965	10.714	0	7.52965	5.39055	2.74055	13.1736	8.11094	6.33442	16.5887	26.5136	8.28402	
16.6799	19.9014	22.8861	6.29841	14.2218	10.6422	7.45847	16.2261	4.83312	2.65631	5.90322	15.6076	16.7261	2.4	16.89	7.52965	0	4.59619	3.93087	14.0673	11.3462	13.5405	12.3832	22.0422	11.8641	
13.0489	15.3052	15.3841	9.62131	12.136	15.2384	14.508	13.1312	4.24156	2.06475	10.4994	11.0114	15.9624	6.99619	14.8185	5.39055	4.59619	0	2.65	15.5086	6.75	8.94427	9.80625	19.3294	13.6946	
11.4767	17.9552	18.313	10.5727	14.786	13.2548	11.7328	18.2899	2.89914	1.27456	15.4743	13.6614	15.3444	6.67432	13.4545	2.74055	3.93087	2.65	0	15.3362	9.4	8.55356	12.4562	21.9794	11.0246	
11.6952	16.4061	9.50918	15.5657	11.8555	14.5331	16.7257	8.94911	13.8536	14.0616	20.4673	4.4972	10.4433	11.6673	12.4241	13.1736	14.0673	15.5086	15.3362	0	10.1994	15.7999	11.8472	13.3401	7.18048	
11.1861	22.0552	10.7142	13.0855	9.28766	11.9652	11.2698	6.38122	8.79094	8.81475	13.4479	5.70225	11.6484	9.18708	9.92814	8.11094	11.3462	6.75	9.4	10.1994	0	14.611	13.0522	20.9837	8.38553	
4.10463	11.1532	6.43988	13.5235	15.4145	10.1424	6.0075	8.9095	5.65442	7.83123	9.1316	11.4519	12.4899	11.066	17.8168	6.33442	13.5405	8.94427	8.55356	15.7999	14.611	0	6.63641	16.0431	9.67672	
10.741	17.7896	12.362	6.88709	21.9423	6.49	9.23021	12.074	12.2908	11.871	6.48	7.35	12.98	10.7855	11.1803	16.5887	12.3832	9.80625	12.4562	11.8472	13.0522	6.63641	0	26.1178	10.0333	
10.4316	4.88991	15.9295	26.3675	5.87272	8.53635	14.8654	7.64665	28.9177	16.1162	26.8041	7.9925	2.04636	25.0073	28.2037	26.5136	22.0422	19.3294	21.9794	13.3401	20.9837	16.0431	26.1178	0	6.50114	
11.63	20.8299	7.69527	13.3626	8.28113	10.25	10.5939	9.80011	8.96402	14.3265	13.718	2.68328	4.45477	9.46414	10.6102	8.28402	11.8641	13.6946	11.0246	7.18048	8.38553	9.67672	10.0333	6.50114	0	

0	20.7596	5.95	19.6563	7.69834	9.62688	19.6291	2.03843	12.4634	11.8095	21.6609	4.43574	6.84676	18.9306	16.1982	18.9283	11.2721	9.43365	17.1337	11.9056	15.4711	4.0082	19.3313	11.6408	2.31147	
20.7596	0	11.758	29.1752	13.9218	29.4124	19.8152	13.8286	19.1072	23.1383	18.3363	21.5518	9.02023	24.8363	27.1493	20.6072	23.878	22.0395	20.3113	30.0357	14.6111	14.8207	10.6024	6.06711	31.3228	
5.95	11.758	0	23.653	11.1433	13.0718	10.7002	5.48336	6.51339	10.5445	20.4929	6.21699	9.89245	15.2311	16.0062	8.01339	19.7294	15.3837	18.9585	8.16	9.52111	4.092	9.85521	5.69084	4.09273	
19.6563	29.1752	23.653	0	25.1239	26.0389	16.5652	25.2766	19.7184	10.6721	10.8389	13.629	18.5644	15.7383	25.2414	10.7136	10.4038	10.2226	7.27332	21.2193	21.0928	22.8387	19.5689	29.1137	15.7532	
7.69834	13.9218	11.1433	25.1239	0	13.2484	8.55862	5.65991	18.5017	26.1344	19.3465	18.7279	4.90153	14.6832	15.4584	15.809	25.8661	20.7138	16.1926	7.61215	20.1537	7.62968	19.3032	11.6097	14.1876	
9.62688	29.4124	13.0718	26.0389	13.2484	0	15.2549	7.58845	22.9197	28.5663	13.879	15.4851	12.3968	7.37902	21.7482	14.4816	14.779	19.4862	15.844	14.4501	28.3781	9.55822	18.81	23.5971	16.6511	
19.6291	19.8152	10.7002	16.5652	8.55862	15.2549	0	8.57802	9.44083	13.9742	11.7935	14.4899	10.795	7.87584	15.0264	7.94083	15.2758	19.983	11.3811	14.9469	16.0656	6.60824	10.7445	19.3699	16.6142	
2.03843	13.8286	5.48336	25.2766	5.65991	7.58845	8.57802	0	11.9967	17.4298	19.2533	12.8629	4.80833	14.9675	14.1598	20.9667	16.8924	11.4721	16.0994	13.2721	15.0045	1.96977	7.73297	11.1742	4.3499	
12.4634	19.1072	6.51339	19.7184	18.5017	22.9197	9.44083	11.9967	0	4.03113	14.1337	14.3399	20.738	8.60259	9.01085	1.5	14.561	6.40701	4.94026	9.69688	6.1225	10.6054	20.6876	12.2042	10.6061	
11.8095	23.1383	10.5445	10.6721	26.1344	28.5663	13.9742	17.4298	4.03113	0	15.1765	25.314	14.6899	11.8638	17.3946	5.53113	4.21436	2.37588	3.39882	17.3449	10.1536	18.9642	15.2641	35.3916	16.2467	
21.6609	18.3363	20.4929	10.8389	19.3465	13.879	11.7935	19.2533	14.1337	15.1765	0	14.6061	14.445	6.5	20.1791	13.6026	13.9	18.6072	11.7776	12.3329	20.2562	14.4932	8.73	23.3844	19.3494	
4.43574	21.5518	6.21699	13.629	18.7279	15.4851	14.4899	12.8629	14.3399	25.314	14.6061	0	19.9985	8.10611	18.962	15.2087	15.5061	20.2133	16.5711	11.1157	10.7465	14.116	19.9613	15.4847	2.12426	
6.84676	9.02023	9.89245	18.5644	4.90153	12.3968	10.795	4.80833	20.738	14.6899	14.445	19.9985	0	18.6708	18.9681	14.7314	14.4216	18.9911	11.2911	12.5137	17.4834	5.80045	11.5637	8.93937	14.0508	
18.9306	24.8363	15.2311	15.7383	14.6832	7.37902	7.87584	14.9675	8.60259	11.8638	6.5	8.10611	18.6708	0	14.6134	7.10259	7.4	9.23848	8.46499	7.07107	15.8757	14.4841	15.23	23.5908	10.2304	
16.1982	27.1493	16.0062	25.2414	15.4584	21.7482	15.0264	14.1598	9.01085	17.3946	20.1791	18.962	18.9681	14.6134	0	7.51085	9.82815	11.6666	10.9511	7.84625	11.717	15.3675	16.5469	20.261	17.4403	
18.9283	20.6072	8.01339	10.7136	15.809	14.4816	7.94083	20.9667	1.5	5.53113	13.6026	15.2087	14.7314	7.10259	7.51085	0	6.57076	11.1403	3.44026	8.19688	7.6225	14.5491	18.6854	17.3171	13.7156	
11.2721	23.878	19.7294	10.4038	25.8661	14.779	15.2758	16.8924	14.561	4.21436	13.9	15.5061	14.4216	7.4	9.82815	6.57076	0	1.83848	3.1305	14.4711	21.5451	18.6959	14.7267	25.4203	15.9787	
9.43365	22.0395	15.3837	10.2226	20.7138	19.4862	19.983	11.4721	6.40701	2.37588	18.6072	20.2133	18.9911	9.23848	11.6666	11.1403	1.83848	0	4.96897	19.1782	21.3347	17.0237	12.8882	28.1066	11.7451	
17.1337	20.3113	18.9585	7.27332	16.1926	15.844	11.3811	16.0994	4.94026	3.39882	11.7776	16.5711	11.2911	8.46499	10.9511	3.44026	3.1305	4.96897	0	11.6371	12.2133	15.5654	19.4722	20.2305	19.1092	
11.9056	30.0357	8.16	21.2193	7.61215	14.4501	14.9469	13.2721	9.69688	17.3449	12.3329	11.1157	12.5137	7.07107	7.84625	8.19688	14.4711	19.1782	11.6371	0	16.3223	12.252	19.3356	13.8508	9.59409	
15.4711	14.6111	9.52111	21.0928	20.1537	28.3781	16.0656	15.0045	6.1225	10.1536	20.2562	10.7465	17.4834	15.8757	11.717	7.6225	21.5451	21.3347	12.2133	16.3223	0	13.6131	19.8709	8.544	12.8708	
4.0082	14.8207	4.092	22.8387	7.62968	9.55822	6.60824	1.96977	10.6054	18.9642	14.4932	14.116	5.80045	14.4841	15.3675	14.5491	18.6959	17.0237	15.5654	12.252	13.6131	0	5.7632	9.78285	8.18473	
19.3313	10.6024	9.85521	19.5689	19.3032	18.81	10.7445	7.73297	20.6876	15.2641	8.73	19.9613	11.5637	15.23	16.5469	18.6854	14.7267	12.8882	19.4722	19.3356	19.8709	5.7632	0	16.6695	21.2507	
11.6408	6.06711	5.69084	29.1137	11.6097	23.5971	19.3699	11.1742	12.2042	35.3916	23.3844	15.4847	8.93937	23.5908	20.261	17.3171	25.4203	28.1066	20.2305	13.8508	8.544	9.78285	16.6695	0	9.78357	
2.31147	31.3228	4.09273	15.7532	14.1876	16.6511	16.6142	4.3499	10.6061	16.2467	19.3494	2.12426	14.0508	10.2304	17.4403	13.7156	15.9787	11.7451	19.1092	9.59409	12.8708	8.18473	21.2507	9.78357	0	

0	9.32691	3.1	23.2843	8.12837	6.32651	19.0149	1.60162	11.6362	10.9	13.8892	10.0513	7.37162	11.47	8.68153	10.5562	9.76959	10.7813	12.6313	14.9043	12.8652	6.03361	16.633	5.60379	5.85897	
9.32691	0	10.6817	25.641	8.90097	12.4502	14.1358	7.72528	18.7927	36.9342	14.9224	12.9223	5.72713	23.1142	14.8052	28.9362	19.6899	27.6107	31.6365	14.1507	13.9687	12.1573	10.6024	7.42542	9.23275	
3.1	10.6817	0	12.8785	10.1407	4.31116	12.0198	4.70162	11.0533	7.8	14.1738	13.1513	4.95459	8.37	12.5633	10.1698	12.8696	12.0709	8.47082	18.7131	9.76524	9.05608	13.533	7.15945	9.7407	
23.2843	25.641	12.8785	0	29.3448	8.5673	9.14299	13.2922	8.1765	10.2448	3.87105	20.0978	21.367	5.49321	22.3004	13.5675	15.3932	15.6346	17.4846	30.1948	21.1443	21.8149	8.19105	16.9195	16.4083	
8.12837	8.90097	10.1407	29.3448	0	11.2516	18.1443	6.52674	20.4785	21.2633	18.8143	13.187	5.18614	20.689	13.6066	22.0051	10.789	18.7097	20.1134	5.24976	11.751	10.9587	19.5033	3.95051	10.7841	
6.32651	12.4502	4.31116	8.5673	11.2516	0	13.6534	4.72488	18.3103	12.1112	12.4383	14.3965	9.26575	12.6812	11.8048	14.4809	18.9109	20.1808	16.5807	18.0276	14.0764	9.15687	10.12	8.35225	8.98223	
19.0149	14.1358	12.0198	9.14299	18.1443	13.6534	0	20.9569	6.33306	5.84058	7.85344	14.8433	23.3304	3.64978	14.2023	8.45871	13.5498	7.01976	5.16976	19.0503	13.4164	14.5359	3.53344	22.0948	18.1524	
1.60162	7.72528	4.70162	13.2922	6.52674	4.72488	20.9569	0	11.8294	13.2834	12.2876	7.94686	5.76999	13.8534	7.0799	12.1578	11.3712	12.3829	19.4672	11.7765	8.99334	4.43199	14.8449	4.00216	4.25735	
11.6362	18.7927	11.0533	8.1765	20.4785	18.3103	6.33306	11.8294	0	4.93846	8.22706	22.2847	17.6583	2.68328	4.74951	1.08	12.5833	7.36543	5.51543	27.2545	13.8778	12.5673	8.1903	17.9539	12.0394	
10.9	36.9342	7.8	10.2448	21.2633	12.1112	5.84058	13.2834	4.93846	0	6.37377	26.2944	12.7546	8.72997	8.75918	3.85846	12.8072	2.52082	0.67082	24.141	9.03321	15.3458	10.6938	14.9594	16.0491	
13.8892	14.9224	14.1738	3.87105	18.8143	12.4383	7.85344	12.2876	8.22706	6.37377	0	21.9591	18.0575	9.36426	12.9766	9.30706	13.5953	10.6447	7.04459	25.5903	16.4289	15.3225	4.32	16.2897	16.5449	
10.0513	12.9223	13.1513	20.0978	13.187	14.3965	14.8433	7.94686	22.2847	26.2944	21.9591	0	15.4416	18.4931	10.9795	20.6074	19.8209	20.8326	17.1351	13.9159	8.4255	13.643	18.3767	9.23649	3.68951	
7.37162	5.72713	4.95459	21.367	5.18614	9.26575	23.3304	5.76999	17.6583	12.7546	18.0575	15.4416	0	13.3246	12.8499	15.1244	15.9751	23.8958	25.9378	10.4359	14.7198	10.202	16.3295	8.67012	10.0273	
11.47	23.1142	8.37	5.49321	20.689	12.6812	3.64978	13.8534	2.68328	8.72997	9.36426	18.4931	13.3246	0	7.43279	3.76328	9.9	11.995	8.19871	22.7001	17.0662	17.4261	7.18322	15.5294	18.171	
8.68153	14.8052	12.5633	22.3004	13.6066	11.8048	14.2023	7.0799	4.74951	8.75918	12.9766	10.9795	12.8499	7.43279	0	5.74359	19.0603	13.0301	9.43	20.3826	11.717	10.9493	12.9398	11.0821	7.28994	
10.5562	28.9362	10.1698	13.5675	22.0051	14.4809	8.45871	12.1578	1.08	3.85846	9.30706	20.6074	15.1244	3.76328	5.74359	0	15.3908	8.12938	4.52928	27.509	16.3576	11.4873	9.2703	17.3292	13.0335	
9.76959	19.6899	12.8696	15.3932	10.789	18.9109	13.5498	11.3712	12.5833	12.8072	13.5953	19.8209	15.9751	9.9	19.0603	15.3908	0	10.9602	12.8102	16.0387	22.5399	22.0835	17.9153	14.7395	21.5279	
10.7813	27.6107	12.0709	15.6346	18.7097	20.1808	7.01976	12.3829	7.36543	2.52082	10.6447	20.8326	23.8958	11.995	13.0301	8.12938	10.9602	0	1.85	23.9595	10.2124	21.1376	17.502	22.6602	22.5397	
12.6313	31.6365	8.47082	17.4846	20.1134	16.5807	5.16976	19.4672	5.51543	0.67082	7.04459	17.1351	25.9378	8.19871	9.43	4.52928	12.8102	1.85	0	23.4701	8.36239	13.2327	8.7032	21.6056	13.0984	
14.9043	14.1507	18.7131	30.1948	5.24976	18.0276	19.0503	11.7765	27.2545	24.141	25.5903	13.9159	10.4359	22.7001	20.3826	27.509	16.0387	23.9595	23.4701	0	17.0007	17.7347	22.5837	9.20027	13.7865	
12.8652	13.9687	9.76524	21.1443	11.751	14.0764	13.4164	8.99334	13.8778	9.03321	16.4289	8.4255	14.7198	17.0662	11.717	16.3576	22.5399	10.2124	8.36239	17.0007	0	4.87032	12.1089	12.6116	4.73599	
6.03361	12.1573	9.05608	21.8149	10.9587	9.15687	14.5359	4.43199	12.5673	15.3458	15.3225	13.643	10.202	17.4261	10.9493	11.4873	22.0835	21.1376	13.2327	17.7347	4.87032	0	11.0025	7.74128	8.68933	
16.633	10.6024	13.533	8.19105	19.5033	10.12	3.53344	14.8449	8.1903	10.6938	4.32	18.3767	16.3295	7.18322	12.9398	9.2703	17.9153	17.502	8.7032	22.5837	12.1089	11.0025	0	18.0278	16.8448	
5.60379	7.42542	7.15945	16.9195	3.95051	8.35225	22.0948	4.00216	17.9539	14.9594	16.2897	9.23649	8.67012	15.5294	11.0821	17.3292	14.7395	22.6602	21.6056	9.20027	12.6116	7.74128	18.0278	0	8.25951	
5.85897	9.23275	9.7407	16.4083	10.7841	8.98223	18.1524	4.25735	12.0394	16.0491	16.5449	3.68951	10.0273	18.171	7.28994	13.0335	21.5279	22.5397	13.0984	13.7865	4.73599	8.68933	16.8448	8.25951	0	

0	13.3442	1.1	15.5557	9.05238	14.0594	11.6578	3.49445	7.50438	16.035	9.01804	8.36738	6.66229	11.3973	16.9987	8.37213	11.1018	13.1283	14.0098	13.29	11.3425	3.30651	13.8203	11.2897	4.54651	
13.3442	0	12.2481	22.7335	3.42345	16.7969	18.0131	8.98138	10.6151	17.8791	17.0914	7.43549	6.5862	19.0003	24.089	11.4951	18.2177	14.0425	15.0354	27.0574	19.4216	15.3651	14.2474	2.89772	18.8206	
1.1	12.2481	0	19.0915	8.82469	10.1965	20.1963	4.59445	8.60438	16.7492	12.5539	7.15838	7.92001	16.74	12.0715	9.47213	12.2018	16.4665	19.3608	11.8313	11.4742	4.40651	14.9203	12.3721	3.44651	
15.5557	22.7335	19.0915	0	18.4417	23.0021	7.38055	12.8837	16.4512	17.2264	13.6777	21.4604	16.0516	13.0793	18.1901	12.5594	12.2933	16.5366	15.3506	20.415	20.2852	12.2492	14.3753	25.431	29.8557	
9.05238	3.42345	8.82469	18.4417	0	13.3735	13.7213	5.55793	14.0385	13.1929	12.804	4.01204	3.38364	22.125	8.81621	22.2134	15.8516	10.619	16.1054	10.2912	15.1298	11.0733	10.824	3.54739	7.72392	
14.0594	16.7969	10.1965	23.0021	13.3735	0	15.9851	16.2683	11.6863	10.7316	10	10.4619	16.7571	13.8315	24.2411	10.8063	13.3903	8.15771	16.1577	7.28869	18.7889	10.7529	11.98	16.9209	6.75	
11.6578	18.0131	20.1963	7.38055	13.7213	15.9851	0	8.16333	6.0588	11.0111	8.97477	15.7162	11.3312	5.69878	10.912	5.1788	9.99878	15.027	7.97004	13.0344	17.7352	13.6787	6.99477	17.2887	21.4192	
3.49445	8.98138	4.59445	12.8837	5.55793	16.2683	8.16333	0	10.9988	19.4525	11.2269	8.5767	3.16784	13.8621	13.3809	11.8666	14.5963	16.177	16.1334	14.8558	9.57183	5.51536	12.4534	7.63753	12.2886	
7.50438	10.6151	8.60438	16.4512	14.0385	11.6863	6.0588	10.9988	0	8.19779	14.5792	15.3139	14.3244	3.90518	13.4995	0.88	7.60263	5.62392	6.50538	20.7944	16.7708	9.42404	18.6708	13.5128	14.8568	
16.035	17.8791	16.7492	17.2264	13.1929	10.7316	11.0111	19.4525	8.19779	0	8.57021	12.2639	15.8757	9.23315	10.83	9.24574	4.93315	2.57387	3.04105	20.9122	14.5739	21.9205	6.59021	15.3004	13.3027	
9.01804	17.0914	12.5539	13.6777	12.804	10	8.97477	11.2269	14.5792	8.57021	0	17.68	11.2655	11.2765	12.8734	13.9343	6.97653	12.2091	20.0759	17.2887	13.7476	5.71153	1.98	17.2153	16.75	
8.36738	7.43549	7.15838	21.4604	4.01204	10.4619	15.7162	8.5767	15.3139	12.2639	17.68	0	7.39568	20.8839	4.80416	18.5074	10.7011	9.68999	12.0934	6.27911	18.1485	14.0921	14.836	7.55944	3.71187	
6.66229	6.5862	7.92001	16.0516	3.38364	16.7571	11.3312	3.16784	14.3244	15.8757	11.2655	7.39568	0	18.5178	17.5773	15.1921	17.9218	14.0027	20.7891	19.0523	12.7397	8.6832	9.28552	4.46969	16.485	
11.3973	19.0003	16.74	13.0793	22.125	13.8315	5.69878	13.8621	3.90518	9.23315	11.2765	20.8839	18.5178	0	10.1969	3.02518	4.3	9.53259	8.79056	18.7332	14.9618	17.8093	11.301	32.8128	20.1865	
16.9987	24.089	12.0715	18.1901	8.81621	24.2411	10.912	13.3809	13.4995	10.83	12.8734	4.80416	17.5773	10.1969	0	12.8546	5.89689	11.1295	16.8976	11.0833	15.4736	20.2416	17.9068	24.2129	8.51604	
8.37213	11.4951	9.47213	12.5594	22.2134	10.8063	5.1788	11.8666	0.88	9.24574	13.9343	18.5074	15.1921	3.02518	12.8546	0	6.95774	6.50392	6.41405	18.095	15.8908	10.304	12.1736	24.5461	15.7368	
11.1018	18.2177	12.2018	12.2933	15.8516	13.3903	9.99878	14.5963	7.60263	4.93315	6.97653	10.7011	17.9218	4.3	5.89689	6.95774	0	5.23259	7.97421	17.8295	17.2326	12.6881	8.95653	20.2336	18.2359	
13.1283	14.0425	16.4665	16.5366	10.619	8.15771	15.027	16.177	5.62392	2.57387	12.2091	9.68999	14.0027	9.53259	11.1295	6.50392	5.23259	0	5.61492	15.4464	12	15.048	9.16408	14.1664	13.4019	
14.0098	15.0354	19.3608	15.3506	16.1054	16.1577	7.97004	16.1334	6.50538	3.04105	20.0759	12.0934	20.7891	8.79056	16.8976	6.41405	7.97421	5.61492	0	18.3725	17.1327	15.9294	9.63126	17.9331	15.8053	
13.29	27.0574	11.8313	20.415	10.2912	7.28869	13.0344	14.8558	20.7944	20.9122	17.2887	6.27911	19.0523	18.7332	11.0833	18.095	17.8295	15.4464	18.3725	0	24.2242	16.5965	20.0292	24.6196	8.38475	
11.3425	19.4216	11.4742	20.2852	15.1298	18.7889	17.7352	9.57183	16.7708	14.5739	13.7476	18.1485	12.7397	14.9618	15.4736	15.8908	17.2326	12	17.1327	24.2242	0	8.03603	24.1759	22.1192	14.9207	
3.30651	15.3651	4.40651	12.2492	11.0733	10.7529	13.6787	5.51536	9.42404	21.9205	5.71153	14.0921	8.6832	17.8093	20.2416	10.304	12.6881	15.048	15.9294	16.5965	8.03603	0	7.69153	18.0627	10.2889	
13.8203	14.2474	14.9203	14.3753	10.824	11.98	6.99477	12.4534	18.6708	6.59021	1.98	14.836	9.28552	11.301	17.9068	12.1736	8.95653	9.16408	9.63126	20.0292	24.1759	7.69153	0	13.7552	19.8929	
11.2897	2.89772	12.3721	25.431	3.54739	16.9209	17.2887	7.63753	13.5128	15.3004	17.2153	7.55944	4.46969	32.8128	24.2129	24.5461	20.2336	14.1664	17.9331	24.6196	22.1192	18.0627	13.7552	0	21.7183	
4.54651	18.8206	3.44651	29.8557	7.72392	6.75	21.4192	12.2886	14.8568	13.3027	16.75	3.71187	16.485	20.1865	8.51604	15.7368	18.2359	13.4019	15.8053	8.38475	14.9207	10.2889	19.8929	21.7183	0	

0	12.0788	1.95	15.5545	10.3382	14.0206	15.6285	9.68255	10.0481	11.721	17.1916	4.99426	11.9182	11.954	11.1552	8.00812	14.6544	12.8191	11.0402	15.6937	6.83172	9.76599	16.933	6.1022	2.71347	
12.0788	0	12.3859	15.4289	11.7814	17.4609	31.9466	14.8043	33.732	28.6507	28.4913	21.3227	10.1657	33.1684	31.2598	30.9537	20.14	30.4609	30.5514	11.2253	30.9398	20.3686	27.3689	5.97655	24.2055	
1.95	12.3859	0	28.177	12.2882	12.1979	17.5785	9.29124	22.3795	20.4855	16.8003	12.9954	13.9299	16.9281	13.1052	9.95812	16.6044	24.9005	23.3716	20.0935	11.881	7.98276	14.983	8.0522	4.66347	
15.5545	15.4289	28.177	0	15.2572	20.9367	11.4809	18.322	20.5149	19.0921	11.6992	19.1815	15.2683	19.2927	21.1407	20.2236	21.3216	23.4519	17.1915	26.555	29.4291	27.7953	14.2192	9.45233	21.4623	
10.3382	11.7814	12.2882	15.2572	0	12.4927	22.3153	6.16981	24.9614	17.3641	13.6789	12.5567	1.67601	13.8067	18.6304	18.3464	19.7992	29.9018	22.2518	22.9075	20.2693	20.1438	13.2293	5.80483	13.0517	
14.0206	17.4609	12.1979	20.9367	12.4927	0	13.4745	12.7429	13.5282	18.9136	11.6	19.1298	10.8167	9.16788	12.236	13.1138	16.447	19.629	19.6796	16.3259	21.6275	4.21514	9.57	11.4843	11.2677	
15.6285	31.9466	17.5785	11.4809	22.3153	13.4745	0	9.38352	12.1721	12.3073	1.87446	14.2122	28.1505	7.81181	9.65981	11.7577	9.84073	13.0227	14.7832	18.7555	19.0513	17.9706	4.39446	20.9332	18.342	
9.68255	14.8043	9.29124	18.322	6.16981	12.7429	9.38352	0	11.9972	11.1943	7.50906	6.3869	4.63862	7.63688	12.4606	11.5828	13.6294	13.0045	13.095	16.4844	14.3359	16.5461	10.0291	8.86966	8.66769	
10.0481	33.732	22.3795	20.5149	24.9614	13.5282	12.1721	11.9972	0	5.22406	14.2521	10.4537	26.8874	4.36033	7.28994	2.04	6.7776	3.59562	3.3234	19.8715	7.33694	18.5788	11.7321	29.5163	12.7808	
11.721	28.6507	20.4855	19.0921	17.3641	18.9136	12.3073	11.1943	5.22406	0	14.757	12.1266	15.8329	7.65874	6.83464	3.71286	2.46658	1.81019	1.90066	11.3813	9.0098	19.592	13.3549	20.064	11.9159	
17.1916	28.4913	16.8003	11.6992	13.6789	11.6	1.87446	7.50906	14.2521	14.757	0	12.3378	12.1477	9.68627	11.5343	14.6459	11.7152	17.7908	13.9743	17.266	22.6457	15.8151	2.52	16.3787	14.6186	
4.99426	21.3227	12.9954	19.1815	12.5567	19.1298	14.2122	6.3869	10.4537	12.1266	12.3378	0	11.0255	12.3596	17.7899	8.4137	19.0122	12.3865	11.4458	10.0975	6.39904	9.33331	14.8578	15.2566	2.28079	
11.9182	10.1657	13.9299	15.2683	1.67601	10.8167	28.1505	4.63862	26.8874	15.8329	12.1477	11.0255	0	12.2755	17.0992	20.5301	18.268	31.214	23.564	21.3909	22.453	15.0318	14.9053	5.81598	14.8563	
11.954	33.1684	16.9281	19.2927	13.8067	9.16788	7.81181	7.63688	4.36033	7.65874	9.68627	12.3596	12.2755	0	11.6503	3.94588	12.6	7.95595	6.97798	21.5148	9.24283	13.383	13.22	16.5065	17.8545	
11.1552	31.2598	13.1052	21.1407	18.6304	12.236	9.65981	12.4606	7.28994	6.83464	11.5343	17.7899	17.0992	11.6503	0	9.32994	4.36807	7.55005	10.6133	13.2828	9.39149	16.4511	18.7458	17.2574	13.5097	
8.00812	30.9537	9.95812	20.2236	18.3464	13.1138	11.7577	11.5828	2.04	3.71286	14.6459	8.4137	20.5301	3.94588	9.32994	0	6.17943	5.52305	3.03209	18.5112	5.29694	17.8136	12.9825	14.1103	9.41519	
14.6544	20.14	16.6044	21.3216	19.7992	16.447	9.84073	13.6294	6.7776	2.46658	11.7152	19.0122	18.268	12.6	4.36807	6.17943	0	3.18198	4.36723	8.91475	13.7596	20.6621	18.9267	20.7566	13.2877	
12.8191	30.4609	24.9005	23.4519	29.9018	19.629	13.0227	13.0045	3.59562	1.81019	17.7908	12.3865	31.214	7.95595	7.55005	5.52305	3.18198	0	3.71085	12.0967	14.2239	17.1582	15.3277	29.6982	10.1057	
11.0402	30.5514	23.3716	17.1915	22.2518	19.6796	14.7832	13.095	3.3234	1.90066	13.9743	11.4458	23.564	6.97798	10.6133	3.03209	4.36723	3.71085	0	17.4118	8.32904	21.4927	11.4543	26.6438	16.3559	
15.6937	11.2253	20.0935	26.555	22.9075	16.3259	18.7555	16.4844	19.8715	11.3813	17.266	10.0975	21.3909	21.5148	13.2828	18.5112	8.91475	12.0967	17.4118	0	17.0985	12.1108	19.786	17.1026	12.3783	
6.83172	30.9398	11.881	29.4291	20.2693	21.6275	19.0513	14.3359	7.33694	9.0098	22.6457	6.39904	22.453	9.24283	9.39149	5.29694	13.7596	14.2239	8.32904	17.0985	0	11.1708	18.2794	16.0332	4.11825	
9.76599	20.3686	7.98276	27.7953	20.1438	4.21514	17.9706	16.5461	18.5788	19.592	15.8151	9.33331	15.0318	13.383	16.4511	17.8136	20.6621	17.1582	21.4927	12.1108	11.1708	0	13.7851	15.6995	7.05252	
16.933	27.3689	14.983	14.2192	13.2293	9.57	4.39446	10.0291	11.7321	13.3549	2.52	14.8578	14.9053	13.22	18.7458	12.9825	18.9267	15.3277	11.4543	19.786	18.2794	13.7851	0	19.0341	19.6815	
6.1022	5.97655	8.0522	9.45233	5.80483	11.4843	20.9332	8.86966	29.5163	20.064	16.3787	15.2566	5.81598	16.5065	17.2574	14.1103	20.7566	29.6982	26.6438	17.1026	16.0332	15.6995	19.0341	0	8.81566	
2.71347	24.2055	4.66347	21.4623	13.0517	11.2677	18.342	8.66769	12.7808	11.9159	14.6186	2.28079	14.8563	17.8545	13.5097	9.41519	13.2877	10.1057	16.3559	12.3783	4.11825	7.05252	19.6815	8.81566	0	

0	13.4884	6.06472	12.5834	5.63904	7.41125	21.0446	2.25683	14.3322	16.5987	14.8857	2.42998	3.46591	14.04	16.29	12.0122	15.4472	16.1522	14.9265	8.36968	13.5173	6.29487	9.05526	7.25149	6.41018	
13.4884	0	8.34701	19.14	13.2796	16.672	27.9238	12.1549	27.0685	37.5494	26.1481	12.8578	10.0225	28.793	21.6903	28.6865	32.1979	24.0103	29.1191	13.1506	14.2062	11.0974	20.3177	14.217	8.87764	
6.06472	8.34701	0	15.6617	7.73413	5.15901	16.0796	3.80789	10.8281	11.0482	13.325	10.9809	10.17	19.0817	8.63187	12.9769	20.4722	15.6632	15.644	6.46	5.85915	2.75036	10.6063	11.3817	7.00071	
12.5834	19.14	15.6617	0	12.3746	8.78502	4.1003	16.4139	10.5354	9.90385	3.78502	16.6052	9.11748	4.43001	17.4085	10.0858	14.13	13.5842	16.1508	22.1145	14.6358	12.9113	8.60063	16.6029	24.3438	
5.63904	13.2796	7.73413	12.3746	0	9.08066	15.4055	3.92625	15.3621	15.8797	16.5551	8.06902	3.25715	19.2	13.6235	14.465	9.80816	17.3035	14.0567	12.8754	13.7413	7.28437	10.7247	1.61245	17.5171	
7.41125	16.672	5.15901	8.78502	9.08066	0	7.75464	5.15442	10.4864	11.1188	5	15.8523	15.0539	8.68062	8.74774	10.5204	16.8664	9.93112	13.1141	9.91262	11.7766	2.40865	4.51	15.3221	14.1856	
21.0446	27.9238	16.0796	4.1003	15.4055	7.75464	0	12.9091	8.10744	17.2094	7.88533	24.9074	13.2178	8.53032	15.9208	10.4274	16.1573	17.0504	10.1581	17.6673	13.1481	10.1633	8.72543	17.018	20.2063	
2.25683	12.1549	3.80789	16.4139	3.92625	5.15442	12.9091	0	12.1158	18.7477	10.1544	4.68681	5.72274	10.969	10.3771	12.8088	13.7344	15.0855	18.1331	8.94911	9.66703	4.03803	6.79843	5.5387	10.8086	
14.3322	27.0685	10.8281	10.5354	15.3621	10.4864	8.10744	12.1158	0	4.89042	6.75041	14.5471	18.006	7.97577	6.62769	2.32	6.29914	6.46	2.05061	11.2346	7.52193	8.07775	8.33041	20.9627	20.7067	
16.5987	37.5494	11.0482	9.90385	15.8797	11.1188	17.2094	18.7477	4.89042	0	6.11882	15.3363	15.6732	10.2422	7.78753	4.58647	6.07157	3.22441	2.83981	12.0238	5.18904	18.5587	10.5969	23.2291	26.6776	
14.8857	26.1481	13.325	3.78502	16.5551	5	7.88533	10.1544	6.75041	6.11882	0	19.9957	12.9025	8.21503	14.0038	9.07041	12.1904	9.34323	8.80102	14.9126	11.3079	7.40865	9.51	22.7965	20.5588	
2.42998	12.8578	10.9809	16.6052	8.06902	15.8523	24.9074	4.68681	14.5471	15.3363	19.9957	0	5.89588	16.47	11.731	14.4422	16.745	17.6965	12.4965	5.9397	15.9472	13.7177	15.4611	14.9731	3.9802	
3.46591	10.0225	10.17	9.11748	3.25715	15.0539	13.2178	5.72274	18.006	15.6732	12.9025	5.89588	0	13.5475	13.2568	15.4781	13.0653	20.7341	19.9842	13.4274	10.4841	10.5415	16.6979	4.8696	11.4679	
14.04	28.793	19.0817	4.43001	19.2	8.68062	8.53032	10.969	7.97577	10.2422	8.21503	16.47	13.5475	0	9.96346	5.65577	9.7	9.15419	10.1456	14.6191	12.7735	13.6013	4.17062	24.2984	15.6515	
16.29	21.6903	8.63187	17.4085	13.6235	8.74774	15.9208	10.3771	6.62769	7.78753	14.0038	11.731	13.2568	9.96346	0	4.30769	7.86252	8.44769	4.94773	5.79128	2.77272	6.33909	10.3181	22.1715	10.0643	
12.0122	28.6865	12.9769	10.0858	14.465	10.5204	10.4274	12.8088	2.32	4.58647	9.07041	14.4422	15.4781	5.65577	4.30769	0	6.95774	4.14	4.37061	10.099	7.08042	10.3977	6.01041	16.0774	17.1203	
15.4472	32.1979	20.4722	14.13	9.80816	16.8664	16.1573	13.7344	6.29914	6.07157	12.1904	16.745	13.0653	9.7	7.86252	6.95774	0	7.49533	4.24853	13.4325	10.6352	14.2016	12.9681	11.4206	20.6751	
16.1522	24.0103	15.6632	13.5842	17.3035	9.93112	17.0504	15.0855	6.46	3.22441	9.34323	17.6965	20.7341	9.15419	8.44769	4.14	7.49533	0	5.2	14.384	8.41344	12.3398	10.1504	22.7827	22.664	
14.9265	29.1191	15.644	16.1508	14.0567	13.1141	10.1581	18.1331	2.05061	2.83981	8.80102	12.4965	19.9842	10.1456	4.94773	4.37061	4.24853	5.2	0	9.18397	7.72045	10.1284	10.5002	23.1325	13.457	
8.36968	13.1506	6.46	22.1145	12.8754	9.91262	17.6673	8.94911	11.2346	12.0238	14.9126	5.9397	13.4274	14.6191	5.79128	10.099	13.4325	14.384	9.18397	0	8.564	9.21036	10.4484	17.8417	4.273	
13.5173	14.2062	5.85915	14.6358	13.7413	11.7766	13.1481	9.66703	7.52193	5.18904	11.3079	15.9472	10.4841	12.7735	2.77272	7.08042	10.6352	8.41344	7.72045	8.564	0	8.60951	13.1282	17.2408	12.8599	
6.29487	11.0974	2.75036	12.9113	7.28437	2.40865	10.1633	4.03803	8.07775	18.5587	7.40865	13.7177	10.5415	13.6013	6.33909	10.3977	14.2016	12.3398	10.1284	9.21036	8.60951	0	6.91865	8.89683	9.75108	
9.05526	20.3177	10.6063	8.60063	10.7247	4.51	8.72543	6.79843	8.33041	10.5969	9.51	15.4611	16.6979	4.17062	10.3181	6.01041	12.9681	10.1504	10.5002	10.4484	13.1282	6.91865	0	16.9661	11.4809	
7.25149	14.217	11.3817	16.6029	1.61245	15.3221	17.018	5.5387	20.9627	23.2291	22.7965	14.9731	4.8696	24.2984	22.1715	16.0774	11.4206	22.7827	23.1325	17.8417	17.2408	8.89683	16.9661	0	18.3824	
6.41018	8.87764	7.00071	24.3438	17.5171	14.1856	20.2063	10.8086	20.7067	26.6776	20.5588	3.9802	11.4679	15.6515	10.0643	17.1203	20.6751	22.664	13.457	4.273	12.8599	9.75108	11.4809	18.3824	0	

0	8.63763	8.85	15.9237	3.8448	9.84035	24.0512	5.06857	21.7878	13.0973	16.0161	14.2507	4.88835	20.5659	21.0481	13.5737	13.8884	9.43365	15.3337	7.44242	14.315	12.3383	14.5701	12.3102	10.7479	
8.63763	0	10.1103	13.5254	4.79283	7.4421	20.4865	3.86264	16.9555	20.8492	23.7005	8.89097	5.83638	13.136	14.8364	14.0691	19.7141	20.4755	17.8345	10.4076	20.4	7.34479	12.1718	10.8665	7.10211	
8.85	10.1103	0	18.8017	5.31744	9.0683	15.2887	6.54121	29.6239	12.775	7.16606	5.51318	5.86728	9.27952	10.9799	10.2126	19.549	16.965	13.978	8.49961	16.1313	3.48827	13.8261	7.48283	7.30204	
15.9237	13.5254	18.8017	0	10.8866	13.2422	14.4843	9.66279	17.317	12.9778	15.3982	18.9694	14.1317	9.74602	13.9921	17.937	9.27793	13.7327	15.6064	18.8167	20.9905	15.5373	13.9307	24.2171	21.5762	
3.8448	4.79283	5.31744	10.8866	0	4.80322	18.0854	1.22376	22.7429	16.9421	12.4835	10.5304	1.04355	14.4136	16.114	13.2993	21.8211	13.2785	19.1121	11.2872	25.1928	8.62232	9.16838	2.6591	11.8949	
9.84035	7.4421	9.0683	13.2422	4.80322	0	10.3962	3.57946	19.4484	15.6089	10	9.53885	8.04837	11.7868	18.4166	15.655	23.5953	20.75	13.3643	11.0555	18.9653	10.925	5.06	15.8873	7.75	
24.0512	20.4865	15.2887	14.4843	18.0854	10.3962	0	13.6454	16.5208	10.0963	8.12266	16.6104	11.2355	4.73831	8.98435	16.8762	6.39648	10.8512	10.5987	26.7226	17.0879	10.5296	5.33622	9.62	18.3992	
5.06857	3.86264	6.54121	9.66279	1.22376	3.57946	13.6454	0	12.6955	16.5892	13.5795	9.30663	2.26732	15.036	20.9846	12.0755	18.9407	15.6945	16.6135	13.7033	24.2626	9.84608	8.30919	6.08446	10.9648	
21.7878	16.9555	29.6239	17.317	22.7429	19.4484	16.5208	12.6955	0	5.13367	12.6388	23.806	22.5132	13.4137	9.16765	0.62	13.1928	4.76	7.85038	10.5461	3.6735	7.34428	12.16	19.6699	18.4088	
13.0973	20.8492	12.775	12.9778	16.9421	15.6089	10.0963	16.5892	5.13367	0	5.60892	15.8076	27.0728	8.72254	15.9703	4.51367	3.69986	4.35578	2.86217	15.6714	8.7988	11.238	11.1665	30.3266	25.5592	
16.0161	23.7005	7.16606	15.3982	12.4835	10	8.12266	13.5795	12.6388	5.60892	0	12.6792	13.0333	12.6	16.846	10.1226	9.30879	9.9647	8.47109	15.8378	8.96529	10.6543	6.66	17.7427	14.9207	
14.2507	8.89097	5.51318	18.9694	10.5304	9.53885	16.6104	9.30663	23.806	15.8076	12.6792	0	11.3805	18.1454	18.3569	15.5918	14.0358	11.4518	17.3518	5.09438	20.3642	9.00145	15.327	17.3165	1.78885	
4.88835	5.83638	5.86728	14.1317	1.04355	8.04837	11.2355	2.26732	22.5132	27.0728	13.0333	11.3805	0	14.8516	12.1178	16.5444	27.9864	21.2703	16.4292	18.7182	34.1416	6.57791	8.12483	1.61555	13.6219	
20.5659	13.136	9.27952	9.74602	14.4136	11.7868	4.73831	15.036	13.4137	8.72254	12.6	18.1454	14.8516	0	4.24603	12.5155	5.1	9.55477	5.86038	10.8026	12.7431	5.79125	6.72681	10.7536	20.8141	
21.0481	14.8364	10.9799	13.9921	16.114	18.4166	8.98435	20.9846	9.16765	15.9703	16.846	18.3569	12.1178	4.24603	0	9.78765	9.34603	11.6145	10.1064	12.503	8.49706	7.49166	10.9728	10.5023	16.568	
13.5737	14.0691	10.2126	17.937	13.2993	15.655	16.8762	12.0755	0.62	4.51367	10.1226	15.5918	16.5444	12.5155	9.78765	0	8.21353	4.14	7.23038	11.7356	4.2935	6.72428	11.54	11.6866	22.0412	
13.8884	19.7141	19.549	9.27793	21.8211	23.5953	6.39648	18.9407	13.1928	3.69986	9.30879	14.0358	27.9864	5.1	9.34603	8.21353	0	4.45477	6.56203	27.0576	12.4987	10.8913	11.7327	16.0165	15.8247	
9.43365	20.4755	16.965	13.7327	13.2785	20.75	10.8512	15.6945	4.76	4.35578	9.9647	11.4518	21.2703	9.55477	11.6145	4.14	4.45477	0	5.9	16.8761	13.1546	10.8643	14.2043	22.1168	13.2407	
15.3337	17.8345	13.978	15.6064	19.1121	13.3643	10.5987	16.6135	7.85038	2.86217	8.47109	17.3518	16.4292	5.86038	10.1064	7.23038	6.56203	5.9	0	15.5011	11.661	10.4897	8.30434	15.4521	23.0825	
7.44242	10.4076	8.49961	18.8167	11.2872	11.0555	26.7226	13.7033	10.5461	15.6714	15.8378	5.09438	18.7182	10.8026	12.503	11.7356	27.0576	16.8761	15.5011	0	6.87255	5.01135	15.8392	9.97371	3.30553	
14.315	20.4	16.1313	20.9905	25.1928	18.9653	17.0879	24.2626	3.6735	8.7988	8.96529	20.3642	34.1416	12.7431	8.49706	4.2935	12.4987	13.1546	11.661	6.87255	0	11.8839	15.6253	18.9993	10.1781	
12.3383	7.34479	3.48827	15.5373	8.62232	10.925	10.5296	9.84608	7.34428	11.238	10.6543	9.00145	6.57791	5.79125	7.49166	6.72428	10.8913	10.8643	10.4897	5.01135	11.8839	0	10.8278	4.96236	8.31687	
14.5701	12.1718	13.8261	13.9307	9.16838	5.06	5.33622	8.30919	12.16	11.1665	6.66	15.327	8.12483	6.72681	10.9728	11.54	11.7327	14.2043	8.30434	15.8392	15.6253	10.8278	0	9.74038	12.81	
12.3102	10.8665	7.48283	24.2171	2.6591	15.8873	9.62	6.08446	19.6699	30.3266	17.7427	17.3165	1.61555	10.7536	10.5023	11.6866	16.0165	22.1168	15.4521	9.97371	18.9993	4.96236	9.74038	0	17.9686	
10.7479	7.10211	7.30204	21.5762	11.8949	7.75	18.3992	10.9648	18.4088	25.5592	14.9207	1.78885	13.6219	20.8141	16.568	22.0412	15.8247	13.2407	23.0825	3.30553	10.1781	8.31687	12.81	17.9686	0	

0	19.9353	3.35	12.7192	3.67392	17.4167	8.12682	5.53288	11.7981	28.0948	12.11	13.4993	7.40541	9.7276	15.032	22.8045	21.7774	25.0376	17.1739	13.89	16.0619	6.56994	11.5881	6.26712	8.41205	
19.9353	0	18.7256	18.6762	12.8949	21.0972	23.2685	17.2527	24.3912	23.774	24.7838	30.4413	9.16341	28.6031	28.0654	26.538	25.4252	27.7621	25.6523	26.3636	20.91	15.5057	25.8763	11.0482	23.8005	
3.35	18.7256	0	18.2714	7.02392	8.81145	11.4768	8.88288	12.1055	23.7973	17.6623	7.58881	11.3434	15.2798	11.682	15.8792	13.1395	16.8885	22.7261	10.54	16.1127	3.21994	14.3971	9.61712	5.06205	
12.7192	18.6762	18.2714	0	14.178	10.9401	4.59234	12.7557	8.26364	21.7274	6.10765	18.9351	27.8396	6.19312	21.4485	17.2513	21.9076	17.7393	13.6394	23.3989	14.0385	18.3773	7.20014	23.5771	16.4083	
3.67392	12.8949	7.02392	14.178	0	11.092	9.58566	7.18962	13.257	29.5536	8.59127	17.3855	3.73149	11.1864	22.6563	22.0081	15.42	22.3818	18.6327	16.3584	16.3801	5.50045	13.047	5.6163	15.9348	
17.4167	21.0972	8.81145	10.9401	11.092	0	7.20133	11.8838	12.8635	8.48528	14.09	7.295	13.7868	16.0997	14.261	13.7684	15.511	12.4734	10.3636	14.762	8.1404	5.59151	3.74	11.9019	9.82176	
8.12682	23.2685	11.4768	4.59234	9.58566	7.20133	0	8.16333	3.67129	10.9254	3.98323	21.4846	13.3171	1.60078	19.8266	6.03129	11.3008	6.99033	9.04708	19.773	8.39437	12.5568	3.46133	14.3939	18.7411	
5.53288	17.2527	8.88288	12.7557	7.18962	11.8838	8.16333	0	11.8346	20.3691	12.1466	13.3212	8.0893	9.76411	17.6844	16.157	19.4115	21.3094	17.2104	11.6097	10.529	12.6901	11.6247	8.97782	15.848	
11.7981	24.3912	12.1055	8.26364	13.257	12.8635	3.67129	11.8346	0	7.30712	7.65452	23.8212	26.0797	5.27208	6.55724	2.36	9.56187	3.31904	5.51904	8.50766	4.72307	8.88552	7.13262	25.3606	20.3664	
28.0948	23.774	23.7973	21.7274	29.5536	8.48528	10.9254	20.3691	7.30712	0	23.9512	15.7803	27.0539	14.0282	9.19458	5.46008	7.13306	3.98808	1.8783	11.6077	11.0881	14.0768	12.2253	20.3872	19.5749	
12.11	24.7838	17.6623	6.10765	8.59127	14.09	3.98323	12.1466	7.65452	23.9512	0	22.8094	12.3228	5.58401	15.0862	13.5588	16.8	17.1401	13.0303	26.178	7.93083	14.0917	7.44456	18.5079	22.516	
13.4993	30.4413	7.58881	18.9351	17.3855	7.295	21.4846	13.3212	23.8212	15.7803	22.8094	0	17.1639	23.3947	6.96604	11.1633	24.8552	12.1725	20.2233	7.46705	14.1215	12.8865	11.035	19.1969	2.52676	
7.40541	9.16341	11.3434	27.8396	3.73149	13.7868	13.3171	8.0893	26.0797	27.0539	12.3228	17.1639	0	16.0732	23.0254	28.9886	28.542	30.8786	32.3337	19.699	18.6183	9.23193	22.3086	1.88481	14.6371	
9.7276	28.6031	15.2798	6.19312	11.1864	16.0997	1.60078	9.76411	5.27208	14.0282	5.58401	23.3947	16.0732	0	15.2466	11.9301	9.7	10.0401	10.6479	24.9564	15.0308	16.4193	5.06211	22.2583	24.2821	
15.032	28.0654	11.682	21.4485	22.6563	14.261	19.8266	17.6844	6.55724	9.19458	15.0862	6.96604	23.0254	15.2466	0	4.19724	11.3991	5.2065	7.4065	10.3449	7.15542	14.9019	21.9135	22.5129	9.4928	
22.8045	26.538	15.8792	17.2513	22.0081	13.7684	6.03129	16.157	2.36	5.46008	13.5588	11.1633	28.9886	11.9301	4.19724	0	7.20187	1.89	4.09	6.14766	5.628	11.2455	21.9094	30.8527	14.9355	
21.7774	25.4252	13.1395	21.9076	15.42	15.511	11.3008	19.4115	9.56187	7.13306	16.8	24.8552	28.542	9.7	11.3991	7.20187	0	6.85894	5.25476	13.3495	8.88246	9.91953	14.7075	26.3946	21.4004	
25.0376	27.7621	16.8885	17.7393	22.3818	12.4734	6.99033	21.3094	3.31904	3.98808	17.1401	12.1725	30.8786	10.0401	5.2065	1.89	6.85894	0	2.2	8.03766	7.518	12.2046	21.5664	32.5185	19.8966	
17.1739	25.6523	22.7261	13.6394	18.6327	10.3636	9.04708	17.2104	5.51904	1.8783	13.0303	20.2233	32.3337	10.6479	7.4065	4.09	5.25476	2.2	0	11.9786	11.459	15.1743	12.5084	34.2956	17.6966	
13.89	26.3636	10.54	23.3989	16.3584	14.762	19.773	11.6097	8.50766	11.6077	26.178	7.46705	19.699	24.9564	10.3449	6.14766	13.3495	8.03766	11.9786	0	11.7757	10.8579	18.9005	20.5875	8.78786	
16.0619	20.91	16.1127	14.0385	16.3801	8.1404	8.39437	10.529	4.72307	11.0881	7.93083	14.1215	18.6183	15.0308	7.15542	5.628	8.88246	7.518	11.459	11.7757	0	13.6086	11.8804	19.5068	21.0031	
6.56994	15.5057	3.21994	18.3773	5.50045	5.59151	12.5568	12.6901	8.88552	14.0768	14.0917	12.8865	9.23193	16.4193	14.9019	11.2455	9.91953	12.2046	15.1743	10.8579	13.6086	0	9.33151	14.0509	8.28199	
11.5881	25.8763	14.3971	7.20014	13.047	3.74	3.46133	11.6247	7.13262	12.2253	7.44456	11.035	22.3086	5.06211	21.9135	21.9094	14.7075	21.5664	12.5084	18.9005	11.8804	9.33151	0	15.6419	17.24	
6.26712	11.0482	9.61712	23.5771	5.6163	11.9019	14.3939	8.97782	25.3606	20.3872	18.5079	19.1969	1.88481	22.2583	22.5129	30.8527	26.3946	32.5185	34.2956	20.5875	19.5068	14.0509	15.6419	0	15.893	
8.41205	23.8005	5.06205	16.4083	15.9348	9.82176	18.7411	15.848	20.3664	19.5749	22.516	2.52676	14.6371	24.2821	9.4928	14.9355	21.4004	19.8966	17.6966	8.78786	21.0031	8.28199	17.24	15.893	0	

0	9.43319	4	13.7593	4.2328	9.20312	9.54484	2.83924	13.3118	14.1925	16.0957	5.74359	2.68328	20.179	13.7227	18.5643	22.3483	16.0748	12.2248	5.31601	8.89547	10.7753	14.4018	5.32201	6.63801	
9.43319	0	10.3645	17.3633	8.56525	5.1614	16.7987	11.0085	13.7996	22.5068	18.261	10.5042	7.01573	20.9619	11.6257	14.9015	18.889	16.4733	17.1937	14.7492	28.3763	7.61682	17.4814	9.65446	11.3987	
4	10.3645	0	17.405	9.8941	5.20312	16.8154	6.83924	13.6058	22.7728	17.4195	9.74359	6.68328	15.797	11.6674	12.6375	19.4312	18.6014	16.2248	5.61	6.34741	6.77529	17.5231	8.9952	8.59304	
13.7593	17.3633	17.405	0	17.1148	12.2019	5.24839	11.954	14.0901	18.3469	8.5287	19.5028	15.0313	8.86002	9.89831	11.0901	12.36	13.1418	15.8033	18.305	17.3802	18.3747	6.83483	19.6226	14.3165	
4.2328	8.56525	9.8941	17.1148	0	13.6808	10.3769	3.67129	19.0203	19.6254	14.1161	13.8604	1.54952	23.6067	7.21654	15.611	13.1134	20.0938	19.256	11.0245	14.604	11.9443	27.4129	4.18825	11.6347	
9.20312	5.1614	5.20312	12.2019	13.6808	0	13.9064	12.1701	18.961	18.8731	13.3638	15.6656	12.1771	18.2396	6.4643	14.8588	12.3612	21.8835	18.5038	10.8131	11.5505	11.9784	12.32	14.1983	10.8824	
9.54484	16.7987	16.8154	5.24839	10.3769	13.9064	0	6.70559	13.4942	12.5227	3.2803	18.559	9.78293	7.36359	10.1798	10.7029	10.8636	8.08863	10.5549	18.1314	16.8132	13.9245	1.58644	12.4217	15.7357	
2.83924	11.0085	6.83924	11.954	3.67129	12.1701	6.70559	0	19.0961	21.4288	9.9859	8.58283	4.63862	14.0692	10.8878	15.5577	20.7652	16.4225	15.064	8.15526	19.5989	8.27304	8.29204	6.81449	10.2176	
13.3118	13.7996	13.6058	14.0901	19.0203	18.961	13.4942	19.0961	0	5.36185	7.48199	13.0688	20.8153	6.95547	11.3945	3	6.78403	2.67367	3.39411	7.99583	9.29012	10.2846	13.0602	23.1076	10.9789	
