10
10
2
2
50

6	25
1	50
11	25
47	42
3	33
22	35
37	29
8	32
40	14
47	10

40	12
50	19
49	12
45	9
11	8
25	5
17	28
33	35
2	41
7	15

150

1.79769e+308
1.79769e+308
1.79769e+308
1.79769e+308
1.79769e+308
1.79769e+308
1.79769e+308
1.79769e+308
1.79769e+308
1.79769e+308

13
15
11
18
13
13
19
18
19
14

0
0
0
0
0
0
0
0
0
0

0

0	5.37541	3.45398	10.8627	2.76743	4.95959	12.2782	3.84233	10.6253	12.9318	14.6597	11.7085	7.24961	12.5067	4.2692	10.669	6.48214	12.5149	14.9712	6.19551	
5.37541	0	1.92143	8.63388	3.17936	5.36183	10.7456	10.1872	9.09277	13.6273	9.76617	14.2974	5.71706	11.9191	9.92303	18.7404	4.94959	7.50984	5.0535	8.75949	
3.45398	1.92143	0	10.5553	1.25793	3.4404	8.82419	2.33283	7.17134	5.29594	7.28709	8.02336	3.79563	5.32225	7.72317	9.43528	3.02816	4.04837	6.97493	6.83806	
10.8627	8.63388	10.5553	0	4.82595	10.5877	7.39244	3.75104	7.10742	4.99339	9.2617	5.66352	6.4937	6.5974	6.59349	9.94804	11.2099	7.07376	12.5015	8.51981	
2.76743	3.17936	1.25793	4.82595	0	2.19217	10.0821	1.07491	5.80279	8.21515	12.0736	6.10407	5.05356	9.87499	7.03662	9.09818	4.28609	2.80013	8.74144	6.50096	
4.95959	5.36183	3.4404	10.5877	2.19217	0	5.09349	3.26707	10.6074	2.68833	10.9236	5.90627	7.23603	7.63329	7.35858	8.02948	5.08559	0.607967	3.0643	5.43226	
12.2782	10.7456	8.82419	7.39244	10.0821	5.09349	0	6.75808	3.17282	2.82621	4.63952	1.72892	4.01321	2.4866	13.6306	6.01344	11.8524	4.48552	6.94185	10.7379	
3.84233	10.1872	2.33283	3.75104	1.07491	3.26707	6.75808	0	4.72789	6.12645	4.84364	5.02916	9.25688	5.96304	10.3445	8.64398	5.92906	7.44466	8.75043	7.57587	
10.6253	9.09277	7.17134	7.10742	5.80279	10.6074	3.17282	4.72789	0	2.54118	0.115754	1.44389	5.67162	2.26867	6.71502	3.91609	10.1995	6.66474	13.4783	6.51331	
12.9318	13.6273	5.29594	4.99339	8.21515	2.68833	2.82621	6.12645	2.54118	0	3.82705	1.09728	1.50031	1.67413	8.39754	5.3818	10.0025	2.08036	4.5367	6.47123	
14.6597	9.76617	7.28709	9.2617	12.0736	10.9236	4.63952	4.84364	0.115754	3.82705	0	1.55965	3.67953	2.15292	6.83078	4.03184	14.9031	6.98094	14.6407	11.3718	
11.7085	14.2974	8.02336	5.66352	6.10407	5.90627	1.72892	5.02916	1.44389	1.09728	1.55965	0	2.46049	0.933879	8.15892	4.28452	11.0998	3.17765	7.75463	6.88174	
7.24961	5.71706	3.79563	6.4937	5.05356	7.23603	4.01321	9.25688	5.67162	1.50031	3.67953	2.46049	0	1.52661	10.1629	8.51224	6.8238	3.58067	14.8693	7.97154	
12.5067	11.9191	5.32225	6.5974	9.87499	7.63329	2.4866	5.96304	2.26867	1.67413	2.15292	0.933879	1.52661	0	10.3367	5.21839	11.6766	3.75449	9.48165	8.14536	
4.2692	9.92303	7.72317	6.59349	7.03662	7.35858	13.6306	10.3445	6.71502	8.39754	6.83078	8.15892	10.1629	10.3367	0	4.52354	11.0298	8.17867	20.4996	1.92632	
10.669	18.7404	9.43528	9.94804	9.09818	8.02948	6.01344	8.64398	3.91609	5.3818	4.03184	4.28452	8.51224	5.21839	4.52354	0	11.993	8.84957	11.6486	2.59722	
6.48214	4.94959	3.02816	11.2099	4.28609	5.08559	11.8524	5.92906	10.1995	10.0025	14.9031	11.0998	6.8238	11.6766	11.0298	11.993	0	5.69356	10.8583	9.39575	
12.5149	7.50984	4.04837	7.07376	2.80013	0.607967	4.48552	7.44466	6.66474	2.08036	6.98094	3.17765	3.58067	3.75449	8.17867	8.84957	5.69356	0	2.45633	6.04023	
14.9712	5.0535	6.97493	12.5015	8.74144	3.0643	6.94185	8.75043	13.4783	4.5367	14.6407	7.75463	14.8693	9.48165	20.4996	11.6486	10.8583	2.45633	0	8.70868	
6.19551	8.75949	6.83806	8.51981	6.50096	5.43226	10.7379	7.57587	6.51331	6.47123	11.3718	6.88174	7.97154	8.14536	1.92632	2.59722	9.39575	6.04023	8.70868	0	

0	5.35287	5.75221	12.2282	3.13476	22.928	4.24981	0.911276	12.3412	11.2813	11.3284	9.93876	10.5792	5.78229	2.15942	4.3268	5.64832	3.85471	10.3543	6.69654	
5.35287	0	8.83826	11.8786	3.91829	4.85624	7.78013	4.4416	12.9763	12.2381	12.2389	14.1413	10.638	9.31261	5.68974	8.56981	5.23383	6.59906	2.63267	9.78259	
5.75221	8.83826	0	4.98829	5.88046	13.6945	11.6362	4.59181	6.48094	9.21881	5.5762	8.0262	4.86947	4.75765	3.34366	6.43873	1.49646	6.56448	4.09762	0.944328	
12.2282	11.8786	4.98829	0	12.8997	9.0848	6.69473	8.22292	11.7411	10.9185	10.8364	16.4032	14.8666	7.85728	9.59631	7.25023	17.2837	5.27949	14.1853	4.04396	
3.13476	3.91829	5.88046	12.8997	0	9.5275	1.22712	2.22349	6.63029	6.95604	9.48318	3.50353	7.1068	7.09451	3.47164	9.56976	3.88678	2.64237	1.28562	8.46227	
22.928	4.85624	13.6945	9.0848	9.5275	0	10.0732	9.29784	7.85667	11.2827	9.02479	9.38502	5.78175	8.46571	7.30756	12.0342	10.843	11.4553	7.48891	13.1288	
4.24981	7.78013	11.6362	6.69473	1.22712	10.0732	0	3.33854	5.40317	7.05423	6.30791	4.73065	7.47809	7.38508	4.58669	3.38599	5.61112	1.41525	2.51274	7.0354	
0.911276	4.4416	4.59181	8.22292	2.22349	9.29784	3.33854	0	4.79724	5.49007	5.36795	5.72702	2.77396	4.87102	1.24815	4.34322	4.73704	2.94343	3.50911	6.23879	
12.3412	12.9763	6.48094	11.7411	6.63029	7.85667	5.40317	4.79724	0	2.60096	0.904738	5.67819	2.07492	1.98191	3.54909	6.64416	5.4385	6.54462	8.03966	5.79523	
11.2813	12.2381	9.21881	10.9185	6.95604	11.2827	7.05423	5.49007	2.60096	0	1.76627	3.45251	3.30301	0.619056	5.60753	7.5767	8.05156	5.63899	10.185	4.43237	
11.3284	12.2389	5.5762	10.8364	9.48318	9.02479	6.30791	5.36795	0.904738	1.76627	0	7.09511	2.97966	1.14721	4.1198	7.21487	6.34324	5.63988	12.4484	4.96053	
9.93876	14.1413	8.0262	16.4032	3.50353	9.38502	4.73065	5.72702	5.67819	3.45251	7.09511	0	3.60327	4.07156	5.12907	6.06623	6.52974	8.03697	4.78915	12.7555	
10.5792	10.638	4.86947	14.8666	7.1068	5.78175	7.47809	2.77396	2.07492	3.30301	2.97966	3.60327	0	2.68396	1.52581	4.62087	7.51342	8.22318	14.0236	6.49727	
5.78229	9.31261	4.75765	7.85728	7.09451	8.46571	7.38508	4.87102	1.98191	0.619056	1.14721	4.07156	2.68396	0	4.20976	6.95764	7.42041	6.25804	9.62158	3.81332	
2.15942	5.68974	3.34366	9.59631	3.47164	7.30756	4.58669	1.24815	3.54909	5.60753	4.1198	5.12907	1.52581	4.20976	0	3.09507	4.84012	4.19158	13.9285	4.28799	
4.3268	8.56981	6.43873	7.25023	9.56976	12.0342	3.38599	4.34322	6.64416	7.5767	7.21487	6.06623	4.62087	6.95764	3.09507	0	9.73144	1.97075	17.0207	7.5909	
5.64832	5.23383	1.49646	17.2837	3.88678	10.843	5.61112	4.73704	5.4385	8.05156	6.34324	6.52974	7.51342	7.42041	4.84012	9.73144	0	7.68047	2.60116	2.44079	
3.85471	6.59906	6.56448	5.27949	2.64237	11.4553	1.41525	2.94343	6.54462	5.63899	5.63988	8.03697	8.22318	6.25804	4.19158	1.97075	7.68047	0	9.23174	5.62015	
10.3543	2.63267	4.09762	14.1853	1.28562	7.48891	2.51274	3.50911	8.03966	10.185	12.4484	4.78915	14.0236	9.62158	13.9285	17.0207	2.60116	9.23174	0	12.8917	
6.69654	9.78259	0.944328	4.04396	8.46227	13.1288	7.0354	6.23879	5.79523	4.43237	4.96053	12.7555	6.49727	3.81332	4.28799	7.5909	2.44079	5.62015	12.8917	0	

0	8.55858	4.86842	12.0926	1.30519	3.0753	6.41514	6.43946	6.87072	7.22368	7.34765	8.88159	15.3859	7.86752	4.82379	10.0712	3.77929	14.0027	5.0483	3.25569	
8.55858	0	6.4398	11.4741	4.57079	2.80068	10.8631	3.95776	12.8379	13.1909	8.00257	4.97179	5.26821	7.58654	2.94487	10.9599	5.35067	9.79553	9.31475	4.51298	
4.86842	6.4398	0	15.4868	5.26716	12.9376	7.7203	6.88103	15.1581	22.6315	22.6556	12.0113	15.4051	7.01424	7.98117	7.38103	1.08914	3.62718	1.52404	10.5129	
12.0926	11.4741	15.4868	0	6.90573	9.85823	1.79578	7.51634	5.94541	8.58897	7.1043	5.33906	10.3129	9.58681	17.8651	10.724	9.00452	3.43696	12.8733	12.1028	
1.30519	4.57079	5.26716	6.90573	0	1.77011	5.10995	5.13427	8.17591	8.61603	6.972	3.94122	12.5216	9.61387	8.91653	9.40809	5.08447	5.84625	3.74312	4.56088	
3.0753	2.80068	12.9376	9.85823	1.77011	0	5.71439	6.75844	5.07419	9.78839	5.20189	2.17111	7.6573	8.14705	5.74556	11.1782	8.15135	9.70364	5.51323	9.85166	
6.41514	10.8631	7.7203	1.79578	5.10995	5.71439	0	9.31212	4.14963	4.50259	4.62657	3.54328	9.02948	2.57632	8.49184	9.94806	7.20875	1.64119	3.74432	13.1915	
6.43946	3.95776	6.88103	7.51634	5.13427	6.75844	9.31212	0	14.8452	13.7503	18.5005	15.4697	9.22596	12.3403	6.15459	13.7779	7.48596	7.46013	5.35699	4.58648	
6.87072	12.8379	15.1581	5.94541	8.17591	5.07419	4.14963	14.8452	0	0.352962	0.476933	2.90308	3.31513	0.9968	11.8533	2.48797	10.65	1.93193	10.2449	10.1264	
7.22368	13.1909	22.6315	8.58897	8.61603	9.78839	4.50259	13.7503	0.352962	0	0.829895	3.25604	3.31617	0.997841	10.1501	2.135	8.4269	1.93297	10.2459	10.6382	
7.34765	8.00257	22.6556	7.1043	6.972	5.20189	4.62657	18.5005	0.476933	0.829895	0	3.38001	6.01093	1.47373	13.0704	6.72151	12.5173	6.9497	15.3675	10.7621	
8.88159	4.97179	12.0113	5.33906	3.94122	2.17111	3.54328	15.4697	2.90308	3.25604	3.38001	0	5.4862	3.89988	14.2458	8.41741	10.752	5.18447	10.4872	13.1883	
15.3859	5.26821	15.4051	10.3129	12.5216	7.6573	9.02948	9.22596	3.31513	3.31617	6.01093	5.4862	0	2.31833	8.21308	4.7598	10.6189	3.25346	11.5664	14.43	
7.86752	7.58654	7.01424	9.58681	9.61387	8.14705	2.57632	12.3403	0.9968	0.997841	1.47373	3.89988	2.31833	0	7.78578	2.44147	8.73336	0.935129	3.03827	11.282	
4.82379	2.94487	7.98117	17.8651	8.91653	5.74556	8.49184	6.15459	11.8533	10.1501	13.0704	14.2458	8.21308	7.78578	0	8.01508	6.89204	6.85066	7.1674	1.5681	
10.0712	10.9599	7.38103	10.724	9.40809	11.1782	9.94806	13.7779	2.48797	2.135	6.72151	8.41741	4.7598	2.44147	8.01508	0	6.2919	3.37659	11.6896	9.58318	
3.77929	5.35067	1.08914	9.00452	5.08447	8.15135	7.20875	7.48596	10.65	8.4269	12.5173	10.752	10.6189	8.73336	6.89204	6.2919	0	7.16825	2.61318	7.03498	
14.0027	9.79553	3.62718	3.43696	5.84625	9.70364	1.64119	7.46013	1.93193	1.93297	6.9497	5.18447	3.25346	0.935129	6.85066	3.37659	7.16825	0	2.10314	8.41876	
5.0483	9.31475	1.52404	12.8733	3.74312	5.51323	3.74432	5.35699	10.2449	10.2459	15.3675	10.4872	11.5664	3.03827	7.1674	11.6896	2.61318	2.10314	0	8.7355	
3.25569	4.51298	10.5129	12.1028	4.56088	9.85166	13.1915	4.58648	10.1264	10.6382	10.7621	13.1883	14.43	11.282	1.5681	9.58318	7.03498	8.41876	8.7355	0	

0	5.43415	2.46788	20.8405	4.4859	9.98138	7.37231	8.93224	7.15359	10.3476	13.1314	7.2336	9.65204	8.81561	5.44285	4.16346	7.6586	4.04672	9.02586	8.04699	
5.43415	0	4.71878	15.5086	0.948251	9.63567	3.83466	5.39459	10.2911	12.4637	9.75244	6.72292	11.9029	11.8011	7.69375	7.80388	4.12096	6.05923	2.2469	4.50934	
2.46788	4.71878	0	12.1159	5.66703	7.51349	11.1967	11.5662	9.80314	7.8518	7.82272	2.24252	7.18416	8.12809	2.97496	6.63134	3.03054	1.57884	6.96568	5.81304	
20.8405	15.5086	12.1159	0	14.9193	20.6505	8.35273	20.5245	10.2738	11.5725	6.19033	9.8229	11.1121	8.71882	11.0381	13.416	11.9888	10.4866	13.2617	11.3582	
4.4859	0.948251	5.66703	14.9193	0	5.93301	2.88641	4.44634	6.84736	12.7731	5.04881	9.7841	14.1658	6.45464	7.98888	8.64936	3.17271	4.62441	3.19515	3.56109	
9.98138	9.63567	7.51349	20.6505	5.93301	0	12.6886	6.06457	10.6466	19.5417	12.1131	12.2792	14.6976	6.04223	9.55325	14.1048	2.7603	4.21201	7.38877	12.9651	
7.37231	3.83466	11.1967	8.35273	2.88641	12.6886	0	7.33276	3.96095	6.13354	2.16239	8.99837	11.8424	4.69088	7.01015	6.95108	6.05912	9.61782	11.7371	6.16075	
8.93224	5.39459	11.5662	20.5245	4.44634	6.06457	7.33276	0	8.85395	11.0265	13.005	10.6511	16.2668	6.93406	10.4451	8.04024	3.65213	5.10384	10.6777	8.00744	
7.15359	10.2911	9.80314	10.2738	6.84736	10.6466	3.96095	8.85395	0	2.17259	4.03847	4.87235	2.84024	1.50998	7.92044	2.99013	4.79191	5.70111	12.538	10.1217	
10.3476	12.4637	7.8518	11.5725	12.7731	19.5417	6.13354	11.0265	2.17259	0	5.33715	4.20534	0.667647	2.80866	10.5096	5.16272	6.0906	5.66107	22.5853	11.2204	
13.1314	9.75244	7.82272	6.19033	5.04881	12.1131	2.16239	13.005	4.03847	5.33715	0	5.89086	4.87676	2.52849	4.84776	7.18064	5.81042	8.86369	11.9993	6.875	
7.2336	6.72292	2.24252	9.8229	9.7841	12.2792	8.99837	10.6511	4.87235	4.20534	5.89086	0	3.53769	3.36237	7.74068	8.01452	2.11539	0.663688	11.7994	6.22301	
9.65204	11.9029	7.18416	11.1121	14.1658	14.6976	11.8424	16.2668	2.84024	0.667647	4.87676	3.53769	0	2.34827	9.84199	7.00042	5.6302	4.20138	18.7058	9.7607	
8.81561	11.8011	8.12809	8.71882	6.45464	6.04223	4.69088	6.93406	1.50998	2.80866	2.52849	3.36237	2.34827	0	7.37625	4.50011	3.28193	4.02606	17.4218	9.40348	
5.44285	7.69375	2.97496	11.0381	7.98888	9.55325	7.01015	10.4451	7.92044	10.5096	4.84776	7.74068	9.84199	7.37625	0	4.93031	6.79295	4.5538	10.0041	4.42778	
4.16346	7.80388	6.63134	13.416	8.64936	14.1048	6.95108	8.04024	2.99013	5.16272	7.18064	8.01452	7.00042	4.50011	4.93031	0	7.93408	10.1156	10.0508	7.67028	
7.6586	4.12096	3.03054	11.9888	3.17271	2.7603	6.05912	3.65213	4.79191	6.0906	5.81042	2.11539	5.6302	3.28193	6.79295	7.93408	0	1.4517	10.1491	6.7338	
4.04672	6.05923	1.57884	10.4866	4.62441	4.21201	9.61782	5.10384	5.70111	5.66107	8.86369	0.663688	4.20138	4.02606	4.5538	10.1156	1.4517	0	8.30613	6.38444	
9.02586	2.2469	6.96568	13.2617	3.19515	7.38877	11.7371	10.6777	12.538	22.5853	11.9993	11.7994	18.7058	17.4218	10.0041	10.0508	10.1491	8.30613	0	5.57636	
8.04699	4.50934	5.81304	11.3582	3.56109	12.9651	6.16075	8.00744	10.1217	11.2204	6.875	6.22301	9.7607	9.40348	4.42778	7.67028	6.7338	6.38444	5.57636	0	

0	2.7077	5.94897	10.966	7.16207	9.63947	4.04764	4.90161	11.4987	14.1392	8.52639	12.0629	14.0055	13.5899	4.93739	11.2393	6.37146	9.16454	6.65282	6.74693	
2.7077	0	7.01659	12.8429	7.83953	6.93177	6.75534	6.35414	14.1686	11.3674	13.3585	17.8178	19.2409	10.6365	2.22969	10.4009	4.88428	7.73828	3.94512	4.17967	
5.94897	7.01659	0	8.39788	9.29357	4.94587	9.9966	3.60216	5.54969	7.93709	4.73959	13.6163	8.82381	5.62281	10.2503	5.29034	2.13231	4.9863	12.1377	6.51905	
10.966	12.8429	8.39788	0	12.7922	10.3363	6.91839	15.2409	9.51672	14.9285	10.1335	13.8173	13.4023	13.8545	10.4513	13.6882	7.78854	4.93455	8.8978	8.50131	
7.16207	7.83953	9.29357	12.7922	0	13.6488	11.2097	6.63916	11.5725	9.18514	12.6125	18.2549	9.81875	12.9151	13.3002	16.4271	7.16126	10.0153	3.89441	7.73181	
9.63947	6.93177	4.94587	10.3363	13.6488	0	9.38119	7.95742	4.95954	7.43474	4.58798	4.96027	4.12036	3.70476	9.16146	9.65765	6.48756	5.40179	10.8769	12.609	
4.04764	6.75534	9.9966	6.91839	11.2097	9.38119	0	8.94925	9.69908	13.8051	10.3159	18.2755	13.5847	13.0406	8.39734	13.1427	7.9709	5.11691	15.8162	10.3473	
4.90161	6.35414	3.60216	15.2409	6.63916	7.95742	8.94925	0	19.4705	9.93533	17.2873	15.9495	14.0333	13.892	6.66106	13.9689	1.46985	4.32385	6.3431	7.59127	
11.4987	14.1686	5.54969	9.51672	11.5725	4.95954	9.69908	19.4705	0	2.38741	2.13799	2.51028	1.67037	1.25477	11.5252	9.62934	7.43617	4.58217	17.286	11.4341	
14.1392	11.3674	7.93709	14.9285	9.18514	7.43474	13.8051	9.93533	2.38741	0	3.42739	2.54974	0.633617	1.04921	9.13775	6.74571	8.46547	6.96958	13.0795	5.20685	
8.52639	13.3585	4.73959	10.1335	12.6125	4.58798	10.3159	17.2873	2.13799	3.42739	0	2.13872	1.29881	0.883218	3.72944	3.31832	6.8719	5.19898	5.61686	1.77946	
12.0629	17.8178	13.6163	13.8173	18.2549	4.96027	18.2755	15.9495	2.51028	2.54974	2.13872	0	1.6711	1.2555	7.26593	10.4856	11.4374	10.3839	9.15335	5.31595	
14.0055	19.2409	8.82381	13.4023	9.81875	4.12036	13.5847	14.0333	1.67037	0.633617	1.29881	1.6711	0	0.415595	9.77137	7.87555	9.09909	8.46779	15.5322	7.23207	
13.5899	10.6365	5.62281	13.8545	12.9151	3.70476	13.0406	13.892	1.25477	1.04921	0.883218	1.2555	0.415595	0	12.1293	4.20154	10.1923	5.83694	14.0167	2.66268	
4.93739	2.22969	10.2503	10.4513	13.3002	9.16146	8.39734	6.66106	11.5252	9.13775	3.72944	7.26593	9.77137	12.1293	0	12.2155	7.11397	13.0028	5.78737	1.94998	
11.2393	10.4009	5.29034	13.6882	16.4271	9.65765	13.1427	13.9689	9.62934	6.74571	3.31832	10.4856	7.87555	4.20154	12.2155	0	7.42264	8.5173	14.103	5.09778	
6.37146	4.88428	2.13231	7.78854	7.16126	6.48756	7.9709	1.46985	7.43617	8.46547	6.8719	11.4374	9.09909	10.1923	7.11397	7.42264	0	2.854	7.81295	6.12141	
9.16454	7.73828	4.9863	4.93455	10.0153	5.40179	5.11691	4.32385	4.58217	6.96958	5.19898	10.3839	8.46779	5.83694	13.0028	8.5173	2.854	0	13.8323	6.97844	
6.65282	3.94512	12.1377	8.8978	3.89441	10.8769	15.8162	6.3431	17.286	13.0795	5.61686	9.15335	15.5322	14.0167	5.78737	14.103	7.81295	13.8323	0	3.8374	
6.74693	4.17967	6.51905	8.50131	7.73181	12.609	10.3473	7.59127	11.4341	5.20685	1.77946	5.31595	7.23207	2.66268	1.94998	5.09778	6.12141	6.97844	3.8374	0	

0	7.57998	2.69998	9.42632	4.11896	5.73893	5.18918	2.7815	6.27082	4.11651	3.68715	8.51849	7.76877	7.27058	8.20518	9.36933	1.49766	3.7708	3.4087	3.96015	
7.57998	0	5.72729	8.47477	3.75574	1.84105	8.66147	7.78184	9.93906	9.53006	13.0199	15.2759	9.46909	15.312	11.6138	11.2417	7.33001	2.7795	4.37045	9.54028	
2.69998	5.72729	0	8.77946	5.80092	3.88624	6.97374	2.69763	6.57708	1.41653	1.8801	6.63382	1.5364	6.62372	8.18614	8.72247	3.28222	4.82469	6.10868	3.31329	
9.42632	8.47477	8.77946	0	8.5484	6.63372	17.6994	7.63867	14.4239	7.77641	10.4014	11.4919	7.65655	8.77661	10.339	10.8754	9.04191	7.57217	11.0501	5.46618	
4.11896	3.75574	5.80092	8.5484	0	1.91468	5.00128	4.12165	4.32904	5.5533	7.80632	6.5767	5.43343	5.69828	6.26339	9.33945	7.40364	2.85313	0.710258	3.93026	
5.73893	1.84105	3.88624	6.63372	1.91468	0	6.6647	6.58387	3.8517	5.30277	7.67845	4.42468	7.34811	9.042	9.77278	9.40068	3.2116	0.938452	2.62494	5.84494	
5.18918	8.66147	6.97374	17.6994	5.00128	6.6647	0	5.09477	5.61918	2.60547	2.1419	4.39793	9.89783	4.434	8.32011	8.12421	3.69153	5.72625	4.29102	14.0569	
2.7815	7.78184	2.69763	7.63867	4.12165	6.58387	5.09477	0	9.05232	4.11416	3.59274	9.82899	4.73157	14.38	9.76603	14.3893	1.40324	3.67639	3.41139	6.01092	
6.27082	9.93906	6.57708	14.4239	4.32904	3.8517	5.61918	9.05232	0	3.94085	3.47728	2.24767	2.78321	1.36924	1.93436	9.45959	5.18639	2.91325	5.03929	4.67967	
4.11651	9.53006	1.41653	7.77641	5.5533	5.30277	2.60547	4.11416	3.94085	0	0.46357	2.7196	0.119868	1.53383	7.09491	6.44588	2.65306	7.54828	5.15961	4.72982	
3.68715	13.0199	1.8801	10.4014	7.80632	7.67845	2.1419	3.59274	3.47728	0.46357	0	2.25603	0.583438	2.2921	5.41164	5.98231	2.18949	4.46264	5.62318	5.60253	
8.51849	15.2759	6.63382	11.4919	6.5767	4.42468	4.39793	9.82899	2.24767	2.7196	2.25603	0	3.8354	3.61691	4.18203	8.23834	4.44552	3.48623	10.3769	13.8467	
7.76877	9.46909	1.5364	7.65655	5.43343	7.34811	9.89783	4.73157	2.78321	0.119868	0.583438	3.8354	0	1.41397	8.70168	8.39166	6.27112	7.32163	5.27948	4.7244	
7.27058	15.312	6.62372	8.77661	5.69828	9.042	4.434	14.38	1.36924	1.53383	2.2921	3.61691	1.41397	0	3.3036	8.2744	4.48159	4.28249	15.0375	3.31043	
8.20518	11.6138	8.18614	10.339	6.26339	9.77278	8.32011	9.76603	1.93436	7.09491	5.41164	4.18203	8.70168	3.3036	0	10.282	8.36278	4.84761	19.0956	4.87285	
9.36933	11.2417	8.72247	10.8754	9.33945	9.40068	8.12421	14.3893	9.45959	6.44588	5.98231	8.23834	8.39166	8.2744	10.282	0	8.1718	10.3391	18.1048	5.40919	
1.49766	7.33001	3.28222	9.04191	7.40364	3.2116	3.69153	1.40324	5.18639	2.65306	2.18949	4.44552	6.27112	4.48159	8.36278	8.1718	0	2.27315	4.81463	5.4578	
3.7708	2.7795	4.82469	7.57217	2.85313	0.938452	5.72625	3.67639	2.91325	7.54828	4.46264	3.48623	7.32163	4.28249	4.84761	10.3391	2.27315	0	10.0173	17.7559	
3.4087	4.37045	6.10868	11.0501	0.710258	2.62494	4.29102	3.41139	5.03929	5.15961	5.62318	10.3769	5.27948	15.0375	19.0956	18.1048	4.81463	10.0173	0	4.64052	
3.96015	9.54028	3.31329	5.46618	3.93026	5.84494	14.0569	6.01092	4.67967	4.72982	5.60253	13.8467	4.7244	3.31043	4.87285	5.40919	5.4578	17.7559	4.64052	0	

0	19.8993	7.54673	8.94608	3.64527	8.07581	19.8722	2.8908	8.07324	5.93263	11.166	10.952	11.5651	5.06399	8.17429	13.929	9.37609	8.86455	7.94877	5.34262	
19.8993	0	12.3526	12.8809	15.9821	12.8817	19.4608	17.0575	20.1315	27.8721	18.1419	31.6322	22.0233	19.2238	19.5876	23.8518	22.0763	13.6704	18.407	22.1905	
7.54673	12.3526	0	5.09241	8.74881	0.529078	8.70794	7.99434	7.77892	8.35902	7.22266	2.63508	13.6311	10.7882	4.44793	9.33266	1.05916	1.31782	12.0725	12.8893	
8.94608	12.8809	5.09241	0	3.10124	4.56333	6.57998	3.8557	7.08675	6.39741	5.26105	6.66934	8.82148	6.34295	8.48219	12.7907	5.09342	7.621	5.20516	9.30961	
3.64527	15.9821	8.74881	3.10124	0	7.66457	9.68122	0.754466	6.46743	5.90526	8.36229	19.9305	5.72025	9.44419	6.03795	21.4678	5.32892	11.2864	2.10393	11.1875	
8.07581	12.8817	0.529078	4.56333	7.66457	0	9.81183	8.52342	6.15579	7.04652	7.75174	2.106	14.2931	10.9063	3.91886	6.0165	0.530083	1.8469	3.75508	13.0034	
19.8722	19.4608	8.70794	6.57998	9.68122	9.81183	0	16.5605	3.31098	2.62163	1.48528	7.70583	4.04947	12.9229	14.7754	16.873	21.3776	14.5785	17.91	7.30863	
2.8908	17.0575	7.99434	3.8557	0.754466	8.52342	16.5605	0	5.71296	8.85649	7.53866	9.76275	6.47471	7.95479	5.28348	7.38113	10.4089	9.31216	2.85839	8.23342	
8.07324	20.1315	7.77892	7.08675	6.46743	6.15579	3.31098	5.71296	0	2.96206	1.8257	4.04979	3.32855	3.00925	4.66105	4.6668	9.65997	9.09674	10.5855	7.64906	
5.93263	27.8721	8.35902	6.39741	5.90526	7.04652	2.62163	8.85649	2.96206	0	1.13636	5.28801	0.185012	0.868639	7.80458	7.81033	6.51644	12.3996	9.74143	6.95971	
11.166	18.1419	7.22266	5.26105	8.36229	7.75174	1.48528	7.53866	1.8257	1.13636	0	5.87549	1.32137	2.00499	6.48675	6.4925	7.65279	8.54048	16.4819	5.82336	
10.952	31.6322	2.63508	6.66934	19.9305	2.106	7.70583	9.76275	4.04979	5.28801	5.87549	0	5.47302	6.15665	6.02486	8.71659	2.63608	5.16366	18.706	12.9385	
11.5651	22.0233	13.6311	8.82148	5.72025	14.2931	4.04947	6.47471	3.32855	0.185012	1.32137	5.47302	0	1.05365	10.5382	10.544	6.70145	14.6477	7.82417	12.2318	
5.06399	19.2238	10.7882	6.34295	9.44419	10.9063	12.9229	7.95479	3.00925	0.868639	2.00499	6.15665	1.05365	0	7.6703	7.67605	7.38507	11.531	13.5576	10.4066	
8.17429	19.5876	4.44793	8.48219	6.03795	3.91886	14.7754	5.28348	4.66105	7.80458	6.48675	6.02486	10.5382	7.6703	0	2.09764	4.44894	6.97652	5.92447	9.08457	
13.929	23.8518	9.33266	12.7907	21.4678	6.0165	16.873	7.38113	4.6668	7.81033	6.4925	8.71659	10.544	7.67605	2.09764	0	8.69992	12.817	8.02212	11.1822	
9.37609	22.0763	1.05916	5.09342	5.32892	0.530083	21.3776	10.4089	9.65997	6.51644	7.65279	2.63608	6.70145	7.38507	4.44894	8.69992	0	3.58774	3.225	15.6868	
8.86455	13.6704	1.31782	7.621	11.2864	1.8469	14.5785	9.31216	9.09674	12.3996	8.54048	5.16366	14.6477	11.531	6.97652	12.817	3.58774	0	19.2804	18.9166	
7.94877	18.407	12.0725	5.20516	2.10393	3.75508	17.91	2.85839	10.5855	9.74143	16.4819	18.706	7.82417	13.5576	5.92447	8.02212	3.225	19.2804	0	15.009	
5.34262	22.1905	12.8893	9.30961	11.1875	13.0034	7.30863	8.23342	7.64906	6.95971	5.82336	12.9385	12.2318	10.4066	9.08457	11.1822	15.6868	18.9166	15.009	0	

0	5.92504	6.19607	5.17733	4.6762	7.35798	7.5932	1.8625	8.00464	13.2243	4.09183	8.48272	7.14007	9.15315	4.68425	4.3697	5.71487	3.13485	3.11054	5.28153	
5.92504	0	13.5847	12.4214	8.45026	7.24867	7.32367	2.4817	12.8586	12.6602	10.4995	15.9773	12.8599	11.7924	6.88428	6.56973	3.60888	5.45322	1.23366	7.48156	
6.19607	13.5847	0	6.76191	1.91139	1.16191	14.8713	6.29911	4.26327	8.24011	7.02044	6.16542	7.50808	9.22345	9.19895	7.31707	4.8017	9.13307	7.66938	3.68434	
5.17733	12.4214	6.76191	0	16.6778	5.6	5.09774	13.0536	6.91228	13.892	2.99947	12.5022	11.1596	11.2748	8.03826	21.587	8.90877	2.04248	6.26204	8.12243	
4.6762	8.45026	1.91139	16.6778	0	3.0733	11.2058	4.38772	6.17466	9.83708	5.37008	8.07682	11.8163	6.70395	7.20946	6.89492	8.24009	6.32706	5.63576	7.80674	
7.35798	7.24867	1.16191	5.6	3.0733	0	8.64338	5.94145	5.42518	18.3957	10.6708	7.32733	12.3115	14.3246	16.1934	8.47897	3.63979	7.64248	6.50747	2.52243	
7.5932	7.32367	14.8713	5.09774	11.2058	8.64338	0	8.85596	8.59286	7.04481	5.41534	10.1162	8.19014	6.17706	10.4541	8.08344	5.00359	4.45835	8.55733	13.2687	
1.8625	2.4817	6.29911	13.0536	4.38772	5.94145	8.85596	0	13.7103	14.8815	7.18048	10.14	8.79734	4.41358	2.82174	2.5072	3.85237	4.99735	1.24804	3.41902	
8.00464	12.8586	4.26327	6.91228	6.17466	5.42518	8.59286	13.7103	0	7.22418	2.75717	9.00056	9.23032	4.09104	10.8656	7.43046	9.78821	3.71416	9.08935	14.7832	
13.2243	12.6602	8.24011	13.892	9.83708	18.3957	7.04481	14.8815	7.22418	0	2.20162	2.07469	2.88083	0.867748	12.3425	2.77413	11.498	5.42399	13.7328	18.2316	
4.09183	10.4995	7.02044	2.99947	5.37008	10.6708	5.41534	7.18048	2.75717	2.20162	0	6.24338	3.34695	1.33387	6.55517	3.24025	7.03104	0.956987	5.17654	14.3013	
8.48272	15.9773	6.16542	12.5022	8.07682	7.32733	10.1162	10.14	9.00056	2.07469	6.24338	0	1.34265	2.94244	7.60095	7.70706	13.2744	7.20037	14.7436	16.1569	
7.14007	12.8599	7.50808	11.1596	11.8163	12.3115	8.19014	8.79734	9.23032	2.88083	3.34695	1.34265	0	2.01308	6.2583	3.91946	12.6497	10.2749	10.0454	12.2164	
9.15315	11.7924	9.22345	11.2748	6.70395	14.3246	6.17706	4.41358	4.09104	0.867748	1.33387	2.94244	2.01308	0	3.78826	1.90638	8.36491	2.29086	10.5997	12.2788	
4.68425	6.88428	9.19895	8.03826	7.20946	16.1934	10.4541	2.82174	10.8656	12.3425	6.55517	7.60095	6.2583	3.78826	0	1.88188	6.67411	5.99578	4.06978	6.24076	
4.3697	6.56973	7.31707	21.587	6.89492	8.47897	8.08344	2.5072	7.43046	2.77413	3.24025	7.70706	3.91946	1.90638	1.88188	0	6.35956	5.63027	3.75524	5.92622	
5.71487	3.60888	4.8017	8.90877	8.24009	3.63979	5.00359	3.85237	9.78821	11.498	7.03104	13.2744	12.6497	8.36491	6.67411	6.35956	0	6.86629	4.33958	6.16221	
3.13485	5.45322	9.13307	2.04248	6.32706	7.64248	4.45835	4.99735	3.71416	5.42399	0.956987	7.20037	10.2749	2.29086	5.99578	5.63027	6.86629	0	4.21956	8.48715	
3.11054	1.23366	7.66938	6.26204	5.63576	6.50747	8.55733	1.24804	9.08935	13.7328	5.17654	14.7436	10.0454	10.5997	4.06978	3.75524	4.33958	4.21956	0	4.66706	
5.28153	7.48156	3.68434	8.12243	7.80674	2.52243	13.2687	3.41902	14.7832	18.2316	14.3013	16.1569	12.2164	12.2788	6.24076	5.92622	6.16221	8.48715	4.66706	0	

0	7.20038	0.577916	6.90769	8.10811	4.08757	7.13469	0.58126	3.79516	13.3297	4.92122	5.68262	4.93318	8.79279	1.65299	5.97421	1.00797	5.92485	8.7162	2.32709	
7.20038	0	7.77829	6.15422	2.5111	7.67799	15.5887	7.78164	10.9955	9.14789	11.3908	14.5752	19.883	15.9932	12.0166	12.8976	9.37428	7.72763	8.13069	7.60319	
0.577916	7.77829	0	6.32977	7.5302	2.34372	5.39084	1.15918	4.37308	9.32345	7.3557	5.10471	8.94148	6.96797	1.07508	4.23037	0.430056	3.35692	6.14826	1.74918	
6.90769	6.15422	6.32977	0	8.66531	6.65795	12.5106	14.9323	12.0775	2.99368	9.15061	9.31823	4.52667	11.1815	7.40485	13.0663	6.75983	9.12622	14.2849	8.07895	
8.10811	2.5111	7.5302	8.66531	0	5.1669	11.0195	13.3668	9.42642	11.1445	10.5525	12.6349	10.5644	18.2235	8.60528	11.5753	7.08056	7.63517	10.6418	9.27937	
4.08757	7.67799	2.34372	6.65795	5.1669	0	5.85261	7.93332	5.41951	5.9776	6.13149	11.9629	5.68688	6.24703	10.04	5.71398	1.91367	2.46827	11.1753	4.07601	
7.13469	15.5887	5.39084	12.5106	11.0195	5.85261	0	10.045	7.36495	11.8302	6.2389	6.11028	9.94578	7.97353	12.5333	8.7611	4.96079	8.32088	7.60094	11.6248	
0.58126	7.78164	1.15918	14.9323	13.3668	7.93332	10.045	0	4.37642	14.6521	8.33594	5.61402	8.3479	7.47728	5.91407	14.0836	2.75516	8.60748	14.035	4.89837	
3.79516	10.9955	4.37308	12.0775	9.42642	5.41951	7.36495	4.37642	0	2.67101	1.12606	6.8585	1.13802	1.69817	9.12797	6.6124	5.96906	4.78927	19.6983	6.73257	
13.3297	9.14789	9.32345	2.99368	11.1445	5.9776	11.8302	14.6521	2.67101	0	5.23987	8.18448	1.53299	2.09314	14.9419	10.6562	7.89126	8.44587	15.4232	11.7635	
4.92122	11.3908	7.3557	9.15061	10.5525	6.13149	6.2389	8.33594	1.12606	5.23987	0	5.12741	2.26407	3.26415	9.732	5.48635	8.53532	3.66322	10.0056	5.27096	
5.68262	14.5752	5.10471	9.31823	12.6349	11.9629	6.11028	5.61402	6.8585	8.18448	5.12741	0	2.42341	1.86326	6.17979	12.497	5.53476	10.6738	13.5334	6.85389	
4.93318	19.883	8.94148	4.52667	10.5644	5.68688	9.94578	8.3479	1.13802	1.53299	2.26407	2.42341	0	0.560154	10.0166	9.19323	7.60054	7.3701	12.2303	9.3134	
8.79279	15.9932	6.96797	11.1815	18.2235	6.24703	7.97353	7.47728	1.69817	2.09314	3.26415	1.86326	0.560154	0	12.9962	8.7505	10.9667	6.92737	11.6701	8.87067	
1.65299	12.0166	1.07508	7.40485	8.60528	10.04	12.5333	5.91407	9.12797	14.9419	9.732	6.17979	10.0166	12.9962	0	15.2184	1.50513	12.3797	12.5261	2.82426	
5.97421	12.8976	4.23037	13.0663	11.5753	5.71398	8.7611	14.0836	6.6124	10.6562	5.48635	12.497	9.19323	8.7505	15.2184	0	3.80031	6.33467	4.76695	7.94241	
1.00797	9.37428	0.430056	6.75983	7.08056	1.91367	4.96079	2.75516	5.96906	7.89126	8.53532	5.53476	7.60054	10.9667	1.50513	3.80031	0	4.38194	8.56726	2.17923	
5.92485	7.72763	3.35692	9.12622	7.63517	2.46827	8.32088	8.60748	4.78927	8.44587	3.66322	10.6738	7.3701	6.92737	12.3797	6.33467	4.38194	0	6.00683	1.60774	
8.7162	8.13069	6.14826	14.2849	10.6418	11.1753	7.60094	14.035	19.6983	15.4232	10.0056	13.5334	12.2303	11.6701	12.5261	4.76695	8.56726	6.00683	0	4.39909	
2.32709	7.60319	1.74918	8.07895	9.27937	4.07601	11.6248	4.89837	6.73257	11.7635	5.27096	6.85389	9.3134	8.87067	2.82426	7.94241	2.17923	1.60774	4.39909	0	

0	11.9249	1.20503	15.0002	5.9332	9.81412	11.0613	2.73887	5.16425	6.07914	3.81887	10.7679	8.88547	8.66401	3.13068	8.5644	2.82997	2.29614	4.88805	2.66634	
11.9249	0	12.6388	17.7899	17.2761	5.41012	17.3676	8.00628	14.1446	15.8405	17.8883	5.56401	10.5479	14.7357	19.1781	3.36052	13.4431	13.719	8.95575	12.5579	
1.20503	12.6388	0	12.5171	3.7843	10.9837	10.2342	1.53385	3.95922	7.28417	4.87796	8.08152	8.10822	12.63	5.79729	6.17961	4.035	3.50117	3.68302	3.87137	
15.0002	17.7899	12.5171	0	5.78631	12.2653	11.8115	8.03676	12.5331	14.1241	13.0504	8.4108	8.70585	12.9218	7.12725	10.6143	18.6136	12.7041	8.8341	11.5096	
5.9332	17.2761	3.7843	5.78631	0	8.0573	12.735	2.25045	9.81014	8.12111	5.98983	4.63286	2.91954	4.72291	1.34094	6.89622	8.97505	12.6101	8.0334	1.80528	
9.81412	5.41012	10.9837	12.2653	8.0573	0	11.9575	11.7121	7.97679	9.56775	8.20805	3.85448	5.13776	6.94113	7.61212	6.05798	11.1933	8.30886	14.3659	7.14778	
11.0613	17.3676	10.2342	11.8115	12.735	11.9575	0	11.7681	2.15769	2.08001	1.23894	10.6954	4.30923	6.05836	22.8568	20.2852	14.9495	10.4542	11.2326	2.39148	
2.73887	8.00628	1.53385	8.03676	2.25045	11.7121	11.7681	0	5.49306	11.7759	9.64466	6.84926	5.17	8.37775	3.5914	4.64576	6.24915	10.3597	5.21687	8.58977	
5.16425	14.1446	3.95922	12.5331	9.81014	7.97679	2.15769	5.49306	0	1.7598	0.918741	4.12231	3.98903	5.73815	12.6932	6.3258	8.67452	9.31559	5.18881	2.07127	
6.07914	15.8405	7.28417	14.1241	8.12111	9.56775	2.08001	11.7759	1.7598	0	0.841063	5.71327	3.91135	2.58487	10.6714	7.91676	8.90911	8.37528	12.2721	1.99359	
3.81887	17.8883	4.87796	13.0504	5.98983	8.20805	1.23894	9.64466	0.918741	0.841063	0	4.78361	3.07029	3.42593	1.61687	16.0125	9.12579	9.21527	6.10755	1.15253	
10.7679	5.56401	8.08152	8.4108	4.63286	3.85448	10.6954	6.84926	4.12231	5.71327	4.78361	0	1.71332	3.5167	8.57094	2.2035	7.76883	11.5714	9.31111	9.03528	
8.88547	10.5479	8.10822	8.70585	2.91954	5.13776	4.30923	5.17	3.98903	3.91135	3.07029	1.71332	0	1.80337	4.26049	3.91682	6.0555	12.234	12.0794	4.22282	
8.66401	14.7357	12.63	12.9218	4.72291	6.94113	6.05836	8.37775	5.73815	2.58487	3.42593	3.5167	1.80337	0	12.7074	6.71447	7.85888	14.0347	13.8596	5.97194	
3.13068	19.1781	5.79729	7.12725	1.34094	7.61212	22.8568	3.5914	12.6932	10.6714	1.61687	8.57094	4.26049	12.7074	0	10.7744	7.42223	6.8884	10.7852	0.464338	
8.5644	3.36052	6.17961	10.6143	6.89622	6.05798	20.2852	4.64576	6.3258	7.91676	16.0125	2.2035	3.91682	6.71447	10.7744	0	10.0826	10.8046	10.4287	11.2307	
2.82997	13.4431	4.035	18.6136	8.97505	11.1933	14.9495	6.24915	8.67452	8.90911	9.12579	7.76883	6.0555	7.85888	7.42223	10.0826	0	5.12611	8.39833	5.49631	
2.29614	13.719	3.50117	12.7041	12.6101	8.30886	10.4542	10.3597	9.31559	8.37528	9.21527	11.5714	12.234	14.0347	6.8884	10.8046	5.12611	0	8.48913	4.96249	
4.88805	8.95575	3.68302	8.8341	8.0334	14.3659	11.2326	5.21687	5.18881	12.2721	6.10755	9.31111	12.0794	13.8596	10.7852	10.4287	8.39833	8.48913	0	8.85933	
2.66634	12.5579	3.87137	11.5096	1.80528	7.14778	2.39148	8.58977	2.07127	1.99359	1.15253	9.03528	4.22282	5.97194	0.464338	11.2307	5.49631	4.96249	8.85933	0	

0	10.4234	4.42413	8.65559	1.63792	6.72232	12.4118	2.31839	5.78662	8.01263	5.27741	7.30097	5.05736	7.09936	8.9507	14.3071	5.44848	4.51646	0.790482	12.0323	
10.4234	0	17.5202	13.8217	9.2413	9.41479	19.6664	10.3606	8.55029	12.9265	8.04108	10.0646	10.0633	8.90823	16.3764	13.4931	7.23048	12.1173	9.63294	24.251	
4.42413	17.5202	0	5.85592	4.6983	13.9895	11.7478	6.74251	11.1767	8.41692	7.36777	7.48244	9.48148	9.27383	5.34724	14.6561	6.70913	8.68699	5.21461	11.5245	
8.65559	13.8217	5.85592	0	8.71255	12.0415	13.1165	15.0219	8.93683	2.561	6.73539	6.70483	5.51627	4.91344	11.2032	9.79946	7.80972	13.1528	7.86511	15.3414	
1.63792	9.2413	4.6983	8.71255	0	4.19514	7.04946	2.33872	3.17868	7.55486	2.66947	4.69303	4.69166	4.49142	10.0455	8.27344	2.01083	4.53679	0.847441	6.8262	
6.72232	9.41479	13.9895	12.0415	4.19514	0	7.91224	3.30945	8.5916	8.41667	6.83203	9.30086	14.6227	5.08059	4.45113	8.44693	2.18431	1.11138	10.3558	23.2435	
12.4118	19.6664	11.7478	13.1165	7.04946	7.91224	0	8.99893	9.67791	10.7622	9.71893	10.724	7.80693	11.4376	10.1406	10.6236	9.06029	6.80086	7.8969	5.11865	
2.31839	10.3606	6.74251	15.0219	2.33872	3.30945	8.99893	0	9.07097	9.36244	5.0082	10.2466	7.37575	6.02637	5.53782	9.39271	3.13009	2.19807	3.10887	9.16492	
5.78662	8.55029	11.1767	8.93683	3.17868	8.5916	9.67791	9.07097	0	5.3946	0.50921	2.53276	2.53139	2.33116	6.38792	8.90939	6.91966	6.22986	7.54306	14.2626	
8.01263	12.9265	8.41692	2.561	7.55486	8.41667	10.7622	9.36244	5.3946	0	4.88539	5.87234	2.95527	6.58591	15.082	12.495	6.23235	10.606	10.4261	12.7804	
5.27741	8.04108	7.36777	6.73539	2.66947	6.83203	9.71893	5.0082	0.50921	4.88539	0	2.02355	2.02218	1.82195	6.89713	6.70796	4.6803	5.72065	3.51692	9.49568	
7.30097	10.0646	7.48244	6.70483	4.69303	9.30086	10.724	10.2466	2.53276	5.87234	2.02355	0	2.91707	1.79139	10.5867	6.6774	4.68767	7.7442	10.4722	20.6196	
5.05736	10.0633	9.48148	5.51627	4.69166	14.6227	7.80693	7.37575	2.53139	2.95527	2.02218	2.91707	0	3.63065	13.5038	8.51666	6.52692	7.74283	5.84784	12.9256	
7.09936	8.90823	9.27383	4.91344	4.49142	5.08059	11.4376	6.02637	2.33116	6.58591	1.82195	1.79139	3.63065	0	10.4113	4.88601	2.89628	7.54259	12.7786	16.9876	
8.9507	16.3764	5.34724	11.2032	10.0455	4.45113	10.1406	5.53782	6.38792	15.082	6.89713	10.5867	13.5038	10.4113	0	10.2371	8.22653	3.33975	13.2345	10.5556	
14.3071	13.4931	14.6561	9.79946	8.27344	8.44693	10.6236	9.39271	8.90939	12.495	6.70796	6.6774	8.51666	4.88601	10.2371	0	6.26262	11.1494	10.8052	15.7423	
5.44848	7.23048	6.70913	7.80972	2.01083	2.18431	9.06029	3.13009	6.91966	6.23235	4.6803	4.68767	6.52692	2.89628	8.22653	6.26262	0	3.29569	2.85827	8.83703	
4.51646	12.1173	8.68699	13.1528	4.53679	1.11138	6.80086	2.19807	6.22986	10.606	5.72065	7.7442	7.74283	7.54259	3.33975	11.1494	3.29569	0	6.40143	11.912	
0.790482	9.63294	5.21461	7.86511	0.847441	10.3558	7.8969	3.10887	7.54306	10.4261	3.51692	10.4722	5.84784	12.7786	13.2345	10.8052	2.85827	6.40143	0	7.67364	
12.0323	24.251	11.5245	15.3414	6.8262	23.2435	5.11865	9.16492	14.2626	12.7804	9.49568	20.6196	12.9256	16.9876	10.5556	15.7423	8.83703	11.912	7.67364	0	

0	2.91854	4.09748	15.8213	6.29147	6.95812	12.4475	1.52201	18.2005	15.8397	8.02995	10.8108	14.3675	8.0456	5.42878	10.1387	9.35061	3.12194	4.69773	2.23815	
2.91854	0	7.69479	22.0882	2.28079	7.92892	17.3333	4.44055	11.768	20.3406	14.7867	15.3117	17.286	15.6176	12.2564	13.0572	5.92304	7.62283	1.77919	5.15669	
4.09748	7.69479	0	11.3843	1.51522	6.20872	9.09152	2.57547	3.77876	5.73921	3.25369	7.78376	11.6162	3.26934	2.99536	7.50753	4.57435	4.1754	2.01681	3.1644	
15.8213	22.0882	11.3843	0	9.86909	14.1593	12.3421	12.1284	12.2699	22.9359	11.7448	7.14144	7.94332	11.6559	10.1948	5.68263	11.6096	10.5285	10.3707	15.6834	
6.29147	2.28079	1.51522	9.86909	0	8.94928	16.0557	4.09068	12.8737	16.2953	4.76891	13.9684	15.9415	4.78456	4.51057	12.0739	4.64545	8.14093	0.501598	4.67961	
6.95812	7.92892	6.20872	14.1593	8.94928	0	12.626	5.43611	3.83908	7.77768	4.36416	12.7426	7.6721	9.25861	6.45752	7.5613	1.63437	7.03604	5.77822	6.45281	
12.4475	17.3333	9.09152	12.3421	16.0557	12.626	0	12.3297	6.86635	5.05058	6.94723	3.83521	3.03333	6.30114	6.09616	10.0322	10.0752	11.7165	15.5541	9.2868	
1.52201	4.44055	2.57547	12.1284	4.09068	5.43611	12.3297	0	9.2752	13.0696	5.82916	9.28876	10.0906	5.84481	5.57083	10.7457	7.07048	1.59993	7.80209	3.76016	
18.2005	11.768	3.77876	12.2699	12.8737	3.83908	6.86635	9.2752	0	3.9386	0.525072	4.63489	3.83302	2.9912	1.37614	8.93957	5.47345	10.8349	13.3753	8.58169	
15.8397	20.3406	5.73921	22.9359	16.2953	7.77768	5.05058	13.0696	3.9386	0	4.46367	2.81913	2.01726	2.46987	6.83606	9.55575	9.05911	7.8852	18.4707	10.0267	
8.02995	14.7867	3.25369	11.7448	4.76891	4.36416	6.94723	5.82916	0.525072	4.46367	0	6.98054	4.35809	2.46612	0.851063	5.36324	5.67421	7.88146	14.8221	4.0417	
10.8108	15.3117	7.78376	7.14144	13.9684	12.7426	3.83521	9.28876	4.63489	2.81913	6.98054	0	0.801876	4.51442	9.34375	4.83158	7.84373	9.92976	18.241	15.2085	
14.3675	17.286	11.6162	7.94332	15.9415	7.6721	3.03333	10.0906	3.83302	2.01726	4.35809	0.801876	0	4.48712	8.85332	5.63345	7.04186	15.2854	11.1857	13.2427	
8.0456	15.6176	3.26934	11.6559	4.78456	9.25861	6.30114	5.84481	2.9912	2.46987	2.46612	4.51442	4.48712	0	3.31719	7.08588	7.84369	5.41534	13.0547	6.43374	
5.42878	12.2564	2.99536	10.1948	4.51057	6.45752	6.09616	5.57083	1.37614	6.83606	0.851063	9.34375	8.85332	3.31719	0	4.51218	4.82315	7.83346	8.967	3.19063	
10.1387	13.0572	7.50753	5.68263	12.0739	7.5613	10.0322	10.7457	8.93957	9.55575	5.36324	4.83158	5.63345	7.08588	4.51218	0	5.92693	12.5012	10.0708	7.70281	
9.35061	5.92304	4.57435	11.6096	4.64545	1.63437	10.0752	7.07048	5.47345	9.05911	5.67421	7.84373	7.04186	7.84369	4.82315	5.92693	0	8.24357	4.14385	7.37056	
3.12194	7.62283	4.1754	10.5285	8.14093	7.03604	11.7165	1.59993	10.8349	7.8852	7.88146	9.92976	15.2854	5.41534	7.83346	12.5012	8.24357	0	7.63933	14.0331	
4.69773	1.77919	2.01681	10.3707	0.501598	5.77822	15.5541	7.80209	13.3753	18.4707	14.8221	18.241	11.1857	13.0547	8.967	10.0708	4.14385	7.63933	0	6.76549	
2.23815	5.15669	3.1644	15.6834	4.67961	6.45281	9.2868	3.76016	8.58169	10.0267	4.0417	15.2085	13.2427	6.43374	3.19063	7.70281	7.37056	14.0331	6.76549	0	

0	4.89743	11.0429	12.4775	1.98578	6.27189	11.7818	8.72784	3.52432	1.29449	4.00112	2.23706	2.10574	2.37879	10.9543	7.60146	4.27675	9.0504	4.92421	7.67919	
4.89743	0	3.33234	8.95263	2.91166	7.19778	5.21294	8.04734	15.2615	13.6568	5.94232	11.7812	8.57021	11.6399	6.36599	8.26181	5.20263	7.03794	1.93755	7.6305	
11.0429	3.33234	0	8.45433	6.244	5.21459	6.93495	8.11408	5.89815	12.1113	8.5285	15.8628	8.20612	9.03051	7.01957	4.92947	5.36338	5.10995	4.52372	4.29816	
12.4775	8.95263	8.45433	0	8.03517	4.4686	3.7397	12.7878	3.30693	5.02404	2.31741	8.77557	5.86636	3.22085	18.1074	6.08877	5.66151	3.34438	6.32219	13.0929	
1.98578	2.91166	6.244	8.03517	0	4.28612	7.33947	7.13764	7.2934	3.28027	6.94321	14.422	5.13372	8.10204	7.36688	5.61569	2.29097	4.60809	2.93844	5.69341	
6.27189	7.19778	5.21459	4.4686	4.28612	0	2.94922	11.4238	4.46661	4.90023	4.71936	7.09553	4.30136	3.81593	6.59139	9.90181	3.44134	1.12422	7.22456	2.86663	
11.7818	5.21294	6.93495	3.7397	7.33947	2.94922	0	11.5347	10.4234	7.51085	6.05711	6.56828	6.91238	6.42695	11.1266	6.35513	4.14212	1.825	7.15049	10.9521	
8.72784	8.04734	8.11408	12.7878	7.13764	11.4238	11.5347	0	9.89331	7.66348	10.1146	8.60605	8.47472	8.74778	4.82497	9.59642	7.04362	9.36074	6.1098	8.54974	
3.52432	15.2615	5.89815	3.30693	7.2934	4.46661	10.4234	9.89331	0	2.22983	0.989513	3.1724	3.04108	1.89295	5.32475	4.76086	7.51374	9.39348	4.99429	1.59999	
1.29449	13.6568	12.1113	5.02404	3.28027	4.90023	7.51085	7.66348	2.22983	0	1.98774	0.942571	0.811246	1.0843	9.38902	6.47797	3.65399	8.39482	6.7114	3.82982	
4.00112	5.94232	8.5285	2.31741	6.94321	4.71936	6.05711	10.1146	0.989513	1.98774	0	3.64919	1.38887	0.903434	8.43321	3.77135	6.3917	5.6618	4.00477	2.5895	
2.23706	11.7812	15.8628	8.77557	14.422	7.09553	6.56828	8.60605	3.1724	0.942571	3.64919	0	1.75382	2.02687	11.7977	10.2295	6.06269	8.39328	9.8526	5.45507	
2.10574	8.57021	8.20612	5.86636	5.13372	4.30136	6.91238	8.47472	3.04108	0.811246	1.38887	1.75382	0	0.485433	8.57777	7.3203	2.84275	5.15987	6.63266	8.07558	
2.37879	11.6399	9.03051	3.22085	8.10204	3.81593	6.42695	8.74778	1.89295	1.0843	0.903434	2.02687	0.485433	0	9.0632	4.67479	3.32818	4.94014	4.90821	6.68255	
10.9543	6.36599	7.01957	18.1074	7.36688	6.59139	11.1266	4.82497	5.32475	9.38902	8.43321	11.7977	8.57777	9.0632	0	4.77145	11.4205	12.1295	4.42844	3.72476	
7.60146	8.26181	4.92947	6.08877	5.61569	9.90181	6.35513	9.59642	4.76086	6.47797	3.77135	10.2295	7.3203	4.67479	4.77145	0	7.90666	8.18013	7.77613	8.49621	
4.27675	5.20263	5.36338	5.66151	2.29097	3.44134	4.14212	7.04362	7.51374	3.65399	6.3917	6.06269	2.84275	3.32818	11.4205	7.90666	0	2.31712	5.22941	7.98438	
9.0504	7.03794	5.10995	3.34438	4.60809	1.12422	1.825	9.36074	9.39348	8.39482	5.6618	8.39328	5.15987	4.94014	12.1295	8.18013	2.31712	0	9.63367	3.99084	
