50
5
3
12
20

42	6
2	39
5	45
14	8
43	3

28	23
33	5
45	13
14	3
50	32
17	45
1	22
39	36
8	8
17	9
21	18
22	16
17	39
42	6
21	5
38	2
39	17
21	38
31	6
40	33
26	26
40	48
33	42
14	50
11	10
24	5
7	44
49	42
8	31
40	24
35	44
7	30
16	48
40	10
10	3
7	31
33	29
25	34
49	9
5	48
23	3
3	49
15	18
38	50
42	31
12	23
47	22
24	24
14	17
44	20

70

1.79769e+308
1.79769e+308
1.79769e+308
1.79769e+308
1.79769e+308

19
17
19
18
14
19
20
13
11
16
17
16
11
14
13
12
16
12
13
20
16
16
16
13
20
16
11
16
12
14
13
17
19
11
11
19
11
15
14
14
18
12
16
17
11
18
14
16
15
15

0
0
0
0
0

0

0	5.68664	7.81674	5.51144	1.0851	5.79551	2.91488	3.28261	4.76463	3.77914	7.59983	5.02344	5.38609	6.55727	2.07015	7.09755	4.61031	11.5928	0	4.00807	1.13874	1.32071	13.0534	1.54366	2.85413	5.28329	1.61399	3.48555	10.5739	8.11313	2.33915	4.25668	5.89023	6.70731	1.83749	8.33727	6.4863	6.4059	2.67877	5.46869	3.28206	1.68732	8.69056	0.427767	6.60093	6.13531	7.95429	3.6677	10.9571	4.73382	3.2419	3.20346	5.8191	9.79536	4.00075	
5.68664	0	1.38244	3.85654	7.17165	7.01897	6.33576	5.56991	8.71688	13.8408	5.1483	3.88294	4.94478	5.72771	5.67744	6.10779	6.64243	3.19057	5.68664	4.44963	10.2067	7.00735	4.55206	3.70109	5.67533	6.71662	5.22259	7.12122	2.14372	5.89138	5.12746	0.988063	8.99951	4.79257	5.39971	6.3316	3.33418	5.13896	5.82607	4.98635	3.77846	5.94405	5.36361	6.11441	0.914288	9.68367	1.21682	6.12591	5.55625	3.62115	11.3192	9.41648	6.92317	5.69285	9.77347	
7.81674	1.38244	0	6.37437	10.1504	9.46518	3.96548	9.02758	3.7581	11.0314	1.42019	7.46126	4.10826	5.50411	6.52206	3.87764	4.0274	2.59688	9.39025	2.4419	9.6985	7.317	3.95837	2.19484	4.19476	6.41095	6.37207	4.50335	1.92012	5.15947	1.39934	0.394373	9.08105	4.06067	5.17612	6.64344	2.60228	1.41084	5.88668	7.00318	2.54501	5.31186	9.09172	9.31183	0.690694	3.6487	0.593247	5.53221	6.0384	6.17837	5.44313	4.43803	5.47464	6.28696	3.28082	
5.51144	3.85654	6.37437	0	4.38973	3.99088	2.47922	7.20675	1.82085	9.32328	7.57239	4.36371	3.27887	2.30962	1.82091	3.2132	2.7859	6.70622	5.65818	1.50337	4.30105	4.83961	9.53733	3.85045	6.19297	4.08134	5.61762	3.01619	4.80705	2.4244	2.54592	4.8446	11.6638	5.67398	3.20844	2.47507	3.9816	8.93553	4.9948	1.12981	3.60717	4.804	9.22014	3.46329	4.77082	3.63061	6.49759	2.30982	3.08011	5.99611	4.10661	5.5932	4.23314	1.83632	6.44933	
1.0851	7.17165	10.1504	4.38973	0	6.05365	1.91051	1.79759	3.83828	4.0794	11.7551	6.10854	3.90107	5.53496	4.92237	7.88777	6.44795	8.41106	1.0851	4.59484	2.83631	2.80572	8.88343	3.02867	3.93923	6.74051	7.68638	6.5415	10.4805	5.82568	4.47665	8.44492	5.74314	12.9587	3.8051	7.73238	7.98013	7.89091	4.04112	4.52932	7.60571	3.06635	6.26828	1.91278	9.23711	6.30738	7.41609	4.7528	9.47208	3.74635	4.327	2.21541	5.83945	7.84268	7.5839	
5.79551	7.01897	9.46518	3.99088	6.05365	0	4.62284	5.34658	4.58703	7.533	6.51803	3.64777	2.15258	2.89035	4.34344	1.42292	2.76648	5.45798	5.34875	3.12212	5.87015	4.89986	8.21773	4.28379	3.74346	0.544159	6.55397	4.793	10.0039	4.55991	4.1013	6.8189	3.90947	5.04521	2.72562	5.80721	6.12393	8.41207	5.03581	4.30163	8.04397	2.52735	1.89718	5.36775	7.70377	4.45888	4.70731	1.68105	8.9506	3.39782	1.30627	5.62333	3.06188	4.40785	2.21982	
2.91488	6.33576	3.96548	2.47922	1.91051	4.62284	0	3.70811	4.92489	3.60671	10.3243	8.50334	2.47026	4.78884	4.30012	5.69242	5.26512	8.74227	2.99561	3.60869	2.28979	3.87364	9.782	1.37123	4.99385	5.11086	5.80163	3.31312	7.28627	8.4517	2.16672	4.08425	5.7178	11.3168	4.73717	4.95429	8.09068	12.2823	2.51558	3.60903	7.2258	3.5379	6.91408	3.00075	7.71157	4.81549	5.98528	4.78904	6.4269	3.7939	6.64476	3.11398	4.70859	4.31553	4.44761	
3.28261	5.56991	9.02758	7.20675	1.79759	5.34658	3.70811	0	2.83134	5.877	8.51425	7.92865	2.33639	10.4655	5.10981	6.27861	4.59485	6.61347	2.88269	3.71258	4.17839	3.5244	6.0094	5.13892	4.00294	3.25195	3.07314	3.71018	5.12679	5.98934	5.18127	8.81597	7.54074	8.34548	2.0075	3.59769	5.52485	13.8418	4.15368	7.00662	6.32171	1.26875	4.49235	2.5283	6.49293	5.24761	8.37259	8.57658	4.33088	1.94876	6.02489	3.6307	5.25078	8.00635	5.89765	
4.76463	8.71688	3.7581	1.82085	3.83828	4.58703	4.92489	2.83134	0	7.91768	7.73232	7.58691	2.63022	1.69668	4.16724	3.84604	7.1481	8.62478	4.92338	0.756558	6.67459	3.81824	8.72134	3.15425	5.44616	3.33452	7.44831	4.84688	5.42062	3.36624	1.79911	4.21812	9.58143	6.8411	2.46163	3.89152	3.23479	7.72298	5.45252	0.691042	2.86036	1.56259	8.73845	2.82214	6.5101	2.8838	6.90538	3.70134	4.62471	3.88548	3.66784	5.39744	7.97635	3.21418	4.24023	
3.77914	13.8408	11.0314	9.32328	4.0794	7.533	3.60671	5.877	7.91768	0	6.85075	8.33494	7.98048	10.59	9.03061	6.11009	7.00403	9.85632	5.1645	7.99488	6.91571	7.14128	8.68487	2.23549	4.07618	5.97512	6.66589	4.17738	14.0531	9.40872	3.03098	4.94851	6.58206	12.6278	6.28981	9.0291	10.3288	12.6091	4.71021	17.8248	11.1366	9.39692	8.77465	7.69953	10.7752	8.15031	8.64612	8.32936	11.7707	5.42565	8.41976	5.95605	8.45128	9.26359	8.14279	
7.59983	5.1483	1.42019	7.57239	11.7551	6.51803	10.3243	8.51425	7.73232	6.85075	0	7.44267	5.95889	15.268	9.98547	5.72827	5.44758	3.73943	5.6287	7.46417	15.1887	11.3653	3.20591	8.85451	2.77457	7.63939	6.46232	4.28643	2.76534	10.3642	2.81953	1.81456	5.4797	7.07398	7.20781	7.6544	4.02246	1.19393	8.57163	10.0031	4.39563	6.62338	10.029	8.95389	2.11088	7.64762	2.01343	10.2171	7.45859	4.82875	9.51965	4.65444	7.40637	10.2134	6.84119	
5.02344	3.88294	7.46126	4.36371	6.10854	3.64777	8.50334	7.92865	7.58691	8.33494	7.44267	0	6.38989	6.70479	2.5428	2.22485	3.56841	5.47599	5.02344	5.31433	5.02294	6.38884	4.94248	9.04518	7.87758	4.78147	9.10553	9.64498	9.67275	3.1463	8.8606	4.871	8.14678	6.87503	6.49595	9.64046	6.44691	8.6366	6.13769	8.27795	4.93397	7.28874	6.65856	4.18518	4.79723	6.28343	5.50925	4.44412	10.8433	6.11942	6.06765	8.27159	6.18014	5.1633	6.45713	
5.38609	4.94478	4.10826	3.27887	3.90107	2.15258	2.47026	2.33639	2.63022	7.98048	5.95889	6.38989	0	5.04292	6.05281	3.57549	5.59022	6.70333	4.98617	5.81232	4.76005	3.32328	7.69198	3.84149	3.37781	2.69673	4.87959	2.64043	4.92567	6.37151	4.98016	7.12683	4.71131	6.87715	4.3431	3.18155	4.89972	5.73293	3.52855	2.14905	5.46678	1.06763	5.44116	2.32719	3.81755	7.64926	3.51502	3.83363	4.12976	1.32363	4.17449	5.58424	4.62566	7.23201	4.3724	
6.55727	5.72771	5.50411	2.30962	5.53496	2.89035	4.78884	10.4655	1.69668	10.59	15.268	6.70479	5.04292	0	2.27305	4.31326	3.77706	6.3874	8.01631	2.45324	7.93122	5.88544	10.418	8.94235	6.63381	3.43451	7.33828	4.73685	6.04285	1.66956	3.59175	6.01077	6.79982	5.27257	4.25427	4.19573	4.22675	10.6562	7.70337	2.38773	4.653	3.25927	6.55573	8.2581	4.81342	4.21671	5.11595	4.34862	4.80077	6.28817	4.57502	4.84617	6.87088	1.5175	5.11017	
2.07015	5.67744	6.52206	1.82091	4.92237	4.34344	4.30012	5.10981	4.16724	9.03061	9.98547	2.5428	6.05281	2.27305	0	2.92053	4.26409	6.81394	3.41374	3.32428	2.35335	6.74692	7.48528	7.91934	6.69141	5.98864	2.8286	5.48859	6.62796	0.603495	4.45323	6.87225	9.56228	3.26358	3.0521	4.29597	2.83545	12.6531	6.83337	2.95072	2.39117	2.90193	8.44538	1.64238	5.83137	3.15064	4.34293	3.56345	11.8525	4.72918	5.67802	7.43759	4.90838	2.6205	5.86132	
7.09755	6.10779	3.87764	3.2132	7.88777	1.42292	5.69242	6.27861	3.84604	6.11009	5.72827	2.22485	3.57549	4.31326	2.92053	0	1.34356	7.98897	5.88697	3.08948	5.40067	4.63317	7.16733	6.38757	5.16637	1.96707	5.33674	5.87942	6.57852	3.29864	4.13204	6.55105	5.33239	5.58343	3.93091	5.68826	5.56771	7.7955	3.91284	4.34301	5.19328	7.80277	6.75595	4.56291	3.58693	5.21673	3.2844	2.21927	9.04675	4.82073	2.75929	5.8943	2.79081	3.60312	3.64274	
4.61031	6.64243	4.0274	2.7859	6.44795	2.76648	5.26512	4.59485	7.1481	7.00403	5.44758	3.56841	5.59022	3.77706	4.26409	1.34356	0	3.94456	4.65763	4.28927	5.82723	3.2896	6.58924	6.12318	7.24837	2.17784	3.65299	4.29002	6.08827	4.6422	5.42674	4.42177	7.63595	6.34127	2.58735	5.02861	6.62634	5.43824	4.64766	3.91571	3.96446	4.36674	3.73656	3.99707	4.71809	4.8905	4.62065	3.56283	5.63365	4.74927	1.41573	4.21054	1.44724	2.25956	4.63649	
11.5928	3.19057	2.59688	6.70622	8.41106	5.45798	8.74227	6.61347	8.62478	9.85632	3.73943	5.47599	6.70333	6.3874	6.81394	7.98897	3.94456	0	5.77073	5.66407	9.94137	8.1433	0.533515	4.91553	5.14221	3.29094	7.01604	6.71772	2.69935	6.21044	6.99005	2.20251	7.35618	3.24783	4.53541	7.25884	4.70623	6.8674	6.78524	5.50563	4.12024	6.55738	6.26683	7.82666	3.92878	6.0036	5.44108	6.61199	7.34971	6.99803	2.52883	7.20154	4.03368	4.8699	10.3556	
0	5.68664	9.39025	5.65818	1.0851	5.34875	2.99561	2.88269	4.92338	5.1645	5.6287	5.02344	4.98617	8.01631	3.41374	5.88697	4.65763	5.77073	0	4.00807	2.48233	1.32071	7.46283	1.54366	2.85413	4.00402	2.95758	4.74136	12.0558	4.44077	9.19181	8.80554	5.55926	7.03186	3.18108	7.79385	8.11057	6.4059	5.12622	5.46869	4.62565	3.03091	7.00843	0.427767	9.66865	6.71667	11.4409	3.6677	9.91647	4.90831	3.2419	3.3005	6.8101	6.29942	5.9903	
4.00807	4.44963	2.4419	1.50337	4.59484	3.12212	3.60869	3.71258	0.756558	7.99488	7.46417	5.31433	5.81232	2.45324	3.32428	3.08948	4.28927	5.66407	4.00807	0	5.59832	3.33624	5.70697	1.83805	4.6896	2.57797	2.77071	3.40775	5.23174	4.01417	1.04255	3.46157	7.39472	2.97621	1.70507	3.97844	2.47823	8.43108	4.6943	1.4476	2.1038	2.31915	3.93098	3.11479	6.1905	2.12724	4.05556	3.81319	7.18596	6.05432	3.34008	3.32827	4.62102	3.33969	2.92403	
1.13874	10.2067	9.6985	4.30105	2.83631	5.87015	2.28979	4.17839	6.67459	6.91571	15.1887	5.02294	4.76005	7.93122	2.35335	5.40067	5.82723	9.94137	2.48233	5.59832	0	5.8408	11.7956	3.66101	8.82262	8.21078	1.89719	7.84924	11.1587	3.08364	4.85592	9.32693	8.57946	6.99051	2.12069	8.11165	8.63197	10.926	4.80536	9.2791	3.56526	1.97052	8.17583	0.710969	8.31151	3.47107	10.8497	4.18909	10.4771	6.33625	6.94584	5.05172	6.51766	5.10064	4.92991	
1.32071	7.00735	7.317	4.83961	2.80572	4.89986	3.87364	3.5244	3.81824	7.14128	11.3653	6.38884	3.32328	5.88544	6.74692	4.63317	3.2896	8.1433	1.32071	3.33624	5.8408	0	8.03261	2.86436	3.76262	4.23884	5.09636	4.1007	6.11368	6.79243	4.37879	6.79781	5.6795	10.3687	3.50595	4.58458	5.81447	7.7266	1.35806	6.78939	5.44004	2.25565	5.75656	1.74847	6.55405	4.9191	7.48582	4.71281	5.31778	3.56298	4.70533	1.88275	4.49839	5.54916	2.68004	
13.0534	4.55206	3.95837	9.53733	8.88343	8.21773	9.782	6.0094	8.72134	8.68487	3.20591	4.94248	7.69198	10.418	7.48528	7.16733	6.58924	0.533515	7.46283	5.70697	11.7956	8.03261	0	6.27702	4.6087	5.44733	5.06754	5.70457	3.23286	6.74396	9.70672	2.73602	7.31382	3.78135	4.00189	8.80875	7.55162	4.39984	7.31875	8.46726	5.50589	8.58831	6.48674	5.41161	5.67207	7.242	5.64979	8.70184	9.48278	6.66287	3.06235	5.62509	4.5672	5.40342	7.89205	
1.54366	3.70109	2.19484	3.85045	3.02867	4.28379	1.37123	5.13892	3.15425	2.23549	8.85451	9.04518	3.84149	8.94235	7.91934	6.38757	6.12318	4.91553	1.54366	1.83805	3.66101	2.86436	6.27702	0	3.82912	3.73963	4.43041	1.9419	4.4832	6.82699	0.795495	2.71302	4.01278	6.17862	3.64457	2.48302	5.72893	5.0344	2.47473	7.01234	8.16407	4.70802	5.09265	1.97142	6.71317	3.04485	6.32484	5.60205	4.76408	3.19017	4.50175	3.83419	6.07982	8.61491	2.67697	
2.85413	5.67533	4.19476	6.19297	3.93923	3.74346	4.99385	4.00294	5.44616	4.07618	2.77457	7.87758	3.37781	6.63381	6.69141	5.16637	7.24837	5.14221	2.85413	4.6896	8.82262	3.76262	4.6087	3.82912	0	4.28762	3.68775	1.88723	5.53991	6.77232	4.91856	8.15116	2.70512	6.12395	3.50306	2.42835	5.63027	3.9685	4.2591	7.05861	6.7934	4.37707	5.93274	4.62549	12.5179	6.30567	5.21845	5.42451	4.02142	2.05418	5.62693	1.87987	5.3562	7.82011	4.06661	
5.28329	6.71662	6.41095	4.08134	6.74051	0.544159	5.11086	3.25195	3.33452	5.97512	7.63939	4.78147	2.69673	3.43451	5.98864	1.96707	2.17784	3.29094	4.00402	2.57797	8.21078	4.23884	5.44733	3.73963	4.28762	0	3.2471	3.88414	5.84123	6.87227	3.62052	6.03953	4.45363	5.97321	2.18146	4.31213	5.05619	11.8204	5.75152	3.73891	4.68177	1.98319	1.35302	3.24274	6.66689	4.23688	8.67012	2.22521	5.04532	3.94198	0.762111	3.80465	2.51773	3.81963	2.76398	
1.61399	5.22259	6.37207	5.61762	7.68638	6.55397	5.80163	3.07314	7.44831	6.66589	6.46232	9.10553	4.87959	7.33828	2.8286	5.33674	3.65299	7.01604	2.95758	2.77071	1.89719	5.09636	5.06754	4.43041	3.68775	3.2471	0	2.76832	8.95156	11.2774	5.2259	6.21065	6.30746	7.40362	1.06564	0.938708	5.10464	6.76307	6.90513	7.02864	4.04051	2.44577	3.55049	1.18622	5.55107	4.30575	8.3946	7.26871	0.333668	5.74193	9.05408	2.68883	7.5062	11.5079	4.95579	
3.48555	7.12122	4.50335	3.01619	6.5415	4.793	3.31312	3.71018	4.84688	4.17738	4.28643	9.64498	2.64043	4.73685	5.48859	5.87942	4.29002	6.71772	4.74136	3.40775	7.84924	4.1007	5.70457	1.9419	1.88723	3.88414	2.76832	0	5.7528	4.8851	2.73739	4.65492	2.07089	4.23672	1.70268	0.541121	3.78704	3.0925	2.74264	4.78948	4.23132	2.87006	4.18752	3.1124	6.1881	4.94279	6.15544	3.66015	1.14616	3.9414	6.81492	3.32587	8.53069	8.31843	5.07034	
10.5739	2.14372	1.92012	4.80705	10.4805	10.0039	7.28627	5.12679	5.42062	14.0531	2.76534	9.67275	4.92567	6.04285	6.62796	6.57852	6.08827	2.69935	12.0558	5.23174	11.1587	6.11368	3.23286	4.4832	5.53991	5.84123	8.95156	5.7528	0	8.90979	7.77056	1.77017	7.82369	5.94718	5.71485	5.80901	7.44754	3.95927	6.42542	5.93687	5.24589	3.85804	11.8553	5.11759	1.22943	10.4658	1.53196	6.90802	6.41405	6.18093	5.22818	11.3983	4.64103	6.64337	10.3603	
8.11313	5.89138	5.15947	2.4244	5.82568	4.55991	8.4517	5.98934	3.36624	9.40872	10.3642	3.1463	6.37151	1.66956	0.603495	3.29864	4.6422	6.21044	4.44077	4.01417	3.08364	6.79243	6.74396	6.82699	6.77232	6.87227	11.2774	4.8851	8.90979	0	4.7965	8.09779	6.95598	4.01559	5.78726	5.42622	2.5572	7.9776	6.3147	6.75339	2.99466	5.30387	7.2519	2.24588	6.43486	2.54715	6.58303	2.95995	8.366	5.33267	6.02192	6.51572	7.25393	3.18706	4.7862	
2.33915	5.12746	1.39934	2.54592	4.47665	4.1013	2.16672	5.18127	1.79911	3.03098	2.81953	8.8606	4.98016	3.59175	4.45323	4.13204	5.42674	6.99005	9.19181	1.04255	4.85592	4.37879	9.70672	0.795495	4.91856	3.62052	5.2259	2.73739	7.77056	4.7965	0	1.79371	4.88094	8.67306	2.74763	6.24146	3.52078	2.81019	3.27022	3.0498	3.14635	3.91252	6.95411	5.17207	2.09004	2.24936	1.99259	6.0601	6.97465	3.98566	5.72412	3.03869	5.61759	6.81134	1.88148	
4.25668	0.988063	0.394373	4.8446	8.44492	6.8189	4.08425	8.81597	4.21812	4.94851	1.81456	4.871	7.12683	6.01077	6.87225	6.55105	4.42177	2.20251	8.80554	3.46157	9.32693	6.79781	2.73602	2.71302	8.15116	6.03953	6.21065	4.65492	1.77017	8.09779	1.79371	0	7.05959	5.45034	5.16664	6.69322	2.99665	1.80522	5.18775	7.12484	5.56358	5.62821	6.35167	10.5321	1.08507	5.58881	0.98762	5.13784	6.08818	4.60921	4.73134	10.232	6.23619	5.90189	8.40753	
5.89023	8.99951	9.08105	11.6638	5.74314	3.90947	5.7178	7.54074	9.58143	6.58206	5.4797	8.14678	4.71131	6.79982	9.56228	5.33239	7.63595	7.35618	5.55926	7.39472	8.57946	5.6795	7.31382	4.01278	2.70512	4.45363	6.30746	2.07089	7.82369	6.95598	4.88094	7.05959	0	6.3076	3.77356	2.61201	5.85792	5.16339	4.81353	15.2899	11.1084	9.03592	3.6359	7.2184	12.4947	5.23851	10.7572	5.59053	5.9738	4.7593	9.88501	4.58499	11.3899	10.5252	2.99946	
6.70731	4.79257	4.06067	5.67398	12.9587	5.04521	11.3168	8.34548	6.8411	12.6278	7.07398	6.87503	6.87715	5.27257	3.26358	5.58343	6.34127	3.24783	7.03186	2.97621	6.99051	10.3687	3.78135	6.17862	6.12395	5.97321	7.40362	4.23672	5.94718	4.01559	8.67306	5.45034	6.3076	0	5.49739	4.77784	1.31669	5.88004	6.71891	5.18906	0.872407	7.53909	7.32623	3.7267	4.95193	7.73001	2.82417	3.36416	9.34741	5.03448	5.63045	7.96117	3.38962	4.08171	9.96907	
1.83749	5.39971	5.17612	3.20844	3.8051	2.72562	4.73717	2.0075	2.46163	6.28981	7.20781	6.49595	4.3431	4.25427	3.0521	3.93091	2.58735	4.53541	3.18108	1.70507	2.12069	3.50595	4.00189	3.64457	3.50306	2.18146	1.06564	1.70268	5.71485	5.78726	2.74763	5.16664	3.77356	5.49739	0	2.2438	4.039	4.79518	4.44532	5.36834	3.80887	2.66927	2.48485	1.40972	4.48543	3.24011	4.78796	5.36283	1.39931	3.95626	2.94357	1.62319	4.03459	4.84691	3.89015	
8.33727	6.3316	6.64344	2.47507	7.73238	5.80721	4.95429	3.59769	3.89152	9.0291	7.6544	9.64046	3.18155	4.19573	4.29597	5.68826	5.02861	7.25884	7.79385	3.97844	8.11165	4.58458	8.80875	2.48302	2.42835	4.31213	0.938708	0.541121	5.80901	5.42622	6.24146	6.69322	2.61201	4.77784	2.2438	0	4.32816	3.63362	3.28376	3.60488	10.3565	2.32893	7.64309	3.58849	7.03843	9.22443	9.10314	4.12615	0.60504	3.52104	6.44434	8.48933	6.47586	4.31138	8.90873	
6.4863	3.33418	2.60228	3.9816	7.98013	6.12393	8.09068	5.52485	3.23479	10.3288	4.02246	6.44691	4.89972	4.22675	2.83545	5.56771	6.62634	4.70623	8.11057	2.47823	8.63197	5.81447	7.55162	5.72893	5.63027	5.05619	5.10464	3.78704	7.44754	2.5572	3.52078	2.99665	5.85792	1.31669	4.039	4.32816	0	4.01312	5.78101	4.76093	0.444284	5.89899	6.52384	3.29857	3.29297	4.60547	2.39604	4.44287	8.64068	3.57609	5.20232	5.66219	2.9615	5.54011	7.42419	
6.4059	5.13896	1.41084	8.93553	7.89091	8.41207	12.2823	13.8418	7.72298	12.6091	1.19393	8.6366	5.73293	10.6562	12.6531	7.7955	5.43824	6.8674	6.4059	8.43108	10.926	7.7266	4.39984	5.0344	3.9685	11.8204	6.76307	3.0925	3.95927	7.9776	2.81019	1.80522	5.16339	5.88004	4.79518	3.63362	4.01312	0	5.83514	11.8746	6.46286	8.02609	10.6991	6.83366	2.10154	7.63827	2.00409	6.75265	6.42941	8.32116	15.3006	10.9132	8.80908	9.96176	6.19224	
2.67877	5.82607	5.88668	4.9948	4.04112	5.03581	2.51558	4.15368	5.45252	4.71021	8.57163	6.13769	3.52855	7.70337	6.83337	3.91284	4.64766	6.78524	5.12622	4.6943	4.80536	1.35806	7.31875	2.47473	4.2591	5.75152	6.90513	2.74264	6.42542	6.3147	3.27022	5.18775	4.81353	6.71891	4.44532	3.28376	5.78101	5.83514	0	10.6533	8.07952	3.61371	4.3985	5.14948	5.19599	4.55374	5.49852	3.35475	6.95206	2.20492	8.02851	3.24081	5.50695	8.23394	4.0381	
5.46869	4.98635	7.00318	1.12981	4.52932	4.30163	3.60903	7.00662	0.691042	17.8248	10.0031	8.27795	2.14905	2.38773	2.95072	4.34301	3.91571	5.50563	5.46869	1.4476	9.2791	6.78939	8.46726	7.01234	7.05861	3.73891	7.02864	4.78948	5.93687	6.75339	3.0498	7.12484	15.2899	5.18906	5.36834	3.60488	4.76093	11.8746	10.6533	0	4.31665	2.25363	6.34167	5.89645	8.78406	5.60972	5.66407	3.43964	8.94707	3.47268	2.9768	9.93	6.83386	2.96613	8.58483	
3.28206	3.77846	2.54501	3.60717	7.60571	8.04397	7.2258	6.32171	2.86036	11.1366	4.39563	4.93397	5.46678	4.653	2.39117	5.19328	3.96446	4.12024	4.62565	2.1038	3.56526	5.44004	5.50589	8.16407	6.7934	4.68177	4.04051	4.23132	5.24589	2.99466	3.14635	5.56358	11.1084	0.872407	3.80887	10.3565	0.444284	6.46286	8.07952	4.31665	0	4.11384	10.513	2.85429	2.25429	4.23104	1.95176	4.23657	11.0897	4.02038	4.75804	9.13698	2.51722	4.95412	7.04976	
1.68732	5.94405	5.31186	4.804	3.06635	2.52735	3.5379	1.26875	1.56259	9.39692	6.62338	7.28874	1.06763	3.25927	2.90193	7.80277	4.36674	6.55738	3.03091	2.31915	1.97052	2.25565	8.58831	4.70802	4.37707	1.98319	2.44577	2.87006	3.85804	5.30387	3.91252	5.62821	9.03592	7.53909	2.66927	2.32893	5.89899	8.02609	3.61371	2.25363	4.11384	0	3.33621	1.25955	5.08746	6.16188	4.58265	5.26393	2.93398	2.3229	2.7453	4.1384	4.50092	7.96359	4.93569	
8.69056	5.36361	9.09172	9.22014	6.26828	1.89718	6.91408	4.49235	8.73845	8.77465	10.029	6.65856	5.44116	6.55573	8.44538	6.75595	3.73656	6.26683	7.00843	3.93098	8.17583	5.75656	6.48674	5.09265	5.93274	1.35302	3.55049	4.18752	11.8553	7.2519	6.95411	6.35167	3.6359	7.32623	2.48485	7.64309	6.52384	10.6991	4.3985	6.34167	10.513	3.33621	0	3.89457	6.27789	4.70476	8.5612	7.75325	4.8342	6.60342	2.11513	4.05287	3.87074	8.55927	6.375	
0.427767	6.11441	9.31183	3.46329	1.91278	5.36775	3.00075	2.5283	2.82214	7.69953	8.95389	4.18518	2.32719	8.2581	1.64238	4.56291	3.99707	7.82666	0.427767	3.11479	0.710969	1.74847	5.41161	1.97142	4.62549	3.24274	1.18622	3.1124	5.11759	2.24588	5.17207	10.5321	7.2184	3.7267	1.40972	3.58849	3.29857	6.83366	5.14948	5.89645	2.85429	1.25955	3.89457	0	5.89515	4.18204	4.80605	4.90006	1.51989	3.58245	5.01327	3.03291	5.37151	4.26288	4.21894	
6.60093	0.914288	0.690694	4.77082	9.23711	7.70377	7.71157	6.49293	6.5101	10.7752	2.11088	4.79723	3.81755	4.81342	5.83137	3.58693	4.71809	3.92878	9.66865	6.1905	8.31151	6.55405	5.67207	6.71317	12.5179	6.66689	5.55107	6.1881	1.22943	6.43486	2.09004	1.08507	12.4947	4.95193	4.48543	7.03843	3.29297	2.10154	5.19599	8.78406	2.25429	5.08746	6.27789	5.89515	0	6.91812	0.302531	8.07578	6.72909	4.53544	7.66738	6.10862	5.87045	6.33092	8.37558	
6.13531	9.68367	3.6487	3.63061	6.30738	4.45888	4.81549	5.24761	2.8838	8.15031	7.64762	6.28343	7.64926	4.21671	3.15064	5.21673	4.8905	6.0036	6.71667	2.12724	3.47107	4.9191	7.242	3.04485	6.30567	4.23688	4.30575	4.94279	10.4658	2.54715	2.24936	5.58881	5.23851	7.73001	3.24011	9.22443	4.60547	7.63827	4.55374	5.60972	4.23104	6.16188	4.70476	4.18204	6.91812	0	6.82068	5.5071	8.721	6.75867	3.47477	4.8633	7.86695	6.36112	2.23906	
7.95429	1.21682	0.593247	6.49759	7.41609	4.70731	5.98528	8.37259	6.90538	8.64612	2.01343	5.50925	3.51502	5.11595	4.34293	3.2844	4.62065	5.44108	11.4409	4.05556	10.8497	7.48582	5.64979	6.32484	5.21845	8.67012	8.3946	6.15544	1.53196	6.58303	1.99259	0.98762	10.7572	2.82417	4.78796	9.10314	2.39604	2.00409	5.49852	5.66407	1.95176	4.58265	8.5612	4.80605	0.302531	6.82068	0	5.50367	6.63165	4.83865	6.7098	9.41577	4.46898	8.73111	8.25855	
3.6677	6.12591	5.53221	2.30982	4.7528	1.68105	4.78904	8.57658	3.70134	8.32936	10.2171	4.44412	3.83363	4.34862	3.56345	2.21927	3.56283	6.61199	3.6677	3.81319	4.18909	4.71281	8.70184	5.60205	5.42451	2.22521	7.26871	3.66015	6.90802	2.95995	6.0601	5.13784	5.59053	3.36416	5.36283	4.12615	4.44287	6.75265	3.35475	3.43964	4.23657	5.26393	7.75325	4.90006	8.07578	5.5071	5.50367	0	4.73119	5.07887	6.9096	9.19478	5.83726	4.14614	3.90088	
10.9571	5.55625	6.0384	3.08011	9.47208	8.9506	6.4269	4.33088	4.62471	11.7707	7.45859	10.8433	4.12976	4.80077	11.8525	9.04675	5.63365	7.34971	9.91647	7.18596	10.4771	5.31778	9.48278	4.76408	4.02142	5.04532	0.333668	1.14616	6.41405	8.366	6.97465	6.08818	5.9738	9.34741	1.39931	0.60504	8.64068	6.42941	6.95206	8.94707	11.0897	2.93398	4.8342	1.51989	6.72909	8.721	6.63165	4.73119	0	4.12608	7.9682	7.10408	7.83987	11.9901	8.97326	
4.73382	3.62115	6.17837	5.99611	3.74635	3.39782	3.7939	1.94876	3.88548	5.42565	4.82875	6.11942	1.32363	6.28817	4.72918	4.82073	4.74927	6.99803	4.90831	6.05432	6.33625	3.56298	6.66287	3.19017	2.05418	3.94198	5.74193	3.9414	6.18093	5.33267	3.98566	4.60921	4.7593	5.03448	3.95626	3.52104	3.57609	8.32116	2.20492	3.47268	4.02038	2.3229	6.60342	3.58245	4.53544	6.75867	4.83865	5.07887	4.12608	0	5.49813	3.93404	3.30202	7.34968	5.61764	
3.2419	11.3192	5.44313	4.10661	4.327	1.30627	6.64476	6.02489	3.66784	8.41976	9.51965	6.06765	4.17449	4.57502	5.67802	2.75929	1.41573	2.52883	3.2419	3.34008	6.94584	4.70533	3.06235	4.50175	5.62693	0.762111	9.05408	6.81492	5.22818	6.02192	5.72412	4.73134	9.88501	5.63045	2.94357	6.44434	5.20232	15.3006	8.02851	2.9768	4.75804	2.7453	2.11513	5.01327	7.66738	3.47477	6.7098	6.9096	7.9682	5.49813	0	9.85278	2.86297	3.05752	5.71382	
3.20346	9.41648	4.43803	5.5932	2.21541	5.62333	3.11398	3.6307	5.39744	5.95605	4.65444	8.27159	5.58424	4.84617	7.43759	5.8943	4.21054	7.20154	3.3005	3.32827	5.05172	1.88275	5.62509	3.83419	1.87987	3.80465	2.68883	3.32587	11.3983	6.51572	3.03869	10.232	4.58499	7.96117	1.62319	8.48933	5.66219	10.9132	3.24081	9.93	9.13698	4.1384	4.05287	3.03291	6.10862	4.8633	9.41577	9.19478	7.10408	3.93404	9.85278	0	6.38114	6.36367	4.56279	
5.8191	6.92317	5.47464	4.23314	5.83945	3.06188	4.70859	5.25078	7.97635	8.45128	7.40637	6.18014	4.62566	6.87088	4.90838	2.79081	1.44724	4.03368	6.8101	4.62102	6.51766	4.49839	4.5672	6.07982	5.3562	2.51773	7.5062	8.53069	4.64103	7.25393	5.61759	6.23619	11.3899	3.38962	4.03459	6.47586	2.9615	8.80908	5.50695	6.83386	2.51722	4.50092	3.87074	5.37151	5.87045	7.86695	4.46898	5.83726	7.83987	3.30202	2.86297	6.38114	0	3.7068	6.08373	
9.79536	5.69285	6.28696	1.83632	7.84268	4.40785	4.31553	8.00635	3.21418	9.26359	10.2134	5.1633	7.23201	1.5175	2.6205	3.60312	2.25956	4.8699	6.29942	3.33969	5.10064	5.54916	5.40342	8.61491	7.82011	3.81963	11.5079	8.31843	6.64337	3.18706	6.81134	5.90189	10.5252	4.08171	4.84691	4.31138	5.54011	9.96176	8.23394	2.96613	4.95412	7.96359	8.55927	4.26288	6.33092	6.36112	8.73111	4.14614	11.9901	7.34968	3.05752	6.36367	3.7068	0	6.89605	
4.00075	9.77347	3.28082	6.44933	7.5839	2.21982	4.44761	5.89765	4.24023	8.14279	6.84119	6.45713	4.3724	5.11017	5.86132	3.64274	4.63649	10.3556	5.9903	2.92403	4.92991	2.68004	7.89205	2.67697	4.06661	2.76398	4.95579	5.07034	10.3603	4.7862	1.88148	8.40753	2.99946	9.96907	3.89015	8.90873	7.42419	6.19224	4.0381	8.58483	7.04976	4.93569	6.375	4.21894	8.37558	2.23906	8.25855	3.90088	8.97326	5.61764	5.71382	4.56279	6.08373	6.89605	0	

0	10.2169	5.60379	4.43433	1.15497	3.21824	0.904628	2.5984	7.48347	6.83493	6.3767	3.46016	6.01456	3.0109	6.38444	6.7274	3.27192	4.92947	0	4.75057	1.3711	3.60845	5.60019	3.92214	1.45769	4.11281	11.5762	6.12579	5.88269	7.16263	5.28104	8.20393	9.81904	6.36715	6.093	8.05685	7.34357	7.81083	3.72793	7.61538	7.52388	3.53743	1.45625	0.85983	8.7624	1.25383	7.77478	7.73878	8.21893	7.09376	4.76178	6.85714	2.39667	3.0252	5.11965	
10.2169	0	3.55169	8.95268	10.1437	6.67621	11.0166	4.99413	11.7157	10.4705	6.9502	8.41104	10.6016	11.6622	9.9749	7.69385	6.40184	8.0699	11.351	9.63546	11.9953	8.65575	8.92097	7.22797	8.73534	10.8481	7.84607	7.02143	2.74653	12.1141	8.4312	3.18609	6.5169	6.43903	7.07638	10.1998	9.15331	5.40982	12.435	15.459	6.71469	8.96097	10.0334	10.0874	1.30269	7.3029	2.60894	6.97193	12.0644	9.26167	10.6869	7.12668	7.27709	8.91373	8.95492	
5.60379	3.55169	0	6.28437	8.24143	3.54218	5.91146	2.77433	7.05516	9.01028	3.40643	3.58029	11.3865	5.65711	4.8453	4.25108	4.6255	5.18284	5.80666	5.87716	6.50877	6.9426	7.12721	1.88452	8.43571	3.26614	4.29759	1.67798	3.69285	5.81731	2.88684	1.90838	7.46321	5.49914	1.73293	6.07688	5.78596	5.68476	7.1853	6.45243	6.14384	6.54554	4.02831	4.74396	2.249	6.73205	3.55525	4.05542	8.90571	2.73369	6.53393	5.62818	5.19514	4.71711	9.88884	
4.43433	8.95268	6.28437	0	4.05646	6.54378	5.33896	7.74069	4.88159	7.43661	5.37746	6.21264	4.16898	5.06035	2.24965	3.84283	2.55083	7.95731	4.43433	4.58387	5.80543	8.99077	5.56731	5.08309	5.89202	1.78446	7.226	4.60639	5.22704	4.94896	4.08076	7.04864	6.51244	6.48185	3.31767	9.00528	6.21964	7.80819	6.72469	0.348627	6.32101	3.04137	2.44704	6.4106	8.93205	4.8877	7.49385	3.12092	9.87303	4.91525	4.96026	4.82311	3.42607	5.06271	4.65262	
1.15497	10.1437	8.24143	4.05646	0	4.01895	2.0596	0.757584	6.04454	6.74988	5.13139	6.087	4.65651	4.16587	5.02788	5.03391	3.7419	6.77029	1.15497	5.12975	2.29276	1.59569	5.44168	5.07712	2.61266	2.27199	5.36556	5.71668	4.04187	5.61377	5.63286	5.70973	3.32584	6.17722	1.79898	6.10978	6.64228	6.3897	4.8829	9.4562	8.67885	3.5289	2.61122	2.70065	4.44902	2.4088	7.98138	4.31199	7.96847	5.45229	7.72605	6.01418	3.63308	6.25379	3.27883	
3.21824	6.67621	3.54218	6.54378	4.01895	0	6.73585	2.85064	7.43498	7.23488	4.74896	4.95874	2.32403	1.87357	5.69413	3.78981	1.8479	9.14349	4.4773	2.55095	3.79165	4.9859	4.98786	4.85947	3.70389	3.34245	4.44455	4.70177	4.94336	1.59482	4.57657	5.74903	3.69816	2.15827	1.80924	2.09083	4.87255	5.15721	8.30614	6.52874	2.43393	2.11341	7.1945	2.35841	5.37352	3.02213	5.41665	4.89606	5.92583	2.81	6.35738	3.32329	0.972655	4.54881	6.17893	
0.904628	11.0166	5.91146	5.33896	2.0596	6.73585	0	2.65698	5.52866	5.44856	3.48898	4.53245	3.26855	2.6314	4.98512	2.90423	3.74751	4.74107	0.904628	2.961	2.27573	1.81888	7.25223	4.02695	2.36232	4.71154	7.86884	7.18216	8.92398	3.91713	3.46411	8.16834	7.07303	4.57758	6.24475	4.66211	6.32357	5.06481	4.41744	9.17024	4.85323	3.16699	2.36087	2.6494	7.29146	2.15846	5.98521	1.89732	5.30964	5.75898	1.78378	6.81647	4.18624	1.23563	6.97514	
2.5984	4.99413	2.77433	7.74069	0.757584	2.85064	2.65698	0	7.21319	5.99229	8.83372	4.94928	2.28778	6.31726	5.7616	3.72337	4.49949	8.22661	1.91256	5.88733	1.53517	0.838107	7.78476	6.15942	4.76405	2.5746	5.88085	8.71788	4.79945	6.64271	6.7033	4.95215	2.56825	7.81477	1.04139	5.9543	10.3446	4.08404	7.03429	5.76089	8.5113	2.70938	4.12394	2.34895	3.69144	4.56019	4.99769	5.82315	6.17819	2.04216	5.823	6.48965	4.39067	7.76495	3.79412	
7.48347	11.7157	7.05516	4.88159	6.04454	7.43498	5.52866	7.21319	0	6.6639	4.56367	5.39884	8.72883	0.798172	1.45519	4.68985	4.44213	8.96387	2.64472	3.69336	6.57892	7.27916	4.75351	7.24753	5.62552	3.34076	7.99679	4.7773	4.32055	1.07692	2.19783	5.70939	10.1714	2.25476	8.71608	9.77607	7.99099	8.27565	4.70503	3.35622	5.55237	6.82221	2.67819	5.77467	13.0218	1.39089	6.74772	2.24508	7.17369	9.09958	7.39843	12.5884	5.07752	2.19394	3.83882	
6.83493	10.4705	9.01028	7.43661	6.74988	7.23488	5.44856	5.99229	6.6639	0	4.85885	6.83648	5.38	9.61367	8.53932	8.96662	6.18386	6.30608	6.52683	7.57547	6.43919	6.8304	4.65803	8.25183	6.74702	7.45664	2.62448	5.24409	5.94837	8.28755	4.03089	10.9444	4.2131	4.20715	7.03369	4.97821	4.03286	9.54333	8.82108	16.4189	3.9315	6.19974	6.74432	8.34124	9.42731	5.273	10.6298	5.48435	6.8428	6.00645	2.47635	3.91158	7.34049	3.0245	4.71122	
6.3767	6.9502	3.40643	5.37746	5.13139	4.74896	3.48898	8.83372	4.56367	4.85885	0	4.60613	7.64184	3.64911	3.95488	3.92195	4.76523	1.44724	3.34172	4.57895	6.9292	8.76234	2.11796	13.1182	4.05664	2.54805	4.34806	1.72845	1.08952	6.96391	5.6153	3.21972	8.77966	2.59069	7.98707	5.67983	3.68994	3.43735	9.56967	11.5529	2.86635	4.18471	1.88548	6.95018	2.53337	3.45455	6.95375	2.91504	5.01612	6.39155	2.8015	8.77043	5.06023	2.25335	3.04611	
3.46016	8.41104	3.58029	6.21264	6.087	4.95874	4.53245	4.94928	5.39884	6.83648	4.60613	0	10.4522	4.69259	7.04631	4.96542	5.80871	6.80226	4.1769	9.75671	7.76438	9.52309	3.63153	5.46481	10.4598	3.38323	9.79658	5.07098	4.4557	8.32033	7.496	5.48867	9.06148	3.18064	4.31342	6.7233	3.00636	6.45196	9.9829	9.03292	2.90499	5.22818	2.72065	2.60033	5.82929	5.26102	9.64823	3.95851	9.81548	5.31418	3.84497	9.4061	6.13755	3.29682	3.88128	
6.01456	10.6016	11.3865	4.16898	4.65651	2.32403	3.26855	2.28778	8.72883	5.38	7.64184	10.4522	0	5.6604	5.1404	4.33493	6.65642	5.19089	4.03918	9.62447	3.20103	1.44967	7.48416	5.8037	2.58149	2.38451	2.58693	4.6321	8.82486	6.8268	7.31487	13.7996	4.46436	6.04677	3.91772	0.233207	6.81129	4.6956	5.79045	7.81362	6.91266	3.64142	3.04709	11.8829	9.26259	13.6396	4.94925	5.95691	4.06821	3.05431	6.43456	4.38414	7.73084	3.65969	4.84225	
3.0109	11.6622	5.65711	5.06035	4.16587	1.87357	2.6314	6.31726	0.798172	9.61367	3.64911	4.69259	5.6604	0	2.25337	3.06436	3.90765	4.90121	3.0109	1.23488	4.382	7.25312	7.09983	5.82523	4.46859	3.27588	6.59874	3.97913	4.36034	0.278747	3.2605	6.49054	4.3532	5.86247	4.80909	4.82225	6.96076	6.70817	6.73883	5.33113	7.82637	3.32712	3.47636	5.12979	5.80419	2.18907	8.98527	2.05746	8.10596	5.91912	1.94391	7.70529	4.27934	1.39577	9.65154	
6.38444	9.9749	4.8453	2.24965	5.02788	5.69413	4.98512	5.7616	1.45519	8.53932	3.95488	7.04631	5.1404	2.25337	0	3.23466	1.35997	6.76734	4.52015	4.10283	6.54122	6.11992	8.84039	6.02641	4.17033	2.75589	6.82712	6.83237	2.86536	4.22724	4.07326	3.58687	7.85782	3.53586	4.2891	7.17597	2.52043	5.21319	3.24984	1.90103	3.81152	4.01279	2.34935	7.6501	4.3092	2.84609	6.52454	0.789881	4.14203	4.64315	4.29764	2.36265	6.50778	1.45157	7.55652	
6.7274	7.69385	4.25108	3.84283	5.03391	3.78981	2.90423	3.72337	4.68985	8.96662	3.92195	4.96542	4.33493	3.06436	3.23466	0	1.292	5.17404	4.94744	3.78669	4.63662	2.88526	6.93607	7.77933	6.83068	5.99055	4.9228	8.05984	4.47289	4.74282	3.46569	2.3427	5.72057	1.63154	8.09493	5.09508	4.34582	4.63048	3.00284	5.13569	1.9072	3.59995	5.2967	5.15177	4.2261	2.4954	4.61304	1.86209	2.11064	6.19195	2.21674	3.56428	2.16725	1.6686	5.6522	
3.27192	6.40184	4.6255	2.55083	3.7419	1.8479	3.74751	4.49949	4.44213	6.18386	4.76523	5.80871	6.65642	3.90765	1.35997	1.292	0	5.40647	4.30506	2.6768	5.05036	4.17727	4.89045	3.17601	6.89054	4.33529	7.22228	4.60436	4.84595	5.05616	2.17369	3.36707	6.19367	2.92355	6.29446	5.93836	2.30064	5.90111	6.03319	2.89946	4.20667	2.016	2.12956	3.85977	6.52721	2.98062	5.22096	0.570087	3.40265	4.40727	3.06003	2.14285	0.875244	1.23178	6.64449	
4.92947	8.0699	5.18284	7.95731	6.77029	9.14349	4.74107	8.22661	8.96387	6.30608	1.44724	6.80226	5.19089	4.90121	6.76734	5.17404	5.40647	0	4.0671	3.13172	9.4367	8.2131	0.670726	5.17039	2.60941	7.27979	6.64804	3.17569	2.53676	4.08785	3.63483	3.27446	7.97637	4.03793	8.18942	6.93192	3.957	4.18187	8.41774	10.4948	1.39727	4.53824	2.74605	5.7893	5.15786	4.975	4.97717	4.16713	7.32944	3.08223	4.05359	7.55022	4.68593	3.50544	11.0381	
0	11.351	5.80666	4.43433	1.15497	4.4773	0.904628	1.91256	2.64472	6.52683	3.34172	4.1769	4.03918	3.0109	4.52015	4.94744	4.30506	4.0671	0	3.5563	1.3711	2.72351	3.53157	3.92214	1.45769	2.11882	8.72737	3.80657	3.1913	3.28964	2.06077	8.25851	3.5972	2.11769	4.34775	7.37101	7.2282	5.51144	3.72793	4.78296	7.44494	2.5453	1.45625	0.85983	6.9978	1.25383	3.82546	3.01572	4.62013	1.93052	3.87684	6.85714	2.39667	2.14026	2.61688	
4.75057	9.63546	5.87716	4.58387	5.12975	2.55095	2.961	5.88733	3.69336	7.57547	4.57895	9.75671	9.62447	1.23488	4.10283	3.78669	2.6768	3.13172	3.5563	0	6.69413	4.77988	3.80244	1.50544	5.74112	5.39841	12.0831	7.16015	6.96819	0.956131	0.503112	6.12938	5.03059	3.16633	7.37824	9.88637	9.28457	4.23054	5.28602	5.34048	7.18592	4.9185	4.84284	6.68625	8.61693	1.31005	7.6593	4.67012	5.89733	6.37748	2.05765	6.37231	4.97527	4.19663	8.40858	
1.3711	11.9953	6.50877	5.80543	2.29276	3.79165	2.27573	1.53517	6.57892	6.43919	6.9292	7.76438	3.20103	4.382	6.54122	4.63662	5.05036	9.4367	1.3711	6.69413	0	1.75136	7.11905	4.62425	2.82879	2.43111	6.35564	6.1627	6.77878	6.0595	5.58959	6.48732	2.2261	6.8327	2.57657	4.03211	7.16202	4.99729	5.09903	10.955	7.06065	1.1742	2.82735	3.48999	5.22661	2.62493	14.4593	6.6032	5.83603	4.01945	6.73625	6.14749	2.31496	3.10556	5.32929	
3.60845	8.65575	6.9426	8.99077	1.59569	4.9859	1.81888	0.838107	7.27916	6.8304	8.76234	9.52309	1.44967	7.25312	6.11992	2.88526	4.17727	8.2131	2.72351	4.77988	1.75136	0	6.75708	5.84582	4.03116	3.83418	4.20518	7.25271	5.59376	6.58072	5.86519	5.22796	3.40636	4.51681	1.8795	1.68288	8.14245	3.24593	6.23632	9.92916	8.812	2.92556	6.01269	3.18706	4.52955	5.81027	7.80409	6.86848	4.99591	4.69666	4.79109	5.83382	5.92647	3.05451	4.63222	
5.60019	8.92097	7.12721	5.56731	5.44168	4.98786	7.25223	7.78476	4.75351	4.65803	2.11796	3.63153	7.48416	7.09983	8.84039	6.93607	4.89045	0.670726	3.53157	3.80244	7.11905	6.75708	0	4.75963	3.28013	2.7379	8.59579	4.42566	3.81038	6.73906	3.75731	3.94519	8.6471	1.0022	8.14227	7.71737	0.827908	3.51115	11.6697	10.084	0.72654	5.15596	2.07533	7.55241	7.43793	4.56425	11.5122	3.6348	9.13537	10.7312	5.31185	8.35451	4.0152	4.17617	3.23596	
3.92214	7.22797	1.88452	5.08309	5.07712	4.85947	4.02695	6.15942	7.24753	8.25183	13.1182	5.46481	5.8037	5.82523	6.02641	7.77933	3.17601	5.17039	3.92214	1.50544	4.62425	5.84582	4.75963	0	5.37984	3.41919	12.9415	3.5625	7.85547	3.98408	1.00233	3.7929	6.85035	7.01774	3.61745	6.95029	9.40849	4.72975	5.30079	7.32902	11.3686	4.66102	4.08176	5.80183	4.13352	1.80926	7.95246	5.91301	6.19298	6.47524	2.55687	4.34025	5.80177	5.20151	8.71245	
1.45769	8.73534	8.43571	5.89202	2.61266	3.70389	2.36232	4.76405	5.62552	6.74702	4.05664	10.4598	2.58149	4.46859	4.17033	6.83068	6.89054	2.60941	1.45769	5.74112	2.82879	4.03116	3.28013	5.37984	0	3.18574	5.337	5.13593	6.40158	7.47457	5.82521	4.63811	2.26617	7.05269	1.47358	2.81469	7.33951	4.05375	5.18562	5.03945	6.66361	1.92884	2.91394	3.57658	3.67401	2.71152	2.36777	4.96021	4.72003	0.472824	4.27067	2.60782	3.06959	3.8602	3.72653	
4.11281	10.8481	3.26614	1.78446	2.27199	3.34245	4.71154	2.5746	3.34076	7.45664	2.54805	3.38323	2.38451	3.27588	2.75589	5.99055	4.33529	7.27979	2.11882	5.39841	2.43111	3.83418	2.7379	3.41919	3.18574	0	5.14003	3.0129	2.39763	3.55463	4.42151	7.01008	6.84888	6.29175	1.53321	2.61772	8.0041	8.92683	6.00573	2.13309	7.33561	1.2569	0.662575	7.05942	7.01563	3.20295	5.70938	2.22205	7.28277	2.53397	5.38282	6.76866	2.39766	3.18826	1.82321	
11.5762	7.84607	4.29759	7.226	5.36556	4.44455	7.86884	5.88085	7.99679	2.62448	4.34806	9.79658	2.58693	6.59874	6.82712	4.9228	7.22228	6.64804	8.72737	12.0831	6.35564	4.20518	8.59579	12.9415	5.337	5.14003	0	2.61961	8.14491	8.204	9.89172	6.88202	4.12954	3.29126	5.48316	2.35372	6.00554	6.2902	5.11051	10.2027	3.56692	7.60811	3.24737	8.44722	9.14876	4.15512	13.9907	9.44919	4.21832	5.34044	5.10084	6.45894	6.34873	5.7802	2.08674	
6.12579	7.02143	1.67798	4.60639	5.71668	4.70177	7.18216	8.71788	4.7773	5.24409	1.72845	5.07098	4.6321	3.97913	6.83237	8.05984	4.60436	3.17569	3.80657	7.16015	6.1627	7.25271	4.42566	3.5625	5.13593	3.0129	2.61961	0	2.81797	4.25788	7.53383	3.58636	6.45646	4.31914	3.41091	4.3989	4.95914	4.00678	8.11992	4.95502	5.0605	4.86987	2.35033	6.42194	3.92699	4.8907	7.74593	3.9098	6.83793	4.66311	6.30673	6.7981	3.72912	3.9818	3.51096	
5.88269	2.74653	3.69285	5.22704	4.04187	4.94336	8.92398	4.79945	4.32055	5.94837	1.08952	4.4557	8.82486	4.36034	2.86536	4.47289	4.84595	2.53676	3.1913	6.96819	6.77878	5.59376	3.81038	7.85547	6.40158	2.39763	8.14491	2.81797	0	4.63909	6.07526	2.13019	6.65805	3.68022	8.31676	7.51701	2.60041	2.34783	4.81879	4.76639	2.70178	5.11147	1.73505	5.86066	1.44384	4.27542	2.75009	3.29452	3.9266	7.316	5.6678	7.66865	3.97071	3.34287	2.89568	
7.16263	12.1141	5.81731	4.94896	5.61377	1.59482	3.91713	6.64271	1.07692	8.28755	6.96391	8.32033	6.8268	0.278747	4.22724	4.74282	5.05616	4.08785	3.28964	0.956131	6.0595	6.58072	6.73906	3.98408	7.47457	3.55463	8.204	4.25788	4.63909	0	1.45924	7.68966	4.07446	3.75309	3.40407	3.68565	8.5684	6.70918	6.24215	5.29758	8.66977	4.21227	5.10486	3.95323	6.96834	3.2586	7.01147	5.01712	7.68439	4.82589	4.53629	4.91812	2.56748	1.67451	6.76031	
5.28104	8.4312	2.88684	4.08076	5.63286	4.57657	3.46411	6.7033	2.19783	4.03089	5.6153	7.496	7.31487	3.2605	4.07326	3.46569	2.17369	3.63483	2.06077	0.503112	5.58959	5.86519	3.75731	1.00233	5.82521	4.42151	9.89172	7.53383	6.07526	1.45924	0	7.23664	7.05621	1.6708	7.78606	7.62566	7.04358	3.72743	5.78913	4.42939	4.48385	4.41539	3.34731	5.19072	9.35212	0.806938	6.16377	2.74377	10.9094	6.88059	1.55454	4.44596	3.04893	2.10269	10.4506	
8.20393	3.18609	1.90838	7.04864	5.70973	5.74903	8.16834	4.95215	5.70939	10.9444	3.21972	5.48867	13.7996	6.49054	3.58687	2.3427	3.36707	3.27446	8.25851	6.12938	6.48732	5.22796	3.94519	3.7929	4.63811	7.01008	6.88202	3.58636	2.13019	7.68966	7.23664	0	7.09761	3.59076	3.64131	9.999	4.52754	4.47802	7.50403	6.15522	3.86642	9.62121	3.86525	6.65234	1.8834	4.45462	2.27035	2.79699	4.45334	9.4462	7.74454	4.36975	6.1009	3.45868	7.61141	
9.81904	6.5169	7.46321	6.51244	3.32584	3.69816	7.07303	2.56825	10.1714	4.2131	8.77966	9.06148	4.46436	4.3532	7.85782	5.72057	6.19367	7.97637	3.5972	5.03059	2.2261	3.40636	8.6471	6.85035	2.26617	6.84888	4.12954	6.45646	6.65805	4.07446	7.05621	7.09761	0	5.85643	2.79411	4.69757	8.98963	8.50008	4.50213	6.35998	8.14459	3.4003	7.26982	4.9172	5.21421	9.4861	6.52046	5.49416	3.60993	1.79335	6.68945	3.92139	4.67081	6.3167	5.04706	
6.36715	6.43903	5.49914	6.48185	6.17722	2.15827	4.57758	7.81477	2.25476	4.20715	2.59069	3.18064	6.04677	5.86247	3.53586	1.63154	2.92355	4.03793	2.11769	3.16633	6.8327	4.51681	1.0022	7.01774	7.05269	6.29175	3.29126	4.31914	3.68022	3.75309	1.6708	3.59076	5.85643	0	3.96751	4.2491	0.377024	2.99894	6.7857	5.43689	0.275656	4.77572	3.40423	4.51668	5.47416	0.863862	5.86111	4.32574	3.74219	5.38934	6.01546	5.48156	3.13093	3.30014	4.02065	
6.093	7.07638	1.73293	3.31767	1.79898	1.80924	6.24475	1.04139	8.71608	7.03369	7.98707	4.31342	3.91772	4.80909	4.2891	8.09493	6.29446	8.18942	4.34775	7.37824	2.57657	1.8795	8.14227	3.61745	1.47358	1.53321	5.48316	3.41091	8.31676	3.40407	7.78606	3.64131	2.79411	3.96751	0	3.90007	7.73231	8.4556	11.0529	4.71949	7.21841	2.79011	2.19578	3.39034	3.98194	8.593	7.22589	5.78835	9.03796	1.00076	6.98727	3.13575	2.7819	5.52411	4.25447	
8.05685	10.1998	6.07688	9.00528	6.10978	2.09083	4.66211	5.9543	9.77607	4.97821	5.67983	6.7233	0.233207	4.82225	7.17597	5.09508	5.93836	6.93192	7.37101	9.88637	4.03211	1.68288	7.71737	6.95029	2.81469	2.61772	2.35372	4.3989	7.51701	3.68565	7.62566	9.999	4.69757	4.2491	3.90007	0	7.0445	5.16918	4.7272	8.92819	12.2438	4.70828	6.74922	4.44923	7.46434	13.1482	7.50747	4.08817	3.835	3.4802	3.97463	4.61735	3.06348	3.42648	4.44046	
7.34357	9.15331	5.78596	6.21964	6.64228	4.87255	6.32357	10.3446	7.99099	4.03286	3.68994	3.00636	6.81129	6.96076	2.52043	4.34582	2.30064	3.957	7.2282	9.28457	7.16202	8.14245	0.827908	9.40849	7.33951	8.0041	6.00554	4.95914	2.60041	8.5684	7.04358	4.52754	8.98963	0.377024	7.73231	7.0445	0	4.94824	10.741	6.56827	0.101368	7.03337	3.29002	6.93819	4.04426	3.57814	9.25862	1.73055	6.52701	7.20323	6.6781	3.30332	6.57112	2.39224	6.73493	
