10
5
3
3
30

6	7
19	44
37	23
35	6
5	8

26	20
20	33
15	46
20	26
17	19
15	12
5	30
13	40
38	5
9	40

70

1.79769e+308
1.79769e+308
1.79769e+308
1.79769e+308
1.79769e+308

16
18
15
11
18
16
15
15
15
16

0
0
0
0
0

0

0	10.6227	7.82108	1.44659	0.0983113	3.74218	7.60198	6.08167	4.79395	4.55071	3.40183	8.46566	6.33427	2.70063	2.92604	
10.6227	0	7.97331	9.20696	11.1075	7.89929	8.47757	6.53137	6.19593	4.64285	5.79172	9.33587	9.99824	19.6733	8.2798	
7.82108	7.97331	0	5.91113	6.39688	3.61555	4.0142	1.44194	6.24894	6.87199	7.83658	9.67894	4.90881	9.18971	3.56915	
1.44659	9.20696	5.91113	0	1.5449	2.29558	6.93123	4.63508	4.86813	4.56411	3.47602	9.25713	7.44333	2.81522	9.61332	
0.0983113	11.1075	6.39688	1.5449	0	4.81045	7.50366	7.2613	6.59682	6.90964	3.50015	8.56398	6.43258	2.60232	2.82773	
3.74218	7.89929	3.61555	2.29558	4.81045	0	4.63565	5.05749	2.63339	3.25644	4.0255	7.23795	6.26949	5.11081	6.40248	
7.60198	8.47757	4.0142	6.93123	7.50366	4.63565	0	2.57226	3.15861	3.83472	4.55072	7.76317	6.03913	10.106	6.9277	
6.08167	6.53137	1.44194	4.63508	7.2613	5.05749	2.57226	0	5.73087	6.40698	6.39464	5.7598	3.46687	7.45031	4.97823	
4.79395	6.19593	6.24894	4.86813	6.59682	2.63339	3.15861	5.73087	0	1.55308	1.39211	4.60456	5.35942	16.0258	3.76909	
4.55071	4.64285	6.87199	4.56411	6.90964	3.25644	3.83472	6.40698	1.55308	0	1.14887	4.69302	5.11619	7.37933	5.32217	
3.40183	5.79172	7.83658	3.47602	3.50015	4.0255	4.55072	6.39464	1.39211	1.14887	0	5.84189	3.96731	6.29124	5.1612	
8.46566	9.33587	9.67894	9.25713	8.56398	7.23795	7.76317	5.7598	4.60456	4.69302	5.84189	0	2.29293	16.3972	6.10978	
6.33427	9.99824	4.90881	7.44333	6.43258	6.26949	6.03913	3.46687	5.35942	5.11619	3.96731	2.29293	0	18.601	8.40271	
2.70063	19.6733	9.18971	2.81522	2.60232	5.11081	10.106	7.45031	16.0258	7.37933	6.29124	16.3972	18.601	0	5.43005	
2.92604	8.2798	3.56915	9.61332	2.82773	6.40248	6.9277	4.97823	3.76909	5.32217	5.1612	6.10978	8.40271	5.43005	0	

0	10.1918	8.14344	10.7838	0.872376	12.3091	9.48397	12.0243	13.0199	1.80195	11.4823	6.80991	10.9935	11.3735	9.76219	
10.1918	0	4.71539	17.199	13.9353	7.57377	6.52109	1.49376	8.73163	4.91528	13.06	3.38186	2.27331	7.30378	2.30236	
8.14344	4.71539	0	9.45802	11.3049	5.65159	7.04127	7.68342	6.20728	7.08916	7.74492	1.33353	5.87964	10.1525	4.29514	
10.7838	17.199	9.45802	0	8.22265	5.43751	4.86208	14.2358	3.25074	4.13261	4.78837	10.8963	5.6202	0.589731	9.08081	
0.872376	13.9353	11.3049	8.22265	0	3.41792	8.61159	12.4961	1.81145	0.92957	12.3546	7.68229	3.57154	6.71469	10.6346	
12.3091	7.57377	5.65159	5.43751	3.41792	0	1.38968	7.53347	2.18677	2.48835	3.72441	6.98512	5.13032	8.27347	5.27141	
9.48397	6.52109	7.04127	4.86208	8.61159	1.38968	0	6.48079	3.57646	3.87804	7.18413	7.18034	6.28157	5.45181	4.21873	
12.0243	1.49376	7.68342	14.2358	12.4961	7.53347	6.48079	0	8.69133	4.44576	13.0197	4.87562	1.80379	6.83426	2.26206	
13.0199	8.73163	6.20728	3.25074	1.81145	2.18677	3.57646	8.69133	0	0.881876	1.53763	7.54081	3.52385	3.84047	6.42927	
1.80195	4.91528	7.08916	4.13261	0.92957	2.48835	3.87804	4.44576	0.881876	0	2.41951	9.34972	2.64197	5.78512	4.70481	
11.4823	13.06	7.74492	4.78837	12.3546	3.72441	7.18413	13.0197	1.53763	2.41951	0	10.0055	12.8205	14.2389	7.9669	
6.80991	3.38186	1.33353	10.8963	7.68229	6.98512	7.18034	4.87562	7.54081	9.34972	10.0055	0	5.02444	18.8473	2.96161	
10.9935	2.27331	5.87964	5.6202	3.57154	5.13032	6.28157	1.80379	3.52385	2.64197	12.8205	5.02444	0	5.03047	2.06283	
11.3735	7.30378	10.1525	0.589731	6.71469	8.27347	5.45181	6.83426	3.84047	5.78512	14.2389	18.8473	5.03047	0	7.09331	
9.76219	2.30236	4.29514	9.08081	10.6346	5.27141	4.21873	2.26206	6.42927	4.70481	7.9669	2.96161	2.06283	7.09331	0	

0	2.12622	6.49353	5.16997	0.845607	3.41979	5.59427	3.7034	3.10902	5.33622	4.15905	2.48031	6.08477	9.34615	3.19219	
2.12622	0	12.4078	5.04443	2.97183	5.54601	4.80479	1.57717	6.16204	4.45343	4.0335	4.16033	2.08688	9.2206	1.06596	
6.49353	12.4078	0	5.49865	5.13058	11.3546	7.50776	8.41812	2.36319	1.7135	10.8177	3.49588	8.82695	8.10595	5.10096	
5.16997	5.04443	5.49865	0	5.31781	10.4278	4.10311	11.3339	4.43485	3.78515	1.01093	8.17061	2.83954	0.900825	3.86046	
0.845607	2.97183	5.13058	5.31781	0	3.7133	6.50273	6.55694	2.26342	2.91311	4.30688	1.6347	5.23916	9.49398	4.72906	
3.41979	5.54601	11.3546	10.4278	3.7133	0	2.17448	4.45313	1.44988	2.09958	7.57884	6.41744	3.43805	12.7267	7.79802	
5.59427	4.80479	7.50776	4.10311	6.50273	2.17448	0	6.38196	3.62437	5.79426	8.83829	6.59464	1.26357	12.1867	2.28448	
3.7034	1.57717	8.41812	11.3339	6.55694	4.45313	6.38196	0	4.58487	5.23457	5.61068	4.92224	7.37241	15.5101	2.64314	
3.10902	6.16204	2.36319	4.43485	2.26342	1.44988	3.62437	4.58487	0	0.649698	6.57029	3.89812	7.50258	7.04215	4.03717	
5.33622	4.45343	1.7135	3.78515	2.91311	2.09958	5.79426	5.23457	0.649698	0	4.79608	5.20938	4.40838	4.68597	3.38747	
4.15905	4.0335	10.8177	1.01093	4.30688	7.57884	8.83829	5.61068	6.57029	4.79608	0	5.94158	3.85047	1.91175	5.09947	
2.48031	4.16033	3.49588	8.17061	1.6347	6.41744	6.59464	4.92224	3.89812	5.20938	5.94158	0	4.11528	11.6284	3.09436	
6.08477	2.08688	8.82695	2.83954	5.23916	3.43805	1.26357	7.37241	7.50258	4.40838	3.85047	4.11528	0	3.74037	1.02092	
9.34615	9.2206	8.10595	0.900825	9.49398	12.7267	12.1867	15.5101	7.04215	4.68597	1.91175	11.6284	3.74037	0	9.77992	
3.19219	1.06596	5.10096	3.86046	4.72906	7.79802	2.28448	2.64314	4.03717	3.38747	5.09947	3.09436	1.02092	9.77992	0	

0	7.80962	18.0581	8.79485	5.4913	9.04026	7.86709	14.0981	8.25781	6.49165	8.61997	3.20102	7.70995	15.5819	4.35976	
7.80962	0	4.25393	10.0199	6.24421	5.46518	2.76625	2.33333	3.4777	7.52291	8.04035	3.34561	4.16306	10.0369	2.18686	
18.0581	4.25393	0	5.13053	4.4822	3.49343	1.48768	4.35452	1.71569	6.03638	6.27834	6.15375	4.26428	8.55037	6.35146	
8.79485	10.0199	5.13053	0	9.30867	1.6371	8.98716	11.7495	3.62458	9.30107	11.1048	7.47634	10.348	6.78709	11.8625	
5.4913	6.24421	4.4822	9.30867	0	4.754	5.21151	17.1706	2.76651	6.80116	7.32916	8.69231	6.57235	9.31514	8.08685	
9.04026	5.46518	3.49343	1.6371	4.754	0	4.43249	7.84795	1.98749	6.61367	6.55014	5.83924	5.79333	8.42419	6.99799	
7.86709	2.76625	1.48768	8.98716	5.21151	4.43249	0	4.92262	2.445	7.07119	7.00765	4.66607	5.75196	14.8597	4.95311	
14.0981	2.33333	4.35452	11.7495	17.1706	7.84795	4.92262	0	5.63558	9.85624	6.88075	8.07732	1.82973	12.8834	3.91692	
8.25781	3.4777	1.71569	3.62458	2.76651	1.98749	2.445	5.63558	0	4.62619	4.56265	6.47909	3.80584	7.14018	5.32034	
6.49165	7.52291	6.03638	9.30107	6.80116	6.61367	7.07119	9.85624	4.62619	0	1.22238	3.29063	6.2734	2.51399	4.44938	
8.61997	8.04035	6.27834	11.1048	7.32916	6.55014	7.00765	6.88075	4.56265	1.22238	0	4.51302	5.05102	3.73637	7.1382	
3.20102	3.34561	6.15375	7.47634	8.69231	5.83924	4.66607	8.07732	6.47909	3.29063	4.51302	0	3.24593	5.80462	1.15875	
7.70995	4.16306	4.26428	10.348	6.57235	5.79333	5.75196	1.82973	3.80584	6.2734	5.05102	3.24593	0	12.2917	2.08719	
15.5819	10.0369	8.55037	6.78709	9.31514	8.42419	14.8597	12.8834	7.14018	2.51399	3.73637	5.80462	12.2917	0	10.2045	
4.35976	2.18686	6.35146	11.8625	8.08685	6.99799	4.95311	3.91692	5.32034	4.44938	7.1382	1.15875	2.08719	10.2045	0	

0	9.72096	8.10253	3.33945	0.709144	7.85084	4.85922	5.37597	6.10618	7.03986	1.87585	3.64378	3.55895	16.1552	3.00158	
9.72096	0	5.95832	11.6066	10.5983	13.9045	5.2338	9.09377	10.1137	13.0148	9.43156	7.36159	0.237416	8.40207	0.794785	
8.10253	5.95832	0	6.19213	5.89131	1.79401	3.07241	7.70944	2.83676	3.1582	4.7246	10.2242	5.7209	5.79827	6.23106	
3.33945	11.6066	6.19213	0	2.63031	6.64798	3.65635	7.21541	8.02734	5.837	2.17506	7.67661	7.59178	0.393863	7.03441	
0.709144	10.5983	5.89131	2.63031	0	5.63962	2.648	7.93227	5.39703	4.82864	1.1667	9.07625	8.99142	3.02417	3.71072	
7.85084	13.9045	1.79401	6.64798	5.63962	0	5.63174	5.91543	3.09943	1.36419	4.47292	5.21022	7.51491	7.59227	7.65958	
4.85922	5.2338	3.07241	3.65635	2.648	5.63174	0	7.58344	0.23565	1.97089	1.48129	1.52233	4.99638	13.161	2.16453	
5.37597	9.09377	7.70944	7.21541	7.93227	5.91543	7.58344	0	5.76869	7.27962	9.39047	3.01659	2.93176	7.60928	2.37439	
6.10618	10.1137	2.83676	8.02734	5.39703	3.09943	0.23565	5.76869	0	1.73524	1.71694	1.75798	3.95167	8.63503	3.3943	
7.03986	13.0148	3.1582	5.837	4.82864	1.36419	1.97089	7.27962	1.73524	0	3.66194	3.84603	6.85276	9.64648	4.48823	
1.87585	9.43156	4.7246	2.17506	1.1667	4.47292	1.48129	9.39047	1.71694	3.66194	0	3.00362	6.47768	2.56892	6.37951	
3.64378	7.36159	10.2242	7.67661	9.07625	5.21022	1.52233	3.01659	1.75798	3.84603	3.00362	0	1.19957	16.4177	0.642204	
3.55895	0.237416	5.7209	7.59178	8.99142	7.51491	4.99638	2.93176	3.95167	6.85276	6.47768	1.19957	0	8.16465	0.557369	
16.1552	8.40207	5.79827	0.393863	3.02417	7.59227	13.161	7.60928	8.63503	9.64648	2.56892	16.4177	8.16465	0	7.42827	
3.00158	0.794785	6.23106	7.03441	3.71072	7.65958	2.16453	2.37439	3.3943	4.48823	6.37951	0.642204	0.557369	7.42827	0	

0	4.98654	9.57451	11.3432	0.618575	6.7206	5.58029	11.5427	8.52758	8.44331	8.70306	10.7768	3.94514	17.5995	4.28128	
4.98654	0	10.4182	11.4856	8.54778	4.7046	2.34571	1.30637	3.6343	4.35865	15.3419	5.30295	1.0414	14.4701	1.37754	
9.57451	10.4182	0	6.89597	17.8191	10.778	2.60357	2.68769	0.359764	3.92968	17.8984	1.92178	4.9422	7.20998	5.39239	
11.3432	11.4856	6.89597	0	17.6597	4.62261	6.98151	10.1792	7.25573	7.22867	11.743	6.72105	12.3926	0.314007	9.03137	
0.618575	8.54778	17.8191	17.6597	0	7.33918	9.14152	11.6836	9.83332	7.85977	8.08449	13.3104	4.56372	17.3457	7.84251	
6.7206	4.7046	10.778	4.62261	7.33918	0	2.3589	6.42991	4.6027	2.60606	5.12558	5.31614	3.99404	4.93662	8.10611	
5.58029	2.34571	2.60357	6.98151	9.14152	2.3589	0	3.65208	2.2438	2.01295	4.53247	2.95724	1.63514	12.1244	1.97128	
11.5427	1.30637	2.68769	10.1792	11.6836	6.42991	3.65208	0	2.32793	3.82385	6.34337	3.88994	2.34777	10.4932	6.78101	
8.52758	3.6343	0.359764	7.25573	9.83332	4.6027	2.2438	2.32793	0	3.56991	6.08944	1.56202	3.87895	14.3682	3.87234	
8.44331	4.35865	3.92968	7.22867	7.85977	2.60606	2.01295	3.82385	3.56991	0	2.51953	4.97019	3.64809	13.485	7.93203	
8.70306	15.3419	17.8984	11.743	8.08449	5.12558	4.53247	6.34337	6.08944	2.51953	0	8.14124	14.6314	17.9993	14.0177	
10.7768	5.30295	1.92178	6.72105	13.3104	5.31614	2.95724	3.88994	1.56202	4.97019	8.14124	0	2.64645	7.03505	2.31032	
3.94514	1.0414	4.9422	12.3926	4.56372	3.99404	1.63514	2.34777	3.87895	3.64809	14.6314	2.64645	0	13.7595	0.336135	
17.5995	14.4701	7.20998	0.314007	17.3457	4.93662	12.1244	10.4932	14.3682	13.485	17.9993	7.03505	13.7595	0	19.5624	
4.28128	1.37754	5.39239	9.03137	7.84251	8.10611	1.97128	6.78101	3.87234	7.93203	14.0177	2.31032	0.336135	19.5624	0	

0	5.20493	6.88858	8.61854	1.1895	8.20281	7.81005	9.40906	8.92701	7.30184	3.81969	4.54873	5.8756	7.19259	11.4208	
5.20493	0	7.3081	7.2223	4.01544	8.62233	2.34538	2.16852	4.96909	5.58323	4.32395	2.56629	3.56425	11.1358	1.46425	
6.88858	7.3081	0	2.56793	8.07807	1.31423	9.65348	9.47662	5.44624	5.18928	13.8537	9.87439	12.3293	3.99388	8.32598	
8.61854	7.2223	2.56793	0	13.7915	3.88216	5.50202	10.7781	2.87831	4.50348	7.36026	9.9955	9.55038	1.42595	5.75805	
1.1895	4.01544	8.07807	13.7915	0	12.5378	4.60876	6.18395	7.11213	8.49134	2.63019	5.73823	7.32191	8.38209	5.47968	
8.20281	8.62233	1.31423	3.88216	12.5378	0	8.05075	13.5797	5.42704	4.67298	9.90899	12.3166	12.0991	4.22756	8.79196	
7.81005	2.34538	9.65348	5.50202	4.60876	8.05075	0	1.59901	2.62371	4.24888	1.97857	3.2778	2.99474	10.9512	3.80963	
9.40906	2.16852	9.47662	10.7781	6.18395	13.5797	1.59901	0	4.22272	6.10268	3.57758	2.7226	1.39573	9.35217	3.63276	
8.92701	4.96909	5.44624	2.87831	7.11213	5.42704	2.62371	4.22272	0	1.62517	4.48195	5.90151	5.92	4.30426	5.74415	
7.30184	5.58323	5.18928	4.50348	8.49134	4.67298	4.24888	6.10268	1.62517	0	6.10712	7.78147	7.79996	8.90054	4.11898	
3.81969	4.32395	13.8537	7.36026	2.63019	9.90899	1.97857	3.57758	4.48195	6.10712	0	5.25637	5.27486	14.1959	8.66539	
4.54873	2.56629	9.87439	9.9955	5.73823	12.3166	3.2778	2.7226	5.90151	7.78147	5.25637	0	1.32687	8.56955	4.03054	
5.8756	3.56425	12.3293	9.55038	7.32191	12.0991	2.99474	1.39573	5.92	7.79996	5.27486	1.32687	0	9.89642	6.90683	
7.19259	11.1358	3.99388	1.42595	8.38209	4.22756	10.9512	9.35217	4.30426	8.90054	14.1959	8.56955	9.89642	0	7.184	
11.4208	1.46425	8.32598	5.75805	5.47968	8.79196	3.80963	3.63276	5.74415	4.11898	8.66539	4.03054	6.90683	7.184	0	

0	7.2131	10.8545	8.06829	5.51133	13.9592	10.2575	6.60193	13.0893	7.60797	11.052	8.06768	8.30443	11.3429	5.98281	
7.2131	0	4.34943	3.31577	7.17698	11.2616	2.4308	0.576688	5.01317	6.9594	11.4635	3.83783	3.55192	9.30491	1.19581	
10.8545	4.34943	0	6.41285	11.105	4.48684	10.1208	3.77274	6.87681	11.3143	10.7706	17.6492	14.6781	4.81801	4.39186	
8.06829	3.31577	6.41285	0	9.11938	4.21114	7.94765	2.7046	3.65365	8.17907	12.281	4.69302	4.4071	1.59485	2.08548	
5.51133	7.17698	11.105	9.11938	0	11.8244	4.74617	11.0942	7.32854	2.09664	3.11934	6.99513	3.57307	10.7142	5.8947	
13.9592	11.2616	4.48684	4.21114	11.8244	0	5.47629	8.25958	2.89392	7.30644	6.28374	7.91556	6.92039	2.61629	12.4918	
10.2575	2.4308	10.1208	7.94765	4.74617	5.47629	0	3.00749	2.58237	4.5286	5.5513	7.60401	4.38373	4.64117	3.6611	
6.60193	0.576688	3.77274	2.7046	11.0942	8.25958	3.00749	0	8.23609	6.71272	12.8877	3.22666	2.94075	5.30423	0.61912	
13.0893	5.01317	6.87681	3.65365	7.32854	2.89392	2.58237	8.23609	0	7.11097	8.55196	5.02164	4.02647	2.0588	6.3481	
7.60797	6.9594	11.3143	8.17907	2.09664	7.30644	4.5286	6.71272	7.11097	0	1.0227	8.70113	5.66971	9.58806	6.09359	
11.052	11.4635	10.7706	12.281	3.11934	6.28374	5.5513	12.8877	8.55196	1.0227	0	15.9471	9.11375	8.90003	7.11629	
8.06768	3.83783	17.6492	4.69302	6.99513	7.91556	7.60401	3.22666	5.02164	8.70113	15.9471	0	3.42206	7.08045	2.60754	
8.30443	3.55192	14.6781	4.4071	3.57307	6.92039	4.38373	2.94075	4.02647	5.66971	9.11375	3.42206	0	6.08528	2.32163	
11.3429	9.30491	4.81801	1.59485	10.7142	2.61629	4.64117	5.30423	2.0588	9.58806	8.90003	7.08045	6.08528	0	3.68032	
5.98281	1.19581	4.39186	2.08548	5.8947	12.4918	3.6611	0.61912	6.3481	6.09359	7.11629	2.60754	2.32163	3.68032	0	

0	4.79687	12.8324	8.26424	1.72145	5.54472	4.12644	10.4899	3.99693	5.61166	10.6428	13.7269	2.89043	7.27641	9.45216	
4.79687	0	9.63541	16.6958	6.22627	2.34773	1.19285	5.0384	0.799943	2.41467	7.44577	7.77087	4.81851	7.07387	4.00066	
12.8324	9.63541	0	5.38917	14.2579	2.49823	9.22837	7.57619	4.04602	5.9408	8.23922	24.2117	12.9423	7.18815	11.0179	
8.26424	16.6958	5.38917	0	6.5428	2.89093	13.7126	7.96889	4.43872	6.33351	6.68481	12.2392	7.71178	6.52816	11.4106	
1.72145	6.22627	14.2579	6.5428	0	6.97412	5.81924	2.37803	5.27584	7.04106	12.0722	7.75801	1.16898	7.2358	1.98684	
5.54472	2.34773	2.49823	2.89093	6.97412	0	1.9407	5.07796	1.54779	3.16252	5.74099	12.6071	5.65465	4.68992	6.1157	
4.12644	1.19285	9.22837	13.7126	5.81924	1.9407	0	8.23972	0.392905	2.00764	7.03873	9.62216	4.49976	6.66683	7.64406	
10.4899	5.0384	7.57619	7.96889	2.37803	5.07796	8.23972	0	5.31591	6.11993	5.08266	7.52913	1.20905	9.76788	1.03774	
3.99693	0.799943	4.04602	4.43872	5.27584	1.54779	0.392905	5.31591	0	1.61473	6.64583	8.57081	4.10686	6.23771	4.8006	
5.61166	2.41467	5.9408	6.33351	7.04106	3.16252	2.00764	6.11993	1.61473	0	6.32279	12.9416	5.72159	7.88865	5.0822	
10.6428	7.44577	8.23922	6.68481	12.0722	5.74099	7.03873	5.08266	6.64583	6.32279	0	12.6118	6.29171	10.4309	6.1204	
13.7269	7.77087	24.2117	12.2392	7.75801	12.6071	9.62216	7.52913	8.57081	12.9416	12.6118	0	6.58903	16.8066	7.40688	
2.89043	4.81851	12.9423	7.71178	1.16898	5.65465	4.49976	1.20905	4.10686	5.72159	6.29171	6.58903	0	8.40479	0.817855	
7.27641	7.07387	7.18815	6.52816	7.2358	4.68992	6.66683	9.76788	6.23771	7.88865	10.4309	16.8066	8.40479	0	13.2096	
9.45216	4.00066	11.0179	11.4106	1.98684	6.1157	7.64406	1.03774	4.8006	5.0822	6.1204	7.40688	0.817855	13.2096	0	

0	7.11172	2.13099	8.83481	0.395083	4.06741	6.5569	12.4285	4.9648	6.32495	2.25413	7.23078	9.7386	3.11207	11.0062	
7.11172	0	9.24271	11.2318	7.5068	4.46588	7.95406	6.78078	4.7299	3.2718	7.34262	2.71522	8.03711	9.53833	3.89453	
2.13099	9.24271	0	2.48634	2.52608	3.83785	5.86757	13.6511	5.4708	5.03193	4.38512	7.52264	10.5652	0.981079	6.62488	
8.83481	11.2318	2.48634	0	9.22989	4.72064	5.86818	11.4689	3.08769	4.54579	5.79837	5.7561	6.89435	1.50526	7.14906	
0.395083	7.5068	2.52608	9.22989	0	7.29306	6.95199	10.4437	8.19045	9.55059	2.64921	6.8357	9.34352	10.2389	14.3024	
4.06741	4.46588	3.83785	4.72064	7.29306	0	2.02973	4.70306	1.63295	1.19408	1.81328	3.68479	5.4396	4.81893	3.95203	
6.5569	7.95406	5.86757	5.86818	6.95199	2.02973	0	11.843	2.78049	3.22381	3.84301	5.23884	6.58714	5.69391	5.98175	
12.4285	6.78078	13.6511	11.4689	10.4437	4.70306	11.843	0	4.90686	3.50898	7.5798	9.89967	1.1002	10.6843	6.05906	
4.9648	4.7299	5.4708	3.08769	8.19045	1.63295	2.78049	4.90686	0	1.4581	2.71068	2.66841	3.80665	4.59295	5.58497	
6.32495	3.2718	5.03193	4.54579	9.55059	1.19408	3.22381	3.50898	1.4581	0	3.00737	4.12651	4.60919	8.28924	5.14611	
2.25413	7.34262	4.38512	5.79837	2.64921	1.81328	3.84301	7.5798	2.71068	3.00737	0	5.37908	6.51733	9.54182	5.76531	
7.23078	2.71522	7.52264	5.7561	6.8357	3.68479	5.23884	9.89967	2.66841	4.12651	5.37908	0	6.47506	9.49955	6.60975	
9.7386	8.03711	10.5652	6.89435	9.34352	5.4396	6.58714	1.1002	3.80665	4.60919	6.51733	6.47506	0	9.58408	4.95885	
3.11207	9.53833	0.981079	1.50526	10.2389	4.81893	5.69391	10.6843	4.59295	8.28924	9.54182	9.49955	9.58408	0	5.6438	
11.0062	3.89453	6.62488	7.14906	14.3024	3.95203	5.98175	6.05906	5.58497	5.14611	5.76531	6.60975	4.95885	5.6438	0	

0	2.31961	9.25548	4.64817	0.656894	5.56982	3.97172	4.00891	7.82238	5.07388	2.71134	5.72614	4.62538	6.78216	4.21545	
2.31961	0	12.5154	6.96778	2.97651	8.33442	6.6509	1.6893	5.29061	2.75427	5.03095	8.04575	2.30577	9.60371	1.89584	
9.25548	12.5154	0	4.60731	16.2602	2.02263	3.90859	9.23621	3.45195	8.74904	4.88112	5.77302	6.4368	5.14048	8.46121	
4.64817	6.96778	4.60731	0	5.30506	5.25183	8.5159	8.95846	3.17421	8.98343	7.35951	6.58782	6.15905	2.13399	9.72518	
0.656894	2.97651	16.2602	5.30506	0	10.5811	15.6722	23.1602	24.7945	6.07606	3.36824	6.38303	19.3148	7.46329	24.0131	
5.56982	8.33442	2.02263	5.25183	10.5811	0	4.11886	6.90948	4.74395	6.7264	2.85848	7.79565	7.72879	3.11784	6.43858	
3.97172	6.6509	3.90859	8.5159	15.6722	4.11886	0	4.99081	7.32998	6.60884	1.26038	5.18499	4.34513	11.054	5.9325	
4.00891	1.6893	9.23621	8.95846	23.1602	6.90948	4.99081	0	3.63052	4.44356	18.4121	9.47326	0.645676	15.4047	0.470901	
7.82238	5.29061	3.45195	3.17421	24.7945	4.74395	7.32998	3.63052	0	11.4703	7.60243	9.22497	2.98484	5.3082	4.57221	
5.07388	2.75427	8.74904	8.98343	6.07606	6.7264	6.60884	4.44356	11.4703	0	5.34846	11.1453	5.06003	6.84944	4.6501	
2.71134	5.03095	4.88112	7.35951	3.36824	2.85848	1.26038	18.4121	7.60243	5.34846	0	6.44536	5.60551	5.97632	9.16774	
5.72614	8.04575	5.77302	6.58782	6.38303	7.79565	5.18499	9.47326	9.22497	11.1453	6.44536	0	8.82758	8.72181	10.4149	
4.62538	2.30577	6.4368	6.15905	19.3148	7.72879	4.34513	0.645676	2.98484	5.06003	5.60551	8.82758	0	14.759	1.11658	
6.78216	9.60371	5.14048	2.13399	7.46329	3.11784	11.054	15.4047	5.3082	6.84944	5.97632	8.72181	14.759	0	9.55642	
4.21545	1.89584	8.46121	9.72518	24.0131	6.43858	5.9325	0.470901	4.57221	4.6501	9.16774	10.4149	1.11658	9.55642	0	

0	6.47317	6.64512	13.9987	1.14269	2.284	8.42269	17.3925	2.91154	2.17346	2.45395	11.681	8.76911	11.2327	5.78072	
6.47317	0	13.2056	8.31865	10.4329	5.98357	4.1024	0.897979	5.18758	4.29971	8.50636	4.98095	2.79672	10.5037	5.94922	
6.64512	13.2056	0	7.9785	8.72345	4.36113	10.4998	12.3076	4.98867	6.04499	8.03095	10.7353	17.5576	5.21249	18.0015	
13.9987	8.31865	7.9785	0	8.88605	23.0938	10.0654	10.7719	7.9128	11.7814	5.58448	8.28878	5.52194	2.76601	10.569	
1.14269	10.4329	8.72345	8.88605	0	3.42669	8.35007	12.8861	4.92928	3.31615	1.31126	5.44321	7.32015	4.12972	9.33624	
2.284	5.98357	4.36113	23.0938	3.42669	0	4.04833	16.6688	0.627547	1.68386	5.67358	9.40357	3.01841	9.57362	5.0345	
8.42269	4.1024	10.4998	10.0654	8.35007	4.04833	0	5.00038	3.42078	5.63427	8.57936	7.86773	4.54343	8.22908	7.82774	
17.3925	0.897979	12.3076	10.7719	12.8861	16.6688	5.00038	0	7.35416	5.19769	17.7928	5.87893	3.6947	14.9744	6.8472	
2.91154	5.18758	4.98867	7.9128	4.92928	0.627547	3.42078	7.35416	0	2.21349	6.24054	5.71517	2.39087	11.6499	4.40696	
2.17346	4.29971	6.04499	11.7814	3.31615	1.68386	5.63427	5.19769	2.21349	0	4.20665	6.35219	4.60435	7.02511	3.60726	
2.45395	8.50636	8.03095	5.58448	1.31126	5.67358	8.57936	17.7928	6.24054	4.20665	0	4.13195	7.45625	2.81846	6.87688	
11.681	4.98095	10.7353	8.28878	5.44321	9.40357	7.86773	5.87893	5.71517	6.35219	4.13195	0	3.32431	5.52277	2.74493	
8.76911	2.79672	17.5576	5.52194	7.32015	3.01841	4.54343	3.6947	2.39087	4.60435	7.45625	3.32431	0	8.28795	5.04706	
11.2327	10.5037	5.21249	2.76601	4.12972	9.57362	8.22908	14.9744	11.6499	7.02511	2.81846	5.52277	8.28795	0	8.2677	
5.78072	5.94922	18.0015	10.569	9.33624	5.0345	7.82774	6.8472	4.40696	3.60726	6.87688	2.74493	5.04706	8.2677	0	

0	8.90288	5.79893	5.71145	1.11555	2.91222	6.9176	7.79325	6.31366	2.16815	2.7846	4.72513	5.54738	2.91721	6.28404	
8.90288	0	2.22717	10.7248	9.55239	3.95022	3.17846	1.94825	3.9733	5.57107	5.77958	9.70737	4.19412	8.8441	5.78905	
5.79893	2.22717	0	7.161	6.44844	1.72305	4.73437	4.17542	1.74612	2.46712	3.55241	6.32958	6.93591	4.38856	10.8014	
5.71145	10.7248	7.161	0	2.34573	9.78733	4.67285	8.43929	3.1865	7.8796	8.49605	6.99505	10.4063	0.544068	16.8448	
1.11555	9.55239	6.44844	2.34573	0	4.72539	5.93045	9.69689	4.4441	3.2837	3.90015	3.60958	6.66292	1.80166	9.57288	
2.91222	3.95022	1.72305	9.78733	4.72539	0	3.01132	4.24153	2.23778	0.744066	3.06556	4.7417	4.38155	4.88022	4.85995	
6.9176	3.17846	4.73437	4.67285	5.93045	3.01132	0	1.23021	5.24911	3.75539	5.01233	4.78143	1.37022	4.12879	2.84455	
7.79325	1.94825	4.17542	8.43929	9.69689	4.24153	1.23021	0	5.24332	6.14175	5.88798	5.65708	2.24587	5.359	3.7202	
6.31366	3.9733	1.74612	3.1865	4.4441	2.23778	5.24911	5.24332	0	2.98185	5.29853	4.58345	5.18979	2.64243	6.66412	
2.16815	5.57107	2.46712	7.8796	3.2837	0.744066	3.75539	6.14175	2.98185	0	2.32149	3.99763	5.59022	8.95662	4.11589	
2.7846	5.77958	3.55241	8.49605	3.90015	3.06556	5.01233	5.88798	5.29853	2.32149	0	6.31912	3.64211	10.1693	5.11644	
4.72513	9.70737	6.32958	6.99505	3.60958	4.7417	4.78143	5.65708	4.58345	3.99763	6.31912	0	3.41121	5.41125	4.88554	
5.54738	4.19412	6.93591	10.4063	6.66292	4.38155	1.37022	2.24587	5.18979	5.59022	3.64211	3.41121	0	5.49901	1.47433	
2.91721	8.8441	4.38856	0.544068	1.80166	4.88022	4.12879	5.359	2.64243	8.95662	10.1693	5.41125	5.49901	0	11.736	
6.28404	5.78905	10.8014	16.8448	9.57288	4.85995	2.84455	3.7202	6.66412	4.11589	5.11644	4.88554	1.47433	11.736	0	

0	3.79192	3.67206	13.868	3.27135	4.77367	5.00772	3.46352	6.32808	4.0118	4.56302	0.833455	2.11706	7.43539	4.20792	
3.79192	0	7.00731	14.5163	11.6218	4.33148	1.02704	3.02133	4.04208	4.49946	5.9998	7.08028	1.67487	9.43267	1.88245	
3.67206	7.00731	0	8.91014	6.62951	2.51496	6.38469	6.12281	4.85636	5.99067	1.00751	2.8386	7.46927	12.6903	9.58427	
13.868	14.5163	8.91014	0	14.927	10.8125	13.4893	15.0329	13.1539	7.20377	9.30501	11.7487	11.538	3.78017	16.8946	
3.27135	11.6218	6.62951	14.927	0	4.6463	6.07178	8.87454	3.05673	5.89358	5.62199	4.1048	5.38841	15.3711	18.4693	
4.77367	4.33148	2.51496	10.8125	4.6463	0	4.60461	4.00308	1.58956	4.4264	1.50745	5.96292	2.65662	10.4144	4.74748	
5.00772	1.02704	6.38469	13.4893	6.07178	4.60461	0	4.23713	3.01505	3.47243	5.37717	6.05324	2.7019	6.89602	2.90948	
3.46352	3.02133	6.12281	15.0329	8.87454	4.00308	4.23713	0	5.81781	8.65465	7.13032	8.96141	1.34647	9.10427	3.43733	
6.32808	4.04208	4.85636	13.1539	3.05673	1.58956	3.01505	5.81781	0	2.83684	3.09701	6.72251	4.24618	6.26044	8.57518	
4.0118	4.49946	5.99067	7.20377	5.89358	4.4264	3.47243	8.65465	2.83684	0	4.98316	4.84525	6.12886	3.4236	5.73834	
4.56302	5.9998	1.00751	9.30501	5.62199	1.50745	5.37717	7.13032	3.09701	4.98316	0	3.84612	4.16406	8.40676	7.88224	
0.833455	7.08028	2.8386	11.7487	4.1048	5.96292	6.05324	8.96141	6.72251	4.84525	3.84612	0	2.95051	12.9332	10.7072	
2.11706	1.67487	7.46927	11.538	5.38841	2.65662	2.7019	1.34647	4.24618	6.12886	4.16406	2.95051	0	7.7578	2.09087	
7.43539	9.43267	12.6903	3.78017	15.3711	10.4144	6.89602	9.10427	6.26044	3.4236	8.40676	12.9332	7.7578	0	9.16194	
4.20792	1.88245	9.58427	16.8946	18.4693	4.74748	2.90948	3.43733	8.57518	5.73834	7.88224	10.7072	2.09087	9.16194	0	

0	9.89509	17.3742	7.18099	0.253195	6.97218	8.96041	13.9714	13.1156	4.35045	3.03502	19.2634	5.53815	15.5207	9.67255	
9.89509	0	5.18667	4.05191	9.92516	3.20617	3.95548	2.28696	5.35121	5.54463	11.1745	3.63626	7.11262	12.4512	5.94256	
17.3742	5.18667	0	2.82624	8.69949	1.9805	2.72982	9.67205	4.22103	7.17379	13.6922	12.6768	10.2559	5.06608	4.7169	
7.18099	4.05191	2.82624	0	6.9278	0.845736	1.59505	17.7729	3.08626	6.03902	9.70962	15.5687	11.7938	3.50086	3.58213	
0.253195	9.92516	8.69949	6.9278	0	6.71899	7.4683	12.584	8.88647	4.60365	2.78182	7.87845	5.28496	10.4287	5.70202	
6.97218	3.20617	1.9805	0.845736	6.71899	0	0.749314	5.49313	2.24052	5.19329	9.27835	5.32028	3.15346	4.34659	1.46145	
8.96041	3.95548	2.72982	1.59505	7.4683	0.749314	0	5.01101	2.98984	5.9426	11.193	3.29602	1.1292	17.8995	0.712135	
13.9714	2.28696	9.67205	17.7729	12.584	5.49313	5.01101	0	7.3717	7.8316	6.44592	1.34929	6.30964	17.8477	3.93318	
13.1156	5.35121	4.22103	3.08626	8.88647	2.24052	2.98984	7.3717	0	7.43381	7.03782	6.0224	3.60152	11.7205	4.01858	
4.35045	5.54463	7.17379	6.03902	4.60365	5.19329	5.9426	7.8316	7.43381	0	5.62983	10.7265	10.657	18.0898	7.92968	
3.03502	11.1745	13.6922	9.70962	2.78182	9.27835	11.193	6.44592	7.03782	5.62983	0	5.09663	7.74767	15.5594	7.68052	
19.2634	3.63626	12.6768	15.5687	7.87845	5.32028	3.29602	1.34929	6.0224	10.7265	5.09663	0	3.00095	16.4985	2.58389	
5.53815	7.11262	10.2559	11.7938	5.28496	3.15346	1.1292	6.30964	3.60152	10.657	7.74767	3.00095	0	12.2713	0.417066	
15.5207	12.4512	5.06608	3.50086	10.4287	4.34659	17.8995	17.8477	11.7205	18.0898	15.5594	16.4985	12.2713	0	12.6884	
9.67255	5.94256	4.7169	3.58213	5.70202	1.46145	0.712135	3.93318	4.01858	7.92968	7.68052	2.58389	0.417066	12.6884	0	

0	6.73578	8.94907	7.52512	0.191925	7.27749	4.02102	8.63809	5.95251	3.5016	1.74516	8.11922	5.69655	10.0455	11.8934	
6.73578	0	7.6428	2.54393	10.2505	5.97121	2.71475	7.33182	4.64624	4.4311	9.86757	6.61692	4.39028	6.3348	7.71113	
8.94907	7.6428	0	9.81855	8.5655	3.90145	4.92805	9.54512	4.6885	6.60489	7.01226	9.02625	6.4978	6.02769	6.93875	
7.52512	2.54393	9.81855	0	7.71704	9.08072	5.25868	12.2093	10.1307	9.48473	8.46928	10.2268	7.08411	3.79087	10.2551	
0.191925	10.2505	8.5655	7.71704	0	6.01311	4.21295	5.34884	15.2578	3.30967	1.55323	6.04479	6.88062	6.23164	7.14975	
7.27749	5.97121	3.90145	9.08072	6.01311	0	3.25646	4.74261	2.82558	2.70344	6.36747	4.67309	2.59635	8.94281	3.03729	
4.02102	2.71475	4.92805	5.25868	4.21295	3.25646	0	3.75552	1.93149	1.71634	7.00292	3.75227	1.67553	8.02199	5.55642	
8.63809	7.33182	9.54512	12.2093	5.34884	4.74261	3.75552	0	6.54856	2.03917	10.7222	4.77429	5.39485	11.7413	4.78322	
5.95251	4.64624	4.6885	10.1307	15.2578	2.82558	1.93149	6.54856	0	3.64783	9.19305	6.02968	3.60702	10.7162	5.86288	
3.5016	4.4311	6.60489	9.48473	3.30967	2.70344	1.71634	2.03917	3.64783	0	4.8629	2.73512	3.39187	13.118	3.84008	
1.74516	9.86757	7.01226	8.46928	1.55323	6.36747	7.00292	10.7222	9.19305	4.8629	0	7.40413	5.32739	4.67841	9.40476	
8.11922	6.61692	9.02625	10.2268	6.04479	4.67309	3.75227	4.77429	6.02968	2.73512	7.40413	0	2.07674	8.42321	5.71975	
5.69655	4.39028	6.4978	7.08411	6.88062	2.59635	1.67553	5.39485	3.60702	3.39187	5.32739	2.07674	0	6.34647	5.09458	
10.0455	6.3348	6.02769	3.79087	6.23164	8.94281	8.02199	11.7413	10.7162	13.118	4.67841	8.42321	6.34647	0	11.441	
11.8934	7.71113	6.93875	10.2551	7.14975	3.03729	5.55642	4.78322	5.86288	3.84008	9.40476	5.71975	5.09458	11.441	0	

0	9.29221	2.37298	15.4596	0.189324	13.3986	1.34573	5.03607	4.65681	3.45396	5.14019	3.56908	8.06756	12.0252	2.99264	
9.29221	0	13.24	6.44859	9.36928	7.07779	6.62309	2.93275	6.37358	7.78687	9.63739	9.64801	4.62771	3.91172	5.1731	
2.37298	13.24	0	12.1891	2.5623	21.0422	3.7187	7.38954	9.66312	14.4728	9.64664	8.43277	5.69458	9.65221	6.99867	
15.4596	6.44859	12.1891	0	25.0467	2.00941	3.02497	5.77085	10.3636	0.916733	5.5317	8.27316	15.2623	2.53687	14.6858	
0.189324	9.36928	2.5623	25.0467	0	17.898	1.53505	5.04366	10.569	15.3338	7.46299	14.0119	4.1074	13.1121	2.80331	
13.3986	7.07779	21.0422	2.00941	17.898	0	3.20091	4.14504	7.32901	1.09267	5.70764	9.4012	5.84	10.4426	6.38539	
1.34573	6.62309	3.7187	3.02497	1.53505	3.20091	0	3.69034	3.31109	2.10823	3.79447	2.22335	4.96155	7.95964	5.93069	
5.03607	2.93275	7.38954	5.77085	5.04366	4.14504	3.69034	0	3.44083	4.85412	6.7714	4.43315	1.69496	6.84447	2.24035	
4.65681	6.37358	9.66312	10.3636	10.569	7.32901	3.31109	3.44083	0	5.41932	7.10556	5.53444	3.96854	7.82669	5.27263	
3.45396	7.78687	14.4728	0.916733	15.3338	1.09267	2.10823	4.85412	5.41932	0	4.61497	4.33159	6.54908	3.4536	7.09446	
5.14019	9.63739	9.64664	5.5317	7.46299	5.70764	3.79447	6.7714	7.10556	4.61497	0	6.01782	8.46636	9.05241	9.01175	
3.56908	9.64801	8.43277	8.27316	14.0119	9.4012	2.22335	4.43315	5.53444	4.33159	6.01782	0	2.73819	5.73629	4.04228	
8.06756	4.62771	5.69458	15.2623	4.1074	5.84	4.96155	1.69496	3.96854	6.54908	8.46636	2.73819	0	8.47448	1.30409	
12.0252	3.91172	9.65221	2.53687	13.1121	10.4426	7.95964	6.84447	7.82669	3.4536	9.05241	5.73629	8.47448	0	10.4777	
2.99264	5.1731	6.99867	14.6858	2.80331	6.38539	5.93069	2.24035	5.27263	7.09446	9.01175	4.04228	1.30409	10.4777	0	

0	8.76015	12.8097	2.84823	0.404088	12.8498	9.778	8.77646	5.74963	1.30188	1.57119	8.3525	9.85935	9.38732	5.18925	
8.76015	0	6.06083	15.8764	5.17713	10.1221	1.96975	2.19902	6.17975	4.27934	13.1964	6.44735	3.69087	8.1418	5.46236	
12.8097	6.06083	0	11.5366	10.6042	7.28236	5.60137	4.96322	5.25864	7.15906	13.846	9.75741	6.45508	8.73297	7.62044	
2.84823	15.8764	11.5366	0	2.44414	9.20579	11.818	14.1815	6.27792	3.34193	6.70376	6.95963	7.68799	5.93519	13.211	
0.404088	5.17713	10.6042	2.44414	0	8.27341	9.37391	10.9899	2.7982	0.89779	1.97528	7.94842	6.75561	5.80431	5.59334	
12.8498	10.1221	7.28236	9.20579	8.27341	0	8.15237	9.76836	2.92787	4.82828	11.5153	12.63	4.33794	13.2755	14.3429	
9.778	1.96975	5.60137	11.818	9.37391	8.15237	0	1.61599	9.28905	6.2491	14.016	4.4776	3.10785	5.50204	5.2032	
8.77646	2.19902	4.96322	14.1815	10.9899	9.76836	1.61599	0	2.90192	6.47836	15.632	3.84615	1.49186	6.64279	3.5872	
5.74963	6.17975	5.25864	6.27792	2.7982	2.92787	9.28905	2.90192	0	1.90041	8.58739	3.76436	1.41007	6.80693	6.08017	
1.30188	4.27934	7.15906	3.34193	0.89779	4.82828	6.2491	6.47836	1.90041	0	6.05199	5.93096	3.31048	4.90652	9.67006	
1.57119	13.1964	13.846	6.70376	1.97528	11.5153	14.016	15.632	8.58739	6.05199	0	15.267	9.99745	12.6389	6.76044	
8.3525	6.44735	9.75741	6.95963	7.94842	12.63	4.4776	3.84615	3.76436	5.93096	15.267	0	2.35429	1.02444	4.6478	
9.85935	3.69087	6.45508	7.68799	6.75561	4.33794	3.10785	1.49186	1.41007	3.31048	9.99745	2.35429	0	3.37873	4.6701	
9.38732	8.1418	8.73297	5.93519	5.80431	13.2755	5.50204	6.64279	6.80693	4.90652	12.6389	1.02444	3.37873	0	5.67224	
5.18925	5.46236	7.62044	13.211	5.59334	14.3429	5.2032	3.5872	6.08017	9.67006	6.76044	4.6478	4.6701	5.67224	0	

0	11.9071	9.13763	10.3066	0.13036	3.67821	10.5153	4.93219	0.918699	0.974458	4.92262	4.01091	12.6275	5.12818	6.8359	
11.9071	0	9.00602	7.61507	5.28344	12.0015	4.61022	1.62113	4.4951	7.61235	8.97071	2.54241	2.77953	5.52073	5.4977	
9.13763	9.00602	0	7.63088	5.29925	5.45942	9.4452	10.7704	4.51092	6.26925	2.24416	7.53454	8.43534	6.9094	9.73151	
10.3066	7.61507	7.63088	0	3.90831	6.62836	13.301	11.4568	3.11997	6.23722	10.1138	10.5355	8.36766	7.78329	8.34056	
0.13036	5.28344	5.29925	3.90831	0	3.80857	10.3849	17.2829	0.788339	0.844098	4.79226	1.67772	6.03603	11.243	6.00893	
3.67821	12.0015	5.45942	6.62836	3.80857	0	7.39125	7.57833	9.74833	7.49068	6.59973	6.65705	4.19118	1.44997	9.48204	
10.5153	4.61022	9.4452	13.301	10.3849	7.39125	0	6.23135	7.22866	11.2261	7.20104	5.3971	1.98097	4.72217	2.57211	
4.93219	1.62113	10.7704	11.4568	17.2829	7.57833	6.23135	0	6.11623	1.75491	14.099	0.921281	4.40066	18.9863	3.74627	
0.918699	4.4951	4.51092	3.11997	0.788339	9.74833	7.22866	6.11623	0	1.63244	5.5806	3.95087	5.24769	7.9889	5.2206	
0.974458	7.61235	6.26925	6.23722	0.844098	7.49068	11.2261	1.75491	1.63244	0	4.02508	0.833626	8.36494	13.4784	3.65862	
4.92262	8.97071	2.24416	10.1138	4.79226	6.59973	7.20104	14.099	5.5806	4.02508	0	4.85871	6.19118	8.0497	8.90936	
4.01091	2.54241	7.53454	10.5355	1.67772	6.65705	5.3971	0.921281	3.95087	0.833626	4.85871	0	5.54317	8.10703	2.82499	
12.6275	2.77953	8.43534	8.36766	6.03603	4.19118	1.98097	4.40066	5.24769	8.36494	6.19118	5.54317	0	2.7412	2.71818	
5.12818	5.52073	6.9094	7.78329	11.243	1.44997	4.72217	18.9863	7.9889	13.4784	8.0497	8.10703	2.7412	0	5.45938	
6.8359	5.4977	9.73151	8.34056	6.00893	9.48204	2.57211	3.74627	5.2206	3.65862	8.90936	2.82499	2.71818	5.45938	0	

0	4.97443	9.5133	4.06827	0.58298	5.38457	13.1554	5.39724	6.00765	8.01561	1.68217	3.44584	3.14502	3.47878	6.48502	
4.97443	0	9.09918	7.87674	4.39145	12.0743	7.77887	1.20721	6.98265	9.5901	5.49064	4.93407	3.45944	7.28725	8.05951	
9.5133	9.09918	0	5.10838	8.59368	8.46969	2.91276	11.9663	2.11654	8.22838	10.7681	13.1688	4.97917	7.69377	5.311	
4.06827	7.87674	5.10838	0	3.48529	8.39238	8.75049	5.94532	6.55573	8.5637	4.58448	6.34815	3.6931	2.58538	7.03311	
0.58298	4.39145	8.59368	3.48529	0	3.39761	8.71101	5.59866	11.3741	3.02324	1.09919	2.86286	3.728	2.8958	4.38064	
5.38457	12.0743	8.46969	8.39238	3.39761	0	7.51078	13.2621	6.71456	4.22247	2.29842	16.4681	7.2375	10.8806	5.57988	
13.1554	7.77887	2.91276	8.75049	8.71101	7.51078	0	12.527	0.796222	6.90807	7.61182	11.8485	3.65885	13.3043	3.99069	
5.39724	1.20721	11.9663	5.94532	5.59866	13.2621	12.527	0	5.11485	7.12282	7.19129	3.72686	2.25222	9.19182	5.59223	
6.00765	6.98265	2.11654	6.55573	11.3741	6.71456	0.796222	5.11485	0	6.11185	6.47592	7.92417	2.86263	12.3947	3.19447	
8.01561	9.5901	8.22838	8.5637	3.02324	4.22247	6.90807	7.12282	6.11185	0	1.92405	13.9017	4.8706	6.28282	5.2055	
1.68217	5.49064	10.7681	4.58448	1.09919	2.29842	7.61182	7.19129	6.47592	1.92405	0	3.96205	4.93907	3.99499	3.28145	
3.44584	4.93407	13.1688	6.34815	2.86286	16.4681	11.8485	3.72686	7.92417	13.9017	3.96205	0	5.97908	5.75866	4.7297	
3.14502	3.45944	4.97917	3.6931	3.728	7.2375	3.65885	2.25222	2.86263	4.8706	4.93907	5.97908	0	6.27849	3.34001	
3.47878	7.28725	7.69377	2.58538	2.8958	10.8806	13.3043	9.19182	12.3947	6.28282	3.99499	5.75866	6.27849	0	13.5226	
6.48502	8.05951	5.311	7.03311	4.38064	5.57988	3.99069	5.59223	3.19447	5.2055	3.28145	4.7297	3.34001	13.5226	0	

0	5.66525	5.1449	9.25413	1.55982	5.85954	8.36999	9.26005	10.0359	9.58613	1.97634	4.14136	6.22377	7.01939	8.43045	
5.66525	0	5.76948	9.4806	4.10543	10.031	2.7588	1.65433	4.55621	3.53405	9.12963	5.6217	2.94861	9.56501	1.33261	
5.1449	5.76948	0	6.37081	6.70472	8.78477	3.42693	4.11515	5.22434	10.0173	7.12124	9.28626	8.53935	7.08094	5.45121	
9.25413	9.4806	6.37081	0	6.16971	8.35351	6.7218	8.58219	8.19793	3.66395	5.80326	8.78434	7.18581	0.71013	5.86538	
1.55982	4.10543	6.70472	6.16971	0	14.1364	6.86423	5.75976	8.47609	11.1459	3.53615	5.70117	11.1071	5.45958	5.43804	
5.85954	10.031	8.78477	8.35351	14.1364	0	9.01419	8.48666	7.21678	4.68957	3.88321	15.3374	8.21143	8.97634	6.891	
8.36999	2.7588	3.42693	6.7218	6.86423	9.01419	0	4.41313	1.79741	6.33139	6.39366	9.77196	7.68955	7.43193	4.09141	
9.26005	1.65433	4.11515	8.58219	5.75976	8.48666	4.41313	0	4.72761	3.5375	9.84023	5.62515	2.95206	9.01379	1.33606	
10.0359	4.55621	5.22434	8.19793	8.47609	7.21678	1.79741	4.72761	0	4.53398	8.19107	15.1818	8.05585	8.10103	6.06368	
9.58613	3.53405	10.0173	3.66395	11.1459	4.68957	6.33139	3.5375	4.53398	0	8.57277	5.60428	3.52187	4.37408	2.20144	
1.97634	9.12963	7.12124	5.80326	3.53615	3.88321	6.39366	9.84023	8.19107	8.57277	0	6.11769	10.1202	5.09313	8.50416	
4.14136	5.6217	9.28626	8.78434	5.70117	15.3374	9.77196	5.62515	15.1818	5.60428	6.11769	0	2.08241	9.49446	3.69841	
6.22377	2.94861	8.53935	7.18581	11.1071	8.21143	7.68955	2.95206	8.05585	3.52187	10.1202	2.08241	0	13.438	1.616	
7.01939	9.56501	7.08094	0.71013	5.45958	8.97634	7.43193	9.01379	8.10103	4.37408	5.09313	9.49446	13.438	0	10.3499	
8.43045	1.33261	5.45121	5.86538	5.43804	6.891	4.09141	1.33606	6.06368	2.20144	8.50416	3.69841	1.616	10.3499	0	

0	3.79307	11.6315	4.37403	0.164134	4.95701	9.78029	16.897	8.93225	3.36838	5.39037	9.74604	10.1175	5.73142	12.3828	
3.79307	0	12.2512	9.52354	3.62894	8.92454	10.7588	2.30304	4.9493	6.83318	13.4678	6.9148	11.4026	14.5465	4.23857	
11.6315	12.2512	0	3.65273	13.7402	6.67453	5.45634	14.5542	10.6498	16.8788	13.2363	9.96628	9.08215	2.29534	10.1607	
4.37403	9.52354	3.65273	0	4.53816	8.18842	12.3342	12.5229	6.52467	9.09884	9.7644	8.49017	16.6029	1.35739	11.8104	
0.164134	3.62894	13.7402	4.53816	0	5.12115	16.037	5.93198	8.57824	3.20424	5.55451	7.34435	9.46955	7.25199	5.32918	
4.95701	8.92454	6.67453	8.18842	5.12115	0	4.82328	12.7227	3.97524	10.736	6.56172	5.94074	8.44909	8.96987	9.5276	
9.78029	10.7588	5.45634	12.3342	16.037	4.82328	0	6.63985	5.80954	6.82926	10.7697	3.99731	3.62581	7.75168	4.70432	
16.897	2.30304	14.5542	12.5229	5.93198	12.7227	6.63985	0	7.25234	4.06047	19.3797	4.57227	7.7321	13.8803	1.93552	
8.93225	4.9493	10.6498	6.52467	8.57824	3.97524	5.80954	7.25234	0	6.10561	10.537	1.9655	2.337	7.88206	4.60225	
3.36838	6.83318	16.8788	9.09884	3.20424	10.736	6.82926	4.06047	6.10561	0	9.61324	4.1401	4.5116	14.5835	2.12494	
5.39037	13.4678	13.2363	9.7644	5.55451	6.56172	10.7697	19.3797	10.537	9.61324	0	7.51542	7.14393	13.2757	11.7382	
9.74604	6.9148	9.96628	8.49017	7.34435	5.94074	3.99731	4.57227	1.9655	4.1401	7.51542	0	0.371499	15.617	2.63674	
10.1175	11.4026	9.08215	16.6029	9.46955	8.44909	3.62581	7.7321	2.337	4.5116	7.14393	0.371499	0	15.2455	3.00824	
5.73142	14.5465	2.29534	1.35739	7.25199	8.96987	7.75168	13.8803	7.88206	14.5835	13.2757	15.617	15.2455	0	13.1678	
12.3828	4.23857	10.1607	11.8104	5.32918	9.5276	4.70432	1.93552	4.60225	2.12494	11.7382	2.63674	3.00824	13.1678	0	

0	11.5239	9.05679	0.518083	1.20962	6.86675	5.08371	13.6918	7.45157	4.58596	2.81947	8.73685	6.69055	3.70419	2.90329	
11.5239	0	3.35315	12.3846	7.87379	8.92525	3.89789	2.26386	2.59976	2.92621	4.75161	3.24186	3.63828	6.97239	4.60888	
9.05679	3.35315	0	15.7377	7.84717	8.15764	4.94576	5.617	3.64763	6.27935	9.45702	4.28972	7.18003	8.02026	7.61421	
0.518083	12.3846	15.7377	0	1.7277	7.05744	12.2243	13.2411	7.55874	9.11575	10.7533	13.1337	13.8312	3.18611	3.42137	
1.20962	7.87379	7.84717	1.7277	0	5.17301	4.39023	4.0976	5.68836	4.56424	1.60985	10.7304	7.68705	10.8586	4.1129	
6.86675	8.92525	8.15764	7.05744	5.17301	0	2.35232	6.05091	3.65045	6.51754	3.56316	10.1001	9.64036	3.87133	4.53274	
5.08371	3.89789	4.94576	12.2243	4.39023	2.35232	0	4.79037	1.29813	3.86309	5.91548	1.94022	5.96768	5.67076	2.18042	
13.6918	2.26386	5.617	13.2411	4.0976	6.05091	4.79037	0	2.55343	5.15254	2.48775	1.91133	1.37442	11.859	5.16168	
7.45157	2.59976	3.64763	7.55874	5.68836	3.65045	1.29813	2.55343	0	3.8833	8.8637	0.642096	2.75984	4.37263	3.47855	
4.58596	2.92621	6.27935	9.11575	4.56424	6.51754	3.86309	5.15254	3.8833	0	2.95439	3.24121	5.35895	9.71029	1.68267	
2.81947	4.75161	9.45702	10.7533	1.60985	3.56316	5.91548	2.48775	8.8637	2.95439	0	4.39908	3.86217	7.43449	4.63706	
8.73685	3.24186	4.28972	13.1337	10.7304	10.1001	1.94022	1.91133	0.642096	3.24121	4.39908	0	2.11774	5.01473	4.92388	
6.69055	3.63828	7.18003	13.8312	7.68705	9.64036	5.96768	1.37442	2.75984	5.35895	3.86217	2.11774	0	12.0654	3.78726	
3.70419	6.97239	8.02026	3.18611	10.8586	3.87133	5.67076	11.859	4.37263	9.71029	7.43449	5.01473	12.0654	0	8.92092	
2.90329	4.60888	7.61421	3.42137	4.1129	4.53274	2.18042	5.16168	3.47855	1.68267	4.63706	4.92388	3.78726	8.92092	0	

0	2.5126	7.94625	11.6948	0.888394	13.9339	8.20865	11.6068	4.89094	6.01668	1.60314	5.47031	4.97071	5.73414	3.16006	
2.5126	0	7.35374	13.5047	1.6242	7.38542	2.65596	0.6988	6.84105	6.28893	2.33895	7.37749	1.53428	6.46995	3.34492	
7.94625	7.35374	0	11.5219	7.05786	2.58956	13.0751	7.86586	5.74118	7.68235	7.77261	11.6392	8.88802	6.89374	13.3634	
11.6948	13.5047	11.5219	0	9.47393	11.2746	9.18967	11.2682	6.35468	5.67812	7.17055	10.6847	10.3113	4.62819	12.2041	
