10
5
2
2
30

6	11
10	43
1	33
14	23
27	48

12	21
1	2
11	28
2	10
14	5
10	12
23	24
24	11
8	30
11	27

150

1.79769e+308
1.79769e+308
1.79769e+308
1.79769e+308
1.79769e+308

11
15
11
14
17
13
14
15
13
17

0
0
0
0
0

0

0	11.9126	8.52589	2.81081	10.9847	9.23171	11.0025	1.77378	6.36261	2.32869	4.2633	4.37495	6.20587	12.8124	4.1647	
11.9126	0	10.3564	9.56954	11.599	9.40304	11.3035	9.36999	17.3559	10.6496	8.71497	10.6901	12.5766	9.23808	6.97908	
8.52589	10.3564	0	3.53301	5.07603	1.99724	7.83952	4.57003	9.95006	10.9435	5.81624	7.02428	5.17081	1.73547	6.12347	
2.81081	9.56954	3.53301	0	7.21037	4.23883	6.91491	1.03702	7.47498	4.21784	2.28323	3.63819	5.4691	5.26848	2.59046	
10.9847	11.599	5.07603	7.21037	0	7.07327	8.94435	7.01082	12.6899	8.65599	10.5906	8.3309	12.6798	6.8115	4.6199	
9.23171	9.40304	1.99724	4.23883	7.07327	0	5.84229	5.27585	7.95283	10.2317	6.52206	6.72986	3.17357	1.44105	6.82929	
11.0025	11.3035	7.83952	6.91491	8.94435	5.84229	0	6.71536	13.7951	10.9511	13.1817	8.03545	9.01586	7.28334	4.32445	
1.77378	9.36999	4.57003	1.03702	7.01082	5.27585	6.71536	0	8.51201	4.10247	3.32025	2.60117	4.43208	7.88998	2.39091	
6.36261	17.3559	9.95006	7.47498	12.6899	7.95283	13.7951	8.51201	0	4.03392	5.96853	14.5357	11.1264	9.39387	10.0654	
2.32869	10.6496	10.9435	4.21784	8.65599	10.2317	10.9511	4.10247	4.03392	0	1.93461	10.3377	8.60854	15.2301	6.62668	
4.2633	8.71497	5.81624	2.28323	10.5906	6.52206	13.1817	3.32025	5.96853	1.93461	0	10.0181	10.5432	9.73818	4.87369	
4.37495	10.6901	7.02428	3.63819	8.3309	6.72986	8.03545	2.60117	14.5357	10.3377	10.0181	0	5.79044	5.28881	3.71099	
6.20587	12.5766	5.17081	5.4691	12.6798	3.17357	9.01586	4.43208	11.1264	8.60854	10.5432	5.79044	0	4.61462	6.823	
12.8124	9.23808	1.73547	5.26848	6.8115	1.44105	7.28334	7.88998	9.39387	15.2301	9.73818	5.28881	4.61462	0	8.9998	
4.1647	6.97908	6.12347	2.59046	4.6199	6.82929	4.32445	2.39091	10.0654	6.62668	4.87369	3.71099	6.823	8.9998	0	

0	2.93213	2.46201	3.72834	3.23338	4.25095	3.99669	2.37048	3.00663	2.55126	3.58506	6.68831	11.8213	6.88834	1.39464	
2.93213	0	2.60486	5.15202	3.37623	4.3938	15.4922	2.51333	11.4743	9.20707	3.72791	6.83116	15.0311	9.23803	1.53749	
2.46201	2.60486	0	4.68191	2.90612	3.92369	12.366	2.04322	11.0042	8.73696	3.25779	6.36105	10.1131	6.55871	1.06738	
3.72834	5.15202	4.68191	0	5.45328	2.40475	4.75443	4.29972	3.76438	1.17709	2.07601	6.87185	5.04199	0.937756	3.61454	
3.23338	3.37623	2.90612	5.45328	0	4.69506	6.79261	2.81458	5.80256	7.82223	4.02916	7.13241	8.97998	8.15679	1.83874	
4.25095	4.3938	3.92369	2.40475	4.69506	0	18.0544	3.83216	6.16912	3.58183	4.48075	4.4671	4.03507	3.3425	2.85632	
3.99669	15.4922	12.366	4.75443	6.79261	18.0544	0	14.2321	0.990056	9.20948	10.8749	18.3991	9.80476	12.195	10.5419	
2.37048	2.51333	2.04322	4.29972	2.81458	3.83216	14.2321	0	8.06409	5.4768	3.16626	3.77958	5.56544	4.74225	0.975843	
3.00663	11.4743	11.0042	3.76438	5.80256	6.16912	0.990056	8.06409	0	4.94146	5.84038	13.5708	8.80637	4.70213	4.40127	
2.55126	9.20707	8.73696	1.17709	7.82223	3.58183	9.20948	5.4768	4.94146	0	1.66544	12.9633	6.21908	2.11484	3.85585	
3.58506	3.72791	3.25779	2.07601	4.02916	4.48075	10.8749	3.16626	5.84038	1.66544	0	7.48409	7.118	3.01376	2.19042	
6.68831	6.83116	6.36105	6.87185	7.13241	4.4671	18.3991	3.77958	13.5708	12.9633	7.48409	0	4.75605	8.52183	4.75542	
11.8213	15.0311	10.1131	5.04199	8.97998	4.03507	9.80476	5.56544	8.80637	6.21908	7.118	4.75605	0	5.97975	6.54128	
6.88834	9.23803	6.55871	0.937756	8.15679	3.3425	12.195	4.74225	4.70213	2.11484	3.01376	8.52183	5.97975	0	4.55229	
1.39464	1.53749	1.06738	3.61454	1.83874	2.85632	10.5419	0.975843	4.40127	3.85585	2.19042	4.75542	6.54128	4.55229	0	

0	6.63468	3.98217	5.23943	8.357	3.8572	3.12817	1.37462	1.74607	3.9672	3.08357	7.05519	4.39777	6.63924	1.64918	
6.63468	0	2.65251	6.57075	5.634	7.64767	9.25975	6.13688	9.86546	10.4013	8.1897	4.65879	6.1851	3.37897	5.17424	
3.98217	2.65251	0	3.91824	7.61597	4.79942	6.60724	5.35679	5.72825	8.64491	7.50646	7.3113	7.40466	6.03148	5.92544	
5.23943	6.57075	3.91824	0	11.5342	0.881186	4.87546	2.28177	3.49336	1.9115	4.83086	3.87006	3.48642	3.80248	2.0072	
8.357	5.634	7.61597	11.5342	0	9.46495	14.2232	6.98238	9.93073	9.57495	15.6938	10.2928	16.1494	9.01297	7.25694	
3.8572	7.64767	4.79942	0.881186	9.46495	0	3.42677	2.48257	4.37454	1.03031	3.66626	2.98888	4.36761	5.56682	2.75714	
3.12817	9.25975	6.60724	4.87546	14.2232	3.42677	0	4.33045	1.3821	2.39646	2.7196	10.567	4.03379	9.38664	6.33307	
1.37462	6.13688	5.35679	2.28177	6.98238	2.48257	4.33045	0	2.94835	2.59258	4.28585	5.47145	5.60004	2.06984	0.274561	
1.74607	9.86546	5.72825	3.49336	9.93073	4.37454	1.3821	2.94835	0	3.77855	1.3375	4.8684	2.65169	5.45783	3.22291	
3.9672	10.4013	8.64491	1.9115	9.57495	1.03031	2.39646	2.59258	3.77855	0	2.63595	4.01919	4.83726	7.64339	2.86714	
3.08357	8.1897	7.50646	4.83086	15.6938	3.66626	2.7196	4.28585	1.3375	2.63595	0	3.53091	3.98919	10.8899	6.28847	
7.05519	4.65879	7.3113	3.87006	10.2928	2.98888	10.567	5.47145	4.8684	4.01919	3.53091	0	3.98648	6.79261	6.76042	
4.39777	6.1851	7.40466	3.48642	16.1494	4.36761	4.03379	5.60004	2.65169	4.83726	3.98919	3.98648	0	2.80614	4.60141	
6.63924	3.37897	6.03148	3.80248	9.01297	5.56682	9.38664	2.06984	5.45783	7.64339	10.8899	6.79261	2.80614	0	1.79528	
1.64918	5.17424	5.92544	2.0072	7.25694	2.75714	6.33307	0.274561	3.22291	2.86714	6.28847	6.76042	4.60141	1.79528	0	

0	3.39612	5.9502	2.23126	10.1243	5.88642	3.71649	5.86364	0.644681	2.65744	0.950729	4.38403	2.43439	6.88367	3.25124	
3.39612	0	4.46701	1.16487	0.988857	3.4606	8.1917	2.32765	6.96706	8.45574	6.48211	6.54363	6.49097	1.57468	2.18485	
5.9502	4.46701	0	5.71208	13.5903	3.48299	11.8524	2.54588	5.30552	8.61153	6.06274	3.32845	8.68921	2.89233	2.84061	
2.23126	1.16487	5.71208	0	2.15372	4.22676	8.08301	1.31471	2.87594	4.8887	3.18199	5.37876	5.3261	2.73955	1.01998	
10.1243	0.988857	13.5903	2.15372	0	5.87331	9.18056	3.51235	9.1558	7.46688	12.3916	12.5645	15.029	2.56354	7.35822	
5.88642	3.4606	3.48299	4.22676	5.87331	0	10.5632	0.937111	5.24174	7.00276	5.99896	8.41301	7.6173	1.69008	1.23184	
3.71649	8.1917	11.8524	8.08301	9.18056	10.5632	0	9.71307	3.52298	7.6905	2.76576	8.00964	4.24943	8.96011	12.1152	
5.86364	2.32765	2.54588	1.31471	3.51235	0.937111	9.71307	0	4.1092	6.06564	8.16385	5.50096	6.68019	0.752965	0.294732	
0.644681	6.96706	5.30552	2.87594	9.1558	5.24174	3.52298	4.1092	0	3.30212	0.757219	3.73935	2.24088	7.52835	3.81446	
2.65744	8.45574	8.61153	4.8887	7.46688	7.00276	7.6905	6.06564	3.30212	0	3.60817	10.1155	6.40841	6.81861	6.36038	
0.950729	6.48211	6.06274	3.18199	12.3916	5.99896	2.76576	8.16385	0.757219	3.60817	0	4.49657	1.48367	7.8344	4.57168	
4.38403	6.54363	3.32845	5.37876	12.5645	8.41301	8.00964	5.50096	3.73935	10.1155	4.49657	0	5.36076	5.87323	5.20623	
2.43439	6.49097	8.68921	5.3261	15.029	7.6173	4.24943	6.68019	2.24088	6.40841	1.48367	5.36076	0	7.23683	6.34608	
6.88367	1.57468	2.89233	2.73955	2.56354	1.69008	8.96011	0.752965	7.52835	6.81861	7.8344	5.87323	7.23683	0	1.0477	
3.25124	2.18485	2.84061	1.01998	7.35822	1.23184	12.1152	0.294732	3.81446	6.36038	4.57168	5.20623	6.34608	1.0477	0	

0	3.81506	4.52856	5.22257	7.56756	0.899279	5.8457	4.50818	1.67897	2.44497	0.278668	9.18535	8.47933	2.73497	4.45972	
3.81506	0	7.34328	3.05071	6.97524	2.53213	6.49825	3.91586	4.9367	7.54143	3.15274	8.59303	11.294	5.0719	3.8674	
4.52856	7.34328	0	6.11783	18.7872	4.33335	15.2326	4.05781	12.774	16.4479	13.8249	14.5855	7.53794	1.79359	7.54311	
5.22257	3.05071	6.11783	0	7.24913	0.518581	6.17833	1.33692	5.56	2.7776	1.13919	4.63552	4.42433	3.05835	1.38538	
7.56756	6.97524	18.7872	7.24913	0	6.84736	11.6265	3.15631	6.01323	8.22573	7.41353	7.83347	11.6735	9.46635	3.10784	
0.899279	2.53213	4.33335	0.518581	6.84736	0	9.03038	1.8555	2.02091	3.29618	0.62061	5.1541	4.94291	2.53977	3.73951	
5.8457	6.49825	15.2326	6.17833	11.6265	9.03038	0	14.2573	11.1565	3.40073	7.40577	8.83125	16.655	12.0479	10.3656	
4.50818	3.91586	4.05781	1.33692	3.15631	1.8555	14.2573	0	5.68577	4.11451	4.99571	4.77409	5.76124	2.26423	0.0484631	
1.67897	4.9367	12.774	5.56	6.01323	2.02091	11.1565	5.68577	0	4.77575	1.4003	10.1955	9.98433	5.06575	5.6373	
2.44497	7.54143	16.4479	2.7776	8.22573	3.29618	3.40073	4.11451	4.77575	0	2.72364	7.41311	7.20192	5.17994	6.90469	
0.278668	3.15274	13.8249	1.13919	7.41353	0.62061	7.40577	4.99571	1.4003	2.72364	0	9.67288	9.08601	3.01364	4.36012	
9.18535	8.59303	14.5855	4.63552	7.83347	5.1541	8.83125	4.77409	10.1955	7.41311	9.67288	0	7.8237	8.95976	4.72563	
8.47933	11.294	7.53794	4.42433	11.6735	4.94291	16.655	5.76124	9.98433	7.20192	9.08601	7.8237	0	5.74436	9.23592	
2.73497	5.0719	1.79359	3.05835	9.46635	2.53977	12.0479	2.26423	5.06575	5.17994	3.01364	8.95976	5.74436	0	2.31269	
4.45972	3.8674	7.54311	1.38538	3.10784	3.73951	10.3656	0.0484631	5.6373	6.90469	4.36012	4.72563	9.23592	2.31269	0	

0	5.75453	5.63112	6.22194	8.30046	2.91241	4.36636	5.62154	0.407973	7.98622	0.555679	5.03974	4.60668	2.14651	8.06011	
5.75453	0	3.10332	4.70855	15.7748	5.07253	8.0647	3.99514	5.34656	4.99516	5.94023	6.98693	8.8533	4.3494	3.96655	
5.63112	3.10332	0	5.30098	10.2038	5.71126	10.4607	2.26829	6.50235	1.89184	5.07545	5.26008	3.82778	5.5972	2.2397	
6.22194	4.70855	5.30098	0	9.58145	0.225713	4.07446	1.62266	2.73015	4.61124	1.94998	1.1822	4.40651	0.359155	1.65124	
8.30046	15.7748	10.2038	9.58145	0	9.35573	19.0147	11.3887	11.8602	8.31195	7.74478	18.5933	10.2479	9.33561	14.9112	
2.91241	5.07253	5.71126	0.225713	9.35573	0	4.43843	1.84837	2.50444	4.97522	2.31396	1.40792	4.91748	0.584868	2.06153	
4.36636	8.0647	10.4607	4.07446	19.0147	4.43843	0	5.63418	4.77433	7.96739	4.92203	9.40609	11.047	3.7153	7.86166	
5.62154	3.99514	2.26829	1.62266	11.3887	1.84837	5.63418	0	4.53738	5.57016	3.50971	2.80486	4.91533	1.91888	0.0285859	
0.407973	5.34656	6.50235	2.73015	11.8602	2.50444	4.77433	4.53738	0	6.13465	0.963652	5.44771	4.19871	3.22757	6.33351	
7.98622	4.99516	1.89184	4.61124	8.31195	4.97522	7.96739	5.57016	6.13465	0	5.84292	5.16024	1.93594	4.25209	4.13155	
0.555679	5.94023	5.07545	1.94998	7.74478	2.31396	4.92203	3.50971	0.963652	5.84292	0	5.59542	11.8771	1.59083	5.09444	
5.03974	6.98693	5.26008	1.1822	18.5933	1.40792	9.40609	2.80486	5.44771	5.16024	5.59542	0	3.22431	1.54136	3.02038	
4.60668	8.8533	3.82778	4.40651	10.2479	4.91748	11.047	4.91533	4.19871	1.93594	11.8771	3.22431	0	5.64061	4.88675	
2.14651	4.3494	5.5972	0.359155	9.33561	0.584868	3.7153	1.91888	3.22757	4.25209	1.59083	1.54136	5.64061	0	1.94747	
8.06011	3.96655	2.2397	1.65124	14.9112	2.06153	7.86166	0.0285859	6.33351	4.13155	5.09444	3.02038	4.88675	1.94747	0	

0	6.92514	8.50325	6.62686	7.21254	8.71807	7.3577	3.02098	1.20773	3.97588	1.86719	12.0107	0.569246	8.43216	5.31354	
6.92514	0	5.99975	5.30058	4.84494	5.44922	14.2718	5.01766	7.88064	7.32102	7.70264	15.1201	6.4047	3.90206	3.43257	
8.50325	5.99975	0	5.05771	1.15481	6.59423	10.1069	7.18298	7.15962	9.02561	12.7734	6.98188	12.4322	10.7251	3.1897	
6.62686	5.30058	5.05771	0	10.852	5.27254	4.44694	3.60589	6.31608	5.52822	8.11745	3.18052	10.3657	4.52883	1.86801	
7.21254	4.84494	1.15481	10.852	0	10.2942	9.83694	9.41667	6.00481	8.75566	7.30936	8.13668	11.2496	8.74701	4.34451	
8.71807	5.44922	6.59423	5.27254	10.2942	0	2.95307	5.17002	7.8526	1.87179	11.6894	12.9013	5.27843	9.35129	3.40453	
7.3577	14.2718	10.1069	4.44694	9.83694	2.95307	0	4.3795	6.14997	1.08128	6.81501	7.62746	4.48792	8.97576	6.31495	
3.02098	5.01766	7.18298	3.60589	9.41667	5.17002	4.3795	0	4.2287	3.29822	4.51156	6.78641	3.59022	6.39815	3.99327	
1.20773	7.88064	7.15962	6.31608	6.00481	7.8526	6.14997	4.2287	0	7.23125	1.30454	10.8029	1.77697	7.22443	4.44807	
3.97588	7.32102	9.02561	5.52822	8.75566	1.87179	1.08128	3.29822	7.23125	0	4.70458	9.18914	3.40664	9.69637	5.27632	
1.86719	7.70264	12.7734	8.11745	7.30936	11.6894	6.81501	4.51156	1.30454	4.70458	0	12.1075	1.29795	6.90666	5.75261	
12.0107	15.1201	6.98188	3.18052	8.13668	12.9013	7.62746	6.78641	10.8029	9.18914	12.1075	0	13.5462	7.70935	5.04853	
0.569246	6.4047	12.4322	10.3657	11.2496	5.27843	4.48792	3.59022	1.77697	3.40664	1.29795	13.5462	0	8.20461	5.88279	
8.43216	3.90206	10.7251	4.52883	8.74701	9.35129	8.97576	6.39815	7.22443	9.69637	6.90666	7.70935	8.20461	0	6.39684	
5.31354	3.43257	3.1897	1.86801	4.34451	3.40453	6.31495	3.99327	4.44807	5.27632	5.75261	5.04853	5.88279	6.39684	0	

0	4.67213	9.19986	8.84024	6.09445	4.43575	6.3837	5.20769	2.97194	5.65222	1.4663	10.184	8.85858	3.94574	5.26036	
4.67213	0	14.1159	10.5798	2.40243	15.7897	10.0569	6.94722	7.53693	7.39174	3.20583	10.6272	13.8271	5.68526	6.99988	
9.19986	14.1159	0	5.20686	11.7135	4.7539	2.81616	3.89744	6.17181	9.09197	6.32248	5.05388	7.68373	3.84304	4.66201	
8.84024	10.5798	5.20686	0	10.97	2.68545	4.62319	1.30943	4.14926	6.50396	5.05082	2.46587	2.73819	3.15979	2.55382	
6.09445	2.40243	11.7135	10.97	0	13.1213	12.4781	10.9907	9.06639	21.8486	5.60826	13.0296	13.7082	15.5565	9.7463	
4.43575	15.7897	4.7539	2.68545	13.1213	0	1.93774	3.99487	1.46382	9.92329	5.79492	7.05948	5.42364	3.79258	3.37502	
6.3837	10.0569	2.81616	4.62319	12.4781	1.93774	0	5.60761	3.40156	11.037	6.8511	8.04768	9.81771	6.65921	4.36322	
5.20769	6.94722	3.89744	1.30943	10.9907	3.99487	5.60761	0	3.37588	3.08053	3.74139	1.15644	3.78629	1.85036	1.24439	
2.97194	7.53693	6.17181	4.14926	9.06639	1.46382	3.40156	3.37588	0	8.51702	4.33111	4.53232	5.88664	2.32877	4.62027	
5.65222	7.39174	9.09197	6.50396	21.8486	9.92329	11.037	3.08053	8.51702	0	4.18591	1.92409	5.12393	6.66535	5.60855	
1.4663	3.20583	6.32248	5.05082	5.60826	5.79492	6.8511	3.74139	4.33111	4.18591	0	4.89783	7.52768	2.47943	3.79406	
10.184	10.6272	5.05388	2.46587	13.0296	7.05948	8.04768	1.15644	4.53232	1.92409	4.89783	0	3.19984	3.00681	2.40083	
8.85858	13.8271	7.68373	2.73819	13.7082	5.42364	9.81771	3.78629	5.88664	5.12393	7.52768	3.19984	0	5.63665	5.03068	
3.94574	5.68526	3.84304	3.15979	15.5565	3.79258	6.65921	1.85036	2.32877	6.66535	2.47943	3.00681	5.63665	0	3.09476	
5.26036	6.99988	4.66201	2.55382	9.7463	3.37502	4.36322	1.24439	4.62027	5.60855	3.79406	2.40083	5.03068	3.09476	0	

0	3.62212	7.05632	4.62583	8.83595	3.98417	0.960489	6.2487	0.915664	4.15123	5.07273	6.26376	12.1122	4.83643	5.50056	
3.62212	0	6.68009	4.00628	2.87554	2.05639	7.94484	3.46632	2.70645	5.94201	3.87244	2.87608	9.14118	5.98182	5.08865	
7.05632	6.68009	0	2.47236	8.47169	2.37115	6.09583	0.961229	6.12683	2.89127	3.89803	4.80701	6.82761	5.80792	1.14504	
4.62583	4.00628	2.47236	0	8.83014	1.94988	5.69806	0.946804	3.71017	6.94573	2.98809	5.35691	13.5666	1.48908	0.762991	
8.83595	2.87554	8.47169	8.83014	0	4.93194	11.7844	7.51046	5.582	10.202	10.4473	5.75162	6.26563	7.34106	7.69427	
3.98417	2.05639	2.37115	1.94988	4.93194	0	7.41731	1.40993	3.0685	3.51816	1.81605	3.00708	12.2845	3.43896	1.59374	
0.960489	7.94484	6.09583	5.69806	11.7844	7.41731	0	7.05706	1.87615	8.47395	6.03322	11.785	16.4349	9.15915	13.6027	
6.2487	3.46632	0.961229	0.946804	7.51046	1.40993	7.05706	0	4.47843	3.8525	2.40891	3.84578	11.3856	1.42283	0.183813	
0.915664	2.70645	6.12683	3.71017	5.582	3.0685	1.87615	4.47843	0	3.23556	4.88455	5.58253	7.17191	3.92077	4.47316	
4.15123	5.94201	2.89127	6.94573	10.202	3.51816	8.47395	3.8525	3.23556	0	1.70211	2.89314	3.93634	7.15633	3.92721	
5.07273	3.87244	3.89803	2.98809	10.4473	1.81605	6.03322	2.40891	4.88455	1.70211	0	1.19103	5.63845	3.46412	2.2251	
6.26376	2.87608	4.80701	5.35691	5.75162	3.00708	11.785	3.84578	5.58253	2.89314	1.19103	0	12.4836	8.36773	3.41613	
12.1122	9.14118	6.82761	13.5666	6.26563	12.2845	16.4349	11.3856	7.17191	3.93634	5.63845	12.4836	0	13.6067	12.8036	
4.83643	5.98182	5.80792	1.48908	7.34106	3.43896	9.15915	1.42283	3.92077	7.15633	3.46412	8.36773	13.6067	0	1.23902	
5.50056	5.08865	1.14504	0.762991	7.69427	1.59374	13.6027	0.183813	4.47316	3.92721	2.2251	3.41613	12.8036	1.23902	0	

0	19.4717	3.15604	1.42973	6.3207	5.76812	11.162	5.3214	6.63985	5.31006	0.731193	14.0977	8.06358	8.73576	5.74412	
19.4717	0	2.78923	4.40957	6.5182	5.92746	18.8688	5.71327	5.91058	7.31421	5.10811	10.5738	11.9246	8.21336	7.29133	
3.15604	2.78923	0	3.12338	8.01436	3.13823	7.64348	2.92404	3.12135	6.2641	2.42485	12.9279	9.75723	6.33839	3.34675	
1.42973	4.40957	3.12338	0	2.10863	4.25799	5.73011	1.54858	4.65761	2.90464	0.698537	5.91265	8.03092	3.96537	1.97129	
6.3207	6.5182	8.01436	2.10863	0	6.36662	13.6574	3.65721	12.5053	5.01327	2.80717	5.5145	10.6726	9.55629	4.99039	
5.76812	5.92746	3.13823	4.25799	6.36662	0	12.8001	4.74497	6.25957	3.12587	4.95652	9.78969	10.6925	8.15933	5.16768	
11.162	18.8688	7.64348	5.73011	13.6574	12.8001	0	3.27107	4.52214	6.45856	10.1242	5.87925	18.9886	3.93197	2.84835	
5.3214	5.71327	2.92404	1.54858	3.65721	4.74497	3.27107	0	2.19857	4.03291	2.24712	3.4536	7.12563	1.50633	0.422712	
6.63985	5.91058	3.12135	4.65761	12.5053	6.25957	4.52214	2.19857	0	5.38606	5.5462	4.80675	8.45681	2.85947	1.77586	
5.31006	7.31421	6.2641	2.90464	5.01327	3.12587	6.45856	4.03291	5.38606	0	3.60318	6.6411	11.9113	4.69382	3.6102	
0.731193	5.10811	2.42485	0.698537	2.80717	4.95652	10.1242	2.24712	5.5462	3.60318	0	6.86274	7.33239	8.35944	3.58029	
14.0977	10.5738	12.9279	5.91265	5.5145	9.78969	5.87925	3.4536	4.80675	6.6411	6.86274	0	7.75306	4.04179	3.03089	
8.06358	11.9246	9.75723	8.03092	10.6726	10.6925	18.9886	7.12563	8.45681	11.9113	7.33239	7.75306	0	3.71127	4.79489	
8.73576	8.21336	6.33839	3.96537	9.55629	8.15933	3.93197	1.50633	2.85947	4.69382	8.35944	4.04179	3.71127	0	1.08362	
5.74412	7.29133	3.34675	1.97129	4.99039	5.16768	2.84835	0.422712	1.77586	3.6102	3.58029	3.03089	4.79489	1.08362	0	

0	8.26211	7.91571	6.14618	8.93101	4.51012	5.51201	1.94651	4.83842	3.89576	1.70831	2.67303	3.6979	3.72778	1.43807	
8.26211	0	4.52725	5.71439	5.27191	3.93618	5.71455	5.31657	4.77901	5.44858	6.77334	2.9378	10.9923	0.574177	2.86389	
7.91571	4.52725	0	4.92037	20.2779	6.69858	7.71727	7.17624	7.97411	15.8185	5.81477	4.85004	13.1415	3.95307	6.24278	
6.14618	5.71439	4.92037	0	10.6681	1.77821	2.7969	2.25587	3.05374	3.29061	6.6006	8.39661	7.41057	6.3626	2.76431	
8.93101	5.27191	20.2779	10.6681	0	9.20809	7.87122	8.00138	10.0038	14.2995	10.8313	11.0805	12.4849	5.84608	7.49294	
4.51012	3.93618	6.69858	1.77821	9.20809	0	4.57511	2.02004	4.83195	1.5124	5.41177	6.37649	3.89363	4.51036	2.52848	
5.51201	5.71455	7.71727	2.7969	7.87122	4.57511	0	5.05277	2.13253	6.99491	3.8037	4.76843	4.61368	5.14037	7.1421	
1.94651	5.31657	7.17624	2.25587	8.00138	2.02004	5.05277	0	5.30961	3.53244	3.84684	4.19695	9.54983	2.79815	0.508441	
4.83842	4.77901	7.97411	3.05374	10.0038	4.83195	2.13253	5.30961	0	8.73419	3.83878	4.80351	5.82838	5.35319	6.27649	
3.89576	5.44858	15.8185	3.29061	14.2995	1.5124	6.99491	3.53244	8.73419	0	4.37083	6.96143	2.38123	6.09679	5.33383	
1.70831	6.77334	5.81477	6.6006	10.8313	5.41177	3.8037	3.84684	3.83878	4.37083	0	0.964725	1.9896	3.32835	3.14637	
2.67303	2.9378	4.85004	8.39661	11.0805	6.37649	4.76843	4.19695	4.80351	6.96143	0.964725	0	2.95432	2.36362	3.6885	
3.6979	10.9923	13.1415	7.41057	12.4849	3.89363	4.61368	9.54983	5.82838	2.38123	1.9896	2.95432	0	9.75405	5.32799	
3.72778	0.574177	3.95307	6.3626	5.84608	4.51036	5.14037	2.79815	5.35319	6.09679	3.32835	2.36362	9.75405	0	2.28971	
1.43807	2.86389	6.24278	2.76431	7.49294	2.52848	7.1421	0.508441	6.27649	5.33383	3.14637	3.6885	5.32799	2.28971	0	

0	3.86244	7.401	3.89905	10.1523	7.47597	3.71685	2.60425	6.6243	7.79418	5.34373	7.82028	5.3793	3.37901	2.54341	
3.86244	0	2.96215	2.67468	11.7365	6.78699	2.49248	1.37988	3.92312	3.29474	8.46546	6.27429	5.45642	2.35159	1.31904	
7.401	2.96215	0	10.1686	10.0604	4.59094	9.88463	5.17141	0.960976	5.22724	2.24154	8.46326	2.49428	4.02199	4.28118	
3.89905	2.67468	10.1686	0	4.53002	5.3493	2.52909	1.41649	11.9299	6.60642	10.5799	11.3015	5.91359	2.3882	1.35565	
10.1523	11.7365	10.0604	4.53002	0	8.26328	13.0426	5.76109	9.09941	9.21562	8.5271	9.74975	9.9625	6.91051	5.82193	
7.47597	6.78699	4.59094	5.3493	8.26328	0	5.25745	3.00694	7.47541	3.65127	6.19485	6.99561	2.09666	4.15637	3.06779	
3.71685	2.49248	9.88463	2.52909	13.0426	5.25745	0	1.23429	5.79606	1.60618	4.5155	11.0541	4.33914	2.206	1.17345	
2.60425	1.37988	5.17141	1.41649	5.76109	3.00694	1.23429	0	8.06638	3.45453	3.33966	3.98866	4.06942	1.0934	0.0608448	
6.6243	3.92312	0.960976	11.9299	9.09941	7.47541	5.79606	8.06638	0	4.61185	1.28056	16.583	3.45525	3.4708	9.86262	
7.79418	3.29474	5.22724	6.60642	9.21562	3.65127	1.60618	3.45453	4.61185	0	5.17071	7.44319	2.73297	4.60395	2.77962	
5.34373	8.46546	2.24154	10.5799	8.5271	6.19485	4.5155	3.33966	1.28056	5.17071	0	6.63151	4.97788	2.19024	3.22279	
7.82028	6.27429	8.46326	11.3015	9.74975	6.99561	11.0541	3.98866	16.583	7.44319	6.63151	0	7.36127	4.44127	4.04951	
5.3793	5.45642	2.49428	5.91359	9.9625	2.09666	4.33914	4.06942	3.45525	2.73297	4.97788	7.36127	0	2.92	3.95255	
3.37901	2.35159	4.02199	2.3882	6.91051	4.15637	2.206	1.0934	3.4708	4.60395	2.19024	4.44127	2.92	0	1.03255	
2.54341	1.31904	4.28118	1.35565	5.82193	3.06779	1.17345	0.0608448	9.86262	2.77962	3.22279	4.04951	3.95255	1.03255	0	

0	3.73661	8.16522	4.42989	14.8752	8.95774	0.844475	9.82318	2.38251	2.4564	1.29409	7.3009	3.96082	4.815	7.80157	
3.73661	0	4.08799	2.33097	9.27199	3.84366	3.39299	4.16724	1.85496	6.19301	5.0307	5.84166	7.69743	3.44574	3.28603	
8.16522	4.08799	0	1.75702	9.56636	3.26972	5.34243	6.38094	6.28357	11.1108	6.29488	5.26771	9.03524	2.87179	2.71209	
4.42989	2.33097	1.75702	0	11.2274	1.5127	3.58541	1.05735	4.18592	7.60872	4.53786	2.79799	5.83309	1.11477	0.955065	
14.8752	9.27199	9.56636	11.2274	0	5.83436	27.3491	3.18542	15.8076	14.1121	13.6335	6.69492	14.8309	5.47898	3.2877	
8.95774	3.84366	3.26972	1.5127	5.83436	0	5.09811	2.64894	8.25082	11.9283	6.05056	4.23906	6.71956	2.55584	2.46776	
0.844475	3.39299	5.34243	3.58541	27.3491	5.09811	0	11.3984	1.53804	3.30088	2.13857	7.0961	4.80529	4.70018	4.54048	
9.82318	4.16724	6.38094	1.05735	3.18542	2.64894	11.3984	0	7.94152	8.92123	5.81447	2.92242	5.16459	2.29356	0.102281	
2.38251	1.85496	6.28357	4.18592	15.8076	8.25082	1.53804	7.94152	0	7.6672	4.57657	7.3782	9.17162	5.69498	5.91992	
2.4564	6.19301	11.1108	7.60872	14.1121	11.9283	3.30088	8.92123	7.6672	0	3.07086	5.41173	5.67091	6.59177	8.23186	
1.29409	5.0307	6.29488	4.53786	13.6335	6.05056	2.13857	5.81447	4.57657	3.07086	0	5.20413	4.43316	3.52091	5.49293	
7.3009	5.84166	5.26771	2.79799	6.69492	4.23906	7.0961	2.92242	7.3782	5.41173	5.20413	0	5.09516	1.68322	2.82014	
3.96082	7.69743	9.03524	5.83309	14.8309	6.71956	4.80529	5.16459	9.17162	5.67091	4.43316	5.09516	0	4.71831	5.06231	
4.815	3.44574	2.87179	1.11477	5.47898	2.55584	4.70018	2.29356	5.69498	6.59177	3.52091	1.68322	4.71831	0	2.06984	
7.80157	3.28603	2.71209	0.955065	3.2877	2.46776	4.54048	0.102281	5.91992	8.23186	5.49293	2.82014	5.06231	2.06984	0	

0	3.62078	7.02819	5.62559	10.6896	8.91476	9.57208	7.13223	8.33141	3.06737	2.53108	1.09755	3.94574	9.39015	4.98705	
3.62078	0	2.11186	2.35	4.4634	10.5254	12.1726	2.67588	9.45605	14.1021	6.84509	2.52323	15.3224	0.931271	1.63439	
7.02819	2.11186	0	2.59931	3.95965	5.87971	8.36667	2.9252	3.79784	7.49427	5.54205	5.93064	8.85236	1.18059	1.8837	
5.62559	2.35	2.59931	0	4.95086	0.943336	5.73373	2.96476	5.40489	3.6308	3.09451	7.41638	4.30107	1.41873	2.12185	
10.6896	4.4634	3.95965	4.95086	0	8.08003	15.1161	5.27674	9.34734	3.53463	4.07091	9.89029	4.30946	3.53213	4.23525	
8.91476	10.5254	5.87971	0.943336	8.08003	0	6.46307	3.90809	6.93444	4.54541	4.03785	10.2468	5.24441	2.36207	4.48717	
9.57208	12.1726	8.36667	5.73373	15.1161	6.46307	0	5.67718	2.71658	8.50163	7.73656	10.6696	10.0348	5.98371	3.42834	
7.13223	2.67588	2.9252	2.96476	5.27674	3.90809	5.67718	0	1.10835	1.96619	2.50248	6.34718	2.74103	1.09971	0.396593	
8.33141	9.45605	3.79784	5.40489	9.34734	6.93444	2.71658	1.10835	0	5.81271	3.16773	6.66235	6.47804	1.41488	0.711759	
3.06737	14.1021	7.49427	3.6308	3.53463	4.54541	8.50163	1.96619	5.81271	0	0.536285	4.85815	0.774832	3.71081	2.36279	
2.53108	6.84509	5.54205	3.09451	4.07091	4.03785	7.73656	2.50248	3.16773	0.536285	0	3.62863	1.31112	3.15909	2.45597	
1.09755	2.52323	5.93064	7.41638	9.89029	10.2468	10.6696	6.34718	6.66235	4.85815	3.62863	0	5.0433	3.4545	5.95059	
3.94574	15.3224	8.85236	4.30107	4.30946	5.24441	10.0348	2.74103	6.47804	0.774832	1.31112	5.0433	0	4.9311	3.58308	
9.39015	0.931271	1.18059	1.41873	3.53213	2.36207	5.98371	1.09971	1.41488	3.71081	3.15909	3.4545	4.9311	0	0.703119	
4.98705	1.63439	1.8837	2.12185	4.23525	4.48717	3.42834	0.396593	0.711759	2.36279	2.45597	5.95059	3.58308	0.703119	0	

0	7.6184	9.91311	3.97429	11.1432	4.81837	2.32854	5.71741	1.09313	4.72781	3.01749	6.88398	5.18494	4.42667	4.6834	
7.6184	0	2.63365	3.95837	5.98057	2.80003	7.31931	4.85358	9.03628	6.71115	5.93444	2.10734	3.90602	3.78249	6.17062	
9.91311	2.63365	0	7.20993	8.61422	5.43367	7.58457	3.92398	10.5588	9.93402	8.56808	4.74098	7.1289	5.91966	4.95634	
3.97429	3.95837	7.20993	0	8.48662	1.15835	4.28362	3.06087	3.32574	6.96042	0.956801	3.88435	4.17357	3.15697	2.02851	
11.1432	5.98057	8.61422	8.48662	0	8.18124	8.28074	7.49048	14.1276	10.1224	8.12404	5.51854	7.31723	6.18261	6.45812	
4.81837	2.80003	5.43367	1.15835	8.18124	0	4.09675	4.4443	4.48409	10.0908	2.11515	3.67378	5.14401	1.99863	3.18685	
2.32854	7.31931	7.58457	4.28362	8.28074	4.09675	0	5.74133	3.42167	9.23635	5.24042	3.77329	5.24351	2.09813	6.31213	
5.71741	4.85358	3.92398	3.06087	7.49048	4.4443	5.74133	0	6.6117	7.35005	2.69828	2.74624	4.54493	3.6432	1.03236	
1.09313	9.03628	10.5588	3.32574	14.1276	4.48409	3.42167	6.6117	0	3.63468	4.11062	5.89049	4.0918	6.84822	5.35424	
4.72781	6.71115	9.93402	6.96042	10.1224	10.0908	9.23635	7.35005	3.63468	0	6.92308	4.60381	6.4025	6.27897	8.589	
3.01749	5.93444	8.56808	0.956801	8.12404	2.11515	5.24042	2.69828	4.11062	6.92308	0	4.84115	3.21677	4.47928	1.66592	
6.88398	2.10734	4.74098	3.88435	5.51854	3.67378	3.77329	2.74624	5.89049	4.60381	4.84115	0	1.79869	1.67516	3.77861	
5.18494	3.90602	7.1289	4.17357	7.31723	5.14401	5.24351	4.54493	4.0918	6.4025	3.21677	1.79869	0	3.14539	4.88268	
4.42667	3.78249	5.91966	3.15697	6.18261	1.99863	2.09813	3.6432	6.84822	6.27897	4.47928	1.67516	3.14539	0	4.67556	
4.6834	6.17062	4.95634	2.02851	6.45812	3.18685	6.31213	1.03236	5.35424	8.589	1.66592	3.77861	4.88268	4.67556	0	

0	9.18081	1.75497	5.38599	15.2584	5.05265	2.45255	5.51073	1.09955	6.4445	2.03915	10.7466	7.71984	3.83496	4.60202	
9.18081	0	9.26119	11.0358	0.95729	11.163	6.72826	11.7719	17.1841	9.73694	9.85873	10.137	7.1102	10.7989	10.2518	
1.75497	9.26119	0	3.76911	10.2185	4.93088	4.20753	3.75576	2.85452	8.31709	5.84306	4.43781	6.39443	2.07999	2.62709	
5.38599	11.0358	3.76911	0	12.0598	1.85411	8.02246	2.34484	5.8316	6.11592	3.65038	8.85795	4.19326	1.33107	0.783971	
15.2584	0.95729	10.2185	12.0598	0	10.2057	7.68555	10.8146	18.1122	11.3597	12.002	11.7598	8.06749	22.6272	11.2091	
5.05265	11.163	4.93088	1.85411	10.2057	0	4.92674	8.68664	2.73587	4.79298	1.79627	8.77864	8.75373	7.01087	2.63808	
2.45255	6.72826	4.20753	8.02246	7.68555	4.92674	0	11.1036	3.5521	6.12718	3.13047	10.4418	10.0879	14.4642	7.05457	
5.51073	11.7719	3.75576	2.34484	10.8146	8.68664	11.1036	0	9.75059	6.71126	11.3741	4.26455	4.97015	2.10797	1.56087	
1.09955	17.1841	2.85452	5.8316	18.1122	2.73587	3.5521	9.75059	0	3.93631	0.939604	7.79167	7.89707	6.73661	5.70157	
6.4445	9.73694	8.31709	6.11592	11.3597	4.79298	6.12718	6.71126	3.93631	0	2.99671	2.44672	2.62674	4.80454	5.33195	
2.03915	9.85873	5.84306	3.65038	12.002	1.79627	3.13047	11.3741	0.939604	2.99671	0	5.44343	5.62345	7.67621	5.67596	
10.7466	10.137	4.43781	8.85795	11.7598	8.77864	10.4418	4.26455	7.79167	2.44672	5.44343	0	3.02681	2.35783	2.90492	
7.71984	7.1102	6.39443	4.19326	8.06749	8.75373	10.0879	4.97015	7.89707	2.62674	5.62345	3.02681	0	3.95638	3.40929	
3.83496	10.7989	2.07999	1.33107	22.6272	7.01087	14.4642	2.10797	6.73661	4.80454	7.67621	2.35783	3.95638	0	0.5471	
4.60202	10.2518	2.62709	0.783971	11.2091	2.63808	7.05457	1.56087	5.70157	5.33195	5.67596	2.90492	3.40929	0.5471	0	

0	8.09957	4.92773	2.76503	6.38731	1.71412	2.63793	6.72916	1.05591	2.14362	3.77301	9.53007	6.91027	5.44968	3.68364	
8.09957	0	3.26806	13.5092	9.42503	5.6987	22.2549	2.55586	22.3024	10.0095	6.4742	7.8704	10.0638	1.96313	8.69764	
4.92773	3.26806	0	6.33685	6.15697	6.64185	7.56567	4.09594	5.98365	6.74142	3.20614	4.60234	8.92155	4.68866	4.22196	
2.76503	13.5092	6.33685	0	5.7241	1.05091	9.07179	2.13066	7.39126	7.26678	4.92448	1.73451	6.05373	4.78648	2.00464	
6.38731	9.42503	6.15697	5.7241	0	4.67319	14.3886	6.53725	6.59318	8.91591	8.54675	7.19347	4.14927	7.12997	6.64271	
1.71412	5.6987	6.64185	1.05091	4.67319	0	4.35205	2.09555	2.77003	3.85774	3.87356	2.78542	8.01881	3.73557	1.96952	
2.63793	22.2549	7.56567	9.07179	14.3886	4.35205	0	7.9935	3.69384	4.78155	6.41094	7.33728	11.6565	8.77437	11.685	
6.72916	2.55586	4.09594	2.13066	6.53725	2.09555	7.9935	0	8.57116	10.8374	7.30208	0.656226	4.97544	0.592723	0.126025	
1.05591	22.3024	5.98365	7.39126	6.59318	2.77003	3.69384	8.57116	0	3.19953	3.9805	9.22739	10.7425	7.19235	8.30987	
2.14362	10.0095	6.74142	7.26678	8.91591	3.85774	4.78155	10.8374	3.19953	0	5.91663	9.00129	4.76665	8.28006	9.27141	
3.77301	6.4742	3.20614	4.92448	8.54675	3.87356	6.41094	7.30208	3.9805	5.91663	0	7.80848	10.4492	7.60913	5.84309	
9.53007	7.8704	4.60234	1.73451	7.19347	2.78542	7.33728	0.656226	9.22739	9.00129	7.80848	0	4.31921	1.24895	0.782252	
6.91027	10.0638	8.92155	6.05373	4.14927	8.01881	11.6565	4.97544	10.7425	4.76665	10.4492	4.31921	0	11.7544	9.98833	
5.44968	1.96313	4.68866	4.78648	7.12997	3.73557	8.77437	0.592723	7.19235	8.28006	7.60913	1.24895	11.7544	0	0.718749	
3.68364	8.69764	4.22196	2.00464	6.64271	1.96952	11.685	0.126025	8.30987	9.27141	5.84309	0.782252	9.98833	0.718749	0	

0	6.03781	4.59628	2.87608	6.73089	2.931	3.41816	2.23709	3.16623	1.02115	3.31639	4.44491	2.1511	4.09227	5.53392	
6.03781	0	4.21737	3.72829	7.54171	2.5408	9.41847	3.62246	8.6784	4.45064	4.66518	3.73918	5.08774	1.98748	2.6221	
4.59628	4.21737	0	4.382	6.41259	5.31673	9.66089	2.13899	8.03626	3.35493	11.8179	4.1266	6.07091	2.22989	2.86451	
2.87608	3.72829	4.382	0	6.1884	1.18749	4.25194	2.24301	4	1.85493	4.15016	2.38587	3.59193	3.878	5.31964	
6.73089	7.54171	6.41259	6.1884	0	5.00091	7.82573	4.2736	10.1709	5.48954	11.657	6.19929	7.54786	5.90858	6.31235	
2.931	2.5408	5.31673	1.18749	5.00091	0	4.30686	3.12579	4.05492	1.90985	4.20508	1.19838	2.54695	4.52827	6.25437	
3.41816	9.41847	9.66089	4.25194	7.82573	4.30686	0	3.61296	4.54209	2.39701	4.69225	16.6575	9.22768	7.431	8.06562	
2.23709	3.62246	2.13899	2.24301	4.2736	3.12579	3.61296	0	3.36102	1.21594	3.51118	1.98761	4.60839	1.63498	2.2696	
3.16623	8.6784	8.03626	4	10.1709	4.05492	4.54209	3.36102	0	2.14508	4.01322	7.88488	7.30826	7.53225	8.9739	
1.02115	4.45064	3.35493	1.85493	5.48954	1.90985	2.39701	1.21594	2.14508	0	2.29524	3.10823	3.17225	2.85093	4.29257	
3.31639	4.66518	11.8179	4.15016	11.657	4.20508	4.69225	3.51118	4.01322	2.29524	0	10.7928	13.4291	6.65265	8.35412	
4.44491	3.73918	4.1266	2.38587	6.19929	1.19838	16.6575	1.98761	7.88488	3.10823	10.7928	0	3.74533	3.6226	5.06424	
2.1511	5.08774	6.07091	3.59193	7.54786	2.54695	9.22768	4.60839	7.30826	3.17225	13.4291	3.74533	0	3.84102	4.47564	
4.09227	1.98748	2.22989	3.878	5.90858	4.52827	7.431	1.63498	7.53225	2.85093	6.65265	3.6226	3.84102	0	0.63462	
5.53392	2.6221	2.86451	5.31964	6.31235	6.25437	8.06562	2.2696	8.9739	4.29257	8.35412	5.06424	4.47564	0.63462	0	

0	9.79882	4.41609	1.30696	6.29059	1.86188	3.36119	3.23407	2.11535	3.85872	0.387441	1.70595	10.188	4.71025	2.70927	
9.79882	0	2.90551	2.84941	9.21597	4.89227	5.64649	9.19817	5.03726	7.61016	11.8345	2.45043	7.3263	7.60612	11.0188	
4.41609	2.90551	0	2.74252	8.09276	1.98677	8.552	3.4519	6.91245	7.86461	3.46121	3.50811	13.9235	2.50058	12.0526	
1.30696	2.84941	2.74252	0	4.98363	0.755756	5.45929	2.22089	2.98582	4.75548	1.69441	0.398981	5.27486	1.26957	4.01624	
6.29059	9.21597	8.09276	4.98363	0	5.73938	8.05233	4.9731	6.80649	9.73911	8.22275	5.38261	3.72502	6.23526	5.49789	
1.86188	4.89227	1.98677	0.755756	5.73938	0	6.17152	1.46514	4.92568	5.51124	1.47444	1.15474	11.275	0.513817	1.98993	
3.36119	5.64649	8.552	5.45929	8.05233	6.17152	0	6.1409	1.24584	8.01105	4.53977	3.83267	15.567	7.40306	6.66569	
3.23407	9.19817	3.4519	2.22089	4.9731	1.46514	6.1409	0	6.39082	11.9075	2.93958	6.41786	8.69812	1.26216	0.524795	
2.11535	5.03726	6.91245	2.98582	6.80649	4.92568	1.24584	6.39082	0	5.97406	2.50279	2.58683	7.46271	5.4395	4.82462	
3.85872	7.61016	7.86461	4.75548	9.73911	5.51124	8.01105	11.9075	5.97406	0	4.24616	5.15446	10.0356	10.3154	6.56799	
0.387441	11.8345	3.46121	1.69441	8.22275	1.47444	4.53977	2.93958	2.50279	4.24616	0	6.14688	9.80056	1.98826	3.09671	
1.70595	2.45043	3.50811	0.398981	5.38261	1.15474	3.83267	6.41786	2.58683	5.15446	6.14688	0	4.87587	5.15569	7.27254	
10.188	7.3263	13.9235	5.27486	3.72502	11.275	15.567	8.69812	7.46271	10.0356	9.80056	4.87587	0	10.0316	13.0808	
4.71025	7.60612	2.50058	1.26957	6.23526	0.513817	7.40306	1.26216	5.4395	10.3154	1.98826	5.15569	10.0316	0	1.78696	
2.70927	11.0188	12.0526	4.01624	5.49789	1.98993	6.66569	0.524795	4.82462	6.56799	3.09671	7.27254	13.0808	1.78696	0	

0	9.10812	6.98894	7.57546	8.25294	4.71764	1.59074	3.73033	2.0545	5.18551	1.43752	10.1718	4.2126	2.82645	5.37963	
9.10812	0	4.68946	6.51513	9.52887	7.16244	18.058	3.97099	6.90836	14.4633	10.4426	8.34215	9.18291	4.87488	4.47701	
6.98894	4.68946	0	3.26261	17.3525	9.1806	5.96713	0.718467	3.65583	10.1812	7.41449	7.38362	3.34527	1.62235	1.22449	
7.57546	6.51513	3.26261	0	4.66774	0.900072	6.77297	2.54414	5.4815	10.9871	4.18019	1.80136	4.15111	3.44803	3.05016	
8.25294	9.52887	17.3525	4.66774	0	3.76767	9.84367	13.4999	10.3074	14.7025	7.04779	4.94738	10.8556	11.0794	15.2975	
4.71764	7.16244	9.1806	0.900072	3.76767	0	9.70984	3.44421	8.05798	13.7922	3.28012	1.17971	5.05118	8.37358	5.08929	
1.59074	18.058	5.96713	6.77297	9.84367	9.70984	0	9.2503	3.64524	3.59477	3.02826	6.66022	2.62186	4.41718	5.39376	
3.73033	3.97099	0.718467	2.54414	13.4999	3.44421	9.2503	0	2.93736	9.69283	4.44813	4.3455	3.27792	0.903886	0.50602	
2.0545	6.90836	3.65583	5.4815	10.3074	8.05798	3.64524	2.93736	0	6.75547	3.49202	12.0615	8.27971	3.84125	3.44338	
5.18551	14.4633	10.1812	10.9871	14.7025	13.7922	3.59477	9.69283	6.75547	0	7.88713	10.8743	6.21663	9.27606	9.60788	
1.43752	10.4426	7.41449	4.18019	7.04779	3.28012	3.02826	4.44813	3.49202	7.88713	0	4.45983	6.71401	4.26397	3.94211	
10.1718	8.34215	7.38362	1.80136	4.94738	1.17971	6.66022	4.3455	12.0615	10.8743	4.45983	0	4.03836	6.93958	5.99057	
4.2126	9.18291	3.34527	4.15111	10.8556	5.05118	2.62186	3.27792	8.27971	6.21663	6.71401	4.03836	0	2.90123	2.7719	
2.82645	4.87488	1.62235	3.44803	11.0794	8.37358	4.41718	0.903886	3.84125	9.27606	4.26397	6.93958	2.90123	0	1.40991	
5.37963	4.47701	1.22449	3.05016	15.2975	5.08929	5.39376	0.50602	3.44338	9.60788	3.94211	5.99057	2.7719	1.40991	0	

0	6.41412	6.4935	3.49262	9.25937	4.3585	4.20117	4.9094	1.13336	1.95869	6.92778	2.01672	7.20551	2.446	3.70284	
6.41412	0	2.79428	7.721	3.81921	5.73816	11.1226	1.50472	8.7968	4.89134	10.899	4.70889	3.80084	4.81298	1.5993	
6.4935	2.79428	0	7.80038	1.02493	5.81754	8.32832	1.5841	8.79094	7.68563	9.66247	4.78827	3.88021	7.60726	1.67868	
3.49262	7.721	7.80038	0	5.69553	2.51254	7.08927	0.684223	5.73768	9.31032	3.12075	1.4759	5.42441	1.84648	0.58965	
9.25937	3.81921	1.02493	5.69553	0	11.1302	8.59083	2.60903	9.81587	7.30068	9.64315	10.0935	7.26035	6.36272	5.10588	
4.3585	5.73816	5.81754	2.51254	11.1302	0	6.29294	4.23343	3.22514	7.13059	4.01231	3.98844	6.3951	4.68482	3.10219	
4.20117	11.1226	8.32832	7.08927	8.59083	6.29294	0	7.95896	3.06781	6.36314	8.04564	6.42116	5.66285	6.85045	7.67892	
4.9094	1.50472	1.5841	0.684223	2.60903	4.23343	7.95896	0	6.04276	6.39607	4.6789	3.20417	2.29611	1.35141	0.0945733	
1.13336	8.7968	8.79094	5.73768	9.81587	3.22514	3.06781	6.04276	0	3.09206	7.23745	3.15008	8.73066	3.57937	6.41015	
1.95869	4.89134	7.68563	9.31032	7.30068	7.13059	6.36314	6.39607	3.09206	0	7.16114	3.97541	9.54393	4.4047	7.23548	
6.92778	10.899	9.66247	3.12075	9.64315	4.01231	8.04564	4.6789	7.23745	7.16114	0	4.59666	2.38279	6.08602	3.7104	
2.01672	4.70889	4.78827	1.4759	10.0935	3.98844	6.42116	3.20417	3.15008	3.97541	4.59666	0	5.50028	4.46272	2.06555	
7.20551	3.80084	3.88021	5.42441	7.26035	6.3951	5.66285	2.29611	8.73066	9.54393	2.38279	5.50028	0	6.87678	2.39068	
2.446	4.81298	7.60726	1.84648	6.36272	4.68482	6.85045	1.35141	3.57937	4.4047	6.08602	4.46272	6.87678	0	1.25683	
3.70284	1.5993	1.67868	0.58965	5.10588	3.10219	7.67892	0.0945733	6.41015	7.23548	3.7104	2.06555	2.39068	1.25683	0	

0	13.0326	6.00425	4.38902	8.982	7.90358	9.91768	5.76735	4.78628	2.39882	3.90229	8.97477	9.91802	10.9706	5.63413	
13.0326	0	3.4437	5.05893	9.51578	8.08623	11.1599	4.85022	5.98923	11.6551	7.56382	6.46725	4.54518	7.63843	5.71289	
6.00425	3.4437	0	1.61523	6.07208	5.1298	7.35311	2.46481	2.54553	4.93299	7.55117	3.02355	7.98888	4.39223	2.86034	
4.38902	5.05893	1.61523	0	7.68731	3.51457	6.55744	1.37833	1.74986	4.13732	6.7555	4.58575	7.05561	4.16654	1.24511	
8.982	9.51578	6.07208	7.68731	0	14.6783	19.5315	7.13373	8.6176	11.3808	14.6772	9.09562	13.7471	4.34552	10.7812	
7.90358	8.08623	5.1298	3.51457	14.6783	0	6.945	4.8929	4.59713	6.98459	6.55969	6.24244	3.54105	10.3328	4.75967	
9.91768	11.1599	7.35311	6.55744	19.5315	6.945	0	8.597	4.80759	4.26205	2.75858	13.1874	5.77722	12.3731	10.4476	
5.76735	4.85022	2.46481	1.37833	7.13373	4.8929	8.597	0	3.12819	6.17687	8.38524	4.82178	9.3954	2.78821	0.862672	
4.78628	5.98923	2.54553	1.74986	8.6176	4.59713	4.80759	3.12819	0	2.38746	3.89094	5.56908	8.02428	6.57762	2.99497	
2.39882	11.6551	4.93299	4.13732	11.3808	6.98459	4.26205	6.17687	2.38746	0	1.50347	11.5162	4.52211	19.3305	9.66106	
3.90229	7.56382	7.55117	6.7555	14.6772	6.55969	2.75858	8.38524	3.89094	1.50347	0	10.6398	3.01864	11.1734	8.15759	
8.97477	6.46725	3.02355	4.58575	9.09562	6.24244	13.1874	4.82178	5.56908	11.5162	10.6398	0	7.62114	7.41578	3.95911	
9.91802	4.54518	7.98888	7.05561	13.7471	3.54105	5.77722	9.3954	8.02428	4.52211	3.01864	7.62114	0	9.40157	11.1762	
10.9706	7.63843	4.39223	4.16654	4.34552	10.3328	12.3731	2.78821	6.57762	19.3305	11.1734	7.41578	9.40157	0	3.65088	
5.63413	5.71289	2.86034	1.24511	10.7812	4.75967	10.4476	0.862672	2.99497	9.66106	8.15759	3.95911	11.1762	3.65088	0	

0	10.2756	3.85218	1.74672	14.8305	2.28625	2.72632	4.52154	7.76329	8.7795	0.662524	3.29129	7.77687	5.95141	4.83876	
10.2756	0	4.09851	3.56833	12.157	5.96279	4.5055	2.8249	6.06523	5.74764	10.8365	5.98071	7.39473	2.40519	2.39305	
3.85218	4.09851	0	2.88074	5.93554	4.89506	3.8179	2.13731	3.52128	9.30501	3.18966	5.29311	8.23024	2.04473	1.70546	
1.74672	3.56833	2.88074	0	1.17524	0.134754	3.28773	1.60713	5.3986	4.54471	1.0842	4.76294	3.46993	1.51455	1.17528	
14.8305	12.157	5.93554	1.17524	0	1.30999	7.15128	6.07374	6.57384	5.71994	2.25943	13.167	4.64517	10.7273	2.35052	
2.28625	5.96279	4.89506	0.134754	1.30999	0	5.01257	2.23529	5.53335	4.59063	1.21895	5.57754	3.60469	3.66516	1.31003	
2.72632	4.5055	3.8179	3.28773	7.15128	5.01257	0	2.5443	5.82692	6.05318	3.38884	5.70011	9.44598	2.45172	2.11245	
4.52154	2.8249	2.13731	1.60713	6.07374	2.23529	2.5443	0	7.12255	2.35534	5.9827	4.01951	3.66723	0.771124	0.431849	
7.76329	6.06523	3.52128	5.3986	6.57384	5.53335	5.82692	7.12255	0	9.47788	6.4828	11.0546	8.86853	3.66004	3.99931	
8.7795	5.74764	9.30501	4.54471	5.71994	4.59063	6.05318	2.35534	9.47788	0	5.6289	5.67172	6.02257	7.14563	2.78719	
0.662524	10.8365	3.18966	1.0842	2.25943	1.21895	3.38884	5.9827	6.4828	5.6289	0	3.95381	4.55413	8.17901	2.25948	
3.29129	5.98071	5.29311	4.76294	13.167	5.57754	5.70011	4.01951	11.0546	5.67172	3.95381	0	4.48558	3.92693	3.58766	
7.77687	7.39473	8.23024	3.46993	4.64517	3.60469	9.44598	3.66723	8.86853	6.02257	4.55413	4.48558	0	8.45753	4.09908	
5.95141	2.40519	2.04473	1.51455	10.7273	3.66516	2.45172	0.771124	3.66004	7.14563	8.17901	3.92693	8.45753	0	0.339275	
4.83876	2.39305	1.70546	1.17528	2.35052	1.31003	2.11245	0.431849	3.99931	2.78719	2.25948	3.58766	4.09908	0.339275	0	

0	11.3146	8.46146	6.3218	9.3125	6.86013	4.06025	4.02117	2.50075	5.62404	0.46776	5.77623	7.28145	3.39922	5.57057	
11.3146	0	7.95118	6.42641	1.56763	5.31696	10.5101	6.11487	9.20053	6.21184	9.23041	5.1039	5.95912	6.29895	5.74406	
8.46146	7.95118	0	2.03431	6.89309	5.14216	10.005	3.26169	5.21272	4.48335	4.58369	3.85039	4.60176	1.65223	2.71292	
