10
10
2
2
30

6	25
1	50
11	25
47	42
3	33
22	35
37	29
8	32
40	14
47	10

40	12
50	19
49	12
45	9
11	8
25	5
17	28
33	35
2	41
7	15

150

1.79769e+308
1.79769e+308
1.79769e+308
1.79769e+308
1.79769e+308
1.79769e+308
1.79769e+308
1.79769e+308
1.79769e+308
1.79769e+308

13
15
11
18
13
13
19
18
19
14

0
0
0
0
0
0
0
0
0
0

0

0	12.4856	2.5	17.0377	5.80992	7.18557	13.8466	1.60162	11.4947	15.9303	13.8322	13.3223	21.9813	13.8293	3.89841	17.3793	5.31745	7.48601	8.24621	5.94651	
12.4856	0	10.8618	14.941	6.67572	17.9477	31.111	12.8455	28.1142	22.0958	22.8877	15.0755	21.1566	20.2185	34.7475	20.91	10.9869	20.9118	10.8665	20.6894	
2.5	10.8618	0	15.4138	4.18607	10.5595	13.8312	4.10162	8.99468	13.5095	12.0747	18.8983	14.8952	10.2618	6.39841	17.4486	2.81745	8.75529	10.7462	3.44651	
17.0377	14.941	15.4138	0	11.2278	17.3942	21.3216	17.3976	19.8694	19.0816	19.8735	12.0613	16.8373	17.2043	29.2154	22.8146	15.5389	14.5568	19.3548	22.4756	
5.80992	6.67572	4.18607	11.2278	0	11.2719	15.3249	6.16981	11.3119	16.8806	19.1606	14.7122	20.7934	11.7555	9.70833	17.0923	4.31116	10.249	11.4484	7.63258	
7.18557	17.9477	10.5595	17.3942	11.2719	0	17.8289	5.58395	14.7428	18.1029	17.8158	20.7639	18.3209	15.1864	28.8033	26.2493	7.74209	13.6799	19.1048	11.6784	
13.8466	31.111	13.8312	21.3216	15.3249	17.8289	0	12.245	7.91355	9.45289	4.83355	10.8671	4.78599	7.48599	25.4657	26.8216	11.0137	7.57166	24.6223	14.95	
1.60162	12.8455	4.10162	17.3976	6.16981	5.58395	12.245	0	15.6677	14.3287	15.4338	20.8821	17.031	16.1113	5.50003	18.9809	7.98661	9.08764	9.84784	10.4455	
11.4947	28.1142	8.99468	19.8694	11.3119	14.7428	7.91355	15.6677	0	4.51486	3.08	10.8922	5.90051	5.99548	15.6247	24.5626	7.00071	5.31263	17.2477	10.937	
15.9303	22.0958	13.5095	19.0816	16.8806	18.1029	9.45289	14.3287	4.51486	0	5.39751	7.02026	4.6669	2.48204	25.96	31.2405	9.92636	9.82749	21.7626	17.8703	
13.8322	22.8877	12.0747	19.8735	19.1606	17.8158	4.83355	15.4338	3.08	5.39751	0	7.8122	5.61548	2.91548	17.7306	24.1673	10.0807	8.39263	20.3277	18.3038	
13.3223	15.0755	18.8983	12.0613	14.7122	20.7639	10.8671	20.8821	10.8922	7.02026	7.8122	0	6.08112	5.14296	32.654	25.0863	11.7742	5.83631	22.887	20.5313	
21.9813	21.1566	14.8952	16.8373	20.7934	18.3209	4.78599	17.031	5.90051	4.6669	5.61548	6.08112	0	2.7	30.6269	30.75	10.1443	11.2131	23.1482	18.0883	
13.8293	20.2185	10.2618	17.2043	11.7555	15.1864	7.48599	16.1113	5.99548	2.48204	2.91548	5.14296	2.7	0	28.3843	25.9515	7.44433	10.9793	23.541	11.3806	
3.89841	34.7475	6.39841	29.2154	9.70833	28.8033	25.4657	5.50003	15.6247	25.96	17.7306	32.654	30.6269	28.3843	0	18.6132	9.44745	11.3844	12.1446	10.0765	
17.3793	20.91	17.4486	22.8146	17.0923	26.2493	26.8216	18.9809	24.5626	31.2405	24.1673	25.0863	30.75	25.9515	18.6132	0	17.9383	19.25	25.6255	14.0021	
5.31745	10.9869	2.81745	15.5389	4.31116	7.74209	11.0137	7.98661	7.00071	9.92636	10.0807	11.7742	10.1443	7.44433	9.44745	17.9383	0	5.93784	13.6484	3.93629	
7.48601	20.9118	8.75529	14.5568	10.249	13.6799	7.57166	9.08764	5.31263	9.82749	8.39263	5.83631	11.2131	10.9793	11.3844	19.25	5.93784	0	15.7322	9.87414	
8.24621	10.8665	10.7462	19.3548	11.4484	19.1048	24.6223	9.84784	17.2477	21.7626	20.3277	22.887	23.1482	23.541	12.1446	25.6255	13.6484	15.7322	0	14.2775	
5.94651	20.6894	3.44651	22.4756	7.63258	11.6784	14.95	10.4455	10.937	17.8703	18.3038	20.5313	18.0883	11.3806	10.0765	14.0021	3.93629	9.87414	14.2775	0	

0	9.94309	1.25	20.9459	7.6896	5.47171	7.30036	2.84931	12.8646	17.6179	12.7402	17.5587	17.6096	13.1086	16.6	12.48	2.85997	10.3652	11.7542	4.05029	
9.94309	0	11.1931	45.8947	11.6397	15.4148	28.8178	11.2017	22.8077	30.4622	22.6833	24.399	24.4309	21.6575	20.3926	43.8741	14.0578	16.02	1.81108	16.6511	
1.25	11.1931	0	24.9118	6.96175	6.72171	6.05036	1.59931	14.1146	21.7691	13.9902	10.5033	10.5542	12.0552	8.44387	11.23	1.60997	11.6152	13.6058	2.80029	
20.9459	45.8947	24.9118	0	37.3218	24.6634	17.7184	28.998	8.08129	13.8055	8.56129	13.336	16.8399	19.5454	19.8071	14.6358	27.7371	18.7065	36.0506	23.5984	
7.6896	11.6397	6.96175	37.3218	0	13.1613	14.3094	8.20795	20.5543	28.2088	20.4298	14.2452	14.2961	18.9202	13.2864	19.489	5.35178	18.0549	13.4508	11.0593	
5.47171	15.4148	6.72171	24.6634	13.1613	0	6.62375	11.5974	16.2609	9.58226	16.2084	14.4963	11.5869	7.63688	15.452	22.4551	10.3228	15.837	20.15	14.2381	
7.30036	28.8178	6.05036	17.7184	14.3094	6.62375	0	7.64967	9.63715	15.3613	10.1171	7.87259	9.64035	14.2606	13.2579	15.8314	7.66032	10.8167	24.7751	7.61435	
2.84931	11.2017	1.59931	28.998	8.20795	11.5974	7.64967	0	20.9665	12.4012	19.0273	11.7495	11.8004	10.4559	9.19097	12.8293	2.85617	19.5382	12.0065	4.3996	
12.8646	22.8077	14.1146	8.08129	20.5543	16.2609	9.63715	20.9665	0	5.35767	0.48	5.25476	7.02253	7.66958	21.1607	4.61824	14.1481	10.6253	21.5127	15.5171	
17.6179	30.4622	21.7691	13.8055	28.2088	9.58226	15.3613	12.4012	5.35767	0	4.87767	4.20021	2.43245	1.94538	37.1372	9.01591	11.3767	16.3495	25.0754	18.8725	
12.7402	22.6833	13.9902	8.56129	20.4298	16.2084	10.1171	19.0273	0.48	4.87767	0	5.73476	6.75	6.82305	27.6195	4.13824	15.6943	11.1053	21.0327	15.9971	
17.5587	24.399	10.5033	13.336	14.2452	14.4963	7.87259	11.7495	5.25476	4.20021	5.73476	0	1.76777	5.71777	16.828	18.0537	8.89337	15.88	24.4108	15.4869	
17.6096	24.4309	10.5542	16.8399	14.2961	11.5869	9.64035	11.8004	7.02253	2.43245	6.75	1.76777	0	3.95	16.8789	10.8882	8.94427	14.5693	22.643	17.4729	
13.1086	21.6575	12.0552	19.5454	18.9202	7.63688	14.2606	10.4559	7.66958	1.94538	6.82305	5.71777	3.95	0	19.6468	12.7097	12.8943	18.5193	22.4623	15.9053	
16.6	20.3926	8.44387	19.8071	13.2864	15.452	13.2579	9.19097	21.1607	37.1372	27.6195	16.828	16.8789	19.6468	0	23.4812	7.93463	28.0853	21.1975	5.64358	
12.48	43.8741	11.23	14.6358	19.489	22.4551	15.8314	12.8293	4.61824	9.01591	4.13824	18.0537	10.8882	12.7097	23.4812	0	12.84	18.3185	25.171	14.0303	
2.85997	14.0578	1.60997	27.7371	5.35178	10.3228	7.66032	2.85617	14.1481	11.3767	15.6943	8.89337	8.94427	12.8943	7.93463	12.84	0	19.0306	14.8627	4.41025	
10.3652	16.02	11.6152	18.7065	18.0549	15.837	10.8167	19.5382	10.6253	16.3495	11.1053	15.88	14.5693	18.5193	28.0853	18.3185	19.0306	0	14.2089	18.431	
11.7542	1.81108	13.6058	36.0506	13.4508	20.15	24.7751	12.0065	21.5127	25.0754	21.0327	24.4108	22.643	22.4623	21.1975	25.171	14.8627	14.2089	0	17.4559	
4.05029	16.6511	2.80029	23.5984	11.0593	14.2381	7.61435	4.3996	15.5171	18.8725	15.9971	15.4869	17.4729	15.9053	5.64358	14.0303	4.41025	18.431	17.4559	0	

0	22.8801	5.2	26.5719	9.05664	18.5857	9.3771	9.23636	12.7171	11.8355	15.5532	17.5481	15.2386	10.5386	6.20202	14.764	8.62118	15.0739	11.3798	6.73342	
22.8801	0	24.0954	21.9445	16.7408	5.1614	14.37	14.0384	15.0884	26.027	13.0684	14.4957	18.3784	18.0831	25.8417	12.6988	18.1509	11.4314	11.5003	22.4114	
5.2	24.0954	0	27.2574	9.84924	12.9134	14.5771	4.03636	15.05	25.9886	13.03	22.9173	18.34	15.7386	11.402	14.892	3.42118	25.4388	13.7713	10.6778	
26.5719	21.9445	27.2574	0	17.5153	27.1059	22.3057	23.3282	27.1467	14.8268	17.3366	24.3546	12.0266	16.7266	35.7006	35.8158	23.8362	19.5915	22.7558	23.047	
9.05664	16.7408	9.84924	17.5153	0	12.7575	13.7505	5.81288	21.6004	24.366	26.3802	25.5975	29.5419	19.5953	7.54729	13.5623	16.5481	18.1863	5.24047	5.53173	
18.5857	5.1614	12.9134	27.1059	12.7575	0	9.20863	8.87705	17.775	19.9441	18.2298	18.9986	13.8348	11.9971	19.1348	7.53741	12.9895	6.27	7.51702	15.5185	
9.3771	14.37	14.5771	22.3057	13.7505	9.20863	0	13.7027	8.56635	10.7355	10.5864	13.0385	13.2616	11.4239	15.0815	16.746	22.1981	5.69677	8.51	16.1105	
9.23636	14.0384	4.03636	23.3282	5.81288	8.87705	13.7027	0	15.7875	21.3505	17.0664	19.7847	28.9673	18.8988	8.65703	14.6721	7.45754	15.147	9.73499	6.64146	
12.7171	15.0884	15.05	27.1467	21.6004	17.775	8.56635	15.7875	0	4.40819	2.02	4.47214	7.33	3.11127	6.51512	15.9334	26.5228	8.8384	17.0764	8.53069	
11.8355	26.027	25.9886	14.8268	24.366	19.9441	10.7355	21.3505	4.40819	0	6.31154	10.0351	2.80014	1.29692	12.0781	14.2134	28.3672	7.02405	19.1255	19.3494	
15.5532	13.0684	13.03	17.3366	26.3802	18.2298	10.5864	17.0664	2.02	6.31154	0	6.49214	5.31	5.01462	8.53512	21.3485	16.4512	10.7417	21.9749	27.6777	
17.5481	14.4957	22.9173	24.3546	25.5975	18.9986	13.0385	19.7847	4.47214	10.0351	6.49214	0	12.4451	7.58341	10.9873	11.4612	24.2857	19.5246	25.996	13.3616	
15.2386	18.3784	18.34	12.0266	29.5419	13.8348	13.2616	28.9673	7.33	2.80014	5.31	12.4451	0	4.09706	21.6352	17.0136	29.7444	7.56482	20.5107	22.1496	
10.5386	18.0831	15.7386	16.7266	19.5953	11.9971	11.4239	18.8988	3.11127	1.29692	5.01462	7.58341	4.09706	0	9.62639	15.5104	25.703	5.72713	18.673	17.272	
6.20202	25.8417	11.402	35.7006	7.54729	19.1348	15.0815	8.65703	6.51512	12.0781	8.53512	10.9873	21.6352	9.62639	0	10.0462	15.8312	19.0728	16.7606	2.01556	
14.764	12.6988	14.892	35.8158	13.5623	7.53741	16.746	14.6721	15.9334	14.2134	21.3485	11.4612	17.0136	15.5104	10.0462	0	18.3132	13.8074	15.0544	8.03059	
8.62118	18.1509	3.42118	23.8362	16.5481	12.9895	22.1981	7.45754	26.5228	28.3672	16.4512	24.2857	29.7444	25.703	15.8312	18.3132	0	19.2595	20.4702	17.3767	
15.0739	11.4314	25.4388	19.5915	18.1863	6.27	5.69677	15.147	8.8384	7.02405	10.7417	19.5246	7.56482	5.72713	19.0728	13.8074	19.2595	0	12.9459	17.0573	
11.3798	11.5003	13.7713	22.7558	5.24047	7.51702	8.51	9.73499	17.0764	19.1255	21.9749	25.996	20.5107	18.673	16.7606	15.0544	20.4702	12.9459	0	10.7722	
6.73342	22.4114	10.6778	23.047	5.53173	15.5185	16.1105	6.64146	8.53069	19.3494	27.6777	13.3616	22.1496	17.272	2.01556	8.03059	17.3767	17.0573	10.7722	0	

0	6.10565	2	17.6757	5.80992	9.35386	13.7531	5.24168	19.1642	12.6608	18.2081	9.32551	14.7702	13.3092	11.8724	15.6292	7.56781	9.61355	3.29848	5.76962	
6.10565	0	11.2516	30.7141	9.3376	8.86255	26.4872	10.3788	18.5764	25.7286	19.4164	28.4151	26.413	26.5667	22.2756	29.247	17.6819	9.12223	2.80717	18.3096	
2	11.2516	0	19.4723	7.80992	13.2308	14.5791	5.25488	17.0481	13.6145	14.3732	11.3255	22.6881	15.6956	10.1615	15.3007	5.56781	14.7595	5.29848	3.76962	
17.6757	30.7141	19.4723	0	24.608	25.5176	12.793	16.4652	18.1888	18.9754	19.5802	8.35014	13.7949	17.4062	18.4982	14.6538	13.9045	22.4558	27.9069	19.3039	
5.80992	9.3376	7.80992	24.608	0	12.5858	14.3785	2.6005	17.6537	18.4707	23.167	15.1354	16.687	23.0765	15.2973	23.2333	5.1612	12.8455	6.53043	19.5783	
9.35386	8.86255	13.2308	25.5176	12.5858	0	20.6244	11.0247	8.72566	18.1506	7.88566	19.1157	14.3657	13.0752	15.7436	21.1843	11.6131	12.3704	6.05538	17.0004	
13.7531	26.4872	14.5791	12.793	14.3785	20.6244	0	11.5719	17.93	17.058	17.09	15.1585	20.6048	22.2796	13.605	8.85483	9.01124	9.66288	15.9779	11.256	
5.24168	10.3788	5.25488	16.4652	2.6005	11.0247	11.5719	0	15.0532	10.6074	15.8932	14.5672	19.2875	20.476	7.15444	23.7841	2.5607	13.8486	7.57166	9.0245	
19.1642	18.5764	17.0481	18.1888	17.6537	8.72566	17.93	15.0532	0	8.63877	0.84	9.8387	7.32	6.02955	10.2079	10.6706	17.3183	19.6041	21.3836	11.4435	
12.6608	25.7286	13.6145	18.9754	18.4707	18.1506	17.058	10.6074	8.63877	0	5.83801	9.03682	3.5921	0.64846	12.6404	15.3421	8.04671	15.3596	15.9592	12.5744	
18.2081	19.4164	14.3732	19.5802	23.167	7.88566	17.09	15.8932	0.84	5.83801	0	10.6787	6.48	5.18955	9.36786	11.5106	13.9616	18.2475	13.941	10.6035	
9.32551	28.4151	11.3255	8.35014	15.1354	19.1157	15.1585	14.5672	9.8387	9.03682	10.6787	0	5.44472	9.05608	11.7445	6.30368	18.672	16.2392	12.624	17.8348	
14.7702	26.413	22.6881	13.7949	16.687	14.3657	20.6048	19.2875	7.32	3.5921	6.48	5.44472	0	4.24056	12.2272	11.7484	11.6388	11.7675	18.0826	17.0835	
13.3092	26.5667	15.6956	17.4062	23.0765	13.0752	22.2796	20.476	6.02955	0.64846	5.18955	9.05608	4.24056	0	14.5574	15.3598	8.69517	18.5175	28.0477	11.9259	
11.8724	22.2756	10.1615	18.4982	15.2973	15.7436	13.605	7.15444	10.2079	12.6404	9.36786	11.7445	12.2272	14.5574	0	5.44077	4.59373	15.3762	15.1709	6.44981	
15.6292	29.247	15.3007	14.6538	23.2333	21.1843	8.85483	23.7841	10.6706	15.3421	11.5106	6.30368	11.7484	15.3598	5.44077	0	10.0345	9.93547	16.2505	11.5311	
7.56781	17.6819	5.56781	13.9045	5.1612	11.6131	9.01124	2.5607	17.3183	8.04671	13.9616	18.672	11.6388	8.69517	4.59373	10.0345	0	16.2418	10.1324	9.33742	
9.61355	9.12223	14.7595	22.4558	12.8455	12.3704	9.66288	13.8486	19.6041	15.3596	18.2475	16.2392	11.7675	18.5175	15.3762	9.93547	16.2418	0	6.31506	20.9189	
3.29848	2.80717	5.29848	27.9069	6.53043	6.05538	15.9779	7.57166	21.3836	15.9592	13.941	12.624	18.0826	28.0477	15.1709	16.2505	10.1324	6.31506	0	12.2141	
5.76962	18.3096	3.76962	19.3039	19.5783	17.0004	11.256	9.0245	11.4435	12.5744	10.6035	17.8348	17.0835	11.9259	6.44981	11.5311	9.33742	20.9189	12.2141	0	

0	10.7079	3.05	23.4013	6.32256	12.2646	17.4532	9.73891	19.115	22.1145	19.6418	14.6544	20.1698	12.8199	10.1004	13.5173	6.15695	11.9915	14.5133	4.01995	
10.7079	0	13.7579	29.863	6.50455	13.9555	36.6416	9.9209	26.3807	28.5762	30.5018	18.5545	24.0699	25.3702	20.8084	23.5155	9.92375	21.8059	5.07102	14.7279	
3.05	13.7579	0	26.0372	9.37256	14.4929	21.4019	13.5561	14.6968	11.4022	12.044	17.7044	13.6199	9.76991	13.1504	16.5673	8.38525	8.94145	17.5633	5.70827	
23.4013	29.863	26.0372	0	15.8975	20.1194	16.5652	12.4811	31.895	23.6754	33.5784	29.2255	22.0609	28.1972	23.918	26.5198	21.4436	19.2795	28.3816	26.4452	
6.32256	6.50455	9.37256	15.8975	0	7.45094	11.0051	3.41634	17.9612	14.6106	21.1398	12.9967	12.9961	18.8657	16.423	16.3255	3.4192	10.2148	11.5756	10.3425	
12.2646	13.9555	14.4929	20.1194	7.45094	0	3.55421	10.8673	10.5103	23.0068	12.9103	12.8996	18.415	15.1862	10.4957	16.108	6.10765	16.2457	20.2542	19.5254	
17.4532	36.6416	21.4019	16.5652	11.0051	3.55421	0	18.4447	14.0645	13.2643	13.906	16.4538	15.482	11.632	7.35274	15.0844	9.66186	12.6915	23.8084	16.3825	
9.73891	9.9209	13.5561	12.4811	3.41634	10.8673	18.4447	0	12.5538	11.192	12.0098	15.0952	9.57978	12.8266	15.7214	14.0387	6.83554	6.79843	15.9005	13.9641	
19.115	26.3807	14.6968	31.895	17.9612	10.5103	14.0645	12.5538	0	9.26908	2.4	7.82624	4.83	4.67407	11.5495	5.59771	16.6179	5.75535	22.4903	20.5793	
22.1145	28.5762	11.4022	23.6754	14.6106	23.0068	13.2643	11.192	9.26908	0	3.9064	7.12764	1.6122	1.63233	21.4814	15.5671	20.1568	17.9927	27.0948	25.1584	
19.6418	30.5018	12.044	33.5784	21.1398	12.9103	13.906	12.0098	2.4	3.9064	0	7.94543	2.43	2.27407	13.8562	6.12459	19.0309	8.15535	26.1111	24.141	
14.6544	18.5545	17.7044	29.2255	12.9967	12.8996	16.4538	15.0952	7.82624	7.12764	7.94543	0	5.51543	9.36543	19.3758	13.424	9.57747	13.5816	23.6255	15.5468	
20.1698	24.0699	13.6199	22.0609	12.9961	18.415	15.482	9.57978	4.83	1.6122	2.43	5.51543	0	3.24453	19.702	8.55459	15.0929	11.8062	25.4803	21.0623	
12.8199	25.3702	9.76991	28.1972	18.8657	15.1862	11.632	12.8266	4.67407	1.63233	2.27407	9.36543	3.24453	0	18.9847	8.39866	18.1552	11.6503	32.1661	15.4782	
10.1004	20.8084	13.1504	23.918	16.423	10.4957	7.35274	15.7214	11.5495	21.4814	13.8562	19.3758	19.702	18.9847	0	7.73162	16.2574	17.3049	24.6138	9.02973	
13.5173	23.5155	16.5673	26.5198	16.3255	16.108	15.0844	14.0387	5.59771	15.5671	6.12459	13.424	8.55459	8.39866	7.73162	0	12.9063	11.3531	28.0306	16.7614	
6.15695	9.92375	8.38525	21.4436	3.4192	6.10765	9.66186	6.83554	16.6179	20.1568	19.0309	9.57747	15.0929	18.1552	16.2574	12.9063	0	15.7609	15.6802	10.1769	
11.9915	21.8059	8.94145	19.2795	10.2148	16.2457	12.6915	6.79843	5.75535	17.9927	8.15535	13.5816	11.8062	11.6503	17.3049	11.3531	15.7609	0	16.7349	14.6497	
14.5133	5.07102	17.5633	28.3816	11.5756	20.2542	23.8084	15.9005	22.4903	27.0948	26.1111	23.6255	25.4803	32.1661	24.6138	28.0306	15.6802	16.7349	0	18.5333	
4.01995	14.7279	5.70827	26.4452	10.3425	19.5254	16.3825	13.9641	20.5793	25.1584	24.141	15.5468	21.0623	15.4782	9.02973	16.7614	10.1769	14.6497	18.5333	0	

0	18.9767	8.3	20.9933	2.30688	8.42047	25.2016	3.27605	17.9522	15.9374	15.6522	16.6586	13.4766	19.3955	14.8857	22.3233	13.3982	12.0888	9.24042	10.9393	
18.9767	0	15.7645	11.6726	15.355	10.0647	14.9114	18.9137	26.3833	25.3612	16.198	19.3269	19.1893	20.599	18.9966	28.0168	14.1938	17.5783	8.42151	16.3147	
8.3	15.7645	0	11.7194	10.6069	9.22735	15.9075	11.576	11.8341	20.4543	9.53415	25.9917	13.7641	17.2893	10.3184	13.0291	5.09823	12.4332	7.34302	8.29315	
20.9933	11.6726	11.7194	0	23.5877	10.7503	14.7611	23.6597	10.7648	9.97738	11.7466	7.65429	7.51665	8.92635	11.8413	15.4531	6.62118	13.9562	16.6541	22.3755	
2.30688	15.355	10.6069	23.5877	0	6.11359	10.9602	5.58293	22.4322	23.3349	12.2469	34.055	15.7835	21.3874	19.2582	30.5348	10.2427	16.0904	6.93354	12.3636	
8.42047	10.0647	9.22735	10.7503	6.11359	0	4.84665	13.7621	8.43329	14.0791	6.13329	14.6874	10.3633	13.8885	9.34927	10.986	4.12912	6.86576	13.0471	6.25	
25.2016	14.9114	15.9075	14.7611	10.9602	4.84665	0	10.8319	11.0948	9.23249	10.9799	9.84073	11.6932	10.1241	10.7261	12.3503	8.97576	2.01911	11.1759	7.61435	
3.27605	18.9137	11.576	23.6597	5.58293	13.7621	10.8319	0	17.8885	18.2437	18.1132	22.045	16.7527	16.1194	11.6097	12.3992	16.1478	8.81277	10.4922	7.66322	
17.9522	26.3833	11.8341	10.7648	22.4322	8.43329	11.0948	17.8885	0	3.96274	2.3	7.76406	6.53	1.83848	16.2597	8.36522	11.0396	9.07574	18.2326	22.1201	
15.9374	25.3612	20.4543	9.97738	23.3349	14.0791	9.23249	18.2437	3.96274	0	6.69073	5.64271	2.46073	2.12426	16.9166	7.89636	20.5154	11.2516	16.9397	12.6323	
15.6522	16.198	9.53415	11.7466	12.2469	6.13329	10.9799	18.1132	2.3	6.69073	0	7.41198	4.23	4.13848	17.7933	8.77306	10.2624	11.3757	16.8772	12.3833	
16.6586	19.3269	25.9917	7.65429	34.055	14.6874	9.84073	22.045	7.76406	5.64271	7.41198	0	3.18198	5.92558	12.5617	12.4523	14.2755	11.8598	24.3084	17.4551	
13.4766	19.1893	13.7641	7.51665	15.7835	10.3633	11.6932	16.7527	6.53	2.46073	4.23	3.18198	0	4.585	15.7437	10.3571	14.1378	15.6412	19.4005	30.6943	
19.3955	20.599	17.2893	8.92635	21.3874	13.8885	10.1241	16.1194	1.83848	2.12426	4.13848	5.92558	4.585	0	15.547	6.52674	12.8781	10.9142	19.064	11.2627	
14.8857	18.9966	10.3184	11.8413	19.2582	9.34927	10.7261	11.6097	16.2597	16.9166	17.7933	12.5617	15.7437	15.547	0	9.02023	5.22015	8.70704	15.3924	10.884	
22.3233	28.0168	13.0291	15.4531	30.5348	10.986	12.3503	12.3992	8.36522	7.89636	8.77306	12.4523	10.3571	6.52674	9.02023	0	14.2404	17.7273	12.6789	4.73599	
13.3982	14.1938	5.09823	6.62118	10.2427	4.12912	8.97576	16.1478	11.0396	20.5154	10.2624	14.2755	14.1378	12.8781	5.22015	14.2404	0	7.33498	12.4413	10.3791	
12.0888	17.5783	12.4332	13.9562	16.0904	6.86576	2.01911	8.81277	9.07574	11.2516	11.3757	11.8598	15.6412	10.9142	8.70704	17.7273	7.33498	0	9.15684	9.63346	
9.24042	8.42151	7.34302	16.6541	6.93354	13.0471	11.1759	10.4922	18.2326	16.9397	16.8772	24.3084	19.4005	19.064	15.3924	12.6789	12.4413	9.15684	0	7.94292	
10.9393	16.3147	8.29315	22.3755	12.3636	6.25	7.61435	7.66322	22.1201	12.6323	12.3833	17.4551	30.6943	11.2627	10.884	4.73599	10.3791	9.63346	7.94292	0	

0	18.7928	5.35	19.4269	12.7306	11.2964	19.0112	7.20731	23.362	16.9879	28.5835	24.7937	13.7841	21.2398	7.97402	10.8664	11.2532	17.3563	4.12311	6.13042	
18.7928	0	22.979	29.9735	19.1713	17.0326	23.4948	21.8239	26.5377	30.4324	27.1977	28.9974	24.1263	28.3055	27.6411	23.9117	17.1379	20.9926	14.6697	19.1757	
5.35	22.979	0	18.356	10.418	5.94643	12.4086	2.20857	16.1785	11.2342	14.6441	12.8181	8.43406	10.2341	13.324	10.6597	5.90322	9.90643	9.47311	5.61445	
19.4269	29.9735	18.356	0	23.2853	7.87312	8.45611	15.7474	11.0247	11.4036	16.0209	14.306	9.92198	9.25695	22.0238	12.4835	18.1545	3.91312	15.3038	17.2195	
12.7306	19.1713	10.418	23.2853	0	16.3276	18.4866	8.20942	15.7961	16.175	20.7922	25.7958	15.8283	14.0283	17.8492	17.0902	13.2308	20.0437	11.6903	11.6153	
11.2964	17.0326	5.94643	7.87312	16.3276	0	6.4622	8.155	14.4677	9.8938	13.3037	11.4777	7.09366	8.89366	16.6692	9.04489	3.09684	3.96	17.5194	11.5	
19.0112	23.4948	12.4086	8.45611	18.4866	6.4622	0	16.3773	16.8927	13.9985	21.0605	14.4331	13.5559	18.8631	21.1819	15.5071	7.60949	4.54299	26.9407	17.9622	
7.20731	21.8239	2.20857	15.7474	8.20942	8.155	16.3773	0	16.1547	21.2898	16.8147	17.5864	10.6426	17.9224	11.8712	8.14187	8.11179	11.8343	9.19416	3.40588	
23.362	26.5377	16.1785	11.0247	15.7961	14.4677	16.8927	16.1547	0	3.91439	0.66	2.45967	3.56777	1.76777	15.0335	5.42279	21.6975	20.8233	25.3488	10.1588	
16.9879	30.4324	11.2342	11.4036	16.175	9.8938	13.9985	21.2898	3.91439	0	4.87767	7.1842	2.80014	2.14663	9.01388	9.80014	13.2946	9.45552	31.9314	17.4792	
28.5835	27.1977	14.6441	16.0209	20.7922	13.3037	21.0605	16.8147	0.66	4.87767	0	3.11967	6.21	2.42777	13.8916	6.08279	18.1722	14.3332	32.9623	21.2889	
24.7937	28.9974	12.8181	14.306	25.7958	11.4777	14.4331	17.5864	2.45967	7.1842	3.11967	0	4.38406	4.22744	20.4929	7.88246	18.3371	18.4427	26.7805	14.1915	
13.7841	24.1263	8.43406	9.92198	15.8283	7.09366	13.5559	10.6426	3.56777	2.80014	6.21	4.38406	0	1.8	11.814	7	10.1905	11.0537	25.2258	11.736	
21.2398	28.3055	10.2341	9.25695	14.0283	8.89366	18.8631	17.9224	1.76777	2.14663	2.42777	4.22744	1.8	0	11.1605	7.19055	15.4412	11.6021	24.5607	20.033	
7.97402	27.6411	13.324	22.0238	17.8492	16.6692	21.1819	11.8712	15.0335	9.01388	13.8916	20.4929	11.814	11.1605	0	13.2014	13.5724	18.1106	12.0971	8.46537	
10.8664	23.9117	10.6597	12.4835	17.0902	9.04489	15.5071	8.14187	5.42279	9.80014	6.08279	7.88246	7	7.19055	13.2014	0	12.1417	13.0049	20.3571	4.73599	
11.2532	17.1379	5.90322	18.1545	13.2308	3.09684	7.60949	8.11179	21.6975	13.2946	18.1722	18.3371	10.1905	15.4412	13.5724	12.1417	0	7.05684	15.5249	11.8269	
17.3563	20.9926	9.90643	3.91312	20.0437	3.96	4.54299	11.8343	20.8233	9.45552	14.3332	18.4427	11.0537	11.6021	18.1106	13.0049	7.05684	0	19.2169	15.2402	
4.12311	14.6697	9.47311	15.3038	11.6903	17.5194	26.9407	9.19416	25.3488	31.9314	32.9623	26.7805	25.2258	24.5607	12.0971	20.3571	15.5249	19.2169	0	10.2535	
6.13042	19.1757	5.61445	17.2195	11.6153	11.5	17.9622	3.40588	10.1588	17.4792	21.2889	14.1915	11.736	20.033	8.46537	4.73599	11.8269	15.2402	10.2535	0	

0	9.83233	6.05	12.4277	3.67392	16.2264	17.4337	5.96969	16.7955	19.5367	14.3217	17.4053	27.7672	17.7325	4.07561	16.1796	11.8014	15.3472	11.7025	4.52244	
9.83233	0	10.5011	13.5402	9.06364	19.2952	11.6697	3.86264	26.9936	28.2602	20.6467	29.547	33.7076	15.6255	10.7935	14.0726	12.2413	16.9338	9.59547	8.46058	
6.05	10.5011	0	11.1474	9.72392	15.4392	18.4042	10.0908	14.63	20.4204	13.03	21.9408	25.9	20.4936	8.55653	19.8167	8.38525	16.3177	6.60872	5.49287	
12.4277	13.5402	11.1474	0	16.1016	8.04807	11.3686	12.4811	17.4612	14.72	18.7916	19.9378	19.1889	15.4355	16.5033	22.6911	14.4873	6.10447	16.6541	16.6402	
3.67392	9.06364	9.72392	16.1016	0	19.9004	26.3107	5.201	20.4694	16.6788	22.6422	13.7314	16.6306	15.9633	7.74953	15.411	14.9514	21.0466	10.1584	8.19637	
16.2264	19.2952	15.4392	8.04807	19.9004	0	11.1473	16.8043	20.0653	17.3241	15.4593	22.5419	21.793	18.0397	14.7797	27.9641	7.05391	14.1525	23.4869	20.7489	
17.4337	11.6697	18.4042	11.3686	26.3107	11.1473	0	15.5323	18.69	14.7196	17.09	17.8773	20.7765	21.1129	15.975	23.8768	13.6469	5.2641	21.3675	12.9113	
5.96969	3.86264	10.0908	12.4811	5.201	16.8043	15.5323	0	22.7652	12.4784	16.9967	18.9324	14.9628	11.7628	7.66159	10.21	9.75037	15.4227	5.73283	4.59793	
16.7955	26.9936	14.63	17.4612	20.4694	20.0653	18.69	22.7652	0	2.74117	1.6	7.95893	7.21008	3.45671	11.8461	8.38671	10.0054	12.1967	24.2879	14.1917	
19.5367	28.2602	20.4204	14.72	16.6788	17.3241	14.7196	12.4784	2.74117	0	4.34117	5.21776	3.91554	0.715542	18.3998	10.3017	16.281	9.45552	24.8357	20.2803	
14.3217	20.6467	13.03	18.7916	22.6422	15.4593	17.09	16.9967	1.6	4.34117	0	8.91079	10.6636	7.46362	10.2461	6.78671	8.40536	16.7882	19.6387	12.5917	
17.4053	29.547	21.9408	19.9378	13.7314	22.5419	17.8773	18.9324	7.95893	5.21776	8.91079	0	2.89914	5.9333	19.1569	15.6975	17.3161	14.6733	23.8899	21.5025	
27.7672	33.7076	25.9	19.1889	16.6306	21.793	20.7765	14.9628	7.21008	3.91554	10.6636	2.89914	0	3.2	23.1161	12.7862	18.7654	13.9244	27.3202	25.4617	
17.7325	15.6255	20.4936	15.4355	15.9633	18.0397	21.1129	11.7628	3.45671	0.715542	7.46362	5.9333	3.2	0	17.7097	9.58616	15.5654	10.1711	17.4957	16.3608	
4.07561	10.7935	8.55653	16.5033	7.74953	14.7797	15.975	7.66159	11.8461	18.3998	10.2461	19.1569	23.1161	17.7097	0	17.0328	7.72583	13.8885	14.0242	3.06366	
16.1796	14.0726	19.8167	22.6911	15.411	27.9641	23.8768	10.21	8.38671	10.3017	6.78671	15.6975	12.7862	9.58616	17.0328	0	15.1921	29.8064	15.9428	14.8079	
11.8014	12.2413	8.38525	14.4873	14.9514	7.05391	13.6469	9.75037	10.0054	16.281	8.40536	17.3161	18.7654	15.5654	7.72583	15.1921	0	8.38284	14.994	10.7895	
15.3472	16.9338	16.3177	6.10447	21.0466	14.1525	5.2641	15.4227	12.1967	9.45552	16.7882	14.6733	13.9244	10.1711	13.8885	29.8064	8.38284	0	16.1034	10.8248	
11.7025	9.59547	6.60872	16.6541	10.1584	23.4869	21.3675	5.73283	24.2879	24.8357	19.6387	23.8899	27.3202	17.4957	14.0242	15.9428	14.994	16.1034	0	10.3308	
4.52244	8.46058	5.49287	16.6402	8.19637	20.7489	12.9113	4.59793	14.1917	20.2803	12.5917	21.5025	25.4617	16.3608	3.06366	14.8079	10.7895	10.8248	10.3308	0	

0	9.7122	3.25	18.6416	3.07584	13.5849	22.8176	8.93971	19.6716	22.9353	28.4801	19.497	29.6486	22.6103	17.1732	22.9192	7.94574	17.0247	9.73053	14.2708	
9.7122	0	6.4622	20.5438	12.9569	29.0586	31.3807	12.1598	19.4601	26.1258	16.8801	15.1926	25.8801	24.7518	27.8822	27.2133	9.33648	20.2369	1.99218	13.6418	
3.25	6.4622	0	19.5079	6.32584	8.39474	16.4428	7.05947	14.389	19.7396	23.3423	13.2471	26.8202	22.1702	17.227	20.7511	4.69574	10.8082	8.07733	14.3245	
18.6416	20.5438	19.5079	0	16.7345	15.5955	14.962	10.8706	10.6788	9.5445	13.2588	19.5113	12.5845	7.93453	16.8978	9.90069	13.2344	16.4342	21.0383	18.549	
3.07584	12.9569	6.32584	16.7345	0	10.5888	18.3027	5.86387	16.1441	19.8595	29.0979	24.0337	23.3102	21.4695	19.1666	19.5835	8.2276	15.6346	10.9647	17.3467	
13.5849	29.0586	8.39474	15.5955	10.5888	0	12.4581	4.72488	12.5609	10.6354	14.8951	12.2503	13.6754	9.02541	18.0276	18.0898	3.699	9.79	11.0433	17.9681	
22.8176	31.3807	16.4428	14.962	18.3027	12.4581	0	14.5634	4.28318	16.9947	6.86318	11.5393	7.60221	7.81871	10.5022	17.7527	8.7806	2.66811	32.5481	37.0884	
8.93971	12.1598	7.05947	10.8706	5.86387	4.72488	14.5634	0	10.2802	17.4076	12.8602	10.915	13.5993	13.7503	13.3027	13.7196	2.36373	8.47621	9.70802	13.4532	
19.6716	19.4601	14.389	10.6788	16.1441	12.5609	4.28318	10.2802	0	5.1455	2.58	7.77381	3.31904	3.53553	6.21898	13.4695	9.6933	5.75535	17.0376	9.12139	
22.9353	26.1258	19.7396	9.5445	19.8595	10.6354	16.9947	17.4076	5.1455	0	9.24574	4.17421	3.45068	1.60997	20.6452	17.4507	12.7255	13.0454	17.3746	22.3988	
28.4801	16.8801	23.3423	13.2588	29.0979	14.8951	6.86318	12.8602	2.58	9.24574	0	11.4125	5.89904	6.11553	8.79898	11.256	12.2733	8.33535	18.8722	19.9043	
19.497	15.1926	13.2471	19.5113	24.0337	12.2503	11.5393	10.915	7.77381	4.17421	11.4125	0	4.45477	5.78418	15.0514	18.4548	8.55132	8.87119	13.2004	22.8204	
29.6486	25.8801	26.8202	12.5845	23.3102	13.6754	7.60221	13.5993	3.31904	3.45068	5.89904	4.45477	0	4.65	9.53802	14	13.0061	9.07438	17.6552	18.9482	
22.6103	24.7518	22.1702	7.93453	21.4695	9.02541	7.81871	13.7503	3.53553	1.60997	6.11553	5.78418	4.65	0	9.75451	17.005	12.7244	9.29088	25.946	23.5982	
17.1732	27.8822	17.227	16.8978	19.1666	18.0276	10.5022	13.3027	6.21898	20.6452	8.79898	15.0514	9.53802	9.75451	0	11.5507	15.6665	11.9743	14.552	2.90241	
22.9192	27.2133	20.7511	9.90069	19.5835	18.0898	17.7527	13.7196	13.4695	17.4507	11.256	18.4548	14	17.005	11.5507	0	16.0834	19.2248	20.2979	8.64833	
7.94574	9.33648	4.69574	13.2344	8.2276	3.699	8.7806	2.36373	9.6933	12.7255	12.2733	8.55132	13.0061	12.7244	15.6665	16.0834	0	6.11249	7.34429	14.2691	
17.0247	20.2369	10.8082	16.4342	15.6346	9.79	2.66811	8.47621	5.75535	13.0454	8.33535	8.87119	9.07438	9.29088	11.9743	19.2248	6.11249	0	13.4568	17.5302	
9.73053	1.99218	8.07733	21.0383	10.9647	11.0433	32.5481	9.70802	17.0376	17.3746	18.8722	13.2004	17.6552	25.946	14.552	20.2979	7.34429	13.4568	0	11.6496	
14.2708	13.6418	14.3245	18.549	17.3467	17.9681	37.0884	13.4532	9.12139	22.3988	19.9043	22.8204	18.9482	23.5982	2.90241	8.64833	14.2691	17.5302	11.6496	0	

0	5.86387	8.35	15.0908	10.9522	14.2964	19.2947	11.0658	16.3886	15.2112	17.8626	14.2103	16.8266	13.4894	13.11	18.7232	14.0242	20.4859	6.59697	10.0499	
5.86387	0	13.4629	20.9547	15.2002	19.4093	23.7561	16.9296	18.0456	15.8493	18.6656	18.7673	20.488	15.6368	16.8379	23.6434	19.888	24.9078	10.6854	15.9137	
8.35	13.4629	0	15.6263	2.60215	5.94643	9.50064	4.9477	19.4036	29.3123	29.8955	21.426	19.7949	21.8394	4.76	14.6393	10.1838	16.7253	7.11702	8.50856	
15.0908	20.9547	15.6263	0	13.0242	8.14655	4.59234	15.3697	12.0182	17.4407	11.3982	9.67672	17.1582	15.7714	25.6479	22.3842	13.0028	6.03456	17.5391	24.4564	
10.9522	15.2002	2.60215	13.0242	0	8.54858	15.9922	2.34555	20.2368	21.8313	22.9527	19.809	17.1927	25.4356	7.36215	10.003	7.5817	14.0435	4.51486	11.1107	
14.2964	19.4093	5.94643	8.14655	8.54858	0	3.55421	16.4655	14.5681	25.6304	16.77	8.63859	18.0958	16.4786	10.7064	24.123	9.9787	4.99643	13.7812	14.455	
19.2947	23.7561	9.50064	4.59234	15.9922	3.55421	0	20.0197	8.30436	14.6462	7.21221	5.08438	7.70067	8.21487	21.0556	16.6116	7.90399	1.44222	17.3354	20.0542	
11.0658	16.9296	4.9477	15.3697	2.34555	16.4655	20.0197	0	13.2552	23.9014	19.9066	25.2761	19.5383	22.3426	11.1259	7.65747	9.92724	21.5305	6.86041	13.7778	
16.3886	18.0456	19.4036	12.0182	20.2368	14.5681	8.30436	13.2552	0	4.62091	0.62	6.02963	6.38	2.89914	15.477	5.59771	12.6551	6.38999	28.2393	10.895	
15.2112	15.8493	29.3123	17.4407	21.8313	25.6304	14.6462	23.9014	4.62091	0	6.04249	4.85227	4.63862	1.72177	26.1232	11.9669	19.0243	11.8125	26.5347	17.2642	
17.8626	18.6656	29.8955	11.3982	22.9527	16.77	7.21221	19.9066	0.62	6.04249	0	7.50371	5.76	3.51914	22.1285	6.21771	12.2318	5.76999	34.8908	11.515	
14.2103	18.7673	21.426	9.67672	19.809	8.63859	5.08438	25.2761	6.02963	4.85227	7.50371	0	2.6163	3.1305	26.14	16.1163	13.4949	6.5266	20.8073	24.2602	
16.8266	20.488	19.7949	17.1582	17.1927	18.0958	7.70067	19.5383	6.38	4.63862	5.76	2.6163	0	5.74679	23.3793	13.5	24.7744	11.53	21.7076	24.1711	
13.4894	15.6368	21.8394	15.7714	25.4356	16.4786	8.21487	22.3426	2.89914	1.72177	3.51914	3.1305	5.74679	0	24.5645	8.49685	15.5543	9.76128	20.0864	13.7941	
13.11	16.8379	4.76	25.6479	7.36215	10.7064	21.0556	11.1259	15.477	26.1232	22.1285	26.14	23.3793	24.5645	0	9.8793	15.0236	22.4978	14.8567	7.25603	
18.7232	23.6434	14.6393	22.3842	10.003	24.123	16.6116	7.65747	5.59771	11.9669	6.21771	16.1163	13.5	8.49685	9.8793	0	18.2529	12.4599	22.6416	16.4927	
14.0242	19.888	10.1838	13.0028	7.5817	9.9787	7.90399	9.92724	12.6551	19.0243	12.2318	13.4949	24.7744	15.5543	15.0236	18.2529	0	6.46177	12.0966	12.3009	
20.4859	24.9078	16.7253	6.03456	14.0435	4.99643	1.44222	21.5305	6.38999	11.8125	5.76999	6.5266	11.53	9.76128	22.4978	12.4599	6.46177	0	24.7812	17.7571	
6.59697	10.6854	7.11702	17.5391	4.51486	13.7812	17.3354	6.86041	28.2393	26.5347	34.8908	20.8073	21.7076	20.0864	14.8567	22.6416	12.0966	24.7812	0	15.9471	
10.0499	15.9137	8.50856	24.4564	11.1107	14.455	20.0542	13.7778	10.895	17.2642	11.515	24.2602	24.1711	13.7941	7.25603	16.4927	12.3009	17.7571	15.9471	0	

0	8.29353	8.25	17.5949	4.87008	17.6156	15.0125	1.89283	15.7128	14.9541	17.0782	23.0762	12.5782	11.0417	6.37922	13.6209	12.0372	22.458	7.04689	10.5524	
8.29353	0	7.94893	23.3178	3.42345	7.67719	18.338	10.4091	19.6448	22.4649	23.782	15.3601	30.2031	20.1574	29.0329	16.5988	5.44059	12.7228	5.60026	9.50835	
8.25	7.94893	0	22.937	4.52548	9.36562	13.6791	7.23498	20.1605	13.7054	19.7992	17.2986	12.5199	9.76991	13.9616	5.37088	7.37902	19.9636	6.70229	9.37019	
17.5949	23.3178	22.937	0	22.6877	20.1138	16.4012	15.702	10.6788	18.3419	9.24175	14.3685	13.7418	19.271	19.3119	24.5365	17.8772	11.7394	29.2229	25.3398	
4.87008	3.42345	4.52548	22.6877	0	13.8911	15.0235	6.76291	16.2214	25.9755	19.0014	18.6087	17.4483	14.2954	11.2493	9.89637	8.86404	16.1463	2.17681	6.0849	
17.6156	7.67719	9.36562	20.1138	13.8911	0	17.4386	12.3809	13.4205	12.6617	14.7858	12.1561	10.2858	13.0358	20.3515	14.7365	2.2366	16.06	15.2428	8.5	
15.0125	18.338	13.6791	16.4012	15.0235	17.4386	0	13.1196	9.63715	5.58244	12.4171	16.7292	7.95832	9.51792	10.6949	18.4106	20.1692	9.73499	24.4957	8.93859	
1.89283	10.4091	7.23498	15.702	6.76291	12.3809	13.1196	0	15.4204	13.0843	18.2004	18.3167	11.8989	9.14887	8.27204	12.6059	10.1443	22.8546	9.14949	11.2394	
15.7128	19.6448	20.1605	10.6788	16.2214	13.4205	9.63715	15.4204	0	5.51052	2.78	7.90675	3.13465	5.88465	20.332	24.1346	24.3635	13.8392	18.3982	18.5757	
14.9541	22.4649	13.7054	18.3419	25.9755	12.6617	5.58244	13.0843	5.51052	0	6.87588	13.1034	2.37588	3.93548	16.2773	20.5305	24.9087	9.74205	43.2119	14.521	
17.0782	23.782	19.7992	9.24175	19.0014	14.7858	12.4171	18.2004	2.78	6.87588	0	5.12675	4.5	7.25	25.3075	25.5	15.0463	11.0592	26.0015	17.6506	
23.0762	15.3601	17.2986	14.3685	18.6087	12.1561	16.7292	18.3167	7.90675	13.1034	5.12675	0	9.62675	9.16788	24.3754	21.9958	9.91953	8.87119	42.341	12.5238	
12.5782	30.2031	12.5199	13.7418	17.4483	10.2858	7.95832	11.8989	3.13465	2.37588	4.5	9.62675	0	2.75	18.9574	21	12.5224	12.1179	19.8349	18.7858	
11.0417	20.1574	9.76991	19.271	14.2954	13.0358	9.51792	9.14887	5.88465	3.93548	7.25	9.16788	2.75	0	22.9731	15.1408	17.1489	13.6775	22.6697	19.1401	
6.37922	29.0329	13.9616	19.3119	11.2493	20.3515	10.6949	8.27204	20.332	16.2773	25.3075	24.3754	18.9574	22.9731	0	8.59069	22.9365	20.4299	13.6359	11.8515	
13.6209	16.5988	5.37088	24.5365	9.89637	14.7365	18.4106	12.6059	24.1346	20.5305	25.5	21.9958	21	15.1408	8.59069	0	12.7499	14.5927	15.3521	9.47198	
12.0372	5.44059	7.37902	17.8772	8.86404	2.2366	20.1692	10.1443	24.3635	24.9087	15.0463	9.91953	12.5224	17.1489	22.9365	12.7499	0	18.1634	11.5983	10.7366	
22.458	12.7228	19.9636	11.7394	16.1463	16.06	9.73499	22.8546	13.8392	9.74205	11.0592	8.87119	12.1179	13.6775	20.4299	14.5927	18.1634	0	18.8805	18.6736	
7.04689	5.60026	6.70229	29.2229	2.17681	15.2428	24.4957	9.14949	18.3982	43.2119	26.0015	42.341	19.8349	22.6697	13.6359	15.3521	11.5983	18.8805	0	8.26171	
10.5524	9.50835	9.37019	25.3398	6.0849	8.5	8.93859	11.2394	18.5757	14.521	17.6506	12.5238	18.7858	19.1401	11.8515	9.47198	10.7366	18.6736	8.26171	0	

0	11.2178	8.9	11.54	9.48384	16.4817	14.6873	5.75129	18.9687	24.7601	21.6122	27.0159	28.0795	21.4351	17.1884	23.9178	13.7299	15.7662	12.5715	9.66805	
11.2178	0	7.20311	10.2719	4.964	19.6748	16.6037	9.85906	26.1573	16.6382	38.3052	42.235	34.9125	25.1492	9.06655	15.7959	9.88342	14.4981	3.5316	9.62117	
8.9	7.20311	0	12.6758	7.35391	6.80844	5.7873	3.57941	15.4322	18.3179	12.7122	14.0315	15.9208	19.2632	17.5671	15.4471	4.82991	15.0896	3.67151	7.49617	
11.54	10.2719	12.6758	0	15.2359	14.6762	6.88851	14.0513	9.09608	18.8351	13.8428	15.1984	18.9284	14.8772	13.6298	16.5483	15.054	4.22617	13.5033	10.1345	
9.48384	4.964	7.35391	15.2359	0	14.7108	11.6397	4.89506	18.1125	27.7429	20.0661	21.1606	31.0496	20.5788	14.0306	21.2995	12.1838	20.942	7.73977	8.81182	
16.4817	19.6748	6.80844	14.6762	14.7108	0	9.85485	11.1611	10.5865	9.20099	9.25731	6.44981	13.0694	12.1496	14.7157	19.5147	1.97853	10.45	8.33035	13.9514	
14.6873	16.6037	5.7873	6.88851	11.6397	9.85485	0	9.36671	14.1722	16.1032	15.5364	16.3047	14.6598	18.2262	16.3892	9.65981	9.61199	9.30232	9.45881	17.0231	
5.75129	9.85906	3.57941	14.0513	4.89506	11.1611	9.36671	0	13.2174	18.3773	15.9374	17.3542	15.9833	15.6838	11.2534	20.5644	8.40932	18.0874	7.25093	3.91676	
18.9687	26.1573	15.4322	9.09608	18.1125	10.5865	14.1722	13.2174	0	5.15984	2.72	4.13673	2.76586	7.35391	12.7315	7.347	13.8568	4.86991	21.3507	17.0822	
24.7601	16.6382	18.3179	18.8351	27.7429	9.20099	16.1032	18.3773	5.15984	0	5.55869	2.75118	3.93151	3.95784	7.57166	8.93151	15.0224	10.0298	26.6815	14.9083	
21.6122	38.3052	12.7122	13.8428	20.0661	9.25731	15.5364	15.9374	2.72	5.55869	0	2.80751	5.48586	9.56352	13.1773	10.067	17.5421	7.58991	16.3837	24.9904	
27.0159	42.235	14.0315	15.1984	21.1606	6.44981	16.3047	17.3542	4.13673	2.75118	2.80751	0	6.6827	6.70902	10.3228	11.4837	8.42834	9.00663	28.5306	24.5694	
28.0795	34.9125	15.9208	18.9284	31.0496	13.0694	14.6598	15.9833	2.76586	3.93151	5.48586	6.6827	0	5.1	11.5032	5	11.0909	7.63577	17.4427	14.3164	
21.4351	25.1492	19.2632	14.8772	20.5788	12.1496	18.2262	15.6838	7.35391	3.95784	9.56352	6.70902	5.1	0	11.5295	8.56635	14.1281	12.2238	26.9331	19.4164	
17.1884	9.06655	17.5671	13.6298	14.0306	14.7157	16.3892	11.2534	12.7315	7.57166	13.1773	10.3228	11.5032	11.5295	0	6.72938	12.7372	9.4036	12.5982	7.33665	
23.9178	15.7959	15.4471	16.5483	21.2995	19.5147	9.65981	20.5644	7.347	8.93151	10.067	11.4837	5	8.56635	6.72938	0	16.0909	12.2169	24.1785	14.066	
13.7299	9.88342	4.82991	15.054	12.1838	1.97853	9.61199	8.40932	13.8568	15.0224	17.5421	8.42834	11.0909	14.1281	12.7372	16.0909	0	10.8278	6.35182	11.9729	
15.7662	14.4981	15.0896	4.22617	20.942	10.45	9.30232	18.0874	4.86991	10.0298	7.58991	9.00663	7.63577	12.2238	9.4036	12.2169	10.8278	0	17.1797	14.3607	
12.5715	3.5316	3.67151	13.5033	7.73977	8.33035	9.45881	7.25093	21.3507	26.6815	16.3837	28.5306	17.4427	26.9331	12.5982	24.1785	6.35182	17.1797	0	6.08957	
9.66805	9.62117	7.49617	10.1345	8.81182	13.9514	17.0231	3.91676	17.0822	14.9083	24.9904	24.5694	14.3164	19.4164	7.33665	14.066	11.9729	14.3607	6.08957	0	

0	12.7475	3.55	13.1319	4.78464	7.80446	8.74471	1.45602	10.3632	16.9742	12.6832	12.6255	11.9841	16.7979	10.01	17.2478	9.98988	12.2498	3.62833	11.1628	
12.7475	0	16.2975	26.5068	17.5322	11.6131	18.7302	14.2036	23.1107	24.0792	29.3879	21.4536	24.8477	24.457	26.9236	31.2104	20.7853	15.1967	14.0358	24.4054	
3.55	16.2975	0	14.0368	7.45991	8.03121	9.64958	2.36089	8.68451	13.3272	11.0045	9.07553	8.43406	15.1192	6.46	16.6675	6.43988	8.69979	3.85509	12.0676	
13.1319	26.5068	14.0368	0	16.7749	23.6171	18.9646	11.6759	14.6111	8	13.6057	17.1642	12.8932	9.67705	23.1136	16.3577	18.1459	16.8825	17.3876	10.6171	
4.78464	17.5322	7.45991	16.7749	0	11.7546	12.3877	5.09902	14.6578	17.9435	12.3378	20.272	18.3678	15.6031	20.3367	12.4631	18.6942	24.0533	7.57852	14.8058	
7.80446	11.6131	8.03121	23.6171	11.7546	0	8.40086	12.2108	13.6019	14.5209	16.1092	19.0482	13.603	12.8439	19.2448	19.5973	10.8389	11.9343	4.17612	13	
8.74471	18.7302	9.64958	18.9646	12.3877	8.40086	0	7.28869	5.201	10.0953	7.521	8.59628	5.20216	10.9857	12.366	13.7022	9.122	3.53344	12.577	16.2219	
1.45602	14.2036	2.36089	11.6759	5.09902	12.2108	7.28869	0	11.0454	17.7965	15.0731	11.4364	10.7949	16.1194	8.82089	17.5622	8.80077	10.8221	5.08435	9.70675	
10.3632	23.1107	8.68451	14.6111	14.6578	13.6019	5.201	11.0454	0	6.61105	2.32	10.2543	8.35	5.58533	15.1445	11.7202	15.1244	8.73444	12.5396	11.9295	
16.9742	24.0792	13.3272	8	17.9435	14.5209	10.0953	17.7965	6.61105	0	4.94238	8.28729	4.89318	1.67705	18.2667	13.3932	10.1459	8.88246	21.2615	15.2151	
12.6832	29.3879	11.0045	13.6057	12.3378	16.1092	7.521	15.0731	2.32	4.94238	0	7.93426	6.03	3.26533	19.1722	13.0768	15.7515	14.0521	16.5673	9.60946	
12.6255	21.4536	9.07553	17.1642	20.272	19.0482	8.59628	11.4364	10.2543	8.28729	7.93426	0	3.39411	10.4941	15.5355	11.8941	8.20926	9.10464	12.9306	17.5437	
11.9841	24.8477	8.43406	12.8932	18.3678	13.603	5.20216	10.7949	8.35	4.89318	6.03	3.39411	0	6.57023	13.3735	8.5	11.6034	8.7356	12.2891	15.6395	
16.7979	24.457	15.1192	9.67705	15.6031	12.8439	10.9857	16.1194	5.58533	1.67705	3.26533	10.4941	6.57023	0	20.4735	15.6	11.8229	10.5595	17.02	12.8748	
10.01	26.9236	6.46	23.1136	20.3367	19.2448	12.366	8.82089	15.1445	18.2667	19.1722	15.5355	13.3735	20.4735	0	19.6239	9.39628	14.9848	10.3151	12.4965	
17.2478	31.2104	16.6675	16.3577	12.4631	19.5973	13.7022	17.5622	11.7202	13.3932	13.0768	11.8941	8.5	15.6	19.6239	0	10.2277	15.8162	20.0417	19.7676	
9.98988	20.7853	6.43988	18.1459	18.6942	10.8389	9.122	8.80077	15.1244	10.1459	15.7515	8.20926	11.6034	11.8229	9.39628	10.2277	0	5.58856	10.295	19.2566	
12.2498	15.1967	8.69979	16.8825	24.0533	11.9343	3.53344	10.8221	8.73444	8.88246	14.0521	9.10464	8.7356	10.5595	14.9848	15.8162	5.58856	0	12.5549	19.7553	
3.62833	14.0358	3.85509	17.3876	7.57852	4.17612	12.577	5.08435	12.5396	21.2615	16.5673	12.9306	12.2891	17.02	10.3151	20.0417	10.295	12.5549	0	15.2862	
11.1628	24.4054	12.0676	10.6171	14.8058	13	16.2219	9.70675	11.9295	15.2151	9.60946	17.5437	15.6395	12.8748	12.4965	19.7676	19.2566	19.7553	15.2862	0	

0	23.355	1.7	12.823	5.89536	8.68705	19.5028	4.36807	16.1549	10.9144	18.0968	19.8321	13.9691	14.671	16.834	11.4652	7.46906	17.2754	12.1638	14.8738	
23.355	0	22.3264	31.6308	17.4596	17.9827	28.1018	22.9665	25.5588	23.2576	23.9588	23.4789	20.2029	25.7029	17.5369	13.351	18.5814	28.2817	11.8626	9.23275	
