20
5
3
5
40

6	7
19	44
37	23
35	6
5	8

20	35
8	31
29	43
18	39
19	47
31	24
38	50
33	21
2	27
1	12
26	20
20	33
15	46
20	26
17	19
15	12
5	30
13	40
38	5
9	40

70

1.79769e+308
1.79769e+308
1.79769e+308
1.79769e+308
1.79769e+308

17
18
13
19
12
18
13
13
17
20
16
18
15
11
18
16
15
15
15
16

0
0
0
0
0

0

0	17.8132	33.1935	17.5512	1.31522	16.116	15.7425	20.3882	17.0771	15.8291	8.6421	38.767	8.10677	7.95447	10.6066	10.7481	12.8876	13.1033	18.8883	11.0696	10.8104	13.0881	10.2211	27.5238	10.6035	
17.8132	0	13.6985	14.4452	15.2517	3.62215	5.10647	5.39502	3.6203	1.41	12.1284	11.7309	10.04	9.28464	12.743	12.6911	4.12215	7.87096	10.2822	8.66859	12.5771	4.15779	6.34577	18.2133	10.1241	
33.1935	13.6985	0	11.0593	12.8737	7.20585	9.72072	13.0503	8.1605	17.5556	7.29932	8.10555	6.0821	11.639	13.75	11.5268	6.70585	10.4518	8.86778	20.8206	12.7232	11.9643	7.35272	5.5886	14.4327	
17.5512	14.4452	11.0593	0	16.236	23.4115	10.4674	13.797	11.8727	18.9784	12.9627	13.4845	10.1644	27.3807	14.4966	22.0907	15.4567	11.1984	12.169	21.5672	17.9573	17.7041	8.09938	5.47074	15.1794	
1.31522	15.2517	12.8737	16.236	0	21.5188	11.2739	14.6035	12.6792	17.7184	7.32688	14.2911	6.79155	9.26969	10.1823	9.43284	13.7226	11.7881	9.57723	12.3848	12.1256	11.88	8.90591	11.4852	10.6422	
16.116	3.62215	7.20585	23.4115	21.5188	0	6.70442	11.0896	1.95465	5.03215	6.8957	10.1559	9.44568	5.43315	11.3365	13.1057	0.5	9.9081	6.66	5.04643	10.7249	7.77994	8.37957	10.486	9.4965	
15.7425	5.10647	9.72072	10.4674	11.2739	6.70442	0	8.06558	4.74342	11.8441	5.28916	7.75316	6.83086	6.08228	8.76524	15.9458	6.20442	5.46703	6.43764	11.2043	17.1422	0.948683	2.36799	12.7811	9.24184	
20.3882	5.39502	13.0503	13.797	14.6035	11.0896	8.06558	0	8.66148	3.98502	17.475	6.72704	17.9816	11.8597	11.6965	17.7323	10.1161	8.79662	9.76723	14.669	22.5404	12.4562	5.69759	18.7446	12.7776	
17.0771	3.6203	8.1605	11.8727	12.6792	1.95465	4.74342	8.66148	0	5.0303	7.85035	9.15844	9.67691	6.3878	10.1705	9.07083	1.45465	6.87231	7.84292	6.0075	11.686	3.79473	3.77327	11.4406	7.33486	
15.8291	1.41	17.5556	18.9784	17.7184	5.03215	11.8441	3.98502	5.0303	0	13.49	10.7121	16.5186	7.87464	15.6815	19.3905	7.60454	7.25667	13.7645	12.151	13.9871	5.56779	7.75577	17.599	11.5341	
8.6421	12.1284	7.29932	12.9627	7.32688	6.8957	5.28916	17.475	7.85035	13.49	0	15.4049	3.02866	11.3289	6.78531	8.47339	6.3957	12.9035	5.03115	15.7694	9.66978	6.23784	7.65715	7.49193	15.3922	
38.767	11.7309	8.10555	13.4845	14.2911	10.1559	7.75316	6.72704	9.15844	10.7121	15.4049	0	14.1877	14.5891	11.7824	19.7097	9.65595	7.00357	9.45481	18.853	22.228	14.9899	5.38516	13.6942	12.4652	
8.10677	10.04	6.0821	10.1644	6.79155	9.44568	6.83086	17.9816	9.67691	16.5186	3.02866	14.1877	0	11.0158	9.81397	5.44472	9.42436	15.036	2.78568	12.3196	6.64112	5.88218	6.85532	4.69366	14.1753	
7.95447	9.28464	11.639	27.3807	9.26969	5.43315	6.08228	11.8597	6.3878	7.87464	11.3289	14.5891	11.0158	0	18.5611	21.3986	4.93315	9.89934	13.7532	15.3893	15.4826	5.1336	10.156	14.9191	13.4267	
10.6066	12.743	13.75	14.4966	10.1823	11.3365	8.76524	11.6965	10.1705	15.6815	6.78531	11.7824	9.81397	18.5611	0	17.5426	11.8365	9.49628	10.4669	16.3829	12.18	12.6928	6.39725	14.2772	13.4772	
10.7481	12.6911	11.5268	22.0907	9.43284	13.1057	15.9458	17.7323	9.07083	19.3905	8.47339	19.7097	5.44472	21.3986	17.5426	0	10.5255	16.3058	8.2304	8.05929	12.0858	11.3269	12.8441	10.1384	16.4057	
12.8876	4.12215	6.70585	15.4567	13.7226	0.5	6.20442	10.1161	1.45465	7.60454	6.3957	9.65595	9.42436	4.93315	11.8365	10.5255	0	8.68963	7.16	5.54643	20.4157	5.24938	5.22792	9.98599	8.78951	
13.1033	7.87096	10.4518	11.1984	11.7881	9.9081	5.46703	8.79662	6.87231	7.25667	12.9035	7.00357	15.036	9.89934	9.49628	16.3058	8.68963	0	7.16868	13.2425	19.9418	8.56304	3.09903	10.3423	10.179	
18.8883	10.2822	8.86778	12.169	9.57723	6.66	6.43764	9.76723	7.84292	13.7645	5.03115	9.45481	2.78568	13.7532	10.4669	8.2304	7.16	7.16868	0	10.7382	9.4268	8.66785	4.06964	7.47933	11.1496	
11.0696	8.66859	20.8206	21.5672	12.3848	5.04643	11.2043	14.669	6.0075	12.151	15.7694	18.853	12.3196	15.3893	16.3829	8.05929	5.54643	13.2425	10.7382	0	5.67849	9.80223	9.78077	24.9417	13.3424	
10.8104	12.5771	12.7232	17.9573	12.1256	10.7249	17.1422	22.5404	11.686	13.9871	9.66978	22.228	6.64112	15.4826	12.18	12.0858	20.4157	19.9418	9.4268	5.67849	0	12.5233	16.8428	11.3348	21.414	
13.0881	4.15779	11.9643	17.7041	11.88	7.77994	0.948683	12.4562	3.79473	5.56779	6.23784	14.9899	5.88218	5.1336	12.6928	11.3269	5.24938	8.56304	8.66785	9.80223	12.5233	0	3.31668	10.5758	8.29315	
10.2211	6.34577	7.35272	8.09938	8.90591	8.37957	2.36799	5.69759	3.77327	7.75577	7.65715	5.38516	6.85532	10.156	6.39725	12.8441	5.22792	3.09903	4.06964	9.78077	16.8428	3.31668	0	12.9413	7.08	
27.5238	18.2133	5.5886	5.47074	11.4852	10.486	12.7811	18.7446	11.4406	17.599	7.49193	13.6942	4.69366	14.9191	14.2772	10.1384	9.98599	10.3423	7.47933	24.9417	11.3348	10.5758	12.9413	0	18.9825	
10.6035	10.1241	14.4327	15.1794	10.6422	9.4965	9.24184	12.7776	7.33486	11.5341	15.3922	12.4652	14.1753	13.4267	13.4772	16.4057	8.78951	10.179	11.1496	13.3424	21.414	8.29315	7.08	18.9825	0	

0	18.7491	18.7297	10.4022	1.68291	17.5452	11.378	14.8642	14.0122	16.6727	10.279	21.3209	12.3702	8.94856	8.86712	17.0663	22.5019	22.9988	15.1045	14.2176	11.3762	8.05761	16.059	11.5425	22.1757	
18.7491	0	14.7434	15.2727	18.1987	10.587	8.2613	12.8032	5.42055	2.76	17.7504	9.30003	15.8862	9.13582	11.0145	13.473	13.2367	4.57417	9.92219	10.0319	16.3452	10.0268	5.31407	10.8455	2.15407	
18.7297	14.7434	0	14.5227	27.3263	10.9848	13.8383	14.4393	6.25575	10.1124	9.47024	17.4252	7.37902	11.3771	27.7353	14.1672	13.4952	14.9637	3.62516	12.9926	17.6541	10.7663	11.2949	10.0955	16.3783	
10.4022	15.2727	14.5227	0	8.71931	6.85643	16.1001	19.0184	10.3894	14.6835	12.9868	10.5845	10.8956	21.6312	15.9035	6.82376	8.63643	14.758	16.3276	10.2321	16.0728	15.8949	14.8566	4.42719	19.4232	
1.68291	18.1987	27.3263	8.71931	0	15.5757	14.3204	17.5167	15.6951	27.9739	11.9619	19.3038	14.1526	11.891	7.1842	15.5431	25.6019	21.2533	16.7875	12.5347	9.6933	9.74052	23.9389	13.1465	18.5412	
17.5452	10.587	10.9848	6.85643	15.5757	0	10.9041	7.16145	3.53299	6.19353	10.8894	6.3263	12.9807	12.133	22.9676	13.6802	1.78	9.6412	6.16358	17.3502	17.6529	17.8669	8.00016	11.2836	11.1602	
11.378	8.2613	13.8383	16.1001	14.3204	10.9041	0	11.4941	9.532	5.29029	10.8248	20.1316	9.61105	4.21135	11.2082	6.44105	9.12414	3.47612	10.4615	3	11.9545	3.32039	5.04486	8.80494	7.60652	
14.8642	12.8032	14.4393	19.0184	17.5167	7.16145	11.4941	0	8.42738	9.83215	4.58519	11.6298	6.67641	16.3058	14.2634	11.3725	5.38145	8.01798	11.058	15.1401	7.82338	16.3768	8.13941	23.7073	11.2994	
14.0122	5.42055	6.25575	10.3894	15.6951	3.53299	9.532	8.42738	0	2.66055	10.2671	9.20058	8.06266	8.6	18.3061	15.5282	5.31299	4.47471	2.63059	11.998	16.2508	9.49095	4.48714	15.0783	7.64714	
16.6727	2.76	10.1124	14.6835	27.9739	6.19353	5.29029	9.83215	2.66055	0	11.4961	6.54003	13.5836	10.102	13.7745	13.9716	9.60704	1.81417	5.29113	12.7919	13.3742	13.4515	5.71612	13.6055	4.91407	
10.279	17.7504	9.47024	12.9868	11.9619	10.8894	10.8248	4.58519	10.2671	11.4961	0	14.2188	2.09122	12.8268	14.24	6.78731	9.96664	10.3336	7.52329	8.70227	7.8	15.8585	5.77997	16.3598	8.93997	
21.3209	9.30003	17.4252	10.5845	19.3038	6.3263	20.1316	11.6298	9.20058	6.54003	14.2188	0	14.2198	21.5519	24.9277	7.43153	8.1063	8.3542	13.8	10.8726	16.6805	16.5027	12.2561	12.15	19.0135	
12.3702	15.8862	7.37902	10.8956	14.1526	12.9807	9.61105	6.67641	8.06266	13.5836	2.09122	14.2198	0	10.7356	14.8192	6.78823	14.3141	13.1694	5.43207	6.61105	9.89122	11.6266	7.87119	12.416	17.2998	
8.94856	9.13582	11.3771	21.6312	11.891	12.133	4.21135	16.3058	8.6	10.102	12.8268	21.5519	10.7356	0	11.0325	9.96212	17.0763	8.28782	7.75194	11.8697	11.1157	0.890955	12.8415	19.9149	9.74478	
8.86712	11.0145	27.7353	15.9035	7.1842	22.9676	11.2082	14.2634	18.3061	13.7745	14.24	24.9277	14.8192	11.0325	0	11.6492	22.4396	15.7997	17.2826	8.2082	6.44	10.1415	14.517	14.0131	11.357	
17.0663	13.473	14.1672	6.82376	15.5431	13.6802	6.44105	11.3725	15.5282	13.9716	6.78731	7.43153	6.78823	9.96212	11.6492	0	19.0102	20.809	12.2203	3.44105	9.249	9.07117	12.5673	9.24598	12.5994	
22.5019	13.2367	13.4952	8.63643	25.6019	1.78	9.12414	5.38145	5.31299	9.60704	9.96664	8.1063	14.3141	17.0763	22.4396	19.0102	0	12.6003	9.87	12.1241	13.2048	12.4445	9.78016	13.3253	11.0826	
22.9988	4.57417	14.9637	14.758	21.2533	9.6412	3.47612	8.01798	4.47471	1.81417	10.3336	8.3542	13.1694	8.28782	15.7997	20.809	12.6003	0	11.3385	6.47612	11.56	6.79651	4.55368	15.6307	6.93925	
15.1045	9.92219	3.62516	16.3276	16.7875	6.16358	10.4615	11.058	2.63059	5.29113	7.52329	13.8	5.43207	7.75194	17.2826	12.2203	9.87	11.3385	0	9.3674	16.7987	7.14112	7.11773	13.7207	10.8297	
14.2176	10.0319	12.9926	10.2321	12.5347	17.3502	3	15.1401	11.998	12.7919	8.70227	10.8726	6.61105	11.8697	8.2082	3.44105	12.1241	6.47612	9.3674	0	8.95454	6.32039	8.04486	5.80494	10.6065	
11.3762	16.3452	17.6541	16.0728	9.6933	17.6529	11.9545	7.82338	16.2508	13.3742	7.8	16.6805	9.89122	11.1157	6.44	9.249	13.2048	11.56	16.7987	8.95454	0	12.0066	13.58	14.7595	17.797	
8.05761	10.0268	10.7663	15.8949	9.74052	17.8669	3.32039	16.3768	9.49095	13.4515	15.8585	16.5027	11.6266	0.890955	10.1415	9.07117	12.4445	6.79651	7.14112	6.32039	12.0066	0	8.36525	18.6652	10.6357	
16.059	5.31407	11.2949	14.8566	23.9389	8.00016	5.04486	8.13941	4.48714	5.71612	5.77997	12.2561	7.87119	12.8415	14.517	12.5673	9.78016	4.55368	7.11773	8.04486	13.58	8.36525	0	19.5454	3.16	
11.5425	10.8455	10.0955	4.42719	13.1465	11.2836	8.80494	23.7073	15.0783	13.6055	16.3598	12.15	12.416	19.9149	14.0131	9.24598	13.3253	15.6307	13.7207	5.80494	14.7595	18.6652	19.5454	0	12.9996	
22.1757	2.15407	16.3783	19.4232	18.5412	11.1602	7.60652	11.2994	7.64714	4.91407	8.93997	19.0135	17.2998	9.74478	11.357	12.5994	11.0826	6.93925	10.8297	10.6065	17.797	10.6357	3.16	12.9996	0	

0	10.1776	12.3154	23.4849	0.311127	9.66123	11.5541	14.9103	10.3958	10.833	14.3276	37.3239	11.5088	15.4565	9.92778	11.192	6.20123	14.2835	13.4112	10.1117	7.92764	5.81113	22.244	13.8572	9.98236	
10.1776	0	10.0905	18.404	16.2035	7.43633	4.59793	6.55421	6.11882	3	10.1375	9.76318	9.28387	10.7188	15.3042	7	3.97633	4.38269	10.3612	11.3466	10.2644	6.96964	5.90059	11.6323	6.86178	
12.3154	10.0905	0	8.21628	24.7388	9.57416	6.91914	19.1542	12.0592	10.7459	4.37959	13.6091	3.30938	13.1207	17.442	7.51712	6.11416	12.8836	6.90507	13.0738	10.7796	9.29085	15.0527	9.70255	9.18299	
23.4849	18.404	8.21628	0	21.01	11.84	15.1354	16.3257	9.76997	15.404	10.6947	18.3201	8.02036	15.4524	11.3934	13.8322	9.1422	13.2285	7.25	10.8246	17.0947	15.8187	19.9285	1.48627	14.9807	
0.311127	16.2035	24.7388	21.01	0	10.7178	7.87171	12.0507	10.0846	11.6672	16.9549	25.6059	21.4222	9.44566	9.61665	10.3845	6.51235	13.4356	18.5407	12.3719	8.23876	5.5	13.297	18.3683	14.3317	
9.66123	7.43633	9.57416	11.84	10.7178	0	7.58947	8.0096	6.84237	4.45539	10.7142	16.7954	6.49569	9.16341	9.64314	10.1022	3.46	7.38279	4.59	10.7588	11.8789	5.21776	10.0548	11.1159	7.24114	
11.5541	4.59793	6.91914	15.1354	7.87171	7.58947	0	8.92243	10.7168	7.59793	11.2987	14.3611	10.2285	6.20155	6.79709	7.25618	5.35283	8.442	8.97	10.65	10.6082	2.37171	8.02385	13.0088	2.26385	
14.9103	6.55421	19.1542	16.3257	12.0507	8.0096	8.92243	0	11.6165	3.55421	17.563	17.6727	20.1027	10.4964	10.9761	11.4352	8.18598	6.48161	13.2724	17.5899	14.7872	6.55073	10.744	14.8395	9.10069	
10.3958	6.11882	12.0592	9.76997	10.0846	6.84237	10.7168	11.6165	0	6.27835	13.4453	15.5213	11.2526	4.6	8.65899	10.3078	5.94508	3.35094	9.32944	14.29	13.5721	8.54566	3.21238	8.28369	8.97238	
10.833	3	10.7459	15.404	11.6672	4.45539	7.59793	3.55421	6.27835	0	14.0088	12.7632	9.93931	12.6623	15.9596	10	4.63177	2.9274	8.90591	14.0357	13.0507	9.67315	4.4453	12.2877	8.41291	
14.3276	10.1375	4.37959	10.6947	16.9549	10.7142	11.2987	17.563	13.4453	14.0088	0	14.5183	4.21849	18.1184	19.6349	3.13753	9.52604	16.5938	10.6213	7.48412	6.4	8.02201	18.1117	11.0913	10.2247	
37.3239	9.76318	13.6091	18.3201	25.6059	16.7954	14.3611	17.6727	15.5213	12.7632	14.5183	0	10.2998	20.1213	32.5943	16.7632	13.7395	13.0733	19.0518	28.5055	21.167	24.2234	14.5912	17.1726	21.2192	
11.5088	9.28387	3.30938	8.02036	21.4222	6.49569	10.2285	20.1027	11.2526	9.93931	4.21849	10.2998	0	17.0482	16.6354	7.35603	5.30754	17.4094	10.2145	13.0513	10.6185	11.7134	17.2708	6.87285	9.08868	
15.4565	10.7188	13.1207	15.4524	9.44566	9.16341	6.20155	10.4964	4.6	12.6623	18.1184	20.1213	17.0482	0	4.05899	8.83013	10.5451	7.95094	15.1715	9.69	11.874	3.94566	7.81238	12.8837	8.46539	
9.92778	15.3042	17.442	11.3934	9.61665	9.64314	6.79709	10.9761	8.65899	15.9596	19.6349	32.5943	16.6354	4.05899	0	9.30986	11.3278	21.0292	18.5378	13.749	12.6619	4.42538	25.4276	12.8796	13.2571	
11.192	7	7.51712	13.8322	10.3845	10.1022	7.25618	11.4352	10.3078	10	3.13753	16.7632	7.35603	8.83013	9.30986	0	10.8683	11.3827	9.92778	4.34658	3.26435	4.88448	12.8472	13.685	7.08718	
6.20123	3.97633	6.11416	9.1422	6.51235	3.46	5.35283	8.18598	5.94508	4.63177	9.52604	13.7395	5.30754	10.5451	11.3278	10.8683	0	7.55918	7.21	10.603	8.41894	7.72454	9.15746	7.65593	3.78114	
14.2835	4.38269	12.8836	13.2285	13.4356	7.38279	8.442	6.48161	3.35094	2.9274	16.5938	13.0733	17.4094	7.95094	21.0292	11.3827	7.55918	0	5.9785	12.1473	15.8343	10.8137	1.51789	11.6346	7.27789	
13.4112	10.3612	6.90507	7.25	18.5407	4.59	8.97	13.2724	9.32944	8.90591	10.6213	19.0518	10.2145	15.1715	18.5378	9.92778	7.21	5.9785	0	6.16878	8.35281	9.80776	7.4964	8.73627	10.9911	
10.1117	11.3466	13.0738	10.8246	12.3719	10.7588	10.65	17.5899	14.29	14.0357	7.48412	28.5055	13.0513	9.69	13.749	4.34658	10.603	12.1473	6.16878	0	2.18403	9.23106	16.5004	9.33838	11.4338	
7.92764	10.2644	10.7796	17.0947	8.23876	11.8789	10.6082	14.7872	13.5721	13.0507	6.4	21.167	10.6185	11.874	12.6619	3.26435	8.41894	15.8343	8.35281	2.18403	0	8.14883	14.3164	11.5224	10.3515	
5.81113	6.96964	9.29085	15.8187	5.5	5.21776	2.37171	6.55073	8.54566	9.67315	8.02201	24.2234	11.7134	3.94566	4.42538	4.88448	7.72454	10.8137	9.80776	9.23106	8.14883	0	10.5053	18.8773	4.63555	
22.244	5.90059	15.0527	19.9285	13.297	10.0548	8.02385	10.744	3.21238	4.4453	18.1117	14.5912	17.2708	7.81238	25.4276	12.8472	9.15746	1.51789	7.4964	16.5004	14.3164	10.5053	0	11.4961	5.76	
13.8572	11.6323	9.70255	1.48627	18.3683	11.1159	13.0088	14.8395	8.28369	12.2877	11.0913	17.1726	6.87285	12.8837	12.8796	13.685	7.65593	11.6346	8.73627	9.33838	11.5224	18.8773	11.4961	0	11.4371	
9.98236	6.86178	9.18299	14.9807	14.3317	7.24114	2.26385	9.10069	8.97238	8.41291	10.2247	21.2192	9.08868	8.46539	13.2571	7.08718	3.78114	7.27789	10.9911	11.4338	10.3515	4.63555	5.76	11.4371	0	

0	19.847	19.4645	11.0265	2.07889	22.9687	12.1235	19.3909	17.6016	22.583	19.0555	22.0521	16.4235	13.5506	4.51134	15.2199	14.1313	26.0481	14.296	8.12749	4.63303	16.5989	15.6932	13.4615	19.0895	
19.847	0	14.0675	14.6973	17.7682	6.18115	13.0069	5.32643	6.11882	2.19	14.8298	12.2815	17.771	18.8219	11.5745	7.98804	6.30404	5.0803	12.4322	14.9298	21.2844	17.3449	2.74022	23.9734	5.58022	
19.4645	14.0675	0	11.6397	25.5767	13.5388	17.9375	15.4229	7.94864	13.2697	5.6731	12.1637	3.04105	11.8821	19.4348	8.77935	10.352	13.207	8.11346	15.1961	15.004	19.1747	12.3526	9.24338	15.1926	
11.0265	14.6973	11.6397	0	13.1054	15.69	15.91	9.37083	11.5634	22.4895	15.5359	11.0255	8.63728	11.5597	17.8855	12.8868	12.74	17.5622	5.25	12.3327	12.1108	23.0556	16.2079	2.43495	15.4087	
2.07889	17.7682	25.5767	13.1054	0	18.5422	7.69705	14.9644	13.9186	19.9582	23.6388	30.5059	18.5024	11.3021	2.43245	18.6384	18.7368	17.5131	19.2918	10.8695	6.71193	14.52	11.2667	18.8876	14.663	
22.9687	6.18115	13.5388	15.69	18.5422	0	6.57754	9.58681	5.26333	7.70662	8.40043	14.6323	11.0325	13.2118	11.8421	8.68875	2.86	5.78102	10.35	14.4012	12.3583	7.71596	3.44093	32.5994	6.28093	
12.1235	13.0069	17.9375	15.91	7.69705	6.57754	0	12.2013	7.87782	10.5351	13.9229	12.3302	15.4753	6.63421	5.2646	15.8523	5.47449	5.79353	10.66	11.3942	11.9846	1.13842	8.13362	25.599	5.52378	
19.3909	5.32643	15.4229	9.37083	14.9644	9.58681	12.2013	0	9.13014	7.51643	10.8898	6.95507	12.9692	13.4954	12.532	12.0849	6.72681	9.17719	7.30945	14.3921	16.2251	18.311	6.8371	11.8058	9.6771	
17.6016	6.11882	7.94864	11.5634	13.9186	5.26333	7.87782	9.13014	0	5.32109	13.9906	13.0862	10.9897	12.6231	11.4862	12.2845	2.40333	6.44256	6.31341	8.81099	11.9016	11.1273	5.96715	24.4591	7.60652	
22.583	2.19	13.2697	22.4895	19.9582	7.70662	10.5351	7.51643	5.32109	0	16.107	11.2782	14.9075	23.4648	16.8073	15.6199	7.72442	4.74157	11.6345	14.1321	23.4744	16.5472	4.93022	24.8928	9.64318	
19.0555	14.8298	5.6731	15.5359	23.6388	8.40043	13.9229	10.8898	13.9906	16.107	0	11.7547	2.63205	7.28869	16.1583	5.1225	11.2604	12.798	10.2859	11.5518	18.86	14.883	10.3703	8.83438	15.7945	
22.0521	12.2815	12.1637	11.0255	30.5059	14.6323	12.3302	6.95507	13.0862	11.2782	11.7547	0	9.12264	17.9637	19.487	17.8908	10.5759	6.53667	14.2645	22.0915	23.1363	26.9756	8.87675	13.4605	20.2828	
16.4235	17.771	3.04105	8.63728	18.5024	11.0325	15.4753	12.9692	10.9897	14.9075	2.63205	9.12264	0	8.84109	17.7107	7.75455	14.2052	10.1659	11.1545	13.6011	18.0451	16.4354	12.506	6.20233	13.1625	
13.5506	18.8219	11.8821	11.5597	11.3021	13.2118	6.63421	13.4954	12.6231	23.4648	7.28869	17.9637	8.84109	0	8.86964	11.1893	12.1087	12.4277	6.30971	4.76	8.25445	7.59433	17.2387	15.0434	12.158	
4.51134	11.5745	19.4348	17.8855	2.43245	11.8421	5.2646	12.532	11.4862	16.8073	16.1583	19.487	17.7107	8.86964	0	14.0821	10.7391	11.0581	15.1794	10.2145	6.72	6.40302	8.8343	20.3344	10.7884	
15.2199	7.98804	8.77935	12.8868	18.6384	8.68875	15.8523	12.0849	12.2845	15.6199	5.1225	17.8908	7.75455	11.1893	14.0821	0	8.81164	7.5879	7.63675	6.42932	9.92378	17.4989	5.24782	14.9705	8.08782	
14.1313	6.30404	10.352	12.74	18.7368	2.86	5.47449	6.72681	2.40333	7.72442	11.2604	10.5759	14.2052	12.1087	10.7391	8.81164	0	4.03923	7.49	11.2143	9.49829	6.61291	3.56382	24.3646	6.40382	
26.0481	5.0803	13.207	17.5622	17.5131	5.78102	5.79353	9.17719	6.44256	4.74157	12.798	6.53667	10.1659	12.4277	11.0581	7.5879	4.03923	0	11.5292	15.3606	13.5375	6.93195	2.34009	16.3683	5.18009	
14.296	12.4322	8.11346	5.25	19.2918	10.35	10.66	7.30945	6.31341	11.6345	10.2859	14.2645	11.1545	6.30971	15.1794	7.63675	7.49	11.5292	0	7.08267	9.66294	11.7984	11.0538	7.68495	13.9199	
8.12749	14.9298	15.1961	12.3327	10.8695	14.4012	11.3942	14.3921	8.81099	14.1321	11.5518	22.0915	13.6011	4.76	10.2145	6.42932	11.2143	15.3606	7.08267	0	3.49445	11.0696	11.6771	15.6481	16.4175	
4.63303	21.2844	15.004	12.1108	6.71193	12.3583	11.9846	16.2251	11.9016	23.4744	18.86	23.1363	18.0451	8.25445	6.72	9.92378	9.49829	13.5375	9.66294	3.49445	0	14.5641	13.0621	14.5457	16.895	
16.5989	17.3449	19.1747	23.0556	14.52	7.71596	1.13842	18.311	11.1273	16.5472	14.883	26.9756	16.4354	7.59433	6.40302	17.4989	6.61291	6.93195	11.7984	11.0696	14.5641	0	10.4869	26.7177	6.6622	
15.6932	2.74022	12.3526	16.2079	11.2667	3.44093	8.13362	6.8371	5.96715	4.93022	10.3703	8.87675	12.506	17.2387	8.8343	5.24782	3.56382	2.34009	11.0538	11.6771	13.0621	10.4869	0	29.1687	2.84	
13.4615	23.9734	9.24338	2.43495	18.8876	32.5994	25.599	11.8058	24.4591	24.8928	8.83438	13.4605	6.20233	15.0434	20.3344	14.9705	24.3646	16.3683	7.68495	15.6481	14.5457	26.7177	29.1687	0	17.8436	
19.0895	5.58022	15.1926	15.4087	14.663	6.28093	5.52378	9.6771	7.60652	9.64318	15.7945	20.2828	13.1625	12.158	10.7884	8.08782	6.40382	5.18009	13.9199	16.4175	16.895	6.6622	2.84	17.8436	0	

0	13.2406	9.66968	17.9723	0.834386	9.65626	8.66995	11.0196	9.56928	13.2705	7.25578	13.9872	13.0968	10.9218	10.0409	12.068	6.95689	8.40525	7.31626	10.7434	6.75807	10.7571	11.7573	12.7634	13.089	
13.2406	0	13.5527	22.6032	19.833	7.52121	13.5705	8.38071	3.67129	1.38	9.82462	19.2254	18.8299	17.211	15.4766	15.3564	8.09848	6.24526	15.772	19.0905	18.3819	11.4834	7.03665	22.9925	3.94338	
9.66968	13.5527	0	18.4336	8.8353	6.17661	14.4319	17.4671	10.7762	14.9327	4.6229	11.3544	5.27712	19.3146	12.072	2.6224	9.17095	11.0918	7.37416	6.69733	14.759	10.298	10.2556	17.4869	12.7838	
17.9723	22.6032	18.4336	0	16.1348	14.84	19.52	24.122	18.9096	21.1601	22.0222	23.3	19.7955	16.1056	20.0215	15.8112	16.189	24.2805	12.5	15.9271	9.25457	22.4355	19.32	4.20583	20.512	
0.834386	19.833	8.8353	16.1348	0	9.1225	9.50433	10.1852	10.4037	14.818	8.09017	19.7626	14.1124	14.3529	9.84293	11.4577	6.1225	9.23963	8.15065	11.6022	5.92368	12.8532	8.39938	10.9724	12.2546	
9.65626	7.52121	6.17661	14.84	9.1225	0	9.36	11.6803	3.89076	6.14121	7.54805	13.14	11.8451	5.51536	10.0253	3.55421	3	7.65318	2.34	5.7671	9.17951	9.73071	4.30116	14.2283	6.88734	
8.66995	13.5705	14.4319	19.52	9.50433	9.36	0	6.28856	13.558	13.2893	9.82527	15.866	9.15478	7.81467	5.46708	9.76271	8.81781	13.5447	7.02	10.4471	14.7071	2.0871	10.1927	21.2827	10.2726	
11.0196	8.38071	17.4671	24.122	10.1852	11.6803	6.28856	0	10.2598	7.00071	13.47	9.57747	15.4433	11.4594	11.7556	13.4075	12.4626	11.866	13.3086	18.9196	16.1088	5.73188	9.30041	19.9161	5.46041	
9.56928	3.67129	10.7762	18.9096	10.4037	3.89076	13.558	10.2598	0	5.05129	6.15332	12.775	11.9943	9.40612	11.8053	7.44497	4.42719	6.71737	6.23076	11.0591	13.0703	11.1579	3.36535	16.4104	4.79935	
13.2705	1.38	14.9327	21.1601	14.818	6.14121	13.2893	7.00071	5.05129	0	10.7243	10.5391	15.4198	11.6566	17.1264	9.69542	9.14121	4.86526	8.48121	20.7403	15.3207	10.7488	6.40338	24.3725	2.56338	
7.25578	9.82462	4.6229	22.0222	8.09017	7.54805	9.82527	13.47	6.15332	10.7243	0	6.73146	5.84099	13.4657	11.8915	6.21103	4.54805	11.9301	8.3329	4.9058	10.5843	7.73817	6.82494	16.5312	8.16088	
13.9872	19.2254	11.3544	23.3	19.7626	13.14	15.866	9.57747	12.775	10.5391	6.73146	0	12.5724	14.4056	19.7891	10.3395	11.2795	18.1612	10.8	11.6373	23.5315	14.4696	11.8157	28.3963	7.97569	
13.0968	18.8299	5.27712	19.7955	14.1124	11.8451	9.15478	15.4433	11.9943	15.4198	5.84099	12.5724	0	13.4947	14.5642	7.89952	10.389	16.6352	9.88916	7.57852	13.257	11.2419	16.1462	15.5896	12.8564	
10.9218	17.211	19.3146	16.1056	14.3529	5.51536	7.81467	11.4594	9.40612	11.6566	13.4657	14.4056	13.4947	0	4.50999	8.35731	8.51536	14.9401	3.60555	7.03265	13.75	5.72756	9.81652	16.876	11.6176	
10.0409	15.4766	12.072	20.0215	9.84293	10.0253	5.46708	11.7556	11.8053	17.1264	11.8915	19.7891	14.5642	4.50999	0	9.44957	15.8281	17.9189	8.11554	6.9857	9.24	7.55419	15.1706	14.2887	16.6046	
12.068	15.3564	2.6224	15.8112	11.4577	3.55421	9.76271	13.4075	7.44497	9.69542	6.21103	10.3395	7.89952	8.35731	9.44957	0	6.55421	8.46936	4.75176	4.07492	9.75341	7.6756	7.63319	18.0568	10.4415	
6.95689	8.09848	9.17095	16.189	6.1225	3	8.81781	12.4626	4.42719	9.14121	4.54805	11.2795	10.389	8.51536	15.8281	6.55421	0	5.6289	5.34	8.9571	12.0462	6.73071	2.27688	11.9832	6.11688	
8.40525	6.24526	11.0918	24.2805	9.23963	7.65318	13.5447	11.866	6.71737	4.86526	11.9301	18.1612	16.6352	14.9401	17.9189	8.46936	5.6289	0	11.7648	12.5443	18.6043	13.3409	3.35201	19.3652	7.19201	
7.31626	15.772	7.37416	12.5	8.15065	2.34	7.02	13.3086	6.23076	8.48121	8.3329	10.8	9.88916	3.60555	8.11554	4.75176	5.34	11.7648	0	3.4271	9.10558	9.1071	6.64116	16.7058	8.01202	
10.7434	19.0905	6.69733	15.9271	11.6022	5.7671	10.4471	18.9196	11.0591	20.7403	4.9058	11.6373	7.57852	7.03265	6.9857	4.07492	8.9571	12.5443	3.4271	0	5.67849	11.7505	11.7081	10.7272	11.4391	
6.75807	18.3819	14.759	9.25457	5.92368	9.17951	14.7071	16.1088	13.0703	15.3207	10.5843	23.5315	13.257	13.75	9.24	9.75341	12.0462	18.6043	9.10558	5.67849	0	12.9725	13.4807	5.04874	16.0668	
10.7571	11.4834	10.298	22.4355	12.8532	9.73071	2.0871	5.73188	11.1579	10.7488	7.73817	14.4696	11.2419	5.72756	7.55419	7.6756	6.73071	13.3409	9.1071	11.7505	12.9725	0	9.00759	18.0212	8.18545	
11.7573	7.03665	10.2556	19.32	8.39938	4.30116	10.1927	9.30041	3.36535	6.40338	6.82494	11.8157	16.1462	9.81652	15.1706	7.63319	2.27688	3.35201	6.64116	11.7081	13.4807	9.00759	0	14.2601	3.84	
12.7634	22.9925	17.4869	4.20583	10.9724	14.2283	21.2827	19.9161	16.4104	24.3725	16.5312	28.3963	15.5896	16.876	14.2887	18.0568	11.9832	19.3652	16.7058	10.7272	5.04874	18.0212	14.2601	0	24.1836	
13.089	3.94338	12.7838	20.512	12.2546	6.88734	10.2726	5.46041	4.79935	2.56338	8.16088	7.97569	12.8564	11.6176	16.6046	10.4415	6.11688	7.19201	8.01202	11.4391	16.0668	8.18545	3.84	24.1836	0	

0	11.5286	22.6892	6.96414	0.424264	15.7905	5.05747	23.0352	11.0764	21.1213	13.2463	35.3762	13.4045	7.07658	2.46073	9.23232	6.54676	15.4724	14.6325	3.25576	4.78459	10.0222	12.5981	11.5178	9.2781	
11.5286	0	18.5797	17.7294	16.8955	6.81818	6.47117	9.81976	7.54655	4.65	11.7149	11.8228	14.8182	8.49028	21.86	12.25	12.2293	2.95161	13.6717	10.8212	24.1467	7.85728	9.24368	22.283	5.92368	
22.6892	18.5797	0	15.919	11.4477	7.88523	10.5831	7.10842	8.79128	12.2782	4.6229	11.3478	2.23607	9.87891	18.192	5.48876	5.32523	17.4429	8.40523	13.8457	19.6229	13.3647	16.5637	17.6581	21.884	
6.96414	17.7294	15.919	0	7.3884	12.7334	12.0216	22.7577	15.6006	22.3794	11.4322	23.5489	15.9392	10.5611	15.3787	14.8126	15.1148	16.5999	16.1703	10.2199	12.1108	12.3006	14.9839	4.55368	16.2422	
0.424264	16.8955	11.4477	7.3884	0	8.6825	5.48173	16.6571	13.5222	13.7018	12.822	24.9387	17.329	10.6762	2.03647	21.013	6.1225	18.2402	9.2025	3.68003	6.78531	16.3715	17.8039	16.8828	9.70237	
15.7905	6.81818	7.88523	12.7334	8.6825	0	8.32238	10.2119	7.87096	6.21674	12.0393	12.7378	19.1453	6.30327	21.7876	17.1074	2.56	3.86657	5.64	12.5347	14.0635	8.04275	10.3809	9.44614	10.0608	
5.05747	6.47117	10.5831	12.0216	5.48173	8.32238	0	8.35988	6.01894	10.9369	10.1873	13.454	8.34701	2.01911	13.472	10.3266	6.57279	9.42278	9.04993	4.35	5.87882	3.75859	6.95763	14.4869	5.16157	
23.0352	9.81976	7.10842	22.7577	16.6571	10.2119	8.35988	0	2.34094	5.16976	6.50932	12.3139	7.82624	10.3409	14.6206	8.58209	9.74067	7.51993	17.6099	14.5586	23.8927	16.9496	10.4184	20.7652	7.77417	
11.0764	7.54655	8.79128	15.6006	13.5222	7.87096	6.01894	2.34094	0	4.91798	4.16838	14.6548	8.67532	8	16.9616	10.923	7.39973	5.9403	9.98216	10.3689	19.1684	9.73948	8.75323	17.3171	5.43323	
21.1213	4.65	12.2782	22.3794	13.7018	6.21674	10.9369	5.16976	4.91798	0	9.08636	11.2214	12.996	12.1329	19.7904	13.7518	7.57926	2.35017	10.6593	24.1414	25.6702	7.25584	8.86446	21.849	8.54443	
13.2463	11.7149	4.6229	11.4322	12.822	12.0393	10.1873	6.50932	4.16838	9.08636	0	12.1166	4.50694	12.1684	14.8585	7.75963	8.89378	10.1087	5.81378	14.8129	15	20.6059	12.9897	15.9859	9.60161	
35.3762	11.8228	11.3478	23.5489	24.9387	12.7378	13.454	12.3139	14.6548	11.2214	12.1166	0	13.5838	10.2287	26.0064	20.679	16.673	8.87119	17.9304	16.1403	27.1166	8.48926	15.0205	18.0114	15.0654	
13.4045	14.8182	2.23607	15.9392	17.329	19.1453	8.34701	7.82624	8.67532	12.996	4.50694	13.5838	0	10.3661	15.9559	3.25269	7.5613	19.7685	10.3207	9.22925	13.1385	13.3118	9.6932	15.422	13.5086	
7.07658	8.49028	9.87891	10.5611	10.6762	6.30327	2.01911	10.3409	8	12.1329	12.1684	10.2287	10.3661	0	15.4843	11.379	4.55368	6.64515	7.03082	6.36911	16.4888	1.73948	4.93852	11.2616	7.18068	
2.46073	21.86	18.192	15.3787	2.03647	21.7876	13.472	14.6206	16.9616	19.7904	14.8585	26.0064	15.9559	15.4843	0	19.2086	8.15897	22.4228	22.5151	11.6703	8.82178	17.2238	20.4228	27.0392	17.6927	
9.23232	12.25	5.48876	14.8126	21.013	17.1074	10.3266	8.58209	10.923	13.7518	7.75963	20.679	3.25269	11.379	19.2086	0	14.8905	12.9548	12.6431	5.97655	7.50538	12.9717	6.4405	18.6747	9.7605	
6.54676	12.2293	5.32523	15.1148	6.1225	2.56	6.57279	9.74067	7.39973	7.57926	8.89378	16.673	7.5613	4.55368	8.15897	14.8905	0	6.42657	3.08	14.5037	12.9078	6.29316	9.4922	12.0061	12.833	
15.4724	2.95161	17.4429	16.5999	18.2402	3.86657	9.42278	7.51993	5.9403	2.35017	10.1087	8.87119	19.7685	6.64515	22.4228	12.9548	6.42657	0	10.7201	12.5567	19.9885	4.90567	6.51429	13.3127	6.19426	
14.6325	13.6717	8.40523	16.1703	9.2025	5.64	9.04993	17.6099	9.98216	10.6593	5.81378	17.9304	10.3207	7.03082	22.5151	12.6431	3.08	10.7201	0	11.4237	12.9525	8.77031	9.70454	11.6166	13.0245	
3.25576	10.8212	13.8457	10.2199	3.68003	12.5347	4.35	14.5586	10.3689	24.1414	14.8129	16.1403	9.22925	6.36911	11.6703	5.97655	14.5037	12.5567	11.4237	0	1.52882	7.65105	12.4171	11.6263	9.51157	
4.78459	24.1467	19.6229	12.1108	6.78531	14.0635	5.87882	23.8927	19.1684	25.6702	15	27.1166	13.1385	16.4888	8.82178	7.50538	12.9078	19.9885	12.9525	1.52882	0	9.17987	13.4742	10.0975	16.7942	
10.0222	7.85728	13.3647	12.3006	16.3715	8.04275	3.75859	16.9496	9.73948	7.25584	20.6059	8.48926	13.3118	1.73948	17.2238	12.9717	6.29316	4.90567	8.77031	7.65105	9.17987	0	6.53119	9.52211	9.85119	
12.5981	9.24368	16.5637	14.9839	17.8039	10.3809	6.95763	10.4184	8.75323	8.86446	12.9897	15.0205	9.6932	4.93852	20.4228	6.4405	9.4922	6.51429	9.70454	12.4171	13.4742	6.53119	0	16.0533	3.32	
11.5178	22.283	17.6581	4.55368	16.8828	9.44614	14.4869	20.7652	17.3171	21.849	15.9859	18.0114	15.422	11.2616	27.0392	18.6747	12.0061	13.3127	11.6166	11.6263	10.0975	9.52211	16.0533	0	25.011	
9.2781	5.92368	21.884	16.2422	9.70237	10.0608	5.16157	7.77417	5.43323	8.54443	9.60161	15.0654	13.5086	7.18068	17.6927	9.7605	12.833	6.19426	13.0245	9.51157	16.7942	9.85119	3.32	25.011	0	

0	17.7922	18.8485	20.6022	0.79196	15.9997	20.4707	23.5562	15.6822	24.6222	11.4883	14.6795	11.1009	8.29376	3.39411	13.8528	18.7368	14.2736	12.4096	12.7846	5.86851	11.352	11.807	17.0286	12.7411	
17.7922	0	16.7256	19.3071	18.9269	9.14594	13.0382	10.8964	5.201	3.33	13.6573	12.9417	11.7616	17.1264	13.9056	17.5734	6.97188	6.17155	8.8336	10.5852	15.3747	10.5955	5.98522	28.7812	10.3052	
18.8485	16.7256	0	11.8	18.5459	6.368	15.4681	10.3749	6.89888	20.1462	7.36014	18.6804	8.04984	16.5122	25.3354	7.63918	5.128	11.2565	12.6688	15.3878	13.2822	15.377	12.1816	14.5874	7.8616	
20.6022	19.3071	11.8	0	17.2217	13.6926	22.4302	9.03174	14.1061	18.0566	7.68255	13.2306	10.111	12.4333	18.5243	4.16083	15.877	20.0008	10.5	12.2516	17.0359	14.3375	17.9814	3.57337	10.1981	
0.79196	18.9269	18.5459	17.2217	0	19.0423	11.6352	17.9318	17.0566	21.7954	12.2803	13.8875	10.496	7.5018	2.60215	13.0609	15.6267	14.5387	10.6264	15.7478	6.66047	10.56	10.5226	16.2367	15.7042	
15.9997	9.14594	6.368	13.6926	19.0423	0	13.648	6.48691	3.01088	9.71956	4.51134	5.15476	6.37062	12.6242	16.9343	8.03306	1.24	7.36849	8.91	7.16268	10.9113	11.489	9.64431	17.4704	6.04152	
20.4707	13.0382	15.4681	22.4302	11.6352	13.648	0	13.8759	8.32406	9.70824	16.8777	18.0261	12.3859	6.4209	11.7698	13.6437	10.0949	11.256	9.76871	8.85	14.4791	1.07517	5.68542	11.8393	7.60652	
23.5562	10.8964	10.3749	9.03174	17.9318	6.48691	13.8759	0	7.01779	11.9815	8.39263	9.46346	10.3775	16.0141	22.0066	4.87091	5.24691	4.72488	11.0766	12.0349	13.1419	15.4959	7.19146	16.7807	6.26936	
15.6822	5.201	6.89888	14.1061	17.0566	3.01088	8.32406	7.01779	0	3.95051	9.01934	10.9238	6.56061	13.1551	11.7957	14.5493	1.77088	6.34183	10.2409	10.5023	11.793	8.4855	3.87525	13.0982	8.19525	
24.6222	3.33	20.1462	18.0566	21.7954	9.71956	9.70824	11.9815	3.95051	0	13.49	14.0268	10.5111	20.2763	20.0079	17.0117	5.72138	7.25667	11.9836	13.7352	18.5246	10.7834	7.82576	25.8147	11.669	
11.4883	13.6573	7.36014	7.68255	12.2803	4.51134	16.8777	8.39263	9.01934	13.49	0	9.66611	6.41788	18.6327	19.0928	3.52172	5.75134	13.377	9.7793	8.02768	6.4	17.4975	14.6547	12.9555	9.55894	
14.6795	12.9417	18.6804	13.2306	13.8875	5.15476	18.0261	9.46346	10.9238	14.0268	9.66611	0	24.3835	21.3893	16.4897	14.3344	6.39476	6.77012	14.0648	12.3174	20.6893	24.4475	9.23669	16.804	11.1825	
11.1009	11.7616	8.04984	10.111	10.496	6.37062	12.3859	10.3775	6.56061	10.5111	6.41788	24.3835	0	13.0284	12.7599	9.9396	5.13062	11.2591	4.73565	6.48728	5.2324	13.4292	9.37932	6.53759	9.54287	
8.29376	17.1264	16.5122	12.4333	7.5018	12.6242	6.4209	16.0141	13.1551	20.2763	18.6327	21.3893	13.0284	0	10.104	15.782	11.3842	14.1571	8.29277	10.0444	14.8338	5.34573	9.95598	8.85991	9.74478	
3.39411	13.9056	25.3354	18.5243	2.60215	16.9343	11.7698	22.0066	11.7957	20.0079	19.0928	16.4897	12.7599	10.104	0	15.663	16.4943	10.387	8.02429	9.77592	11.4338	10.6947	7.9204	18.8388	12.2404	
13.8528	17.5734	7.63918	4.16083	13.0609	8.03306	13.6437	4.87091	14.5493	17.0117	3.52172	14.3344	9.9396	15.782	15.663	0	10.1178	9.59579	8.73984	9.4176	9.92172	17.4334	10.3572	7.7342	6.03723	
18.7368	6.97188	5.128	15.877	15.6267	1.24	10.0949	5.24691	1.77088	5.72138	5.75134	6.39476	5.13062	11.3842	16.4943	10.1178	0	6.12849	8.47	8.40268	10.363	10.249	5.64613	11.6682	7.28152	
14.2736	6.17155	11.2565	20.0008	14.5387	7.36849	11.256	4.72488	6.34183	7.25667	13.377	6.77012	11.2591	14.1571	10.387	9.59579	6.12849	0	9.0616	7.30997	11.2849	7.07683	2.46658	18.4151	4.41235	
12.4096	8.8336	12.6688	10.5	10.6264	8.91	9.76871	11.0766	10.2409	11.9836	9.7793	14.0648	4.73565	8.29277	8.02429	8.73984	8.47	9.0616	0	1.75163	6.54107	8.69354	8.37867	11.2732	4.80721	
12.7846	10.5852	15.3878	12.2516	15.7478	7.16268	8.85	12.0349	10.5023	13.7352	8.02768	12.3174	6.48728	10.0444	9.77592	9.4176	8.40268	7.30997	1.75163	0	6.9161	9.92517	6.62704	11.1051	6.55884	
5.86851	15.3747	13.2822	17.0359	6.66047	10.9113	14.4791	13.1419	11.793	18.5246	6.4	20.6893	5.2324	14.8338	11.4338	9.92172	10.363	11.2849	6.54107	6.9161	0	15.2346	11.1926	11.77	6.87255	
11.352	10.5955	15.377	14.3375	10.56	11.489	1.07517	15.4959	8.4855	10.7834	17.4975	24.4475	13.4292	5.34573	10.6947	17.4334	10.249	7.07683	8.69354	9.92517	15.2346	0	4.61025	10.7641	8.6817	
11.807	5.98522	12.1816	17.9814	10.5226	9.64431	5.68542	7.19146	3.87525	7.82576	14.6547	9.23669	9.37932	9.95598	7.9204	10.3572	5.64613	2.46658	8.37867	6.62704	11.1926	4.61025	0	15.3744	4.32	
17.0286	28.7812	14.5874	3.57337	16.2367	17.4704	11.8393	16.7807	13.0982	25.8147	12.9555	16.804	6.53759	8.85991	18.8388	7.7342	11.6682	18.4151	11.2732	11.1051	11.77	10.7641	15.3744	0	17.947	
12.7411	10.3052	7.8616	10.1981	15.7042	6.04152	7.60652	6.26936	8.19525	11.669	9.55894	11.1825	9.54287	9.74478	12.2404	6.03723	7.28152	4.41235	4.80721	6.55884	6.87255	8.6817	4.32	17.947	0	

0	12.7944	9.34742	7.54448	0.820244	13.7742	13.2143	16.8834	18.1569	17.5071	7.52498	24.7443	6.08276	10.402	2.26274	11.206	16.5589	17.926	14.1612	11.7271	12.2027	7.97886	16.871	10.1059	21.3119	
12.7944	0	14.0151	26.3016	11.9742	6.58289	9.45161	2.81397	5.08403	2.85	15.4232	14.3912	14.8887	12.1603	17.4346	13.9927	10.9211	2.95161	12.4726	16.9048	13.3101	9.36672	5.48143	22.9788	4.84665	
9.34742	14.0151	0	7.96102	19.7566	9.34862	11.9339	11.2011	10.2401	18.8823	2.79807	17.2576	3.26466	15.4054	12.7986	7.40832	6.50862	19.5055	10.3576	16.5264	15.791	11.5566	16.7359	4.32666	14.2013	
7.54448	26.3016	7.96102	0	8.36473	9.63906	14.2988	17.7722	10.4647	21.2471	5.16294	17.1998	6.60517	17.9465	9.80722	3.66153	16.5331	15.5186	9.26182	7.9933	15.9029	12.2675	14.1572	3.69986	14.1611	
0.820244	11.9742	19.7566	8.36473	0	14.5944	13.3387	14.7882	19.1638	14.8242	28.8948	31.9709	6.90301	11.2222	3.08299	19.826	16.268	14.9258	17.0756	10.9068	15.1862	11.22	18.2478	25.5148	16.8208	
13.7742	6.58289	9.34862	9.63906	14.5944	0	6.90622	8.63164	4.38269	3.73289	10.5878	10.77	11.9485	8.91777	14.6474	5.97753	2.84	5.62666	3.87	8.3022	4.70744	7.88803	3.09684	21.0557	9.01684	
13.2143	9.45161	11.9339	14.2988	13.3387	6.90622	0	9.34418	6.20592	6.60161	9.13582	18.1428	10.578	2.81233	7.83484	10.7247	7.16676	6.33921	7.8601	17.9092	7.8969	2.11873	3.80938	11.9097	9.72938	
16.8834	2.81397	11.2011	17.7722	14.7882	8.63164	9.34418	0	5.50121	5.66397	12.6093	14.0242	12.0748	17.513	14.6206	12.3043	9.2327	5.76557	13.2624	17.6946	14.0999	14.4656	5.5348	15.5278	7.66061	
18.1569	5.08403	10.2401	10.4647	19.1638	4.38269	6.20592	5.50121	0	4.9986	11.4134	16.3585	15.4643	11.3411	18.5055	6.80312	3.73149	2.13242	8.25269	12.6849	9.09013	8.54752	2.39654	19.4874	5.61138	
17.5071	2.85	18.8823	21.2471	14.8242	3.73289	6.60161	5.66397	4.9986	0	15.7374	11.5412	17.5264	9.41394	15.7429	9.71043	6.57289	2.96864	7.60289	12.0351	8.44034	8.72033	5.49846	18.5113	6.4476	
7.52498	15.4232	2.79807	5.16294	28.8948	10.5878	9.13582	12.6093	11.4134	15.7374	0	15.8443	1.44222	11.9481	15.5967	4.61025	9.30669	16.4673	8.94427	13.1562	16.8516	11.2545	12.9452	5.46535	15.1098	
24.7443	14.3912	17.2576	17.1998	31.9709	10.77	18.1428	14.0242	16.3585	11.5412	15.8443	0	14.9785	11.9478	27.2842	12.5003	12.627	14.5099	6.9	13.0688	17.8287	17.675	16.2181	18.9	20.3197	
6.08276	14.8887	3.26466	6.60517	6.90301	11.9485	10.578	12.0748	15.4643	17.5264	1.44222	14.9785	0	13.1262	8.3455	6.05247	9.77328	17.5912	8.07847	14.2472	18.9171	11.1761	15.1182	4.02313	18.036	
10.402	12.1603	15.4054	17.9465	11.2222	8.91777	2.81233	17.513	11.3411	9.41394	11.9481	11.9478	13.1262	0	10.2982	10.6481	9.63008	9.20869	5.04777	11.2165	10.7092	4.58205	6.62171	14.722	12.6877	
2.26274	17.4346	12.7986	9.80722	3.08299	14.6474	7.83484	14.6206	18.5055	15.7429	15.5967	27.2842	8.3455	10.2982	0	14.3221	10.7641	12.1312	17.0488	17.8647	9.94	5.71612	19.1627	17.1253	15.5171	
11.206	13.9927	7.40832	3.66153	19.826	5.97753	10.7247	12.3043	6.80312	9.71043	4.61025	12.5003	6.05247	10.6481	14.3221	0	8.81753	8.93554	5.60029	10.8665	10.685	8.60598	9.07437	7.36139	10.4995	
16.5589	10.9211	6.50862	16.5331	16.268	2.84	7.16676	9.2327	3.73149	6.57289	9.30669	12.627	9.77328	9.63008	10.7641	8.81753	0	5.8639	6.71	11.1422	7.54744	5.04803	5.93684	10.8353	7.69266	
17.926	2.95161	19.5055	15.5186	14.9258	5.62666	6.33921	5.76557	2.13242	2.96864	16.4673	14.5099	17.5912	9.20869	12.1312	8.93554	5.8639	0	14.2565	14.0785	13.2151	6.41511	2.52982	27.9434	3.47897	
14.1612	12.4726	10.3576	9.26182	17.0756	3.87	7.8601	13.2624	8.25269	7.60289	8.94427	6.9	8.07847	5.04777	17.0488	5.60029	6.71	14.2565	0	6.16878	8.57744	9.62982	6.96684	12.1016	15.953	
11.7271	16.9048	16.5264	7.9933	10.9068	8.3022	17.9092	17.6946	12.6849	12.0351	13.1562	13.0688	14.2472	11.2165	17.8647	10.8665	11.1422	14.0785	6.16878	0	10.3378	15.7905	11.399	11.6932	17.5574	
12.2027	13.3101	15.791	15.9029	15.1862	4.70744	7.8969	14.0999	9.09013	8.44034	16.8516	17.8287	18.9171	10.7092	9.94	10.685	7.54744	13.2151	8.57744	10.3378	0	10.0156	7.80428	16.3483	9.73612	
7.97886	9.36672	11.5566	12.2675	11.22	7.88803	2.11873	14.4656	8.54752	8.72033	11.2545	17.675	11.1761	4.58205	5.71612	8.60598	5.04803	6.41511	9.62982	15.7905	10.0156	0	5.92811	14.0284	9.801	
16.871	5.48143	16.7359	14.1572	18.2478	3.09684	3.80938	5.5348	2.39654	5.49846	12.9452	16.2181	15.1182	6.62171	19.1627	9.07437	5.93684	2.52982	6.96684	11.399	7.80428	5.92811	0	15.719	5.92	
10.1059	22.9788	4.32666	3.69986	25.5148	21.0557	11.9097	15.5278	19.4874	18.5113	5.46535	18.9	4.02313	14.722	17.1253	7.36139	10.8353	27.9434	12.1016	11.6932	16.3483	14.0284	15.719	0	25.4505	
21.3119	4.84665	14.2013	14.1611	16.8208	9.01684	9.72938	7.66061	5.61138	6.4476	15.1098	20.3197	18.036	12.6877	15.5171	10.4995	7.69266	3.47897	15.953	17.5574	9.73612	9.801	5.92	25.4505	0	

0	21.1356	11.536	9.4578	1.64049	14.1626	16.3603	20.3376	21.4736	22.7732	9.57794	32.3786	20.0164	9.72476	5.51543	13.4983	15.7105	26.4024	10.9436	9.6045	8.31809	11.4159	25.0118	8.93043	21.5148	
21.1356	0	12.1698	12.0748	22.0327	3.77579	6.13058	4.77792	2.70248	0.9	12.574	6.77445	15.0207	10.4572	12.6393	6.5	6.30748	1.34164	7.2111	10.3938	12.4846	8.91338	4.25455	16.857	8.76959	
11.536	12.1698	0	4.45048	9.89553	4.16173	8.33594	13.786	5.23504	13.0698	6.11506	14.9399	5.32184	16.1773	17.9848	11.6419	6.96173	13.5114	13.6849	8.7198	5.65725	13.7953	11.9038	4.68722	10.4449	
9.4578	12.0748	4.45048	0	7.81731	8.61221	25.2565	14.1694	16.2165	13.8667	15.2778	26.3355	9.77232	27.539	15.9066	18.9734	22.3947	10.7331	23.7847	13.6287	10.1077	10.9422	14.7176	1.83412	19.2184	
1.64049	22.0327	9.89553	7.81731	0	14.0573	18.2192	23.6816	18.1824	19.6115	7.93746	22.5002	8.73068	12.2986	7.15592	12.6623	13.4804	18.5504	13.5175	11.245	6.6776	13.9898	22.2481	7.28994	17.9674	
14.1626	3.77579	4.16173	8.61221	14.0573	0	4.17421	11.2564	1.07331	4.62071	8.34294	10.7228	9.48357	8.50087	12.9951	8.45189	2.8	6.55667	10.71	4.55807	9.81898	6.95701	7.74209	8.84895	6.18999	
16.3603	6.13058	8.33594	25.2565	18.2192	4.17421	0	12.8858	5.24752	7.03058	14.7903	12.905	22.0088	3.71619	8.53598	12.6306	6.97421	7.47222	10.7001	8.73228	11.5416	2.7828	9.36902	11.8909	5.47539	
20.3376	4.77792	13.786	14.1694	23.6816	11.2564	12.8858	0	8.91963	6.56984	21.9659	14.5129	19.1079	17.5831	16.7771	14.2384	8.8504	3.43628	11.3489	10.7331	18.2316	8.15299	7.42075	18.4732	5.46041	
21.4736	2.70248	5.23504	16.2165	18.1824	1.07331	5.24752	8.91963	0	3.54739	9.14794	9.47693	21.5506	13.0889	13.8001	9.20248	3.605	4.04412	9.91358	5.63138	11.9004	8.19411	6.95703	18.2163	6.06711	
