10
10
3
3
50

6	7
19	44
37	23
35	6
5	8
20	35
8	31
29	43
18	39
19	47

26	20
20	33
15	46
20	26
17	19
15	12
5	30
13	40
38	5
9	40

70

1.79769e+308
1.79769e+308
1.79769e+308
1.79769e+308
1.79769e+308
1.79769e+308
1.79769e+308
1.79769e+308
1.79769e+308
1.79769e+308

16
18
15
11
18
16
15
15
15
16

0
0
0
0
0
0
0
0
0
0

0

0	16.9408	24.7233	12.1872	2.26274	15.7502	18.5342	19.6868	11.2781	13.5355	11.0948	14.3442	20.5074	5.6642	13.5846	12.4946	21.3436	15.1023	13.6852	15.1719	
16.9408	0	13.2761	25.4909	14.678	7.42542	10.4219	3.81895	6.01684	5.13	13.4029	7.85504	5.45601	15.5039	15.5722	11.9321	10.739	4.90355	17.2087	3.66191	
24.7233	13.2761	0	18.1443	25.6817	10.1726	7.82164	13.1087	17.7373	14.5465	14.2522	9.07262	12.7875	17.7526	13.6543	17.4916	10.3515	18.1797	16.5855	16.9381	
12.1872	25.4909	18.1443	0	14.45	12.1356	12.1345	24.739	20.3827	23.6898	6.15803	25.6666	13.7765	10.0449	18.5639	24.8509	9.60469	25.1002	2.02386	18.0055	
2.26274	14.678	25.6817	14.45	0	18.8844	17.86	18.497	13.5408	19.808	25.4363	17.7844	20.134	7.92695	16.2743	10.2318	19.14	19.5816	28.8744	18.34	
15.7502	7.42542	10.1726	12.1356	18.8844	0	7.90569	5.13609	4.47214	3.25123	5.97753	1.1	8.94112	9.78	5.6817	9.51894	5.37587	8.2964	14.4297	7.15733	
18.5342	10.4219	7.82164	12.1345	17.86	7.90569	0	8.94911	17.9287	10.6558	7.80516	10.949	4.96588	12.87	15.5307	19.3679	2.52982	11.6067	16.2573	10.9307	
19.6868	3.81895	13.1087	24.739	18.497	5.13609	8.94911	0	9.8358	8.94895	16.7543	4.03609	9.27496	12.7161	8.61779	12.455	11.4789	8.7225	23.7796	7.48086	
11.2781	6.01684	17.7373	20.3827	13.5408	4.47214	17.9287	9.8358	0	2.25743	10.4497	5.57214	7.94732	12.9796	13.2463	10.5948	9.84801	3.82426	19.7231	3.89382	
13.5355	5.13	14.5465	23.6898	19.808	3.25123	10.6558	8.94895	2.25743	0	9.22876	4.35123	5.68989	10.7221	10.0556	12.8522	8.6271	5.90051	17.4425	3.9061	
11.0948	13.4029	14.2522	6.15803	25.4363	5.97753	7.80516	16.7543	10.4497	9.22876	0	7.07753	12.771	5.43058	12.4059	18.4484	10.335	16.3873	8.18188	18.1185	
14.3442	7.85504	9.07262	25.6666	17.7844	1.1	10.949	4.03609	5.57214	4.35123	7.07753	0	9.33202	8.68	4.5817	8.41894	6.47587	11.3744	16.701	9.38001	
20.5074	5.45601	12.7875	13.7765	20.134	8.94112	4.96588	9.27496	7.94732	5.68989	12.771	9.33202	0	14.8432	13.9137	17.3881	5.28303	6.64078	11.7527	9.11792	
5.6642	15.5039	17.7526	10.0449	7.92695	9.78	12.87	12.7161	12.9796	10.7221	5.43058	8.68	14.8432	0	7.9204	13.9629	15.3998	10.9567	8.021	14.0656	
13.5846	15.5722	13.6543	18.5639	16.2743	5.6817	15.5307	8.61779	13.2463	10.0556	12.4059	4.5817	13.9137	7.9204	0	6.04249	16.7672	17.55	15.9414	11.9103	
12.4946	11.9321	17.4916	24.8509	10.2318	9.51894	19.3679	12.455	10.5948	12.8522	18.4484	8.41894	17.3881	13.9629	6.04249	0	21.0005	14.4191	30.3179	12.5997	
21.3436	10.739	10.3515	9.60469	19.14	5.37587	2.52982	11.4789	9.84801	8.6271	10.335	6.47587	5.28303	15.3998	16.7672	21.0005	0	11.9238	11.6285	8.40086	
15.1023	4.90355	18.1797	25.1002	19.5816	8.2964	11.6067	8.7225	3.82426	5.90051	16.3873	11.3744	6.64078	10.9567	17.55	14.4191	11.9238	0	18.3934	6.12	
13.6852	17.2087	16.5855	2.02386	28.8744	14.4297	16.2573	23.7796	19.7231	17.4425	8.18188	16.701	11.7527	8.021	15.9414	30.3179	11.6285	18.3934	0	22.0866	
15.1719	3.66191	16.9381	18.0055	18.34	7.15733	10.9307	7.48086	3.89382	3.9061	18.1185	9.38001	9.11792	14.0656	11.9103	12.5997	8.40086	6.12	22.0866	0	

0	12.0449	22.6756	13.3479	2.5173	11.1056	9.27201	16.5463	14.5835	10.5149	10.5336	17.2138	10.8067	10.9571	5.37201	5.45668	12.662	18.1671	14.9923	13.8106	
12.0449	0	14.2352	8.84861	20.158	1.99218	15.4041	7.56138	4.89907	1.53	17.7077	3.81218	1.2522	5.94916	13.0318	7.64111	8.79108	7.78799	11.7882	4.82577	
22.6756	14.2352	0	17.4596	20.0502	10.8555	11.7325	12.2782	7.94864	18.3096	10.6036	11.9961	12.5943	8.28608	15.3688	13.7865	10.8097	14.5264	19.104	19.7819	
13.3479	8.84861	17.4596	0	15.8652	6.85643	26.0831	17.9347	9.76332	12.6364	19.5091	8.67643	16.0997	13.1564	15.5258	12.5054	13.6553	13.364	1.64438	11.448	
2.5173	20.158	20.0502	15.8652	0	14.3729	12.0394	16.5509	12.1016	13.0322	13.301	17.098	13.324	14.2244	7.88931	7.97398	15.1793	18.2296	20.1516	14.1896	
11.1056	1.99218	10.8555	6.85643	14.3729	0	7.17283	11.0783	2.90689	3.52218	12.5857	1.82	3.24438	5.53	12.1184	5.64893	6.7989	8.63156	8.50081	4.59156	
9.27201	15.4041	11.7325	26.0831	12.0394	7.17283	0	10.1584	10.3492	13.9811	9.06157	5.35283	11.7599	9.06283	3.9	8.09938	3.69986	12.8695	17.7814	10.6854	
16.5463	7.56138	12.2782	17.9347	16.5509	11.0783	10.1584	0	13.809	6.03138	21.8872	11.5965	9.16341	7.88651	14.0584	13.387	13.8583	13.6836	17.1825	9.32715	
14.5835	4.89907	7.94864	9.76332	12.1016	2.90689	10.3492	13.809	0	8.68685	14.3731	4.72689	4.64562	8.7064	9.21149	8.55582	9.70579	6.57774	12.7029	7.49845	
10.5149	1.53	18.3096	12.6364	13.0322	3.52218	13.9811	6.03138	8.68685	0	16.1777	7.59997	2.7822	7.47916	15.8869	11.4289	12.5789	7.33577	15.576	3.29577	
10.5336	17.7077	10.6036	19.5091	13.301	12.5857	9.06157	21.8872	14.3731	16.1777	0	14.461	20.8681	12.2442	5.16157	6.93675	21.4133	22.4142	17.8647	18.3742	
17.2138	3.81218	11.9961	8.67643	17.098	1.82	5.35283	11.5965	4.72689	7.59997	14.461	0	6.40706	3.71	9.25283	7.46893	8.6189	11.5741	11.616	6.41156	
10.8067	1.2522	12.5943	16.0997	13.324	3.24438	11.7599	9.16341	4.64562	2.7822	20.8681	6.40706	0	7.20136	13.8571	16.2634	14.6833	8.7069	17.7441	4.6669	
10.9571	5.94916	8.28608	13.1564	14.2244	5.53	9.06283	7.88651	8.7064	7.47916	12.2442	3.71	7.20136	0	7.08267	5.50045	7.4516	13.7372	14.3825	10.8916	
5.37201	13.0318	15.3688	15.5258	7.88931	12.1184	3.9	14.0584	9.21149	15.8869	5.16157	9.25283	13.8571	7.08267	0	10.8287	7.59986	15.7892	13.8814	14.5854	
5.45668	7.64111	13.7865	12.5054	7.97398	5.64893	8.09938	13.387	8.55582	11.4289	6.93675	7.46893	16.2634	5.50045	10.8287	0	11.7992	20.2729	15.4449	10.2405	
12.662	8.79108	10.8097	13.6553	15.1793	6.7989	3.69986	13.8583	9.70579	12.5789	21.4133	8.6189	14.6833	7.4516	7.59986	11.7992	0	14.0564	16.5949	10.0164	
18.1671	7.78799	14.5264	13.364	18.2296	8.63156	12.8695	13.6836	6.57774	7.33577	22.4142	11.5741	8.7069	13.7372	15.7892	20.2729	14.0564	0	15.0084	4.04	
14.9923	11.7882	19.104	1.64438	20.1516	8.50081	17.7814	17.1825	12.7029	15.576	17.8647	11.616	17.7441	14.3825	13.8814	15.4449	16.5949	15.0084	0	14.3876	
13.8106	4.82577	19.7819	11.448	14.1896	4.59156	10.6854	9.32715	7.49845	3.29577	18.3742	6.41156	4.6669	10.8916	14.5854	10.2405	10.0164	4.04	14.3876	0	

0	11.8319	19.7992	21.9077	2.06475	12.1217	10.5874	11.3199	8.544	8.4119	16.4264	12.1072	12.7746	13.6737	14.1626	4.21882	8.05761	14.4607	23.5335	13.5505	
11.8319	0	14.0167	21.5869	12.3605	12.4117	5.96029	6.32799	9.07625	3.42	13.25	7.37842	3.71187	4.86749	6.46681	14.5145	8.42886	4.90355	24.0658	9.14355	
19.7992	14.0167	0	22.7659	8.79519	10.572	14.7408	16.5863	14.2789	17.5587	18.1288	7.692	25.0831	9.14922	10.7485	6.64112	17.1762	10.1669	16.7386	23.2601	
21.9077	21.5869	22.7659	0	22.8259	8.16241	20.8094	16.0902	11.7401	19.3611	10.9233	11.0424	16.8622	10.2587	8.65941	14.1768	14.9093	13.6564	4.07934	9.41641	
2.06475	12.3605	8.79519	22.8259	0	20.7485	12.2098	14.8534	10.6088	10.4766	21.1473	14.1719	14.397	14.0584	12.8558	2.15407	9.68	16.0831	12.2516	15.1729	
12.1217	12.4117	10.572	8.16241	20.7485	0	14.9753	14.1067	3.57771	9.78565	4.20043	2.88	8.69979	8.70736	6.46427	18.5944	8.95358	5.35487	12.2418	9.54561	
10.5874	5.96029	14.7408	20.8094	12.2098	14.9753	0	16.3117	7.90569	9.38029	13.2899	12.014	7.24681	10.8278	12.15	18.6286	2.52982	8.93295	20.6434	8.02269	
11.3199	6.32799	16.5863	16.0902	14.8534	14.1067	16.3117	0	9.11593	2.90799	11.1335	19.4974	8.55664	11.3175	13.3974	17.0074	12.1667	10.9138	25.3485	6.67384	
8.544	9.07625	14.2789	11.7401	10.6088	3.57771	7.90569	9.11593	0	6.20794	7.77814	6.45771	6.70188	5.12965	6.72896	18.3605	5.37587	6.11882	14.9895	6.15766	
8.4119	3.42	17.5587	19.3611	10.4766	9.78565	9.38029	2.90799	6.20794	0	14.0415	14.0787	5.64865	8.28749	10.0088	18.3185	10.3656	8.32355	21.1975	9.58183	
16.4264	13.25	18.1288	10.9233	21.1473	4.20043	13.2899	11.1335	7.77814	14.0415	0	6.84555	12.9002	3.86316	2.26385	12.9656	15.4675	9.06441	14.2149	9.45495	
12.1072	7.37842	7.692	11.0424	14.1719	2.88	12.014	19.4974	6.45771	14.0787	6.84555	0	9.05241	5.88	4.5817	14.3331	8.878	2.47487	15.125	6.71487	
12.7746	3.71187	25.0831	16.8622	14.397	8.69979	7.24681	8.55664	6.70188	5.64865	12.9002	9.05241	0	8.57937	18.1371	19.1914	4.71699	6.57754	20.9448	10.2099	
13.6737	4.86749	9.14922	10.2587	14.0584	8.70736	10.8278	11.3175	5.12965	8.28749	3.86316	5.88	8.57937	0	1.59931	12.3011	10.5055	8.35487	20.1192	8.79042	
14.1626	6.46681	10.7485	8.65941	12.8558	6.46427	12.15	13.3974	6.72896	10.0088	2.26385	4.5817	18.1371	1.59931	0	10.7018	12.684	7.05658	12.7387	7.19111	
4.21882	14.5145	6.64112	14.1768	2.15407	18.5944	18.6286	17.0074	18.3605	18.3185	12.9656	14.3331	19.1914	12.3011	10.7018	0	11.8341	19.9604	10.0975	17.8929	
8.05761	8.42886	17.1762	14.9093	9.68	8.95358	2.52982	12.1667	5.37587	10.3656	15.4675	8.878	4.71699	10.5055	12.684	11.8341	0	6.40312	20.3654	5.49287	
14.4607	4.90355	10.1669	13.6564	16.0831	5.35487	8.93295	10.9138	6.11882	8.32355	9.06441	2.47487	6.57754	8.35487	7.05658	19.9604	6.40312	0	21.1084	4.24	
23.5335	24.0658	16.7386	4.07934	12.2516	12.2418	20.6434	25.3485	14.9895	21.1975	14.2149	15.125	20.9448	20.1192	12.7387	10.0975	20.3654	21.1084	0	13.4957	
13.5505	9.14355	23.2601	9.41641	15.1729	9.54561	8.02269	6.67384	6.15766	9.58183	9.45495	6.71487	10.2099	8.79042	7.19111	17.8929	5.49287	4.24	13.4957	0	

0	13.3339	18.5199	19.4008	1.79605	9.2089	16.3656	18.1578	16.7655	12.097	16.0662	10.6307	10.4065	16.0888	16.9354	9.98676	13.813	12.5568	17.3137	19.4009	
13.3339	0	6.0849	14.1948	11.3067	3.89382	8.68499	4.82394	6.42476	4.8	12.6979	7.49382	4.38269	12.1738	7.27316	9.9972	10.7461	6.41788	12.8257	10.415	
18.5199	6.0849	0	11.101	20.8832	9.97871	14.7699	10.9088	11.923	10.8849	6.61302	7.88923	10.4676	14.4086	9.3822	13.5498	15.5681	11.849	9.01388	18.4503	
19.4008	14.1948	11.101	0	26.4989	13.1037	17.9666	9.37083	18.7346	13.4636	20.6377	18.3848	23.6887	15.6398	7.63965	13.6271	23.0182	21.4423	2.0871	16.8536	
1.79605	11.3067	20.8832	26.4989	0	7.41285	14.3699	11.1457	14.2999	10.6641	14.2702	11.0129	10.6093	14.2928	15.1393	9.58559	15.6091	12.7597	19.1098	17.4418	
9.2089	3.89382	9.97871	13.1037	7.41285	0	6.95701	3.73289	6.88709	3.25123	12.7628	3.6	4.9417	8.28	11.0923	11.0625	9.19736	5.27953	15.0578	8.86625	
16.3656	8.68499	14.7699	17.9666	14.3699	6.95701	0	10.6899	11.8552	7.64953	15.3471	10.557	5.95906	6.37	7.65	13.9714	4.86991	8.10941	13.2025	10.3231	
18.1578	4.82394	10.9088	9.37083	11.1457	3.73289	10.6899	0	9.09133	4.09273	13.8552	7.33289	5.7832	12.0129	12.0971	14.7954	10.0389	6.12103	11.3249	7.48279	
16.7655	6.42476	11.923	18.7346	14.2999	6.88709	11.8552	9.09133	0	4.9986	11.9023	6.13482	6.68907	9.23166	4.20525	12.723	10.3912	6.73071	9.7578	9.14594	
12.097	4.8	10.8849	13.4636	10.6641	3.25123	7.64953	4.09273	4.9986	0	9.76243	5.9881	1.69047	10.5552	8.22779	8.20399	5.94613	2.0283	15.4176	5.61502	
16.0662	12.6979	6.61302	20.6377	14.2702	12.7628	15.3471	13.8552	11.9023	9.76243	0	14.5023	11.4529	11.7097	7.69708	6.93675	13.883	11.7907	13.2496	15.3774	
10.6307	7.49382	7.88923	18.3848	11.0129	3.6	10.557	7.33289	6.13482	5.9881	14.5023	0	6.11015	8.61	10.1593	10.1355	18.8603	3.9598	16.9031	8.5598	
10.4065	4.38269	10.4676	23.6887	10.6093	4.9417	5.95906	5.7832	6.68907	1.69047	11.4529	6.11015	0	8.86468	8.34984	8.32604	7.63661	2.15035	20.1536	6.75035	
16.0888	12.1738	14.4086	15.6398	14.2928	8.28	6.37	12.0129	9.23166	10.5552	11.7097	8.61	8.86468	0	5.02641	12.4875	11.2124	11.015	10.579	8.36811	
16.9354	7.27316	9.3822	7.63965	15.1393	11.0923	7.65	12.0971	4.20525	8.22779	7.69708	10.1593	8.34984	5.02641	0	8.51773	6.18595	6.19949	5.55255	10.7995	
9.98676	9.9972	13.5498	13.6271	9.58559	11.0625	13.9714	14.7954	12.723	8.20399	6.93675	10.1355	8.32604	12.4875	8.51773	0	14.7037	6.17569	11.54	10.7757	
13.813	10.7461	15.5681	23.0182	15.6091	9.19736	4.86991	10.0389	10.3912	5.94613	13.883	18.8603	7.63661	11.2124	6.18595	14.7037	0	7.97443	11.7385	11.5611	
12.5568	6.41788	11.849	21.4423	12.7597	5.27953	8.10941	6.12103	6.73071	2.0283	11.7907	3.9598	2.15035	11.015	6.19949	6.17569	7.97443	0	11.752	4.6	
17.3137	12.8257	9.01388	2.0871	19.1098	15.0578	13.2025	11.3249	9.7578	15.4176	13.2496	16.9031	20.1536	10.579	5.55255	11.54	11.7385	11.752	0	18.8076	
19.4009	10.415	18.4503	16.8536	17.4418	8.86625	10.3231	7.48279	9.14594	5.61502	15.3774	8.5598	6.75035	8.36811	10.7995	10.7757	11.5611	4.6	18.8076	0	

0	16.4713	10.2451	10.7233	1.68291	10.744	10.8374	26.5545	21.2105	21.5413	7.24587	12.6498	19.6018	9.18075	5.04643	14.6034	8.97847	13.9729	21.5561	10.8892	
16.4713	0	14.2702	11.3267	11.8245	8.80289	14.221	10.4519	7.90348	5.07	15.4157	12.7448	3.1305	4.32666	15.6438	17.752	12.0613	7.06688	13.4728	8.13681	
10.2451	14.2702	0	6.1791	8.4134	9.00093	13.5374	21.9345	17.3353	13.16	2.85044	8.48093	11.1397	18.1239	11.9058	10.0592	12.1522	11.1992	7.93221	16.146	
10.7233	11.3267	6.1791	0	8.89162	12.0809	11.6041	28.6938	18.3551	16.6709	3.32866	10.2057	11.2278	7	12.384	10.5374	14.1984	11.6775	0.885438	16.6539	
1.68291	11.8245	8.4134	8.89162	0	13.6742	12.5203	32.7009	23.5556	17.1688	5.56296	17.2278	22.8673	7.49784	6.72935	12.7717	10.6614	13.9118	25.2394	13.8194	
10.744	8.80289	9.00093	12.0809	13.6742	0	8.91421	8.66208	3.9802	3.73289	12.7628	0.52	5.75322	10.25	5.69759	12.9455	4.19129	6.70981	9.84026	9.18981	
10.8374	14.221	13.5374	11.6041	12.5203	8.91421	0	15.0549	10.3731	13.1108	15.4716	5.72677	11.0905	13.0776	7.42749	23.8535	2.05548	7.04992	10.7187	7.24431	
26.5545	10.4519	21.9345	28.6938	32.7009	8.66208	15.0549	0	4.68188	11.5243	21.495	13.4536	10.9268	14.7785	18.8229	14.2862	17.1249	8.86308	22.7739	20.2529	
21.2105	7.90348	17.3353	18.3551	23.5556	3.9802	10.3731	4.68188	0	7.7131	12.53	4.5002	6.24493	12.2301	9.67779	16.9257	9.17563	4.1812	15.1756	6.6612	
21.5413	5.07	13.16	16.6709	17.1688	3.73289	13.1108	11.5243	7.7131	0	16.4957	4.25289	2.02032	9.39666	9.43048	12.682	12.9348	10.4427	12.3627	7.02664	
7.24587	15.4157	2.85044	3.32866	5.56296	12.7628	15.4716	21.495	12.53	16.4957	0	11.3314	13.9901	10.3287	9.05539	7.20878	13.3432	8.3488	4.2141	10.8288	
12.6498	12.7448	8.48093	10.2057	17.2278	0.52	5.72677	13.4536	4.5002	4.25289	11.3314	0	9.82395	9.73	6.21759	13.4655	3.67129	7.22981	9.32026	14.4726	
19.6018	3.1305	11.1397	11.2278	22.8673	5.75322	11.0905	10.9268	6.24493	2.02032	13.9901	9.82395	0	7.45716	10.8491	14.7023	13.146	7.48632	10.3423	5.00632	
9.18075	4.32666	18.1239	7	7.49784	10.25	13.0776	14.7785	12.2301	9.39666	10.3287	9.73	7.45716	0	11.6521	20.2179	11.0222	9.70454	7.88544	12.1845	
5.04643	15.6438	11.9058	12.384	6.72935	5.69759	7.42749	18.8229	9.67779	9.43048	9.05539	6.21759	10.8491	11.6521	0	12.9586	5.37201	8.32277	16.893	5.84277	
14.6034	17.752	10.0592	10.5374	12.7717	12.9455	23.8535	14.2862	16.9257	12.682	7.20878	13.4655	14.7023	20.2179	12.9586	0	18.3306	15.5576	15.2931	18.1999	
8.97847	12.0613	12.1522	14.1984	10.6614	4.19129	2.05548	17.1249	9.17563	12.9348	13.3432	3.67129	13.146	11.0222	5.37201	18.3306	0	4.99444	12.7742	7.47444	
13.9729	7.06688	11.1992	11.6775	13.9118	6.70981	7.04992	8.86308	4.1812	10.4427	8.3488	7.22981	7.48632	9.70454	8.32277	15.5576	4.99444	0	15.0594	2.48	
21.5561	13.4728	7.93221	0.885438	25.2394	9.84026	10.7187	22.7739	15.1756	12.3627	4.2141	9.32026	10.3423	7.88544	16.893	15.2931	12.7742	15.0594	0	15.3487	
10.8892	8.13681	16.146	16.6539	13.8194	9.18981	7.24431	20.2529	6.6612	7.02664	10.8288	14.4726	5.00632	12.1845	5.84277	18.1999	7.47444	2.48	15.3487	0	

0	13.323	22.6022	27.8173	2.12132	17.8672	24.6193	12.5594	18.455	17.0657	12.0808	17.1272	14.0087	19.9287	13.8361	4.73599	20.1613	15.6451	28.2149	20.5444	
13.323	0	11.8581	20.8547	11.2017	7.78763	9.19587	3.11546	6.93467	4.02	15.1768	8.52763	3.26466	14.0059	15.81	10.9388	10.0975	6.23269	24.291	13.2708	
22.6022	11.8581	0	4.79283	20.8513	9.41816	11.4316	17.6482	18.7986	13.0052	5.58686	8.67816	8.59347	12.4599	15.5478	12.9317	15.5501	11.7644	5.868	13.7244	
27.8173	20.8547	4.79283	0	25.6441	25.3934	16.2245	18.3668	18.4315	24.5928	10.3797	13.471	13.3863	28.343	10.1612	25.2081	10.7572	16.5201	1.07517	28.2052	
2.12132	11.2017	20.8513	25.6441	0	18.9433	20.3975	14.3171	18.1363	15.2217	16.6073	19.2485	14.4663	17.8074	18.3626	6.85731	18.04	13.5238	30.3363	15.4838	
17.8672	7.78763	9.41816	25.3934	18.9433	0	11.689	10.9031	2.45967	7.33676	9.04708	0.74	11.0523	6.27	9.76023	16.3919	11.1823	5.41946	19.816	7.37946	
24.6193	9.19587	11.4316	16.2245	20.3975	11.689	0	12.3113	9.34856	11.0669	9.70371	10.34	12.4605	4.81	9.69297	17.0485	5.62885	6.03492	21.4214	4.07492	
12.5594	3.11546	17.6482	18.3668	14.3171	10.9031	12.3113	0	10.0501	7.13546	12.0613	19.4045	6.38012	18.9344	16.9235	7.82338	13.2129	14.9032	19.442	12.9432	
18.455	6.93467	18.7986	18.4315	18.1363	2.45967	9.34856	10.0501	0	5.48234	11.5068	3.19967	9.89406	9.65967	12.6813	17.8121	14.5331	7.69503	17.3563	7.0632	
17.0657	4.02	13.0052	24.5928	15.2217	7.33676	11.0669	7.13546	5.48234	0	19.27	6.59676	4.41172	12.1268	9.48106	12.3297	7.9755	2.21269	20.876	4.17269	
12.0808	15.1768	5.58686	10.3797	16.6073	9.04708	9.70371	12.0613	11.5068	19.27	0	9.78708	14.1803	6.87308	9.96092	7.34479	15.3326	14.4665	11.7177	13.7786	
17.1272	8.52763	8.67816	13.471	19.2485	0.74	10.34	19.4045	3.19967	6.59676	9.78708	0	11.0085	5.53	9.02023	18.1204	16.5778	6.15946	18.1062	7.43189	
14.0087	3.26466	8.59347	13.3863	14.4663	11.0523	12.4605	6.38012	9.89406	4.41172	14.1803	11.0085	0	18.9663	14.6199	16.7415	13.2258	6.62441	23.7059	9.42298	
19.9287	14.0059	12.4599	28.343	17.8074	6.27	4.81	18.9344	9.65967	12.1268	6.87308	5.53	18.9663	0	7.99656	14.2179	10.4389	12.6195	17.0826	8.88492	
13.8361	15.81	15.5478	10.1612	18.3626	9.76023	9.69297	16.9235	12.6813	9.48106	9.96092	9.02023	14.6199	7.99656	0	9.10014	8.13941	7.26837	9.08599	5.61805	
4.73599	10.9388	12.9317	25.2081	6.85731	16.3919	17.0485	7.82338	17.8121	12.3297	7.34479	18.1204	16.7415	14.2179	9.10014	0	17.2395	14.5424	18.1861	14.7182	
20.1613	10.0975	15.5501	10.7572	18.04	11.1823	5.62885	13.2129	14.5331	7.9755	15.3326	16.5778	13.2258	10.4389	8.13941	17.2395	0	5.76281	11.8324	7.72281	
15.6451	6.23269	11.7644	16.5201	13.5238	5.41946	6.03492	14.9032	7.69503	2.21269	14.4665	6.15946	6.62441	12.6195	7.26837	14.5424	5.76281	0	16.3544	1.96	
28.2149	24.291	5.868	1.07517	30.3363	19.816	21.4214	19.442	17.3563	20.876	11.7177	18.1062	23.7059	17.0826	9.08599	18.1861	11.8324	16.3544	0	14.704	
20.5444	13.2708	13.7244	28.2052	15.4838	7.37946	4.07492	12.9432	7.0632	4.17269	13.7786	7.43189	9.42298	8.88492	5.61805	14.7182	7.72281	1.96	14.704	0	

0	14.2995	10.1505	19.3977	1.31522	10.2724	14.3043	18.7401	23.5623	16.6444	9.22802	11.5442	10.0062	5.6642	12.5946	11.9778	16.9352	12.3948	21.3606	9.2251	
14.2995	0	11.34	12.1211	20.1753	2.53322	9.42466	8.0399	1.32575	3.34131	15.973	6.38539	4.29325	11.9463	5.01597	9.67471	11.0874	6.34577	21.075	7.68736	
10.1505	11.34	0	11.6397	8.8353	17.0751	13.2366	19.3799	12.6658	16.05	10.4689	12.7851	15.6333	6.90507	13.8354	19.4979	12.4475	13.6356	9.73499	10.466	
19.3977	12.1211	11.6397	0	20.475	12.8956	12.2152	18.1254	18.0321	16.0297	9.33147	12.9725	9.39149	14.0355	7.10515	13.9485	8.45212	13.5746	3.95285	12.7856	
1.31522	20.1753	8.8353	20.475	0	8.9572	12.9891	25.9358	10.1647	20.5171	12.3499	11.2772	11.3215	6.97942	17.4183	10.6626	15.62	20.4843	18.5703	18.9657	
10.2724	2.53322	17.0751	12.8956	8.9572	0	4.75311	11.0649	1.20748	3.22304	3.39265	2.32	3.50408	6.95647	11.8835	18.0505	7.11512	6.97276	8.77128	6.8982	
14.3043	9.42466	13.2366	12.2152	12.9891	4.75311	0	11.178	7.49275	7.57243	10.5475	2.43311	5.13141	8.31311	14.893	19.5518	3.76311	7.08587	15.9261	5.97655	
18.7401	8.0399	19.3799	18.1254	25.9358	11.0649	11.178	0	9.36565	12.7499	20.3713	8.74486	8.73387	14.6249	13.0559	17.7146	15.7037	10.5812	33.2124	12.128	
23.5623	1.32575	12.6658	18.0321	10.1647	1.20748	7.49275	9.36565	0	2.01556	4.60013	3.52748	4.71156	10.9396	6.34172	11.0005	8.3226	7.67152	34.6847	7.42542	
16.6444	3.34131	16.05	16.0297	20.5171	3.22304	7.57243	12.7499	2.01556	0	14.9526	7.07521	6.6382	10.2745	9.72597	14.3847	11.3355	10.9713	28.2158	6.71361	
9.22802	15.973	10.4689	9.33147	12.3499	3.39265	10.5475	20.3713	4.60013	14.9526	0	5.71265	6.89674	3.56382	10.4942	17.0018	10.5078	10.2944	5.37862	7.12472	
11.5442	6.38539	12.7851	12.9725	11.2772	2.32	2.43311	8.74486	3.52748	7.07521	5.71265	0	5.82408	5.88	12.8104	21.1619	6.19622	4.65276	16.9253	8.40966	
10.0062	4.29325	15.6333	9.39149	11.3215	3.50408	5.13141	8.73387	4.71156	6.6382	6.89674	5.82408	0	6.95501	9.30922	13.968	8.89452	5.94508	13.3443	3.39411	
5.6642	11.9463	6.90507	14.0355	6.97942	6.95647	8.31311	14.6249	10.9396	10.2745	3.56382	5.88	6.95501	0	6.93035	13.7737	11.8531	6.73056	8.94244	3.5609	
12.5946	5.01597	13.8354	7.10515	17.4183	11.8835	14.893	13.0559	6.34172	9.72597	10.4942	12.8104	9.30922	6.93035	0	6.8433	15.1393	11.1163	11.058	10.4913	
11.9778	9.67471	19.4979	13.9485	10.6626	18.0505	19.5518	17.7146	11.0005	14.3847	17.0018	21.1619	13.968	13.7737	6.8433	0	20.7621	16.0205	21.0749	18.3541	
16.9352	11.0874	12.4475	8.45212	15.62	7.11512	3.76311	15.7037	8.3226	11.3355	10.5078	6.19622	8.89452	11.8531	15.1393	20.7621	0	5.1225	12.405	9.26248	
12.3948	6.34577	13.6356	13.5746	20.4843	6.97276	7.08587	10.5812	7.67152	10.9713	10.2944	4.65276	5.94508	6.73056	11.1163	16.0205	5.1225	0	27.5274	6.8	
21.3606	21.075	9.73499	3.95285	18.5703	8.77128	15.9261	33.2124	34.6847	28.2158	5.37862	16.9253	13.3443	8.94244	11.058	21.0749	12.405	27.5274	0	16.4031	
9.2251	7.68736	10.466	12.7856	18.9657	6.8982	5.97655	12.128	7.42542	6.71361	7.12472	8.40966	3.39411	3.5609	10.4913	18.3541	9.26248	6.8	16.4031	0	

0	13.4742	18.7155	16.5398	2.43245	8.76539	15.6742	13.7431	13.1481	11.7767	12.8767	8.4642	18.6622	5.6642	10.9952	13.7961	14.1413	14.701	16.3496	14.6861	
13.4742	0	20.67	23.2188	15.7441	4.7088	4.28415	6.13042	6.02051	2.07	13.1093	4.03788	1.2522	14.0536	13.3366	13.1328	10.0847	2.01911	22.3432	3.01911	
18.7155	20.67	0	18.4866	19.0279	13.8635	11.6013	24.5691	10.3526	18.6	13.4541	13.8062	16.5918	14.9172	9.58616	4.91935	10.1546	21.4288	17.4102	17.3707	
16.5398	23.2188	18.4866	0	18.2495	16.5173	16.4541	19.4913	23	23.3344	7.15663	11.3225	19.0137	14.3691	12.1564	18.3749	11.1414	21.3993	4.33232	18.3576	
2.43245	15.7441	19.0279	18.2495	0	11.1978	17.3961	23.8825	17.6246	13.6741	17.9538	13.1196	15.9053	8.09665	9.44172	16.2286	14.3	16.9931	13.9172	20.4611	
8.76539	4.7088	13.8635	16.5173	11.1978	0	8.20064	5.90038	4.38269	6.7788	11.497	2.62	5.40568	5.42	7.48806	8.94414	5.37587	5.9356	9.61019	5.92069	
15.6742	4.28415	11.6013	16.4541	17.3961	8.20064	0	6.82311	8.06794	5.58407	17.2225	9.88765	12.3843	10.01	10.05	6.68199	5.31263	2.26504	17.874	3.26504	
13.7431	6.13042	24.5691	19.4913	23.8825	5.90038	6.82311	0	10.2831	7.87711	15.2914	8.52038	7.38262	8.07886	13.4099	14.8445	11.2763	4.55807	17.7531	5.55807	
13.1481	6.02051	10.3526	23	17.6246	4.38269	8.06794	10.2831	0	3.95051	16.9457	7.00269	5.9403	9.73318	10.8135	5.43323	9.75857	7.26954	18.3744	8.95447	
11.7767	2.07	18.6	23.3344	13.6741	6.7788	5.58407	7.87711	3.95051	0	16.1777	9.67126	3.3222	11.9836	14.764	9.38374	13.4437	3.31904	26.6318	4.31904	
12.8767	13.1093	13.4541	7.15663	17.9538	11.497	17.2225	15.2914	16.9457	16.1777	0	8.87705	11.6627	7.21249	8.51206	14.2815	18.2981	16.4868	11.4889	15.4868	
8.4642	4.03788	13.8062	11.3225	13.1196	2.62	9.88765	8.52038	7.00269	9.67126	8.87705	0	2.78568	2.8	4.86806	11.5641	7.99587	7.62261	6.99019	8.54069	
18.6622	1.2522	16.5918	19.0137	15.9053	5.40568	12.3843	7.38262	5.9403	3.3222	11.6627	2.78568	0	5.58568	7.65374	11.3735	13.3296	3.27131	9.77587	9.50352	
5.6642	14.0536	14.9172	14.3691	8.09665	5.42	10.01	8.07886	9.73318	11.9836	7.21249	2.8	5.58568	0	5.33104	15.1664	15.3226	10.4226	9.79019	15.3169	
10.9952	13.3366	9.58616	12.1564	9.44172	7.48806	10.05	13.4099	10.8135	14.764	8.51206	4.86806	7.65374	5.33104	0	12.0122	14.0036	12.315	7.82405	14.5485	
13.7961	13.1328	4.91935	18.3749	16.2286	8.94414	6.68199	14.8445	5.43323	9.38374	14.2815	11.5641	11.3735	15.1664	12.0122	0	11.9946	8.94703	19.8362	12.4774	
14.1413	10.0847	10.1546	11.1414	14.3	5.37587	5.31263	11.2763	9.75857	13.4437	18.2981	7.99587	13.3296	15.3226	14.0036	11.9946	0	7.57767	15.4738	7.21612	
14.701	2.01911	21.4288	21.3993	16.9931	5.9356	2.26504	4.55807	7.26954	3.31904	16.4868	7.62261	3.27131	10.4226	12.315	8.94703	7.57767	0	14.6128	1	
16.3496	22.3432	17.4102	4.33232	13.9172	9.61019	17.874	17.7531	18.3744	26.6318	11.4889	6.99019	9.77587	9.79019	7.82405	19.8362	15.4738	14.6128	0	19.5071	
14.6861	3.01911	17.3707	18.3576	20.4611	5.92069	3.26504	5.55807	8.95447	4.31904	15.4868	8.54069	9.50352	15.3169	14.5485	12.4774	7.21612	1	19.5071	0	

0	9.00693	21.2457	21.6175	0.509117	8.69182	6.16272	11.5344	10.9299	11.8447	12.5189	6.79182	21.627	14.8418	14.7649	4.81725	4.83456	14.6124	20.8406	13.8326	
9.00693	0	18.78	17.7294	8.49781	5.17206	12.8944	12.8465	8.66833	1.68	12.7459	6.73284	3.71187	10.51	12.5399	9.02973	16.9952	6.05196	18.8045	13.2475	
21.2457	18.78	0	7.36041	16.3605	16.4434	11.1308	28.8645	15.3569	17.1	15.0388	18.9631	21.0582	10.1062	6.52674	12.0524	12.4589	20.6028	8.43559	15.4774	
21.6175	17.7294	7.36041	0	26.2272	10.5213	18.4912	14.3526	16.2747	19.4094	7.82236	13.5495	16.8563	21.0594	13.8872	18.4315	25.8396	21.419	1.07517	21.8664	
0.509117	8.49781	16.3605	26.2272	0	11.3599	10.6241	12.0435	10.4208	10.1778	14.9173	7.30094	12.2097	8.76795	13.6267	4.30813	5.34368	18.0183	21.3497	12.0398	
8.69182	5.17206	16.4434	10.5213	11.3599	0	5.16521	9.27739	0.939149	3.49206	7.62713	1.9	5.67903	7.02	9.96263	11.3983	6.64078	6.02163	9.44614	6.01016	
6.16272	12.8944	11.1308	18.4912	10.6241	5.16521	0	12.7277	4.22606	8.80469	12.6784	7.21263	9.63326	8.22941	4.65	7.49193	1.32816	9.47198	14.7588	4.34658	
11.5344	12.8465	28.8645	14.3526	12.0435	9.27739	12.7277	0	10.8533	13.6783	16.221	10.4938	5.59585	7.63846	19.5027	19.9921	16.369	3.25576	13.2774	8.65576	
10.9299	8.66833	15.3569	16.2747	10.4208	0.939149	4.22606	10.8533	0	4.43121	8.45237	2.83915	5.4072	7.95915	8.87606	11.718	5.55422	6.96078	10.3853	5.07102	
11.8447	1.68	17.1	19.4094	10.1778	3.49206	8.80469	13.6783	4.43121	0	10.78	5.05284	3.95818	8.82999	12.4094	10.7097	12.8208	6.29827	12.9382	12.0936	
12.5189	12.7459	15.0388	7.82236	14.9173	7.62713	12.6784	16.221	8.45237	10.78	0	5.72713	9.03398	12.0915	8.51206	10.6091	16.741	11.3741	8.89753	12.7679	
6.79182	6.73284	18.9631	13.5495	7.30094	1.9	7.21263	10.4938	2.83915	5.05284	5.72713	0	7.57903	8.05	11.6294	9.49829	11.0139	7.8206	11.3461	7.04074	
21.627	3.71187	21.0582	16.8563	12.2097	5.67903	9.63326	5.59585	5.4072	3.95818	9.03398	7.57903	0	6.72278	16.2518	11.9	15.0078	2.34009	15.1252	7.74009	
14.8418	10.51	10.1062	21.0594	8.76795	7.02	8.22941	7.63846	7.95915	8.82999	12.0915	8.05	6.72278	0	3.57941	4.45982	13.5482	4.38269	16.4661	9.78269	
14.7649	12.5399	6.52674	13.8872	13.6267	9.96263	4.65	19.5027	8.87606	12.4094	8.51206	11.6294	16.2518	3.57941	0	8.03923	5.97816	7.96211	17.4148	8.99658	
4.81725	9.02973	12.0524	18.4315	4.30813	11.3983	7.49193	19.9921	11.718	10.7097	10.6091	9.49829	11.9	4.45982	8.03923	0	8.82009	8.84251	18.7525	7.73162	
4.83456	16.9952	12.4589	25.8396	5.34368	6.64078	1.32816	16.369	5.55422	12.8208	16.741	11.0139	15.0078	13.5482	5.97816	8.82009	0	10.8001	18.7749	5.67474	
14.6124	6.05196	20.6028	21.419	18.0183	6.02163	9.47198	3.25576	6.96078	6.29827	11.3741	7.8206	2.34009	4.38269	7.96211	8.84251	10.8001	0	15.4678	5.4	
20.8406	18.8045	8.43559	1.07517	21.3497	9.44614	14.7588	13.2774	10.3853	12.9382	8.89753	11.3461	15.1252	16.4661	17.4148	18.7525	18.7749	15.4678	0	24.4291	
13.8326	13.2475	15.4774	21.8664	12.0398	6.01016	4.34658	8.65576	5.07102	12.0936	12.7679	7.04074	7.74009	9.78269	8.99658	7.73162	5.67474	5.4	24.4291	0	

0	10.5458	16.1869	17.2123	1.69706	12.835	10.1149	19.005	18.7382	8.4119	17.1647	13.8858	10.6796	10.6007	16.5147	6.65141	13.5302	10.9934	18.9168	8.28402	
10.5458	0	15.1804	12.4193	25.9162	8.29976	11.136	7.42956	2.39654	4.41	13.2863	7.17948	4.02492	11.4465	10.8995	20.5171	10.5448	5.76888	19.7529	2.26177	
16.1869	15.1804	0	14.9925	14.4899	12.5083	17.2362	15.5974	16.1932	11.993	10.8317	15.7785	11.7762	16.432	14.5421	19.4442	19.1438	9.41148	18.5686	14.7315	
17.2123	12.4193	14.9925	0	13.7242	15.926	9.19918	15.0558	10.0228	23.2449	4.16083	16.6636	16.1916	9.76111	8.43737	8.76986	12.6144	13.568	4.64855	15.1853	
1.69706	25.9162	14.4899	13.7242	0	13.4277	11.812	29.2362	20.4939	10.109	14.504	15.9037	16.3253	8.90368	13.8539	4.95435	18.7505	14.5161	20.6139	9.98108	
12.835	8.29976	12.5083	15.926	13.4277	0	10.9215	9.28279	5.90322	5.67831	13.3539	2.76	10.9393	9.76	8.22745	8.47339	6.12535	3.09684	13.2946	8.41684	
10.1149	11.136	17.2362	9.19918	11.812	10.9215	0	13.0609	10.7572	10.4062	13.36	6.78061	11.9181	12.0003	7.05	17.2114	3.41526	7.82468	13.8477	8.87428	
19.005	7.42956	15.5974	15.0558	29.2362	9.28279	13.0609	0	5.03302	8.76742	15.9593	11.6738	11.2018	18.5514	11.3166	21.6252	12.5556	6.18595	14.8395	9.79918	
18.7382	2.39654	16.1932	10.0228	20.4939	5.90322	10.7572	5.03302	0	6.80654	10.9262	6.64078	6.16878	13.5904	10.0125	14.3766	10.0061	6.7817	14.6713	4.65831	
8.4119	4.41	11.993	23.2449	10.109	5.67831	10.4062	8.76742	6.80654	0	12.8386	5.47391	2.26771	9.6893	7.71209	16.8543	8.83926	2.58147	19.1214	6.67177	
17.1647	13.2863	10.8317	4.16083	14.504	13.3539	13.36	15.9593	10.9262	12.8386	0	12.6003	13.0219	5.60029	10.0515	12.9307	20.8863	10.2571	8.80938	11.0245	
13.8858	7.17948	15.7785	16.6636	15.9037	2.76	6.78061	11.6738	6.64078	5.47391	12.6003	0	7.74162	7	11.3111	11.2334	3.36535	5.85684	13.6475	9.44125	
10.6796	4.02492	11.7762	16.1916	16.3253	10.9393	11.9181	11.2018	6.16878	2.26771	13.0219	7.74162	0	7.42159	12.3718	19.1658	15.3334	4.84918	23.5251	6.19426	
10.6007	11.4465	16.432	9.76111	8.90368	9.76	12.0003	18.5514	13.5904	9.6893	5.60029	7	7.42159	0	4.95025	11.7442	10.3654	10.0809	18.2547	13.6158	
16.5147	10.8995	14.5421	8.43737	13.8539	8.22745	7.05	11.3166	10.0125	7.71209	10.0515	11.3111	12.3718	4.95025	0	11.4298	10.4653	5.13061	13.0859	10.4506	
6.65141	20.5171	19.4442	8.76986	4.95435	8.47339	17.2114	21.6252	14.3766	16.8543	12.9307	11.2334	19.1658	11.7442	11.4298	0	13.7961	11.5702	13.4184	16.7264	
13.5302	10.5448	19.1438	12.6144	18.7505	6.12535	3.41526	12.5556	10.0061	8.83926	20.8863	3.36535	15.3334	10.3654	10.4653	13.7961	0	10.592	17.0129	12.2895	
10.9934	5.76888	9.41148	13.568	14.5161	3.09684	7.82468	6.18595	6.7817	2.58147	10.2571	5.85684	4.84918	10.0809	5.13061	11.5702	10.592	0	16.3914	5.32	
18.9168	19.7529	18.5686	4.64855	20.6139	13.2946	13.8477	14.8395	14.6713	19.1214	8.80938	13.6475	23.5251	18.2547	13.0859	13.4184	17.0129	16.3914	0	21.7693	
8.28402	2.26177	14.7315	15.1853	9.98108	8.41684	8.87428	9.79918	4.65831	6.67177	11.0245	9.44125	6.19426	13.6158	10.4506	16.7264	12.2895	5.32	21.7693	0	

0	11.7673	23.9532	15.5381	2.00818	12.2493	10.1149	17.1492	10.5946	21.3602	17.8305	17.2394	21.3328	16.0486	14.8137	15.1771	11.4747	13.552	15.594	13.0395	
11.7673	0	7.19124	16.7769	23.9699	2.82746	11.0336	4.0411	1.17277	0.81	7.73107	7.08998	6.03738	5.94916	6.17902	8.23597	13.7112	4.13021	17.6473	3.61773	
23.9532	7.19124	0	9.58566	23.1156	13.5293	13.8383	4.73895	8.36402	7.97004	6.04293	9.04967	13.2286	7.82484	15.501	17.0601	15.1981	10.2938	10.4561	15.5338	
15.5381	16.7769	9.58566	0	13.53	17.0367	9.04353	8.24633	12.7324	11.4774	3.66153	6.66827	18.6241	5.44344	13.5448	12.8316	7.68375	19.8795	4.45881	11.238	
2.00818	23.9699	23.1156	13.53	0	17.3476	12.1231	21.7763	12.6027	27.7822	17.1915	18.659	23.1833	18.0568	16.8219	17.4479	21.2137	21.1339	13.5858	28.0467	
12.2493	2.82746	13.5293	17.0367	17.3476	0	11.5155	8.20932	1.65469	6.0208	4.90674	1.9	8.69979	3.51	6.66094	8.71789	10.4664	4.37487	19.3423	4.09964	
10.1149	11.0336	13.8383	9.04353	12.1231	11.5155	0	9.43284	9.86081	12.6639	15.4156	9.92613	17.7731	8.03533	8.1	5.06211	1.35978	12.8182	17.186	4.91399	
17.1492	4.0411	4.73895	8.24633	21.7763	8.20932	9.43284	0	6.55463	3.2311	9.28371	9.1118	9.82807	7.5018	11.5609	10.475	10.7926	9.51206	12.7051	8.99959	
10.5946	1.17277	8.36402	12.7324	12.6027	1.65469	9.86081	6.55463	0	1.98277	9.07083	3.55469	7.21016	7.12193	5.00625	7.0632	5.99916	2.95743	13.8732	2.44495	
21.3602	0.81	7.97004	11.4774	27.7822	6.0208	12.6639	3.2311	1.98277	0	12.1299	7.9208	6.59697	6.75916	10.9478	19.3985	17.6895	5.42511	17.354	11.1495	
17.8305	7.73107	6.04293	3.66153	17.1915	4.90674	15.4156	9.28371	9.07083	12.1299	0	3.00674	14.9625	1.78191	7.03679	4.75512	9.544	5.48162	4.80234	11.5158	
17.2394	7.08998	9.04967	6.66827	18.659	1.9	9.92613	9.1118	3.55469	7.9208	3.00674	0	8.16697	1.61	6.86488	4.58321	8.56635	2.47487	7.80909	7.71487	
21.3328	6.03738	13.2286	18.6241	23.1833	8.69979	17.7731	9.82807	7.21016	6.59697	14.9625	8.16697	0	11.9865	15.7445	17.8014	11.2758	5.6921	19.7649	7.72161	
16.0486	5.94916	7.82484	5.44344	18.0568	3.51	8.03533	7.5018	7.12193	6.75916	1.78191	1.61	11.9865	0	5.25488	2.97321	7.76209	4.08487	6.58425	10.9977	
14.8137	6.17902	15.501	13.5448	16.8219	6.66094	8.1	11.5609	5.00625	10.9478	7.03679	6.86488	15.7445	5.25488	0	8.2281	9.45978	7.96368	9.08599	7.4512	
15.1771	8.23597	17.0601	12.8316	17.4479	8.71789	5.06211	10.475	7.0632	19.3985	4.75512	4.58321	17.8014	2.97321	8.2281	0	5.14782	10.0206	15.8195	8.70202	
11.4747	13.7112	15.1981	7.68375	21.2137	10.4664	1.35978	10.7926	5.99916	17.6895	9.544	8.56635	11.2758	7.76209	9.45978	5.14782	0	8.79421	12.1426	3.55421	
13.552	4.13021	10.2938	19.8795	21.1339	4.37487	12.8182	9.51206	2.95743	5.42511	5.48162	2.47487	5.6921	4.08487	7.96368	10.0206	8.79421	0	20.7499	5.24	
15.594	17.6473	10.4561	4.45881	13.5858	19.3423	17.186	12.7051	13.8732	17.354	4.80234	7.80909	19.7649	6.58425	9.08599	15.8195	12.1426	20.7499	0	17.6643	
13.0395	3.61773	15.5338	11.238	28.0467	4.09964	4.91399	8.99959	2.44495	11.1495	11.5158	7.71487	7.72161	10.9977	7.4512	8.70202	3.55421	5.24	17.6643	0	

0	21.1266	12.1719	20.6022	0.86267	20.9997	21.8769	23.0688	24.3731	9.97874	17.332	22.0374	25.532	18.8381	12.412	10.2329	18.8778	18.8912	21.4561	23.704	
21.1266	0	15.81	26.0282	14.4261	5.33228	5.22117	9.74838	2.80446	5.31	11.6965	5.20779	5.18768	5.56658	8.52716	10.1288	4.75176	2.23544	27.4369	7.47544	
12.1719	15.81	0	17.5758	11.3092	11.172	12.2292	22.7782	10.0953	10.5	2.73642	7.692	17.2207	11.1368	5.90581	6.64112	21.0687	13.7091	22.1741	19.2887	
20.6022	26.0282	17.5758	0	21.4649	13.3638	18.3984	28.9642	12.2871	14.2349	16.3105	9.8838	24.2251	18	16.2181	14.6164	22.3196	16.8097	0.853815	16.1295	
0.86267	14.4261	11.3092	21.4649	0	16.1002	21.1274	21.3942	14.2759	9.11607	14.0456	13.4671	15.8367	17.3979	10.9718	9.37019	19.7405	18.1417	29.1598	17.9048	
20.9997	5.33228	11.172	13.3638	16.1002	0	6.08257	14.9804	3.08577	6.98412	10.0065	3.48	9.71395	5.49	6.8371	8.43873	8.85438	3.09684	14.5667	2.41661	
21.8769	5.22117	12.2292	18.3984	21.1274	6.08257	0	14.8693	9.61446	13.2194	9.49276	12.7862	9.62652	7.2119	9.75	11.3516	3.92122	2.98573	19.2522	4.79935	
23.0688	9.74838	22.7782	28.9642	21.3942	14.9804	14.8693	0	12.5528	12.2782	19.3646	16.6292	14.3178	10.9642	17.2853	18.9918	14.5001	11.8835	28.8979	17.1235	
24.3731	2.80446	10.0953	12.2871	14.2759	3.08577	9.61446	12.5528	0	5.15984	11.1625	2.40333	7.99214	2.76212	9.08321	10.7898	7.55622	5.0399	27.1017	5.50238	
9.97874	5.31	10.5	14.2349	9.11607	6.98412	13.2194	12.2782	5.15984	0	13.2364	4.35106	6.72066	7.92196	12.2259	17.1411	10.0618	7.54544	22.1269	8.78872	
17.332	11.6965	2.73642	16.3105	14.0456	10.0065	9.49276	19.3646	11.1625	13.2364	0	10.4284	17.6135	8.40043	3.16938	4.77101	11.4716	10.9727	17.1643	14.2921	
22.0374	5.20779	7.692	9.8838	13.4671	3.48	12.7862	16.6292	2.40333	4.35106	10.4284	0	11.0717	5.16545	7.8748	9.47643	12.3344	6.57684	10.7376	5.89661	
25.532	5.18768	17.2207	24.2251	15.8367	9.71395	9.62652	14.3178	7.99214	6.72066	17.6135	11.0717	0	10.867	13.7148	16.4658	9.93944	6.64078	28.8476	7.29734	
18.8381	5.56658	11.1368	18	17.3979	5.49	7.2119	10.9642	2.76212	7.92196	8.40043	5.16545	10.867	0	6.32109	7.92272	10.246	4.22617	18.8538	7.90661	
12.412	8.52716	5.90581	16.2181	10.9718	6.8371	9.75	17.2853	9.08321	12.2259	3.16938	7.8748	13.7148	6.32109	0	1.60162	8.3022	8.97857	28.9099	9.25371	
10.2329	10.1288	6.64112	14.6164	9.37019	8.43873	11.3516	18.9918	10.7898	17.1411	4.77101	9.47643	16.4658	7.92272	1.60162	0	9.90382	9.82497	15.4702	13.0084	
18.8778	4.75176	21.0687	22.3196	19.7405	8.85438	3.92122	14.5001	7.55622	10.0618	11.4716	12.3344	9.93944	10.246	8.3022	9.90382	0	6.90696	30.5195	8.72058	
18.8912	2.23544	13.7091	16.8097	18.1417	3.09684	2.98573	11.8835	5.0399	7.54544	10.9727	6.57684	6.64078	4.22617	8.97857	9.82497	6.90696	0	28.5658	5.24	
21.4561	27.4369	22.1741	0.853815	29.1598	14.5667	19.2522	28.8979	27.1017	22.1269	17.1643	10.7376	28.8476	18.8538	28.9099	15.4702	30.5195	28.5658	0	28.6356	
23.704	7.47544	19.2887	16.1295	17.9048	2.41661	4.79935	17.1235	5.50238	8.78872	14.2921	5.89661	7.29734	7.90661	9.25371	13.0084	8.72058	5.24	28.6356	0	

0	16.1727	8.8073	13.0061	0.678823	6.57404	12.2664	20.5082	14.4897	18.9213	6.48365	10.134	12.2531	12.4747	10.4184	12.5607	15.7446	14.6381	18.0354	9.2781	
16.1727	0	11.8976	13.0139	17.3752	9.30146	7.09855	4.40407	4.43615	2.25	22.7495	6.74141	3.62243	8.8336	10.8899	14.1896	14.0573	5.50694	12.3254	9.73183	
8.8073	11.8976	0	17.6667	8.12847	13.9542	11.7513	14.4319	15.9671	15.2432	13.9333	21.595	8.27519	10.185	12.2412	21.3345	23.5285	18.521	18.0278	14.3846	
13.0061	13.0139	17.6667	0	12.3273	15.0705	12.8676	14.5977	10.5455	16.3595	8.32166	19.66	9.39149	8.25	10.3063	19.3996	13.0064	19.6373	2.65631	15.5009	
0.678823	17.3752	8.12847	12.3273	0	7.25286	17.2289	19.9095	21.4447	20.7209	5.80483	19.6212	13.7528	14.8393	11.0973	13.2395	15.4	19.2419	13.1044	9.95693	
6.57404	9.30146	13.9542	15.0705	7.25286	0	6.2507	7.86516	7.91568	8.05141	14.4232	3.56	5.67903	10.684	8.62777	14.1223	9.17061	5.83688	15.0439	3.26242	
12.2664	7.09855	11.7513	12.8676	17.2289	6.2507	0	7.59068	10.1309	5.43662	15.5672	9.92803	3.47612	8.84	10.8963	19.9896	5.56561	8.34828	15.9157	2.98828	
20.5082	4.40407	14.4319	14.5977	19.9095	7.86516	7.59068	0	6.99142	2.15407	15.5405	4.30516	6.15666	6.34768	8.40394	17.4972	16.2486	6.58204	22.8401	11.7972	
14.4897	4.43615	15.9671	10.5455	21.4447	7.91568	10.1309	6.99142	0	4.83735	15.1888	3.34768	7.69193	13.2697	9.19427	18.6257	4.91267	1.07079	7.88923	6.43079	
18.9213	2.25	15.2432	16.3595	20.7209	8.05141	5.43662	2.15407	4.83735	0	17.6946	4.49141	5.87243	8.50174	13.8296	16.4396	11.0022	5.90815	12.7266	8.42489	
6.48365	22.7495	13.9333	8.32166	5.80483	14.4232	15.5672	15.5405	15.1888	17.6946	0	15.1769	17.7131	7.85171	5.79545	17.298	10.0015	13.8434	7.29956	17.0617	
10.134	6.74141	21.595	19.66	19.6212	3.56	9.92803	4.30516	3.34768	4.49141	15.1769	0	9.23903	10.6528	10.4004	17.6823	6.11876	2.27688	16.6804	6.82242	
12.2531	3.62243	8.27519	9.39149	13.7528	5.67903	3.47612	6.15666	7.69193	5.87243	17.7131	9.23903	0	12.3161	14.3068	17.812	9.04173	8.76272	12.0478	6.1094	
12.4747	8.8336	10.185	8.25	14.8393	10.684	8.84	6.34768	13.2697	8.50174	7.85171	10.6528	12.3161	0	2.05626	11.1496	14.4056	10.1797	10.9063	11.8283	
10.4184	10.8899	12.2412	10.3063	11.0973	8.62777	10.8963	8.40394	9.19427	13.8296	5.79545	10.4004	14.3068	2.05626	0	11.5026	11.9653	8.12347	13.095	11.8902	
12.5607	14.1896	21.3345	19.3996	13.2395	14.1223	19.9896	17.4972	18.6257	16.4396	17.298	17.6823	17.812	11.1496	11.5026	0	21.6208	19.626	29.1662	17.3847	
15.7446	14.0573	23.5285	13.0064	15.4	9.17061	5.56561	16.2486	4.91267	11.0022	10.0015	6.11876	9.04173	14.4056	11.9653	21.6208	0	3.84187	10.3501	8.55389	
14.6381	5.50694	18.521	19.6373	19.2419	5.83688	8.34828	6.58204	1.07079	5.90815	13.8434	2.27688	8.76272	10.1797	8.12347	19.626	3.84187	0	8.96003	5.36	
18.0354	12.3254	18.0278	2.65631	13.1044	15.0439	15.9157	22.8401	7.88923	12.7266	7.29956	16.6804	12.0478	10.9063	13.095	29.1662	10.3501	8.96003	0	15.7674	
9.2781	9.73183	14.3846	15.5009	9.95693	3.26242	2.98828	11.7972	6.43079	8.42489	17.0617	6.82242	6.1094	11.8283	11.8902	17.3847	8.55389	5.36	15.7674	0	

0	15.3585	12.9076	13.0477	2.53144	9.93008	12.0734	20.0784	13.3084	11.2221	7.8536	11.2213	11.8149	13.4613	5.04643	7.61877	20.1314	13.5975	10.5806	18.2248	
15.3585	0	18.291	13.1687	15.0643	4.61825	8.51469	11.0138	5.94598	3.69	14	6.45825	6.79765	9.11912	9.50189	7.73977	10.3804	4.11033	18.0424	7.03486	
