20
5
2
3
20

6	11
10	43
1	33
14	23
27	48

12	21
1	2
11	28
2	10
14	5
10	12
23	24
24	11
8	30
11	27
29	42
26	47
30	36
37	28
31	27
42	35
42	47
41	23
36	45
43	34

150

1.79769e+308
1.79769e+308
1.79769e+308
1.79769e+308
1.79769e+308

11
15
11
14
17
13
14
15
13
17
16
18
12
19
18
15
16
14
20
14

0
0
0
0
0

0

0	5.28498	8.20976	11.2435	5.93683	10.1004	1.92225	3.54131	0.664049	7.74473	2.8208	4.06476	5.44105	11.2523	8.04358	5.28863	7.61849	7.22737	2.91968	7.96363	10.1995	11.7252	2.36615	8.65199	4.09246	
5.28498	0	2.92477	5.95848	4.87717	6.11052	7.20723	8.43522	5.94903	8.64548	8.55574	11.1299	8.71908	6.64315	6.23718	18.9064	3.35287	9.51311	8.68923	10.9476	5.86992	11.7392	7.65113	4.38638	6.9113	
8.20976	2.92477	0	6.28924	10.2624	4.39754	14.9131	5.43828	14.609	5.72071	16.6639	4.13246	8.70536	3.71838	3.3124	13.5006	6.27765	15.2436	11.1301	8.87174	8.7947	15.0794	15.1813	5.50772	9.10048	
11.2435	5.95848	6.28924	0	5.71038	0.152042	6.94641	2.47674	5.354	6.68438	4.57324	3.7969	10.9109	0.831206	2.97684	4.05568	4.40567	6.6939	8.61048	9.40368	6.40646	5.63447	9.29127	1.65143	7.6002	
5.93683	4.87717	10.2624	5.71038	0	3.8376	7.75474	8.15005	5.27278	4.54165	7.42954	8.6735	8.70727	4.12756	10.3083	3.02173	1.5243	6.57316	5.40043	8.36973	5.37251	4.60052	4.84689	2.33822	8.7012	
10.1004	6.11052	4.39754	0.152042	3.8376	0	7.38758	2.62878	5.79517	5.55587	5.01441	7.04651	5.66614	0.679164	1.96715	2.1829	2.53289	7.13508	6.7377	7.5309	4.53368	3.76169	9.13922	1.49939	6.06126	
1.92225	7.20723	14.9131	6.94641	7.75474	7.38758	0	4.46967	2.48196	9.66698	4.63871	5.88267	7.25896	12.142	6.59555	7.10653	9.54074	8.68684	8.29973	6.04138	12.545	13.1587	4.2884	11.3852	5.91037	
3.54131	8.43522	5.43828	2.47674	8.15005	2.62878	4.46967	0	2.87726	9.45024	2.09651	2.94593	5.45778	3.41386	2.12587	7.50184	9.70674	4.21717	5.20958	9.13447	6.16484	13.2678	6.15315	4.4173	5.12346	
0.664049	5.94903	14.609	5.354	5.27278	5.79517	2.48196	2.87726	0	8.40878	2.15675	3.40071	4.777	8.81052	4.22077	4.62458	6.79708	7.09443	5.26983	8.52333	4.4698	10.3581	3.0302	5.3081	3.42842	
7.74473	8.64548	5.72071	6.68438	4.54165	5.55587	9.66698	9.45024	8.40878	0	7.5269	14.8067	4.16562	4.8767	6.16469	13.9153	6.06595	11.1148	8.61546	9.89425	16.4424	9.62699	9.38855	6.66605	10.2588	
2.8208	8.55574	16.6639	4.57324	7.42954	5.01441	4.63871	2.09651	2.15675	7.5269	0	5.55746	3.36128	7.50885	4.22238	6.78133	10.8892	6.31367	3.11307	5.37142	9.27072	11.7262	3.6666	8.32907	5.58517	
4.06476	11.1299	4.13246	3.7969	8.6735	7.04651	5.88267	2.94593	3.40071	14.8067	5.55746	0	8.17771	2.10804	0.820055	8.02529	9.06008	11.5236	10.145	12.4034	11.0609	8.94944	9.58968	8.02657	6.82913	
5.44105	8.71908	8.70536	10.9109	8.70727	5.66614	7.25896	5.45778	4.777	4.16562	3.36128	8.17771	0	4.98698	6.27496	9.40158	11.1048	13.6724	4.44984	5.72863	10.6075	12.8459	5.00337	6.77633	8.20542	
11.2523	6.64315	3.71838	0.831206	4.12756	0.679164	12.142	3.41386	8.81052	4.8767	7.50885	2.10804	4.98698	0	1.28798	2.47286	2.82285	9.93798	7.02766	7.82086	4.82364	4.05165	9.81839	1.78935	5.3821	
8.04358	6.23718	3.3124	2.97684	10.3083	1.96715	6.59555	2.12587	4.22077	6.16469	4.22238	0.820055	6.27496	1.28798	0	11.9323	7.40577	6.34304	9.00199	12.1841	11.1952	9.76949	11.8689	3.07733	6.67008	
5.28863	18.9064	13.5006	4.05568	3.02173	2.1829	7.10653	7.50184	4.62458	13.9153	6.78133	8.02529	9.40158	2.47286	11.9323	0	1.71702	8.83215	5.92183	6.71503	3.71781	2.94582	9.20398	0.683517	2.9112	
7.61849	3.35287	6.27765	4.40567	1.5243	2.53289	9.54074	9.70674	6.79708	6.06595	10.8892	9.06008	11.1048	2.82285	7.40577	1.71702	0	6.16024	6.27182	7.06502	4.0678	3.29581	6.3712	1.0335	11.4999	
7.22737	9.51311	15.2436	6.6939	6.57316	7.13508	8.68684	4.21717	7.09443	11.1148	6.31367	11.5236	13.6724	9.93798	6.34304	8.83215	6.16024	0	5.41475	9.81067	11.1829	10.4109	4.86122	7.19374	9.34063	
2.91968	8.68923	11.1301	8.61048	5.40043	6.7377	8.29973	5.20958	5.26983	8.61546	3.11307	10.145	4.44984	7.02766	9.00199	5.92183	6.27182	5.41475	0	2.25835	6.15765	7.50061	0.553532	5.23831	6.11564	
7.96363	10.9476	8.87174	9.40368	8.36973	7.5309	6.04138	9.13447	8.52333	9.89425	5.37142	12.4034	5.72863	7.82086	12.1841	6.71503	7.06502	9.81067	2.25835	0	6.50362	7.11731	2.81188	6.03151	7.545	
10.1995	5.86992	8.7947	6.40646	5.37251	4.53368	12.545	6.16484	4.4698	16.4424	9.27072	11.0609	10.6075	4.82364	11.1952	3.71781	4.0678	11.1829	6.15765	6.50362	0	5.2966	6.71118	3.0343	1.04138	
11.7252	11.7392	15.0794	5.63447	4.60052	3.76169	13.1587	13.2678	10.3581	9.62699	11.7262	8.94944	12.8459	4.05165	9.76949	2.94582	3.29581	10.4109	7.50061	7.11731	5.2966	0	9.93224	2.2623	9.86141	
2.36615	7.65113	15.1813	9.29127	4.84689	9.13922	4.2884	6.15315	3.0302	9.38855	3.6666	9.58968	5.00337	9.81839	11.8689	9.20398	6.3712	4.86122	0.553532	2.81188	6.71118	9.93224	0	5.79184	6.66917	
8.65199	4.38638	5.50772	1.65143	2.33822	1.49939	11.3852	4.4173	5.3081	6.66605	8.32907	8.02657	6.77633	1.78935	3.07733	0.683517	1.0335	7.19374	5.23831	6.03151	3.0343	2.2623	5.79184	0	3.59472	
4.09246	6.9113	9.10048	7.6002	8.7012	6.06126	5.91037	5.12346	3.42842	10.2588	5.58517	6.82913	8.20542	5.3821	6.67008	2.9112	11.4999	9.34063	6.11564	7.545	1.04138	9.86141	6.66917	3.59472	0	

0	4.15391	3.83019	6.35923	12.3706	14.3264	11.0462	2.36576	2.36854	2.62701	0.655394	5.54625	2.75667	5.73505	1.37222	11.6709	13.2697	15.7298	10.697	5.27699	8.14795	12.105	7.08772	10.1387	8.43428	
4.15391	0	7.9841	9.94177	8.41685	12.6913	13.4598	8.02719	8.02997	10.4093	4.8093	9.47639	2.83612	12.3628	4.22058	11.2213	8.50348	14.9896	11.7506	7.28521	12.0867	7.95113	11.0075	10.3637	11.8004	
3.83019	7.9841	0	2.52904	8.81473	5.27858	16.9207	3.68071	5.01314	7.53603	4.48558	9.6886	5.42989	9.3207	4.04543	8.71782	10.1734	10.3859	9.2287	5.94369	11.1924	8.7211	10.0252	6.30853	8.66063	
6.35923	9.94177	2.52904	0	11.5351	2.74954	5.84526	1.15166	2.48409	8.38413	6.41251	6.64461	8.37807	3.37992	2.14521	6.18878	8.00255	7.85685	6.69966	1.99895	8.69356	9.45894	9.99976	8.83757	12.5981	
12.3706	8.41685	8.81473	11.5351	0	7.77123	14.6918	9.44537	11.6353	12.9796	11.406	7.72363	11.253	7.21711	14.5553	1.90041	0.0866355	6.91331	5.02118	6.53115	7.47221	4.4334	4.97368	2.5062	8.75489	
14.3264	12.6913	5.27858	2.74954	7.77123	0	3.19595	3.90121	5.23364	6.55281	8.52443	7.80868	13.4338	12.4676	10.1822	8.93832	7.68459	10.6064	9.4492	13.7358	12.8094	16.8959	10.3108	14.9687	18.5251	
11.0462	13.4598	16.9207	5.84526	14.6918	3.19595	0	11.8243	3.36116	4.46066	6.43228	11.0046	9.25514	7.77936	4.35748	11.3628	10.8805	9.84314	12.7664	5.46759	10.9562	18.7313	12.4665	14.2503	13.694	
2.36576	8.02719	3.68071	1.15166	9.44537	3.90121	11.8243	0	1.98987	4.62296	7.30791	5.49294	2.378	2.22826	0.993543	6.14681	7.2918	9.00852	6.07753	0.847289	7.5419	8.38273	4.92885	9.60567	3.56423	
2.36854	8.02997	5.01314	2.48409	11.6353	5.23364	3.36116	1.98987	0	4.62573	7.68274	9.64365	2.38078	4.4182	0.996322	7.40595	8.55094	8.04474	7.33667	2.10643	15.833	11.2718	6.18799	11.7704	4.82337	
2.62701	10.4093	7.53603	8.38413	12.9796	6.55281	4.46066	4.62296	4.62573	0	1.97162	6.86247	5.01387	7.05127	3.62941	12.9871	14.2374	14.3038	11.306	7.53419	6.49556	12.9357	8.00588	10.5231	6.7819	
0.655394	4.8093	4.48558	6.41251	11.406	8.52443	6.43228	7.30791	7.68274	1.97162	0	4.89085	4.99248	5.07965	2.02761	11.0155	12.8292	8.46753	7.59331	10.5139	8.46718	14.2856	6.43233	11.8729	14.0445	
5.54625	9.47639	9.6886	6.64461	7.72363	7.80868	11.0046	5.49294	9.64365	6.86247	4.89085	0	6.64027	7.7212	6.48648	4.44135	13.5675	3.57668	2.70245	6.34023	8.31349	8.66741	5.81496	7.9838	10.2763	
2.75667	2.83612	5.42989	8.37807	11.253	13.4338	9.25514	2.378	2.38078	5.01387	4.99248	6.64027	0	9.52051	1.38446	9.74861	10.8936	10.2169	9.34272	4.44909	10.6699	10.7873	8.17135	17.0316	7.16603	
5.73505	12.3628	9.3207	3.37992	7.21711	12.4676	7.77936	2.22826	4.4182	7.05127	5.07965	7.7212	9.52051	0	3.2218	12.4198	7.30374	11.7594	9.14852	3.07555	9.77016	10.611	11.512	9.72331	13.6747	
1.37222	4.22058	4.04543	2.14521	14.5553	10.1822	4.35748	0.993543	0.996322	3.62941	2.02761	6.48648	1.38446	3.2218	0	8.99793	10.3493	9.04106	7.9138	1.84083	8.53544	9.37627	7.98634	10.354	6.62172	
11.6709	11.2213	8.71782	6.18878	1.90041	8.93832	11.3628	6.14681	7.40595	12.9871	11.0155	4.44135	9.74861	12.4198	8.99793	0	1.81377	4.97792	1.73889	5.29952	7.07413	3.27016	5.03899	3.76875	6.78779	
13.2697	8.50348	10.1734	8.00255	0.0866355	7.68459	10.8805	7.2918	8.55094	14.2374	12.8292	13.5675	10.8936	7.30374	10.3493	1.81377	0	10.2792	3.55266	6.44451	11.7667	4.52004	5.06032	2.59283	8.60156	
15.7298	14.9896	10.3859	7.85685	6.91331	10.6064	9.84314	9.00852	8.04474	14.3038	8.46753	3.57668	10.2169	11.7594	9.04106	4.97792	10.2792	0	3.23903	8.46928	10.9974	6.81968	6.53913	4.40711	10.6558	
10.697	11.7506	9.2287	6.69966	5.02118	9.4492	12.7664	6.07753	7.33667	11.306	7.59331	2.70245	9.34272	9.14852	7.9138	1.73889	3.55266	3.23903	0	5.23024	5.79863	5.00905	3.3001	5.50764	7.57387	
5.27699	7.28521	5.94369	1.99895	6.53115	13.7358	5.46759	0.847289	2.10643	7.53419	10.5139	6.34023	4.44909	3.07555	1.84083	5.29952	6.44451	8.46928	5.23024	0	3.00327	8.56968	4.08156	8.96563	2.71694	
8.14795	12.0867	11.1924	8.69356	7.47221	12.8094	10.9562	7.5419	15.833	6.49556	8.46718	8.31349	10.6699	9.77016	8.53544	7.07413	11.7667	10.9974	5.79863	3.00327	0	6.78092	2.49853	6.53503	0.286334	
12.105	7.95113	8.7211	9.45894	4.4334	16.8959	18.7313	8.38273	11.2718	12.9357	14.2856	8.66741	10.7873	10.611	9.37627	3.27016	4.52004	6.81968	5.00905	8.56968	6.78092	0	9.26506	2.41257	6.49458	
7.08772	11.0075	10.0252	9.99976	4.97368	10.3108	12.4665	4.92885	6.18799	8.00588	6.43233	5.81496	8.17135	11.512	7.98634	5.03899	5.06032	6.53913	3.3001	4.08156	2.49853	9.26506	0	7.47988	2.78486	
10.1387	10.3637	6.30853	8.83757	2.5062	14.9687	14.2503	9.60567	11.7704	10.5231	11.8729	7.9838	17.0316	9.72331	10.354	3.76875	2.59283	4.40711	5.50764	8.96563	6.53503	2.41257	7.47988	0	6.24869	
8.43428	11.8004	8.66063	12.5981	8.75489	18.5251	13.694	3.56423	4.82337	6.7819	14.0445	10.2763	7.16603	13.6747	6.62172	6.78779	8.60156	10.6558	7.57387	2.71694	0.286334	6.49458	2.78486	6.24869	0	

0	9.40366	8.86913	3.68209	5.78694	3.04635	4.00252	5.8585	1.5761	3.87044	1.32402	2.80662	5.54851	3.87385	4.53373	5.68191	6.73955	7.72016	4.42507	4.33252	8.75655	7.10214	4.6824	8.89629	8.60822	
9.40366	0	8.5459	3.15546	9.22138	3.7912	15.7936	4.48353	5.58454	14.1916	12.287	6.09518	9.99219	4.63187	6.11743	7.46224	8.50156	1.6835	14.6896	4.72494	5.14032	4.72996	15.6454	4.66545	3.94262	
8.86913	8.5459	0	4.99436	7.12892	4.35361	10.0613	7.20921	10.4452	11.5908	10.1931	4.58519	7.72924	3.51796	4.60744	5.95225	6.4091	5.65191	10.4688	8.01146	4.59855	9.89712	9.11935	5.7537	3.3928	
3.68209	3.15546	4.99436	0	6.63992	0.635742	4.26325	1.32807	2.42908	9.37397	7.17051	2.54364	3.8146	1.4714	2.12312	3.9107	4.32895	4.83897	5.27805	3.22344	8.29578	10.8733	3.32127	6.48568	9.43911	
5.78694	9.22138	7.12892	6.63992	0	5.44116	18.6059	8.66354	4.21084	7.51395	8.95227	4.60531	8.18325	4.91906	7.9185	2.48477	1.74796	4.35716	7.05981	6.13121	6.9417	3.6073	8.04548	1.37522	8.14746	
3.04635	3.7912	4.35361	0.635742	5.44116	0	3.62751	1.96381	3.06482	6.81095	4.37037	1.90288	3.17886	0.835653	1.48738	3.26994	3.6932	5.62913	5.04509	2.58769	6.35911	5.10526	2.68552	4.3486	7.5153	
4.00252	15.7936	10.0613	4.26325	18.6059	3.62751	0	7.5999	7.41994	5.81836	2.67851	7.79235	5.85316	4.46316	5.11488	11.3928	7.32071	9.30789	8.72384	6.2152	15.5831	14.0997	6.31303	9.47744	9.96272	
5.8585	4.48353	7.20921	1.32807	8.66354	1.96381	7.5999	0	3.75715	8.43755	6.74108	4.05823	7.15125	2.32861	1.23913	6.12555	7.66559	7.28713	6.66199	5.58413	6.11086	10.8767	6.65791	9.67279	11.8873	
1.5761	5.58454	10.4452	2.42908	4.21084	3.06482	7.41994	3.75715	0	5.44654	2.90011	4.38272	3.97241	3.90549	8.43995	6.69561	5.9588	9.29625	2.84897	5.30636	7.18045	9.43547	6.2585	5.58606	8.30885	
3.87044	14.1916	11.5908	9.37397	7.51395	6.81095	5.81836	8.43755	5.44654	0	3.13986	4.37932	9.6772	5.44655	7.69251	5.02917	7.50802	7.2647	6.68065	4.22326	9.40378	9.49666	8.55285	8.83755	8.19802	
1.32402	12.287	10.1931	7.17051	8.95227	4.37037	2.67851	6.74108	2.90011	3.13986	0	4.13063	6.53735	6.59144	5.50196	8.16903	10.8681	9.04417	7.5904	7.36311	8.48996	10.8632	6.00642	10.2127	7.28421	
2.80662	6.09518	4.58519	2.54364	4.60531	1.90288	7.79235	4.05823	4.38272	4.37932	4.13063	0	5.7923	1.06723	2.15672	2.87529	4.91312	4.56734	2.60376	1.5259	8.18492	6.77246	7.48902	5.56851	10.1287	
5.54851	9.99219	7.72924	3.8146	8.18325	3.17886	5.85316	7.15125	3.97241	9.6772	6.53735	5.7923	0	4.01451	4.66624	8.66759	6.87207	6.59555	6.82137	5.76655	5.5422	10.8408	5.86439	9.0288	4.33644	
3.87385	4.63187	3.51796	1.4714	4.91906	0.835653	4.46316	2.32861	3.90549	5.44655	6.59144	1.06723	4.01451	0	1.08949	2.43429	4.52886	6.71145	3.67099	2.59313	5.96122	6.90178	3.52118	6.24267	6.91075	
4.53373	6.11743	4.60744	2.12312	7.9185	1.48738	5.11488	1.23913	8.43995	7.69251	5.50196	2.15672	4.66624	1.08949	0	3.52378	5.18058	7.83166	5.91695	4.07507	4.87174	10.4864	4.1729	7.33731	6.07749	
5.68191	7.46224	5.95225	3.9107	2.48477	3.26994	11.3928	6.12555	6.69561	5.02917	8.16903	2.87529	8.66759	2.43429	3.52378	0	2.47884	6.79032	5.47905	4.40119	8.85795	4.33819	6.88723	3.13424	10.0637	
6.73955	8.50156	6.4091	4.32895	1.74796	3.6932	7.32071	7.66559	5.9588	7.50802	10.8681	4.91312	6.87207	4.52886	5.18058	2.47884	0	3.63734	5.5395	6.2809	8.68966	1.85934	4.27908	0.655396	7.51667	
7.72016	1.6835	5.65191	4.83897	4.35716	5.62913	9.30789	7.28713	9.29625	7.2647	9.04417	4.56734	6.59555	6.71145	7.83166	6.79032	3.63734	0	5.49883	3.04144	3.46487	3.04645	5.46619	2.98195	2.25912	
4.42507	14.6896	10.4688	5.27805	7.05981	5.04509	8.72384	6.66199	2.84897	6.68065	7.5904	2.60376	6.82137	3.67099	5.91695	5.47905	5.5395	5.49883	0	2.45739	9.67842	6.96232	5.45609	6.1949	8.47266	
4.33252	4.72494	8.01146	3.22344	6.13121	2.58769	6.2152	5.58413	5.30636	4.22326	7.36311	1.5259	5.76655	2.59313	4.07507	4.40119	6.2809	3.04144	2.45739	0	11.3549	6.08789	5.27322	6.02339	5.30055	
8.75655	5.14032	4.59855	8.29578	6.9417	6.35911	15.5831	6.11086	7.18045	9.40378	8.48996	8.18492	5.5422	5.96122	4.87174	8.85795	8.68966	3.46487	9.67842	11.3549	0	7.71008	10.9672	8.06703	1.20576	
7.10214	4.72996	9.89712	10.8733	3.6073	5.10526	14.0997	10.8767	9.43547	9.49666	10.8632	6.77246	10.8408	6.90178	10.4864	4.33819	1.85934	3.04645	6.96232	6.08789	7.71008	0	2.41974	2.51474	5.30557	
4.6824	15.6454	9.11935	3.32127	8.04548	2.68552	6.31303	6.65791	6.2585	8.55285	6.00642	7.48902	5.86439	3.52118	4.1729	6.88723	4.27908	5.46619	5.45609	5.27322	10.9672	2.41974	0	8.53546	8.92406	
8.89629	4.66545	5.7537	6.48568	1.37522	4.3486	9.47744	9.67279	5.58606	8.83755	10.2127	5.56851	9.0288	6.24267	7.33731	3.13424	0.655396	2.98195	6.1949	6.02339	8.06703	2.51474	8.53546	0	5.24106	
8.60822	3.94262	3.3928	9.43911	8.14746	7.5153	9.96272	11.8873	8.30885	8.19802	7.28421	10.1287	4.33644	6.91075	6.07749	10.0637	7.51667	2.25912	8.47266	5.30055	1.20576	5.30557	8.92406	5.24106	0	

0	3.68293	12.6088	4.0254	4.7811	5.06998	8.23303	4.83512	2.17867	2.33974	1.54792	9.91809	2.13986	4.03004	3.91159	4.93567	4.65871	6.71382	5.24796	3.58749	10.6082	8.28972	12.3724	7.74011	6.88507	
3.68293	0	9.17892	11.7711	11.5868	8.38503	10.305	6.55575	5.86159	6.02267	5.23084	7.11892	5.82279	8.79408	7.47928	6.36959	8.34163	3.0309	10.439	5.3266	6.92522	15.1723	8.62375	7.6093	9.12634	
12.6088	9.17892	0	3.54197	6.49976	5.65857	8.39458	3.21603	9.51689	7.88915	3.45983	11.5302	5.4275	0.977708	4.0837	7.0803	6.62215	12.2098	5.76957	11.9165	12.5612	8.78567	6.97075	9.80212	10.3601	
4.0254	11.7711	3.54197	0	7.83314	2.1166	9.05673	4.81086	7.34168	11.592	5.63866	6.51575	1.88553	4.51968	6.19576	6.61693	4.24215	8.06957	4.99363	3.33315	5.12731	6.04429	3.42878	12.3651	4.50361	
4.7811	11.5868	6.49976	7.83314	0	2.24794	9.24166	13.1939	14.777	18.1935	4.35451	4.7675	12.0993	6.83663	11.5359	0.399355	0.122395	4.5549	9.52238	3.74504	10.1561	11.7411	7.84141	3.2038	8.92837	
5.06998	8.38503	5.65857	2.1166	2.24794	0	9.21462	2.69426	5.22508	7.03611	3.52206	2.68644	3.4239	4.93258	3.61779	2.40251	2.12555	4.27199	5.46489	1.97628	8.43242	6.24731	5.54539	5.20695	6.23131	
8.23303	10.305	8.39458	9.05673	9.24166	9.21462	0	6.52036	6.05436	7.86539	10.3682	10.4663	10.9423	8.75869	5.76338	10.4579	9.36406	13.3359	7.77693	9.46633	7.2322	12.1654	6.10591	11.9714	5.03108	
4.83512	6.55575	3.21603	4.81086	13.1939	2.69426	6.52036	0	7.91934	9.14977	4.72044	4.99308	6.23349	2.23832	0.923529	8.34091	4.8198	8.64722	2.93708	4.62648	12.5284	6.84124	10.2157	7.13158	8.92556	
2.17867	5.86159	9.51689	7.34168	14.777	5.22508	6.05436	7.91934	0	1.81103	3.72659	6.32039	4.31853	8.53918	6.09026	12.5755	6.83737	9.23679	5.25465	7.20136	11.8922	6.11106	10.1937	15.4083	11.0854	
2.33974	6.02267	7.88915	11.592	18.1935	7.03611	7.86539	9.14977	1.81103	0	3.88766	7.57835	4.4796	6.91145	6.25133	11.1296	6.99845	11.0478	7.06568	8.28851	18.338	6.12004	12.0047	15.4172	13.0135	
1.54792	5.23084	3.45983	5.63866	4.35451	3.52206	10.3682	4.72044	3.72659	3.88766	0	7.92122	3.68778	2.48212	5.45951	5.57072	4.4769	6.41048	7.27398	5.49834	7.53826	8.79645	6.41198	11.9179	5.33715	
9.91809	7.11892	11.5302	6.51575	4.7675	2.68644	10.4663	4.99308	6.32039	7.57835	7.92122	0	2.15778	5.8576	3.07929	3.239	3.82826	3.00587	1.06574	0.710163	7.63628	1.84816	6.51	9.89174	5.43517	
2.13986	5.82279	5.4275	1.88553	12.0993	3.4239	10.9423	6.23349	4.31853	4.4796	3.68778	2.15778	0	6.56606	5.12164	3.97646	6.01778	3.74333	3.10809	1.44762	17.0093	5.65822	5.31432	10.6292	6.59146	
4.03004	8.79408	0.977708	4.51968	6.83663	4.93258	8.75869	2.23832	8.53918	6.91145	2.48212	5.8576	6.56606	0	3.10599	6.10259	6.37955	8.8926	4.79186	6.80895	15.273	7.34198	8.10931	9.31405	7.81927	
3.91159	7.47928	4.0837	6.19576	11.5359	3.61779	5.76338	0.923529	6.09026	6.25133	5.45951	3.07929	5.12164	3.10599	0	6.23179	7.63157	5.99866	2.01355	3.70296	12.167	4.56367	9.62454	6.20805	8.8468	
4.93567	6.36959	7.0803	6.61693	0.399355	2.40251	10.4579	8.34091	12.5755	11.1296	5.57072	3.239	3.97646	6.10259	6.23179	0	0.27696	3.33869	4.61703	2.52883	8.32372	5.39945	6.6252	3.35837	7.67268	
4.65871	8.34163	6.62215	4.24215	0.122395	2.12555	9.36406	4.8198	6.83737	6.99845	4.4769	3.82826	6.01778	6.37955	7.63157	0.27696	0	3.61565	8.60039	2.80579	10.2785	10.8019	6.90216	3.08141	8.35685	
6.71382	3.0309	12.2098	8.06957	4.5549	4.27199	13.3359	8.64722	9.23679	11.0478	6.41048	3.00587	3.74333	8.8926	5.99866	3.33869	3.61565	0	6.32594	2.29571	5.13172	13.8636	6.83025	8.55222	7.33284	
5.24796	10.439	5.76957	4.99363	9.52238	5.46489	7.77693	2.93708	5.25465	7.06568	7.27398	1.06574	3.10809	4.79186	2.01355	4.61703	8.60039	6.32594	0	1.7759	13.9012	2.55012	13.7383	8.2216	6.50091	
3.58749	5.3266	11.9165	3.33315	3.74504	1.97628	9.46633	4.62648	7.20136	8.28851	5.49834	0.710163	1.44762	6.80895	3.70296	2.52883	2.80579	2.29571	1.7759	0	7.34495	2.55832	6.21867	7.65156	5.14384	
10.6082	6.92522	12.5612	5.12731	10.1561	8.43242	7.2322	12.5284	11.8922	18.338	7.53826	7.63628	17.0093	15.273	12.167	8.32372	10.2785	5.13172	13.9012	7.34495	0	12.8867	1.69852	13.6839	2.20111	
8.28972	15.1723	8.78567	6.04429	11.7411	6.24731	12.1654	6.84124	6.11106	6.12004	8.79645	1.84816	5.65822	7.34198	4.56367	5.39945	10.8019	13.8636	2.55012	2.55832	12.8867	0	9.47308	9.29721	7.28333	
12.3724	8.62375	6.97075	3.42878	7.84141	5.54539	6.10591	10.2157	10.1937	12.0047	6.41198	6.51	5.31432	8.10931	9.62454	6.6252	6.90216	6.83025	13.7383	6.21867	1.69852	9.47308	0	13.9976	1.07483	
7.74011	7.6093	9.80212	12.3651	3.2038	5.20695	11.9714	7.13158	15.4083	15.4172	11.9179	9.89174	10.6292	9.31405	6.20805	3.35837	3.08141	8.55222	8.2216	7.65156	13.6839	9.29721	13.9976	0	12.9228	
6.88507	9.12634	10.3601	4.50361	8.92837	6.23131	5.03108	8.92556	11.0854	13.0135	5.33715	5.43517	6.59146	7.81927	8.8468	7.67268	8.35685	7.33284	6.50091	5.14384	2.20111	7.28333	1.07483	12.9228	0	

0	4.6561	6.57617	3.68586	4.29412	4.1713	6.78622	4.60605	2.74467	1.36092	3.32065	4.28898	6.52991	10.0258	4.57924	1.29648	1.81003	2.15937	3.37139	3.54941	7.49004	6.26577	4.03382	3.1668	5.99383	
4.6561	0	1.92007	5.27428	3.32608	5.00907	4.02009	6.76364	5.81605	6.01702	7.97676	6.72402	4.34065	5.8195	3.52177	5.95259	6.46613	6.20676	7.21958	5.0113	11.3382	4.73616	8.54817	6.8097	6.30919	
6.57617	1.92007	0	5.26463	5.24615	4.33133	2.10002	6.0859	6.54699	5.63607	5.56558	5.47915	2.42058	6.14668	2.84403	11.5304	10.7903	7.53805	9.13966	6.93137	10.1758	12.0996	3.63618	9.39502	5.63145	
3.68586	5.27428	5.26463	0	1.9482	0.485438	7.54095	0.920192	4.92767	2.52312	4.99277	0.603114	2.84405	3.04867	1.97274	4.94584	5.4959	4.95022	4.79526	2.31583	6.18242	3.35829	7.39247	5.43182	4.13107	
4.29412	3.32608	5.24615	1.9482	0	2.43364	7.99698	2.8684	6.87587	4.47132	8.93441	2.55132	3.30008	4.39339	4.49672	2.99763	4.24884	2.84222	6.40704	4.85388	13.2383	1.41008	5.34343	3.48362	6.07927	
4.1713	5.00907	4.33133	0.485438	2.43364	0	7.55954	1.40563	5.19026	3.00855	5.92499	1.08855	3.27747	2.56323	1.4873	6.00706	7.25827	3.95461	5.2807	3.37143	7.9324	4.4195	11.4986	6.49304	3.46004	
6.78622	4.02009	2.10002	7.54095	7.99698	7.55954	0	7.53814	6.91835	7.45173	3.46556	7.68431	4.5206	4.99631	4.94405	4.27349	12.1897	3.87758	6.66254	5.80451	8.0758	14.9597	1.53616	10.4743	4.79757	
4.60605	6.76364	6.0859	0.920192	2.8684	1.40563	7.53814	0	5.84786	3.44331	4.07258	1.11718	3.76424	3.80517	3.24187	9.31939	8.6337	6.81579	5.71546	2.82989	7.95026	4.59311	9.16031	7.81639	5.05126	
2.74467	5.81605	6.54699	4.92767	6.87587	5.19026	6.91835	5.84786	0	4.10558	3.45279	2.51746	7.77172	1.61295	3.70296	4.04115	4.5547	2.65662	6.11606	0.804747	5.77532	12.8553	6.09545	12.1166	6.49039	
1.36092	6.01702	5.63607	2.52312	4.47132	3.00855	7.45173	3.44331	4.10558	0	4.68157	3.12623	5.36717	6.94424	5.34731	2.6574	3.17095	5.55286	4.73231	7.40474	14.0341	6.985	7.89428	7.59842	6.65418	
3.32065	7.97676	5.56558	4.99277	8.93441	5.92499	3.46556	4.07258	3.45279	4.68157	0	5.18976	6.02802	8.46187	4.61901	4.61714	5.13069	9.03568	6.69204	4.25753	9.22811	9.45624	5.00172	18.1551	7.40644	
4.28898	6.72402	5.47915	0.603114	2.55132	1.08855	7.68431	1.11718	2.51746	3.12623	5.18976	0	3.05857	2.52091	3.42731	8.44521	5.72998	3.56459	5.39838	1.71271	8.05717	3.47593	7.00341	5.90867	3.5848	
6.52991	4.34065	2.42058	2.84405	3.30008	3.27747	4.5206	3.76424	7.77172	5.36717	6.02802	3.05857	0	5.74656	4.76477	6.29771	7.54892	6.30209	7.63931	4.77128	12.0923	4.71016	6.23307	6.78369	6.97512	
10.0258	5.8195	6.14668	3.04867	4.39339	2.56323	4.99631	3.80517	1.61295	6.94424	8.46187	2.52091	5.74656	0	3.68423	2.25426	4.82547	1.39138	3.51924	0.808199	2.94816	2.82352	3.73279	3.43693	0.896806	
4.57924	3.52177	2.84403	1.97274	4.49672	1.4873	4.94405	3.24187	3.70296	5.34731	4.61901	3.42731	4.76477	3.68423	0	5.87573	6.38927	7.54689	5.40986	4.50771	4.83878	6.89082	6.04883	10.9967	2.78742	
1.29648	5.95259	11.5304	4.94584	2.99763	6.00706	4.27349	9.31939	4.04115	2.6574	4.61714	8.44521	6.29771	2.25426	5.87573	0	3.10652	0.862881	4.66788	2.71475	11.0992	2.29502	2.73733	1.87031	5.99874	
1.81003	6.46613	10.7903	5.4959	4.24884	7.25827	12.1897	8.6337	4.5547	3.17095	5.13069	5.72998	7.54892	4.82547	6.38927	3.10652	0	5.86914	5.18142	4.01727	12.6203	5.65892	9.30797	7.73246	10.7337	
2.15937	6.20676	7.53805	4.95022	2.84222	3.95461	3.87758	6.81579	2.65662	5.55286	9.03568	3.56459	6.30209	1.39138	7.54689	0.862881	5.86914	0	4.96897	1.85187	6.76055	1.43214	2.34141	2.04555	2.28818	
3.37139	7.21958	9.13966	4.79526	6.40704	5.2807	6.66254	5.71546	6.11606	4.73231	6.69204	5.39838	7.63931	3.51924	5.40986	4.66788	5.18142	4.96897	0	5.49068	4.11865	5.35616	5.12637	2.92342	2.62244	
3.54941	5.0113	6.93137	2.31583	4.85388	3.37143	5.80451	2.82989	0.804747	7.40474	4.25753	1.71271	4.77128	0.808199	4.50771	2.71475	4.01727	1.85187	5.49068	0	6.17737	3.28401	4.19329	3.89742	1.705	
7.49004	11.3382	10.1758	6.18242	13.2383	7.9324	8.0758	7.95026	5.77532	14.0341	9.22811	8.05717	12.0923	2.94816	4.83878	11.0992	12.6203	6.76055	4.11865	6.17737	0	9.32286	5.31276	7.04207	2.05135	
6.26577	4.73616	12.0996	3.35829	1.41008	4.4195	14.9597	4.59311	12.8553	6.985	9.45624	3.47593	4.71016	2.82352	6.89082	2.29502	5.65892	1.43214	5.35616	3.28401	9.32286	0	3.77355	2.43274	7.27151	
4.03382	8.54817	3.63618	7.39247	5.34343	11.4986	1.53616	9.16031	6.09545	7.89428	5.00172	7.00341	6.23307	3.73279	6.04883	2.73733	9.30797	2.34141	5.12637	4.19329	5.31276	3.77355	0	4.38697	3.26141	
3.1668	6.8097	9.39502	5.43182	3.48362	6.49304	10.4743	7.81639	12.1166	7.59842	18.1551	5.90867	6.78369	3.43693	10.9967	1.87031	7.73246	2.04555	2.92342	3.89742	7.04207	2.43274	4.38697	0	5.54586	
5.99383	6.30919	5.63145	4.13107	6.07927	3.46004	4.79757	5.05126	6.49039	6.65418	7.40644	3.5848	6.97512	0.896806	2.78742	5.99874	10.7337	2.28818	2.62244	1.705	2.05135	7.27151	3.26141	5.54586	0	

0	9.5333	6.11417	5.1216	12.5432	2.12715	2.88391	3.20668	1.0218	1.71319	0.751284	3.04084	3.76222	4.26671	2.40196	13.85	6.07977	7.62857	10.0063	7.02196	9.34538	6.48287	6.72	14.3631	13.4916	
9.5333	0	10.6405	8.39985	13.2777	8.50378	19.1536	7.72873	10.5827	9.62988	12.3651	9.24756	13.9139	9.02051	7.13134	6.31182	7.02429	7.67718	8.41156	9.77852	9.5103	5.12162	9.86033	7.62871	8.60723	
6.11417	10.6405	0	4.71877	6.28225	6.12661	9.81026	2.91179	11.6724	4.81294	5.36288	5.43338	10.6146	4.5884	3.71651	6.53484	5.82237	5.35685	5.82331	6.03016	10.5842	5.98569	10.9131	11.4393	11.4873	
5.1216	8.39985	4.71877	0	4.82617	4.72029	9.23917	1.80697	2.86676	3.70812	4.37031	0.847713	6.73887	4.81826	2.6117	7.13109	7.02566	4.21777	3.94771	1.37455	9.49795	4.88087	2.49895	8.08035	8.94699	
12.5432	13.2777	6.28225	4.82617	0	9.42341	14.7694	6.20859	8.02542	8.10973	11.7919	8.73017	11.8136	5.05364	4.13768	1.17234	0.459872	8.65364	3.77599	5.42105	5.57357	9.28248	2.32722	6.11297	4.6705	
2.12715	8.50378	6.12661	4.72029	9.42341	0	4.5567	2.17716	3.49627	2.32972	1.37586	4.70054	3.05729	1.79224	1.37243	8.74306	5.05024	5.65988	6.12634	5.27636	8.31586	6.28872	7.11045	13.0565	8.78456	
2.88391	19.1536	9.81026	9.23917	14.7694	4.5567	0	4.12813	1.86211	2.22698	3.18889	3.88115	2.95455	7.54165	5.41253	14.3421	15.6326	11.4764	11.0001	12.2906	13.4453	7.32318	7.56031	13.5555	14.3319	
3.20668	7.72873	2.91179	1.80697	6.20859	2.17716	4.12813	0	4.54063	1.90115	2.86305	2.52159	2.62872	2.98319	0.804721	4.37768	4.48253	2.44505	2.91152	3.04843	4.4139	3.07389	4.30592	5.58099	6.62656	
1.0218	10.5827	11.6724	2.86676	8.02542	3.49627	1.86211	4.54063	0	4.05645	1.77308	2.01904	7.26977	5.55287	3.42376	6.76485	14.2863	5.3891	7.14696	2.54588	12.6972	5.46107	5.6982	7.96816	12.4698	
1.71319	9.62988	4.81294	3.70812	8.10973	2.32972	2.22698	1.90115	4.05645	0	0.961907	4.42273	0.72757	4.12196	2.70587	8.32963	9.34568	4.3462	4.81267	5.01951	12.6113	4.97504	9.69038	11.3285	13.5719	
0.751284	12.3651	5.36288	4.37031	11.7919	1.37586	3.18889	2.86305	1.77308	0.961907	0	3.90695	1.68948	3.16811	2.7483	9.74293	8.91155	6.87728	9.25503	4.4338	8.84612	15.9432	6.86926	11.9439	11.2671	
3.04084	9.24756	5.43338	0.847713	8.73017	4.70054	3.88115	2.52159	2.01904	4.42273	3.90695	0	7.58658	5.50658	3.32631	3.99353	5.48802	3.37006	2.87634	0.52684	5.3389	5.59548	3.34666	7.72008	4.03504	
3.76222	13.9139	10.6146	6.73887	11.8136	3.05729	2.95455	2.62872	7.26977	0.72757	1.68948	7.58658	0	6.56	6.14019	7.60206	8.31453	10.4677	10.5198	8.41174	15.0649	8.90584	9.23782	9.03876	11.3818	
4.26671	9.02051	4.5884	4.81826	5.05364	1.79224	7.54165	2.98319	5.55287	4.12196	3.16811	5.50658	6.56	0	2.17847	5.30623	4.59376	5.45634	5.9228	6.12965	7.6745	6.08518	6.32466	10.2469	8.57758	
2.40196	7.13134	3.71651	2.6117	4.13768	1.37243	5.41253	0.804721	3.42376	2.70587	2.7483	3.32631	6.14019	2.17847	0	4.39027	3.67781	3.24977	3.71624	3.85495	6.94342	3.87861	5.73802	9.33091	7.84649	
13.85	6.31182	6.53484	7.13109	1.17234	8.74306	14.3421	4.37768	6.76485	8.32963	9.74293	3.99353	7.60206	5.30623	4.39027	0	0.712464	2.86565	2.91769	3.46669	4.68285	1.30378	4.36646	1.4367	3.77977	
6.07977	7.02429	5.82237	7.02566	0.459872	5.05024	15.6326	4.48253	14.2863	9.34568	8.91155	5.48802	8.31453	4.59376	3.67781	0.712464	0	3.57812	3.63016	4.17916	9.40679	2.01625	2.7871	2.14917	4.49224	
7.62857	7.67718	5.35685	4.21777	8.65364	5.65988	11.4764	2.44505	5.3891	4.3462	6.87728	3.37006	10.4677	5.45634	3.24977	2.86565	3.57812	0	5.35657	3.8969	1.96884	4.16943	8.96784	4.30236	2.87191	
10.0063	8.41156	5.82331	3.94771	3.77599	6.12634	11.0001	2.91152	7.14696	4.81267	9.25503	2.87634	10.5198	5.9228	3.71624	2.91769	3.63016	5.35657	0	2.3495	5.57097	4.22147	1.44877	2.68883	4.66789	
7.02196	9.77852	6.03016	1.37455	5.42105	5.27636	12.2906	3.04843	2.54588	5.01951	4.4338	0.52684	8.41174	6.12965	3.85495	3.46669	4.17916	3.8969	2.3495	0	4.41127	4.77047	3.79826	4.9034	3.5082	
9.34538	9.5103	10.5842	9.49795	5.57357	8.31586	13.4453	4.4139	12.6972	12.6113	8.84612	5.3389	15.0649	7.6745	6.94342	4.68285	9.40679	1.96884	5.57097	4.41127	0	6.26078	6.999	3.75369	0.903073	
6.48287	5.12162	5.98569	4.88087	9.28248	6.28872	7.32318	3.07389	5.46107	4.97504	15.9432	5.59548	8.90584	6.08518	3.87861	1.30378	2.01625	4.16943	4.22147	4.77047	6.26078	0	9.56997	2.50709	5.08355	
6.72	9.86033	10.9131	2.49895	2.32722	7.11045	7.56031	4.30592	5.6982	9.69038	6.86926	3.34666	9.23782	6.32466	5.73802	4.36646	2.7871	8.96784	1.44877	3.79826	6.999	9.56997	0	4.1376	6.11666	
14.3631	7.62871	11.4393	8.08035	6.11297	13.0565	13.5555	5.58099	7.96816	11.3285	11.9439	7.72008	9.03876	10.2469	9.33091	1.4367	2.14917	4.30236	2.68883	4.9034	3.75369	2.50709	4.1376	0	4.65676	
13.4916	8.60723	11.4873	8.94699	4.6705	8.78456	14.3319	6.62656	12.4698	13.5719	11.2671	4.03504	11.3818	8.57758	7.84649	3.77977	4.49224	2.87191	4.66789	3.5082	0.903073	5.08355	6.11666	4.65676	0	

0	10.9562	2.48243	2.87823	5.72799	1.93978	1.03237	4.05679	0.561929	3.14705	0.517781	4.55893	5.99309	10.2394	2.90741	12.7119	4.66273	12.3281	4.86607	2.72114	7.33612	8.20294	6.05201	4.8862	4.94292	
10.9562	0	3.69928	8.09066	7.70215	7.73327	13.5121	5.59952	10.771	8.2556	5.66393	8.72212	9.05402	7.92838	6.7489	7.62893	6.67019	7.26736	5.57595	7.05533	7.47196	5.75467	4.90421	7.33481	6.1755	
2.48243	3.69928	0	4.3251	11.4879	7.39729	7.66644	7.30854	3.62569	4.59393	1.96465	9.62198	6.75151	11.8729	10.6522	11.192	10.3695	10.9658	6.31294	4.16801	8.78299	9.45395	8.60349	11.5583	6.38979	
2.87823	8.09066	4.3251	0	3.42116	2.63261	4.72299	1.51085	3.55631	4.98972	2.36045	5.31378	7.09485	3.93715	0.361465	5.68193	6.30092	5.45573	6.70874	4.56381	7.72844	4.70599	11.2447	9.38488	5.39416	
5.72799	7.70215	11.4879	3.42116	0	3.78821	10.761	4.20908	5.13276	6.40784	8.39847	11.3518	12.4336	8.67598	3.05969	1.9907	1.03196	1.76733	3.45875	6.49612	4.61348	3.19714	10.7649	3.81128	5.06559	
1.93978	7.73327	7.39729	2.63261	3.78821	0	2.97215	2.13375	2.5017	2.61963	2.45756	5.25635	6.09766	4.46262	2.27114	9.45478	4.82018	5.55555	4.45842	4.12027	6.29318	6.26316	5.97101	7.90817	5.05798	
1.03237	13.5121	7.66644	4.72299	10.761	2.97215	0	7.21413	1.5943	8.33106	1.55015	8.10427	5.2338	8.66013	3.93978	13.9045	14.1443	9.62756	7.93614	7.90514	9.83215	9.42897	7.08438	8.71108	8.5357	
4.05679	5.59952	7.30854	1.51085	4.20908	2.13375	7.21413	0	4.34423	4.75338	4.85159	3.1226	5.99307	2.32886	1.14939	4.63585	7.08884	4.40965	6.10106	4.46101	8.42694	7.19713	9.60756	11.876	6.18208	
0.561929	10.771	3.62569	3.55631	5.13276	2.5017	1.5943	4.34423	0	4.29031	1.07971	3.997	6.55502	10.5269	3.19484	5.05954	4.1008	9.88451	6.00933	3.8644	6.98571	9.84706	6.61394	4.32428	6.08618	
3.14705	8.2556	4.59393	4.98972	6.40784	2.61963	8.33106	4.75338	4.29031	0	2.62927	6.34851	3.47804	6.22912	4.89077	13.3917	11.1157	12.349	5.16879	4.83263	8.91281	8.88279	3.35139	5.78199	7.05441	
0.517781	5.66393	1.96465	2.36045	8.39847	2.45756	1.55015	4.85159	1.07971	2.62927	0	3.54177	6.10731	6.2976	2.72192	9.87293	5.76184	6.0397	4.34829	2.20336	6.2443	6.58248	4.35447	5.98532	4.42514	
4.55893	8.72212	9.62198	5.31378	11.3518	5.25635	8.10427	3.1226	3.997	6.34851	3.54177	0	2.87047	5.45146	4.27198	9.00798	8.09781	6.0672	6.7991	1.33841	9.52275	5.71753	3.48953	8.32128	9.06091	
5.99309	9.05402	6.75151	7.09485	12.4336	6.09766	5.2338	5.99307	6.55502	3.47804	6.10731	2.87047	0	7.83339	7.45632	12.2816	10.691	9.34078	5.96721	4.20888	9.71607	8.99111	4.14981	6.58041	6.65737	
10.2394	7.92838	11.8729	3.93715	8.67598	4.46262	8.66013	2.32886	10.5269	6.22912	6.2976	5.45146	7.83339	0	3.47825	7.13485	11.7817	6.73851	8.60007	7.91389	11.6656	8.64313	9.5805	13.322	9.35524	
2.90741	6.7489	10.6522	0.361465	3.05969	2.27114	3.93978	1.14939	3.19484	4.89077	2.72192	4.27198	7.45632	3.47825	0	6.89819	4.09165	4.82702	5.63225	6.39141	8.0899	5.06745	8.95942	7.51912	5.0327	
12.7119	7.62893	11.192	5.68193	1.9907	9.45478	13.9045	4.63585	5.05954	13.3917	9.87293	9.00798	12.2816	7.13485	6.89819	0	0.958742	0.226201	1.91762	4.95499	4.54027	7.5187	9.22377	3.73806	4.99237	
4.66273	6.67019	10.3695	6.30092	1.03196	4.82018	14.1443	7.08884	4.1008	11.1157	5.76184	8.09781	10.691	11.7817	4.09165	0.958742	0	1.18494	4.63318	8.54876	3.58152	4.2291	5.20992	2.77931	4.03363	
12.3281	7.26736	10.9658	5.45573	1.76733	5.55555	9.62756	4.40965	9.88451	12.349	6.0397	6.0672	9.34078	6.73851	4.82702	0.226201	1.18494	0	1.69141	4.72879	3.58743	4.96447	3.50881	7.29336	2.29097	
4.86607	5.57595	6.31294	6.70874	3.45875	4.45842	7.93614	6.10106	6.00933	5.16879	4.34829	6.7991	5.96721	8.60007	5.63225	1.91762	4.63318	1.69141	0	3.96851	1.89601	6.539	1.8174	4.248	0.599555	
2.72114	7.05533	4.16801	4.56381	6.49612	4.12027	7.90514	4.46101	3.8644	4.83263	2.20336	1.33841	4.20888	7.91389	6.39141	4.95499	8.54876	4.72879	3.96851	0	7.3567	4.37912	2.15112	4.58172	6.06024	
7.33612	7.47196	8.78299	7.72844	4.61348	6.29318	9.83215	8.42694	6.98571	8.91281	6.2443	9.52275	9.71607	11.6656	8.0899	4.54027	3.58152	3.58743	1.89601	7.3567	0	8.99815	3.71341	5.90578	2.49557	
8.20294	5.75467	9.45395	4.70599	3.19714	6.26316	9.42897	7.19713	9.84706	8.88279	6.58248	5.71753	8.99111	8.64313	5.06745	7.5187	4.2291	4.96447	6.539	4.37912	8.99815	0	6.53023	6.71966	5.93945	
6.05201	4.90421	8.60349	11.2447	10.7649	5.97101	7.08438	9.60756	6.61394	3.35139	4.35447	3.48953	4.14981	9.5805	8.95942	9.22377	5.20992	3.50881	1.8174	2.15112	3.71341	6.53023	0	2.4306	2.41695	
4.8862	7.33481	11.5583	9.38488	3.81128	7.90817	8.71108	11.876	4.32428	5.78199	5.98532	8.32128	6.58041	13.322	7.51912	3.73806	2.77931	7.29336	4.248	4.58172	5.90578	6.71966	2.4306	0	6.2015	
4.94292	6.1755	6.38979	5.39416	5.06559	5.05798	8.5357	6.18208	6.08618	7.05441	4.42514	9.06091	6.65737	9.35524	5.0327	4.99237	4.03363	2.29097	0.599555	6.06024	2.49557	5.93945	2.41695	6.2015	0	

0	5.55015	8.40706	2.41466	13.132	2.38403	6.20742	6.04163	1.87951	2.41862	1.1462	6.72225	6.13341	4.23841	6.49053	10.0128	7.5742	10.6911	9.18773	4.6265	3.91874	9.27984	12.9219	6.90224	7.44941	
5.55015	0	5.7528	5.77213	6.66729	5.43379	9.25718	3.20215	5.74673	3.83484	7.29865	8.4443	6.58742	1.31174	3.56385	5.00036	8.99043	6.98576	4.38188	7.51836	5.0824	2.81595	7.05584	6.8082	4.28275	
8.40706	5.7528	0	10.2336	8.38619	7.77201	3.94862	5.28181	9.13102	9.0011	9.55326	8.96241	7.10552	4.44107	4.20088	5.51847	7.81607	7.41567	8.89652	9.90683	8.22401	7.33059	10.5509	4.51748	8.79739	
2.41466	5.77213	10.2336	0	9.20246	0.338339	3.93163	1.0546	0.651272	7.11555	1.26845	11.7934	3.79842	2.94502	2.13554	5.38547	3.22864	8.7492	4.2007	3.86722	2.26854	6.03345	7.96925	5.3666	4.78101	
13.132	6.66729	8.38619	9.20246	0	12.1528	16.5367	3.1032	8.271	6.08475	12.5977	6.40973	6.11115	7.6373	5.38518	4.52409	0.929167	6.90183	3.62382	3.01992	6.11779	3.85134	3.66402	3.86871	5.31814	
2.38403	5.43379	7.77201	0.338339	12.1528	0	3.82339	1.39294	0.312933	4.80264	1.04624	4.76808	4.13676	5.42959	5.24307	7.62873	5.61964	10.2642	4.96011	3.52888	10.3343	6.37178	7.12664	6.05442	5.11935	
6.20742	9.25718	3.94862	3.93163	16.5367	3.82339	0	2.87703	4.13632	7.92062	5.68825	17.0393	11.5607	4.76744	3.95796	9.46708	5.05106	12.6368	6.02312	7.35227	4.09096	11.1851	14.9346	7.18902	9.71826	
6.04163	3.20215	5.28181	1.0546	3.1032	1.39294	2.87703	0	4.80489	2.71407	2.32306	6.56769	4.85302	1.89041	1.08093	3.91948	2.17403	4.0087	3.1461	4.26479	1.21394	3.48039	3.1056	4.31199	1.67565	
1.87951	5.74673	9.13102	0.651272	8.271	0.312933	4.13632	4.80489	0	6.5804	0.733309	10.4169	7.5487	5.11665	4.93014	7.94166	7.39884	8.14493	4.64718	3.84182	6.43874	6.2131	7.57842	9.46637	7.03652	
2.41862	3.83484	9.0011	7.11555	6.08475	4.80264	7.92062	2.71407	6.5804	0	3.56482	6.17955	3.71479	5.14658	7.60581	4.20567	5.15558	4.29489	8.23979	4.94035	1.50013	3.76658	3.39179	4.48362	1.96184	
1.1462	7.29865	9.55326	1.26845	12.5977	1.04624	5.68825	2.32306	0.733309	3.56482	0	4.71949	5.06687	5.38461	5.66345	9.49359	5.57105	10.2156	5.38049	3.48029	6.76493	7.3019	7.07805	6.98454	6.04946	
6.72225	8.4443	8.96241	11.7934	6.40973	4.76808	17.0393	6.56769	10.4169	6.17955	4.71949	0	5.031	7.73887	5.48676	3.44394	3.32995	7.97453	4.56151	1.2392	6.14949	5.94161	4.83695	5.32584	7.88497	
6.13341	6.58742	7.10552	3.79842	6.11115	4.13676	11.5607	4.85302	7.5487	3.71479	5.06687	5.031	0	7.87615	8.35573	1.58706	6.90569	7.03111	4.54453	7.76859	4.2926	6.11045	4.17084	3.46895	8.57943	
4.23841	1.31174	4.44107	2.94502	7.6373	5.42959	4.76744	1.89041	5.11665	5.14658	5.38461	7.73887	7.87615	0	2.25212	6.3121	4.06445	5.46691	5.03651	12.2813	3.10435	4.12769	8.68354	6.20241	8.79445	
6.49053	3.56385	4.20088	2.13554	5.38518	5.24307	3.95796	1.08093	4.93014	7.60581	5.66345	5.48676	8.35573	2.25212	0	8.77133	3.25496	3.21479	4.22703	6.72595	2.29487	6.58692	9.32181	5.39292	7.98497	
10.0128	5.00036	5.51847	5.38547	4.52409	7.62873	9.46708	3.91948	7.94166	4.20567	9.49359	3.44394	1.58706	6.3121	8.77133	0	5.31568	4.91502	6.13158	4.68314	2.70555	4.972	4.59721	1.8819	3.16726	
7.5742	8.99043	7.81607	3.22864	0.929167	5.61964	5.05106	2.17403	7.39884	5.15558	5.57105	3.32995	6.90569	4.06445	3.25496	5.31568	0	6.4669	4.55299	2.09075	3.38797	4.78051	2.73486	3.43378	4.74864	
10.6911	6.98576	7.41567	8.7492	6.90183	10.2642	12.6368	4.0087	8.14493	4.29489	10.2156	7.97453	7.03111	5.46691	3.21479	4.91502	6.4669	0	8.01785	6.73533	2.79477	5.06122	4.68643	3.03312	3.25648	
9.18773	4.38188	8.89652	4.2007	3.62382	4.96011	6.02312	3.1461	4.64718	8.23979	5.38049	4.56151	4.54453	5.03651	4.22703	6.13158	4.55299	8.01785	0	3.32232	3.83238	1.56593	2.93124	4.99089	3.03273	
4.6265	7.51836	9.90683	3.86722	3.01992	3.52888	7.35227	4.26479	3.84182	4.94035	3.48029	1.2392	7.76859	12.2813	6.72595	4.68314	2.09075	6.73533	3.32232	0	5.48941	4.70241	3.59775	5.52453	6.16921	
3.91874	5.0824	8.22401	2.26854	6.11779	10.3343	4.09096	1.21394	6.43874	1.50013	6.76493	6.14949	4.2926	3.10435	2.29487	2.70555	3.38797	2.79477	3.83238	5.48941	0	1.92852	1.89166	4.58744	0.461715	
9.27984	2.81595	7.33059	6.03345	3.85134	6.37178	11.1851	3.48039	6.2131	3.76658	7.3019	5.94161	6.11045	4.12769	6.58692	4.972	4.78051	5.06122	1.56593	4.70241	1.92852	0	4.15812	3.99225	1.4668	
12.9219	7.05584	10.5509	7.96925	3.66402	7.12664	14.9346	3.1056	7.57842	3.39179	7.07805	4.83695	4.17084	8.68354	9.32181	4.59721	2.73486	4.68643	2.93124	3.59775	1.89166	4.15812	0	6.16864	2.35338	
6.90224	6.8082	4.51748	5.3666	3.86871	6.05442	7.18902	4.31199	9.46637	4.48362	6.98454	5.32584	3.46895	6.20241	5.39292	1.8819	3.43378	3.03312	4.99089	5.52453	4.58744	3.99225	6.16864	0	5.45905	
7.44941	4.28275	8.79739	4.78101	5.31814	5.11935	9.71826	1.67565	7.03652	1.96184	6.04946	7.88497	8.57943	8.79445	7.98497	3.16726	4.74864	3.25648	3.03273	6.16921	0.461715	1.4668	2.35338	5.45905	0	

0	8.12471	7.29673	7.59709	9.05691	5.00322	1.98471	7.53337	2.81209	2.86207	1.47936	2.42967	6.56935	2.4641	5.037	8.75414	7.5866	9.58999	8.26676	7.12359	8.05236	5.42351	5.39616	3.88819	8.55482	
8.12471	0	3.2064	2.07685	4.96658	2.3249	6.39836	0.864818	7.76912	4.21659	3.00193	4.16567	6.89689	2.01719	1.13148	7.18099	8.60272	4.72401	7.25582	2.69668	4.42181	8.93335	2.32653	5.60432	5.38702	
7.29673	3.2064	0	4.83555	4.13861	4.0476	5.57038	2.61506	5.29423	3.38862	2.17396	3.3377	6.06892	1.18921	3.49586	4.10819	8.82971	2.18839	6.17673	4.45832	3.86348	6.49234	5.95876	7.9687	9.1039	
7.59709	2.07685	4.83555	0	9.83626	0.248046	6.67442	2.40421	8.5065	5.5357	6.91841	2.82159	3.73014	3.10644	2.07367	4.56696	3.9814	2.64716	11.2527	4.07681	5.6098	3.11237	4.40338	6.22932	8.49439	
9.05691	4.96658	4.13861	9.83626	0	4.57667	7.33057	4.37525	8.70133	5.1488	3.93414	5.09788	7.8291	2.94939	5.37914	0.32633	0.843308	2.24613	8.18803	6.2185	2.75237	3.0064	5.18079	4.75996	7.68237	
