20
5
2
3
30

6	25
1	50
11	25
47	42
3	33

22	35
37	29
8	32
40	14
47	10
42	35
5	14
4	36
42	25
29	13
40	12
50	19
49	12
45	9
11	8
25	5
17	28
33	35
2	41
7	15

150

1.79769e+308
1.79769e+308
1.79769e+308
1.79769e+308
1.79769e+308

14
17
16
17
17
12
20
15
15
12
13
15
11
18
13
13
19
18
19
14

0
0
0
0
0

0

0	5.39997	1.84426	8.32388	3.647	2.90738	4.84475	4.56408	6.16194	8.47979	7.65658	4.81721	12.9918	1.66449	4.38175	6.84425	8.17413	7.19253	5.51207	3.96394	1.66681	5.69023	5.29127	7.94348	3.45271	
5.39997	0	3.55571	5.1697	8.34752	9.33661	6.08802	6.27554	14.1263	6.41437	4.25341	3.01839	9.31603	10.2455	10.7618	9.536	14.2544	10.5523	5.51561	5.6754	10.0809	6.38462	5.51903	9.65494	3.99057	
1.84426	3.55571	0	4.53115	5.0473	4.75163	4.24022	2.71983	5.94737	4.56658	4.71264	2.58064	6.05772	3.50874	4.6064	7.68821	9.25601	8.70455	3.66782	2.11969	3.51107	3.84597	3.44702	6.09923	1.60846	
8.32388	5.1697	4.53115	0	2.68442	3.2786	1.34122	6.69722	3.58448	4.43859	0.916289	9.44203	9.56949	6.65939	10.2921	4.3145	6.89313	7.01124	1.91363	6.80964	7.0908	6.88702	1.08414	5.25467	8.46985	
3.647	8.34752	5.0473	2.68442	0	3.69134	5.62872	7.17064	4.10063	4.95473	2.8659	11.3659	0.968509	1.98252	10.684	7.16229	7.40928	14.9757	12.7801	7.94271	8.20011	6.14153	1.60028	3.39813	5.41777	
2.90738	9.33661	4.75163	3.2786	3.69134	0	1.93737	5.31937	7.10075	7.95485	4.90078	8.75385	4.65985	4.57186	7.22371	4.91065	10.4094	7.60739	2.50978	7.40579	4.50877	4.00159	4.6004	5.85082	6.68694	
4.84475	6.08802	4.24022	1.34122	5.62872	1.93737	0	6.86359	6.39552	1.47117	2.25751	10.5908	6.34306	8.00062	5.81856	2.97327	7.95721	5.60913	0.572405	5.46841	6.44614	4.29047	2.42536	3.91344	8.0343	
4.56408	6.27554	2.71983	6.69722	7.17064	5.31937	6.86359	0	14.0706	7.32652	5.78093	3.77196	6.20213	9.2983	9.18718	17.9859	13.508	12.8407	5.03585	4.83951	9.24504	1.31778	6.16685	8.3218	4.00314	
6.16194	14.1263	5.94737	3.58448	4.10063	7.10075	6.39552	14.0706	0	5.8548	3.76597	16.8114	11.5044	4.49746	0.720348	3.42224	0.864196	3.46188	5.9665	3.20706	3.43529	11.8902	2.50035	10.9375	8.76139	
8.47979	6.41437	4.56658	4.43859	4.95473	7.95485	1.47117	7.32652	5.8548	0	4.62008	10.9171	11.1818	6.81531	6.14492	2.87857	6.74568	3.76039	0.898763	8.07785	8.65666	4.61683	3.35445	13.0128	8.6941	
7.65658	4.25341	4.71264	0.916289	2.8659	4.90078	2.25751	5.78093	3.76597	4.62008	0	7.2718	10.4858	5.99209	8.88945	5.93668	7.07462	8.63343	3.53582	8.43182	6.17451	7.09871	1.26562	6.87685	9.38614	
4.81721	3.01839	2.58064	9.44203	11.3659	8.75385	10.5908	3.77196	16.8114	10.9171	7.2718	0	5.42144	14.5805	15.2645	14.0387	8.86937	13.3496	6.64078	3.53807	9.49816	3.65754	6.41998	9.07218	0.972182	
12.9918	9.31603	6.05772	9.56949	0.968509	4.65985	6.34306	6.20213	11.5044	11.1818	10.4858	5.42144	0	2.95103	9.46091	13.9418	12.3465	16.6386	8.89108	6.9742	13.499	5.17302	2.56879	2.42962	4.44926	
1.66449	10.2455	3.50874	6.65939	1.98252	4.57186	8.00062	9.2983	4.49746	6.81531	5.99209	14.5805	2.95103	0	5.21781	5.17977	5.36165	7.95934	7.71407	11.1881	3.3313	9.43407	3.5828	13.7355	12.1194	
4.38175	10.7618	4.6064	10.2921	10.684	7.22371	5.81856	9.18718	0.720348	6.14492	8.88945	15.2645	9.46091	5.21781	0	4.14259	1.58454	4.18223	5.24616	2.48671	2.71494	8.96422	3.2207	10.6197	5.0526	
6.84425	9.536	7.68821	4.3145	7.16229	4.91065	2.97327	17.9859	3.42224	2.87857	5.93668	14.0387	13.9418	5.17977	4.14259	0	4.28644	6.63895	3.54568	8.44169	5.77809	7.73846	5.92259	6.88672	15.95	
8.17413	14.2544	9.25601	6.89313	7.40928	10.4094	7.95721	13.508	0.864196	6.74568	7.07462	8.86937	12.3465	5.36165	1.58454	4.28644	0	4.32607	8.74563	8.23436	9.01802	10.5826	3.36455	10.0733	7.89719	
7.19253	10.5523	8.70455	7.01124	14.9757	7.60739	5.60913	12.8407	3.46188	3.76039	8.63343	13.3496	16.6386	7.95934	4.18223	6.63895	4.32607	0	4.65915	10.832	5.52572	8.7548	5.96223	9.58347	14.2082	
5.51207	5.51561	3.66782	1.91363	12.7801	2.50978	0.572405	5.03585	5.9665	0.898763	3.53582	6.64078	8.89108	7.71407	5.24616	3.54568	8.74563	4.65915	0	5.78751	7.9611	3.71807	4.25322	4.48585	5.27627	
3.96394	5.6754	2.11969	6.80964	7.94271	7.40579	5.46841	4.83951	3.20706	8.07785	8.43182	3.53807	6.9742	11.1881	2.48671	8.44169	8.23436	10.832	5.78751	0	5.20165	5.25125	5.56671	8.13303	2.56589	
1.66681	10.0809	3.51107	7.0908	8.20011	4.50877	6.44614	9.24504	3.43529	8.65666	6.17451	9.49816	13.499	3.3313	2.71494	5.77809	9.01802	5.52572	7.9611	5.20165	0	8.51036	7.44013	11.732	8.13366	
5.69023	6.38462	3.84597	6.88702	6.14153	4.00159	4.29047	1.31778	11.8902	4.61683	7.09871	3.65754	5.17302	9.43407	8.96422	7.73846	10.5826	8.7548	3.71807	5.25125	8.51036	0	7.29299	7.00402	2.68536	
5.29127	5.51903	3.44702	1.08414	1.60028	4.6004	2.42536	6.16685	2.50035	3.35445	1.26562	6.41998	2.56879	3.5828	3.2207	5.92259	3.36455	5.96223	4.25322	5.56671	7.44013	7.29299	0	9.50552	5.05547	
7.94348	9.65494	6.09923	5.25467	3.39813	5.85082	3.91344	8.3218	10.9375	13.0128	6.87685	9.07218	2.42962	13.7355	10.6197	6.88672	10.0733	9.58347	4.48585	8.13303	11.732	7.00402	9.50552	0	6.87888	
3.45271	3.99057	1.60846	8.46985	5.41777	6.68694	8.0343	4.00314	8.76139	8.6941	9.38614	0.972182	4.44926	12.1194	5.0526	15.95	7.89719	14.2082	5.27627	2.56589	8.13366	2.68536	5.05547	6.87888	0	

0	4.97937	3.84374	4.92393	4.59777	4.38182	7.8997	5.98349	9.73839	6.43893	3.51563	1.02153	3.13719	5.608	6.61006	6.66659	8.09457	8.25858	8.53055	3.01534	11.1428	5.13116	3.71226	3.9549	1.08167	
4.97937	0	10.3861	3.62892	4.79315	8.61438	4.5799	5.13465	6.51762	15.1676	10.0615	9.20257	1.84218	6.87159	11.7106	6.69117	9.26653	8.73429	7.23555	7.82024	10.4342	3.83616	6.46934	2.33604	7.7431	
3.84374	10.3861	0	10.3307	4.03037	5.10455	9.24366	1.85054	8.01346	8.23961	10.8795	2.82221	5.14301	13.8792	8.41074	7.13239	12.8847	9.17381	8.94379	4.81602	17.5496	5.64613	5.51294	7.16809	4.90273	
4.92393	3.62892	10.3307	0	4.7377	9.24103	5.08598	5.07921	12.563	7.05244	2.87703	9.5987	1.78674	7.37767	12.0358	7.19725	5.96395	8.37872	7.1801	8.32632	9.97357	3.78071	6.97542	2.60445	13.3851	
4.59777	4.79315	4.03037	4.7377	0	3.62878	12.8845	2.17983	14.5106	8.99364	7.40292	3.57624	2.95096	10.7396	8.46042	11.4669	13.214	3.64515	8.34433	5.57005	9.66891	1.3116	6.26697	2.83356	9.23726	
4.38182	8.61438	5.10455	9.24103	3.62878	0	8.74046	6.95509	10.0668	8.01781	7.89745	5.40335	4.31115	9.98982	3.72016	7.73629	10.2534	4.65072	5.92489	7.59631	7.02929	2.31717	8.01709	7.72459	5.46348	
7.8997	4.5799	9.24366	5.08598	12.8845	8.74046	0	14.531	2.99233	3.2313	5.48157	4.58016	6.42208	2.29169	6.18637	2.11127	4.68663	5.38139	3.92266	3.24034	7.69459	8.51948	1.88944	6.91594	7.18987	
5.98349	5.13465	1.85054	5.07921	2.17983	6.95509	14.531	0	12.3874	9.18641	9.49912	4.67275	3.29247	11.0811	14.0521	8.98293	11.0342	7.32326	8.27302	9.83381	12.3255	3.49143	9.37791	4.11018	6.75327	
9.73839	6.51762	8.01346	12.563	14.5106	10.0668	2.99233	12.3874	0	4.50555	8.30715	7.68036	8.3598	4.13039	6.34668	0.881062	6.61695	4.15118	2.69246	5.68654	7.12096	10.9657	5.07979	8.85366	6.46598	
6.43893	15.1676	8.23961	7.05244	8.99364	8.01781	3.2313	9.18641	4.50555	0	7.07589	5.4174	8.72825	0.939605	7.52735	3.62448	1.0885	1.86315	2.81291	4.0365	5.09812	4.1967	8.10813	12.2839	7.98603	
3.51563	10.0615	10.8795	2.87703	7.40292	7.89745	5.48157	9.49912	8.30715	7.07589	0	4.53716	4.66377	6.13628	9.63902	7.42609	8.62285	7.04498	6.09522	8.7219	7.62719	8.71453	7.371	5.60919	4.5973	
1.02153	9.20257	2.82221	9.5987	3.57624	5.40335	4.58016	4.67275	7.68036	5.4174	4.53716	0	4.15872	6.35701	5.58853	7.17905	6.5059	7.28055	6.44901	1.99381	8.89766	4.88785	2.69073	6.4098	2.1032	
3.13719	1.84218	5.14301	1.78674	2.95096	4.31115	6.42208	3.29247	8.3598	8.72825	4.66377	4.15872	0	7.78865	8.93716	7.20476	7.75068	4.32752	5.39337	6.54134	8.28752	1.99397	6.08544	0.81771	4.21886	
5.608	6.87159	13.8792	7.37767	10.7396	9.98982	2.29169	11.0811	4.13039	0.939605	6.13628	6.35701	7.78865	0	8.46696	4.40296	2.0281	2.80275	8.6674	4.9761	6.49619	9.78262	4.18113	8.60636	6.68967	
6.61006	11.7106	8.41074	12.0358	8.46042	3.72016	6.18637	14.0521	6.34668	7.52735	9.63902	5.58853	8.93716	8.46696	0	5.35519	6.53326	4.49356	3.5438	7.58234	3.30913	6.03733	4.29693	10.2928	12.9927	
6.66659	6.69117	7.13239	7.19725	11.4669	7.73629	2.11127	8.98293	0.881062	3.62448	7.42609	7.17905	7.20476	4.40296	5.35519	0	4.71298	2.76116	1.8114	5.3516	4.70556	5.60367	4.0007	8.56041	5.58492	
8.09457	9.26653	12.8847	5.96395	13.214	10.2534	4.68663	11.0342	6.61695	1.0885	8.62285	6.5059	7.75068	2.0281	6.53326	4.71298	0	2.95165	6.90378	5.12499	4.00962	10.9415	6.57606	8.69611	9.61192	
8.25858	8.73429	9.17381	8.37872	3.64515	4.65072	5.38139	7.32326	4.15118	1.86315	7.04498	7.28055	4.32752	2.80275	4.49356	2.76116	2.95165	0	0.949761	5.89964	3.84392	2.33355	4.70805	7.69877	8.85504	
8.53055	7.23555	8.94379	7.1801	8.34433	5.92489	3.92266	8.27302	2.69246	2.81291	6.09522	6.44901	5.39337	8.6674	3.5438	1.8114	6.90378	0.949761	0	11.7643	2.89416	3.28331	3.75829	6.21108	7.39632	
3.01534	7.82024	4.81602	8.32632	5.57005	7.59631	3.24034	9.83381	5.68654	4.0365	8.7219	1.99381	6.54134	4.9761	7.58234	5.3516	5.12499	5.89964	11.7643	0	9.672	5.27914	4.68454	7.35905	3.94954	
11.1428	10.4342	17.5496	9.97357	9.66891	7.02929	7.69459	12.3255	7.12096	5.09812	7.62719	8.89766	8.28752	6.49619	3.30913	4.70556	4.00962	3.84392	2.89416	9.672	0	8.35731	6.65244	8.0982	12.343	
5.13116	3.83616	5.64613	3.78071	1.3116	2.31717	8.51948	3.49143	10.9657	4.1967	8.71453	4.88785	1.99397	9.78262	6.03733	5.60367	10.9415	2.33355	3.28331	5.27914	8.35731	0	7.55097	2.81168	9.22868	
3.71226	6.46934	5.51294	6.97542	6.26697	8.01709	1.88944	9.37791	5.07979	8.10813	7.371	2.69073	6.08544	4.18113	4.29693	4.0007	6.57606	4.70805	3.75829	4.68454	6.65244	7.55097	0	6.90315	10.0732	
3.9549	2.33604	7.16809	2.60445	2.83356	7.72459	6.91594	4.11018	8.85366	12.2839	5.60919	6.4098	0.81771	8.60636	10.2928	8.56041	8.69611	7.69877	6.21108	7.35905	8.0982	2.81168	6.90315	0	10.0791	
1.08167	7.7431	4.90273	13.3851	9.23726	5.46348	7.18987	6.75327	6.46598	7.98603	4.5973	2.1032	4.21886	6.68967	12.9927	5.58492	9.61192	8.85504	7.39632	3.94954	12.343	9.22868	10.0732	10.0791	0	

0	7.48038	2.01905	16.9579	3.11501	2.6722	7.73526	3.48709	6.0478	5.45451	10.301	0.76054	1.41062	10.522	7.60812	6.58051	6.39275	4.29943	5.14864	1.08339	5.96479	6.46249	6.46498	2.55575	1.43641	
7.48038	0	12.1072	15.2548	10.3318	4.80817	9.48744	5.94737	6.51196	7.63405	7.40535	6.78068	9.93552	11.9814	5.8944	7.96501	11.5841	8.26033	9.43874	15.8368	7.49614	12.9134	11.2414	6.80724	15.4384	
2.01905	12.1072	0	13.1252	2.0363	2.60724	13.864	1.46804	10.3935	10.1109	15.4057	2.77959	2.77092	10.1868	7.62848	8.28074	5.32134	6.31848	7.15537	3.10244	8.61522	4.15722	7.44527	5.88836	4.97956	
16.9579	15.2548	13.1252	0	14.6092	16.419	7.59503	11.3709	14.2308	10.646	7.84946	17.4315	16.5827	8.21596	9.30043	10.3818	9.15868	11.5045	10.9927	14.468	7.69869	8.68172	8.86532	14.4123	10.703	
3.11501	10.3318	2.0363	14.6092	0	1.70745	5.58018	0.568259	9.39289	8.7996	8.14595	3.50384	1.87114	13.9845	4.49311	9.9256	8.45671	6.76088	8.49373	4.1984	6.09486	3.25744	4.3099	4.05674	6.07551	
2.6722	4.80817	2.60724	16.419	1.70745	0	10.4581	1.1392	6.87369	5.7516	9.75942	1.9725	2.44207	8.18167	10.0168	9.49501	9.78588	6.90668	6.60294	3.75559	13.6345	3.82837	9.13718	3.76772	2.64837	
7.73526	9.48744	13.864	7.59503	5.58018	10.4581	0	11.2375	5.82857	4.70647	2.08209	8.61244	9.9455	4.53474	5.75185	6.70057	7.3893	3.72126	5.55527	16.95	9.57917	10.3535	1.27028	6.81723	5.41203	
3.48709	5.94737	1.46804	11.3709	0.568259	1.1392	11.2375	0	12.814	6.89079	13.0579	1.95296	1.30288	15.4189	5.06137	6.52648	6.78939	8.21278	9.09105	4.7421	10.4624	2.68918	4.87816	4.42032	7.07898	
6.0478	6.51196	10.3935	14.2308	9.39289	6.87369	5.82857	12.814	0	1.12209	5.12991	8.97556	13.2793	3.55217	11.2121	1.45305	4.09423	1.74837	1.97343	10.3815	14.1438	5.29036	4.19935	13.3192	10.5077	
5.45451	7.63405	10.1109	10.646	8.7996	5.7516	4.70647	6.89079	1.12209	0	4.00782	7.7241	11.2038	2.43008	7.67758	2.57515	2.68537	1.15508	0.85134	9.17527	12.3779	13.8568	3.60606	11.5237	11.0524	
10.301	7.40535	15.4057	7.84946	8.14595	9.75942	2.08209	13.0579	5.12991	4.00782	0	13.741	15.0741	4.57608	3.66976	6.74191	9.44155	5.16291	4.85916	21.2369	5.2715	12.4356	3.35237	8.89932	7.9778	
0.76054	6.78068	2.77959	17.4315	3.50384	1.9725	8.61244	1.95296	8.97556	7.7241	13.741	0	0.65008	9.68833	8.88114	7.5225	8.27281	5.05997	9.92436	1.84393	3.68015	10.0777	4.81762	1.79521	0.675866	
1.41062	9.93552	2.77092	16.5827	1.87114	2.44207	9.9455	1.30288	13.2793	11.2038	15.0741	0.65008	0	15.3613	7.34688	8.17258	8.92289	10.4983	10.3525	6.26634	14.3389	3.99205	7.16366	2.44529	1.32595	
10.522	11.9814	10.1868	8.21596	13.9845	8.18167	4.53474	15.4189	3.55217	2.43008	4.57608	9.68833	15.3613	0	8.24584	2.16583	4.86548	3.58516	3.28142	10.1748	10.9984	6.00313	5.80502	11.352	14.0027	
7.60812	5.8944	7.62848	9.30043	4.49311	10.0168	5.75185	5.06137	11.2121	7.67758	3.66976	8.88114	7.34688	8.24584	0	9.75903	9.46641	11.8123	11.3004	9.20399	1.60174	11.074	7.50581	8.54985	4.60603	
6.58051	7.96501	8.28074	10.3818	9.9256	9.49501	6.70057	6.52648	1.45305	2.57515	6.74191	7.5225	8.17258	2.16583	9.75903	0	4.2506	2.28108	2.41658	13.1388	11.3608	3.8373	4.73206	9.31772	8.19837	
6.39275	11.5841	5.32134	9.15868	8.45671	9.78588	7.3893	6.78939	4.09423	2.68537	9.44155	8.27281	8.92289	4.86548	9.46641	4.2506	0	2.34586	1.83403	5.30936	11.0682	8.44575	4.79684	10.068	8.94868	
4.29943	8.26033	6.31848	11.5045	6.76088	6.90668	3.72126	8.21278	1.74837	1.15508	5.16291	5.05997	10.4983	3.58516	11.8123	2.28108	2.34586	0	0.849212	5.38282	14.4874	6.11838	2.45098	11.7013	6.59273	
5.14864	9.43874	7.15537	10.9927	8.49373	6.60294	5.55527	9.09105	1.97343	0.85134	4.85916	9.92436	10.3525	3.28142	11.3004	2.41658	1.83403	0.849212	0	7.14339	14.0161	6.25388	3.30019	12.3725	11.0118	
1.08339	15.8368	3.10244	14.468	4.1984	3.75559	16.95	4.7421	10.3815	9.17527	21.2369	1.84393	6.26634	10.1748	9.20399	13.1388	5.30936	5.38282	7.14339	0	9.9025	7.7175	7.54837	7.41147	4.0439	
5.96479	7.49614	8.61522	7.69869	6.09486	13.6345	9.57917	10.4624	14.1438	12.3779	5.2715	3.68015	14.3389	10.9984	1.60174	11.3608	11.0682	14.4874	14.0161	9.9025	0	12.6757	7.14603	15.484	3.00428	
6.46249	12.9134	4.15722	8.68172	3.25744	3.82837	10.3535	2.68918	5.29036	13.8568	12.4356	10.0777	3.99205	6.00313	11.074	3.8373	8.44575	6.11838	6.25388	7.7175	12.6757	0	9.46896	7.1095	10.0544	
6.46498	11.2414	7.44527	8.86532	4.3099	9.13718	1.27028	4.87816	4.19935	3.60606	3.35237	4.81762	7.16366	5.80502	7.50581	4.73206	4.79684	2.45098	3.30019	7.54837	7.14603	9.46896	0	8.08751	4.14175	
2.55575	6.80724	5.88836	14.4123	4.05674	3.76772	6.81723	4.42032	13.3192	11.5237	8.89932	1.79521	2.44529	11.352	8.54985	9.31772	10.068	11.7013	12.3725	7.41147	15.484	7.1095	8.08751	0	2.47108	
1.43641	15.4384	4.97956	10.703	6.07551	2.64837	5.41203	7.07898	10.5077	11.0524	7.9778	0.675866	1.32595	14.0027	4.60603	8.19837	8.94868	6.59273	11.0118	4.0439	3.00428	10.0544	4.14175	2.47108	0	

0	5.21908	0.943795	6.05363	3.83183	7.98802	6.10936	2.56977	6.33132	12.9372	4.21641	4.6402	2.34665	7.26983	9.30638	3.42013	5.37042	12.5511	5.32269	6.04555	6.72774	4.26327	5.32069	4.59779	4.2476	
5.21908	0	6.01161	13.3831	5.00177	6.71836	5.51239	8.81639	4.58822	10.8633	7.43961	8.85627	2.87243	7.69027	6.49134	3.53527	5.81761	6.26021	4.37318	2.92953	8.46571	7.56847	10.9429	5.12358	7.35247	
0.943795	6.01161	0	10.0108	5.3881	7.04422	4.45346	3.51357	3.52929	9.3679	5.1602	9.93092	3.29044	8.00844	5.4324	2.47634	4.75868	5.20127	3.31425	6.98934	5.78394	10.0997	4.3769	7.65477	5.19139	
6.05363	13.3831	10.0108	0	13.7358	2.96661	3.73018	8.52001	7.57735	4.11249	1.83723	12.7394	10.2357	3.93083	5.11781	6.84744	2.99124	4.79738	6.647	6.75544	6.60845	8.12337	11.134	14.578	19.104	
3.83183	5.00177	5.3881	13.7358	0	6.81546	7.50783	1.26206	5.0236	8.79167	8.66072	5.4323	2.12934	7.58212	12.083	10.8317	5.34291	8.10677	5.10538	10.4899	10.6691	1.66553	8.1863	1.87258	3.97357	
7.98802	6.71836	7.04422	2.96661	6.81546	0	3.72454	5.5534	2.05162	7.0791	4.12678	8.92352	9.72808	0.964213	10.5559	7.86872	5.28079	16.9096	12.7041	3.78883	12.8282	5.15676	11.4211	11.9792	8.21902	
6.10936	5.51239	4.45346	3.73018	7.50783	3.72454	0	7.51028	3.03007	4.96367	1.89295	6.67443	8.41909	2.76033	4.93318	1.97712	3.04697	4.70205	2.81503	7.52107	4.89512	5.84229	11.1897	10.7981	16.3212	
2.56977	8.81639	3.51357	8.52001	1.26206	5.5534	7.51028	0	3.76154	5.61509	5.23486	5.28326	3.3914	4.84895	10.8743	4.81449	4.08085	8.51955	7.32541	8.61532	5.54654	1.6935	8.21539	3.13464	6.81737	
6.33132	4.58822	3.52929	7.57735	5.0236	2.05162	3.03007	3.76154	0	3.46487	6.06316	1.52172	9.7055	1.08741	4.00902	1.05295	3.33529	3.77789	1.89086	5.84815	5.98339	5.28848	12.97	5.35018	1.91433	
12.9372	10.8633	9.3679	4.11249	8.79167	7.0791	4.96367	5.61509	3.46487	0	2.68826	4.98659	5.51055	4.55228	1.00532	3.37242	1.53424	0.684895	2.53451	8.41949	2.99994	12.3085	5.00188	10.9694	7.8177	
4.21641	7.43961	5.1602	1.83723	8.66072	4.12678	1.89295	5.23486	6.06316	2.68826	0	11.7891	6.24693	4.65329	6.42913	3.43635	1.15401	5.59272	4.39858	7.91561	2.61971	7.73525	9.29675	10.5892	8.464	
4.6402	8.85627	9.93092	12.7394	5.4323	8.92352	6.67443	5.28326	1.52172	4.98659	11.7891	0	6.07961	2.60913	10.4106	2.57467	9.73692	10.1795	5.6758	4.8228	9.55116	3.76676	10.1422	2.4936	0.392606	
2.34665	2.87243	3.29044	10.2357	2.12934	9.72808	8.41909	3.3914	9.7055	5.51055	6.24693	6.07961	0	9.61647	11.8863	3.81396	5.09292	7.41538	2.97605	5.80196	5.37034	3.79487	8.56487	2.25115	4.35214	
7.26983	7.69027	8.00844	3.93083	7.58212	0.964213	2.76033	4.84895	1.08741	4.55228	4.65329	2.60913	9.61647	0	9.86057	2.14036	6.18976	9.62944	7.74242	4.75304	11.8349	6.12097	11.8826	9.4547	9.19093	
9.30638	6.49134	5.4324	5.11781	12.083	10.5559	4.93318	10.8743	4.00902	1.00532	6.42913	10.4106	11.8863	9.86057	0	2.95607	2.53957	1.69022	3.53983	9.42482	7.8865	10.5184	3.99655	10.3103	11.6304	
3.42013	3.53527	2.47634	6.84744	10.8317	7.86872	1.97712	4.81449	1.05295	3.37242	3.43635	2.57467	3.81396	2.14036	2.95607	0	2.28234	2.72494	0.837913	6.4648	3.23221	7.81941	6.85323	8.78675	6.12111	
5.37042	5.81761	4.75868	2.99124	5.34291	5.28079	3.04697	4.08085	3.33529	1.53424	1.15401	9.73692	5.09292	6.18976	2.53957	2.28234	0	2.21914	3.12025	9.95374	1.46569	5.77435	10.4508	7.34406	8.52776	
12.5511	6.26021	5.20127	4.79738	8.10677	16.9096	4.70205	8.51955	3.77789	0.684895	5.59272	10.1795	7.41538	9.62944	1.69022	2.72494	2.21914	0	3.2194	9.10439	4.17425	9.77231	7.97278	9.97935	9.72253	
5.32269	4.37318	3.31425	6.647	5.10538	12.7041	2.81503	7.32541	1.89086	2.53451	4.39858	5.6758	2.97605	7.74242	3.53983	0.837913	3.12025	3.2194	0	9.71339	2.3943	7.67208	15.7778	5.22719	5.2832	
6.04555	2.92953	6.98934	6.75544	10.4899	3.78883	7.52107	8.61532	5.84815	8.41949	7.91561	4.8228	5.80196	4.75304	9.42482	6.4648	9.95374	9.10439	9.71339	0	13.5887	8.94559	16.6434	6.53119	4.43019	
6.72774	8.46571	5.78394	6.60845	10.6691	12.8282	4.89512	5.54654	5.98339	2.99994	2.61971	9.55116	5.37034	11.8349	7.8865	3.23221	1.46569	4.17425	2.3943	13.5887	0	9.0036	10.1608	10.9009	7.67749	
4.26327	7.56847	10.0997	8.12337	1.66553	5.15676	5.84229	1.6935	5.28848	12.3085	7.73525	3.76676	3.79487	6.12097	10.5184	7.81941	5.77435	9.77231	7.67208	8.94559	9.0036	0	6.52189	3.53811	4.15937	
5.32069	10.9429	4.3769	11.134	8.1863	11.4211	11.1897	8.21539	12.97	5.00188	9.29675	10.1422	8.56487	11.8826	3.99655	6.85323	10.4508	7.97278	15.7778	16.6434	10.1608	6.52189	0	6.31372	8.41472	
4.59779	5.12358	7.65477	14.578	1.87258	11.9792	10.7981	3.13464	5.35018	10.9694	10.5892	2.4936	2.25115	9.4547	10.3103	8.78675	7.34406	9.97935	5.22719	6.53119	10.9009	3.53811	6.31372	0	2.10099	
4.2476	7.35247	5.19139	19.104	3.97357	8.21902	16.3212	6.81737	1.91433	7.8177	8.464	0.392606	4.35214	9.19093	11.6304	6.12111	8.52776	9.72253	5.2832	4.43019	7.67749	4.15937	8.41472	2.10099	0	

0	6.11325	2.6479	7.11093	3.58788	8.11665	13.44	1.76638	4.13047	5.60741	13.6141	7.43033	3.84211	6.59439	7.29875	5.73921	12.0384	6.2468	4.68871	8.23003	10.647	6.05363	9.12205	5.25781	5.32452	
6.11325	0	7.37619	7.39896	6.16836	7.06985	5.86568	4.34686	5.53685	8.58249	8.67616	10.5293	8.60055	9.16174	5.53595	5.63296	2.95677	6.67109	8.16668	6.59264	7.58862	3.61369	3.58769	5.72141	5.2026	
2.6479	7.37619	0	5.47884	2.64126	5.46875	5.72878	4.41428	5.55969	4.08275	11.4092	5.79824	2.21002	3.94649	9.38201	7.81871	9.58183	5.17932	3.05662	17.0096	9.71835	5.08595	10.9639	2.60992	3.69243	
7.11093	7.39896	5.47884	0	3.70006	9.16625	1.69176	11.7458	10.3185	11.7954	1.2772	6.85704	3.26882	2.60259	6.02023	6.47481	8.65775	7.89295	4.11542	7.07692	8.07289	8.61131	4.07197	6.14795	4.75123	
3.58788	6.16836	2.64126	3.70006	0	9.92514	13.4951	1.8215	11.3828	8.53915	12.8756	4.01946	0.431244	8.40289	7.35387	9.7093	14.5183	6.63655	1.27784	8.28514	7.93958	8.41536	12.2992	3.31038	1.91365	
8.11665	7.06985	5.46875	9.16625	9.92514	0	7.02199	16.2207	5.70349	7.85226	8.72654	6.83172	7.67877	6.56367	7.22746	4.09475	4.11308	6.17771	9.32299	8.33055	5.50579	10.5547	8.69887	8.07867	8.17488	
13.44	5.86568	5.72878	1.69176	13.4951	7.02199	0	11.6736	7.44239	8.53463	0.414558	8.1701	10.8686	1.78229	8.96636	5.5851	2.90891	6.62323	6.09716	9.41173	7.24469	7.4864	6.2175	9.21382	9.07531	
1.76638	4.34686	4.41428	11.7458	1.8215	16.2207	11.6736	0	5.89685	5.91163	12.0882	7.96247	2.25274	10.1054	5.53237	6.89801	7.30363	4.81506	7.84333	6.46364	8.99112	6.59386	7.48063	5.89787	8.18277	
4.13047	5.53685	5.55969	10.3185	11.3828	5.70349	7.44239	5.89685	0	1.47693	9.48367	4.91559	6.96132	5.48096	4.74145	1.60874	4.28493	2.11633	3.01813	14.1746	3.01978	1.92316	8.258	9.33604	3.51208	
5.60741	8.58249	4.08275	11.7954	8.53915	7.85226	8.53463	5.91163	1.47693	0	7.2238	7.06436	2.38779	6.38693	3.85215	3.08567	4.8109	1.09657	1.54119	14.1721	5.16855	3.4001	10.2115	6.69267	6.95584	
13.6141	8.67616	11.4092	1.2772	12.8756	8.72654	0.414558	12.0882	9.48367	7.2238	0	7.75554	4.54602	2.19685	7.7512	6.24821	3.32347	8.74024	5.6826	8.80789	8.8426	7.90095	5.34916	8.79926	9.0987	
7.43033	10.5293	5.79824	6.85704	4.01946	6.83172	8.1701	7.96247	4.91559	7.06436	7.75554	0	2.82557	7.17907	6.43956	2.92079	5.98304	5.3898	4.43482	1.49883	1.50975	2.93207	4.50378	5.20029	1.34316	
3.84211	8.60055	2.21002	3.26882	0.431244	7.67877	10.8686	2.25274	6.96132	2.38779	4.54602	2.82557	0	5.87141	3.15756	6.89507	6.05651	3.90423	0.846599	5.08705	5.09797	3.07132	7.34079	2.87914	1.48241	
6.59439	9.16174	3.94649	2.60259	8.40289	6.56367	1.78229	10.1054	5.48096	6.38693	2.19685	7.17907	5.87141	0	7.00493	3.87222	4.6912	5.29036	8.34799	11.194	5.28326	6.00872	6.67456	6.55641	7.59764	
7.29875	5.53595	9.38201	6.02023	7.35387	7.22746	8.96636	5.53237	4.74145	3.85215	7.7512	6.43956	3.15756	7.00493	0	3.13271	5.8089	5.21566	2.31096	4.95321	4.54375	4.31386	1.94826	11.9919	5.90277	
5.73921	5.63296	7.81871	6.47481	9.7093	4.09475	5.5851	6.89801	1.60874	3.08567	6.24821	2.92079	6.89507	3.87222	3.13271	0	2.67619	2.08295	5.14059	3.93851	1.41104	3.5319	5.08097	9.95172	4.65001	
12.0384	2.95677	9.58183	8.65775	14.5183	4.11308	2.90891	7.30363	4.28493	4.8109	3.32347	5.98304	6.05651	4.6912	5.8089	2.67619	0	3.71433	5.20991	7.59074	4.08723	6.57046	4.58579	8.67818	10.0699	
6.2468	6.67109	5.17932	7.89295	6.63655	6.17771	6.62323	4.81506	2.11633	1.09657	8.74024	5.3898	3.90423	5.29036	5.21566	2.08295	3.71433	0	2.63776	9.108	3.49399	4.03949	8.30011	10.2127	6.35558	
4.68871	8.16668	3.05662	4.11542	1.27784	9.32299	6.09716	7.84333	3.01813	1.54119	5.6826	4.43482	0.846599	8.34799	2.31096	5.14059	5.20991	2.63776	0	9.82848	7.30101	6.62482	4.25922	3.72573	2.32901	
8.23003	6.59264	17.0096	7.07692	8.28514	8.33055	9.41173	6.46364	14.1746	14.1721	8.80789	1.49883	5.08705	11.194	4.95321	3.93851	7.59074	9.108	9.82848	0	2.52747	12.1787	3.00495	14.1243	2.84199	
10.647	7.58862	9.71835	8.07289	7.93958	5.50579	7.24469	8.99112	3.01978	5.16855	8.8426	1.50975	5.09797	5.28326	4.54375	1.41104	4.08723	3.49399	7.30101	2.52747	0	11.4327	4.00093	10.3875	2.85291	
6.05363	3.61369	5.08595	8.61131	8.41536	10.5547	7.4864	6.59386	1.92316	3.4001	7.90095	2.93207	3.07132	6.00872	4.31386	3.5319	6.57046	4.03949	6.62482	12.1787	11.4327	0	6.26211	5.44605	1.58892	
9.12205	3.58769	10.9639	4.07197	12.2992	8.69887	6.2175	7.48063	8.258	10.2115	5.34916	4.50378	7.34079	6.67456	1.94826	5.08097	4.58579	8.30011	4.25922	3.00495	4.00093	6.26211	0	9.30911	12.7015	
5.25781	5.72141	2.60992	6.14795	3.31038	8.07867	9.21382	5.89787	9.33604	6.69267	8.79926	5.20029	2.87914	6.55641	11.9919	9.95172	8.67818	10.2127	3.72573	14.1243	10.3875	5.44605	9.30911	0	3.85713	
5.32452	5.2026	3.69243	4.75123	1.91365	8.17488	9.07531	8.18277	3.51208	6.95584	9.0987	1.34316	1.48241	7.59764	5.90277	4.65001	10.0699	6.35558	2.32901	2.84199	2.85291	1.58892	12.7015	3.85713	0	

0	5.86777	8.77168	10.3842	5.76793	3.01577	4.24029	1.16253	2.91632	4.41608	7.00252	2.04614	2.93459	5.66389	3.47856	5.1599	9.89947	8.08787	13.6174	1.63916	2.1913	2.39939	1.98571	7.23017	1.80942	
5.86777	0	10.9148	7.27406	6.59637	7.24823	4.4283	4.07571	5.63276	8.0295	6.93434	5.80171	4.27549	5.59907	8.4341	7.0249	14.5003	10.3137	12.4033	2.52127	10.5804	1.76104	3.25254	7.18874	11.4935	
8.77168	10.9148	0	9.0422	1.71479	4.99324	10.5251	2.17488	8.34735	5.8957	11.8966	1.6663	0.402816	7.75126	11.6836	2.21582	6.22844	9.39261	5.4257	2.77634	10.963	2.91726	8.21484	4.68661	10.5811	
10.3842	7.27406	9.0422	0	11.1187	10.5612	1.31364	4.8447	5.18201	8.30555	0.799623	6.5707	4.75143	4.58591	10.7381	2.93843	8.34453	6.22727	8.32898	8.92106	5.61084	8.16083	4.02153	11.0517	11.0477	
5.76793	6.59637	1.71479	11.1187	0	5.9024	3.40394	3.08404	8.47693	8.34412	3.91796	2.57546	1.31198	4.7402	8.33426	3.12498	7.90391	8.00101	8.70665	3.6855	6.62863	3.82643	5.42857	5.59577	4.89717	
3.01577	7.24823	4.99324	10.5612	5.9024	0	5.58219	4.1783	5.93209	7.53483	9.7616	5.06191	4.59042	4.24593	6.49433	5.89341	6.063	7.19171	10.3458	4.65493	5.17489	7.10487	6.59246	5.68449	4.82519	
4.24029	4.4283	10.5251	1.31364	3.40394	5.58219	0	4.68544	6.24249	8.93572	0.514022	2.19415	3.45763	1.33626	6.9491	2.98374	3.15333	9.87442	7.65563	3.42749	3.22469	2.66726	3.68279	8.09497	3.10548	
1.16253	4.07571	2.17488	4.8447	3.08404	4.1783	4.68544	0	3.2034	12.1487	4.50498	3.03554	1.77206	3.16971	3.72886	3.58506	6.31843	12.4918	12.6187	2.80169	3.35384	4.28651	0.823175	6.05585	2.97195	
2.91632	5.63276	8.34735	5.18201	8.47693	5.93209	6.24249	3.2034	0	1.49975	6.06203	4.49109	4.05658	3.89107	5.95144	2.24358	8.19307	1.84287	1.96975	4.55548	3.25915	6.33644	2.38022	9.00051	3.57976	
4.41608	8.0295	5.8957	8.30555	8.34412	7.53483	8.93572	12.1487	1.49975	0	7.99936	9.72642	7.18012	7.0146	7.4512	3.63196	1.27273	0.343117	0.469993	7.02869	4.75891	6.26846	3.87998	11.6962	5.07952	
7.00252	6.93434	11.8966	0.799623	3.91796	9.7616	0.514022	4.50498	6.06203	7.99936	0	2.70817	8.73721	1.85028	8.24742	3.73805	7.36691	10.213	7.52936	12.821	3.73871	3.18128	3.6818	11.8513	16.1548	
2.04614	5.80171	1.6663	6.5707	2.57546	5.06191	2.19415	3.03554	4.49109	9.72642	2.70817	0	1.26348	3.53041	5.5247	3.07649	9.00138	10.4893	10.6162	1.40621	4.23745	2.16644	2.54917	5.54727	0.911332	
2.93459	4.27549	0.402816	4.75143	1.31198	4.59042	3.45763	1.77206	4.05658	7.18012	8.73721	1.26348	0	3.46049	5.50093	1.813	9.21589	5.10184	5.82852	2.37352	6.20606	2.51445	2.59524	4.28379	2.17481	
5.66389	5.59907	7.75126	4.58591	4.7402	4.24593	1.33626	3.16971	3.89107	7.0146	1.85028	3.53041	3.46049	0	5.61284	1.64748	1.81707	4.8386	2.61981	7.6325	4.56095	4.00352	2.34653	7.46739	9.90712	
3.47856	8.4341	11.6836	10.7381	8.33426	6.49433	6.9491	3.72886	5.95144	7.4512	8.24742	5.5247	5.50093	5.61284	0	7.26033	7.42992	9.59194	8.521	5.11772	5.66986	7.37607	4.55204	12.8038	5.28798	
5.1599	7.0249	2.21582	2.93843	3.12498	5.89341	2.98374	3.58506	2.24358	3.63196	3.73805	3.07649	1.813	1.64748	7.26033	0	3.46456	3.28884	5.83711	4.18653	5.50273	4.32745	3.99402	6.09679	5.82334	
9.89947	14.5003	6.22844	8.34453	7.90391	6.063	3.15333	6.31843	8.19307	1.27273	7.36691	9.00138	9.21589	1.81707	7.42992	3.46456	0	3.02153	0.802736	9.44958	10.0776	9.52015	4.16361	9.28446	8.09005	
8.08787	10.3137	9.39261	6.22727	8.00101	7.19171	9.87442	12.4918	1.84287	0.343117	10.213	10.4893	5.10184	4.8386	9.59194	3.28884	3.02153	0	0.81311	10.7477	8.4307	6.61158	7.55177	12.8762	8.7513	
13.6174	12.4033	5.4257	8.32898	8.70665	10.3458	7.65563	12.6187	1.96975	0.469993	7.52936	10.6162	5.82852	2.61981	8.521	5.83711	0.802736	0.81311	0	11.4025	9.95118	6.73845	11.2112	16.07	8.89278	
1.63916	2.52127	2.77634	8.92106	3.6855	4.65493	3.42749	2.80169	4.55548	7.02869	12.821	1.40621	2.37352	7.6325	5.11772	4.18653	9.44958	10.7477	11.4025	0	3.83047	0.760231	3.95538	6.18794	2.31754	
2.1913	10.5804	10.963	5.61084	6.62863	5.17489	3.22469	3.35384	3.25915	4.75891	3.73871	4.23745	6.20606	4.56095	5.66986	5.50273	10.0776	8.4307	9.95118	3.83047	0	5.89195	5.63938	10.8594	4.00072	
2.39939	1.76104	2.91726	8.16083	3.82643	7.10487	2.66726	4.28651	6.33644	6.26846	3.18128	2.16644	2.51445	4.00352	7.37607	4.32745	9.52015	6.61158	6.73845	0.760231	5.89195	0	5.01358	5.4277	4.1748	
1.98571	3.25254	8.21484	4.02153	5.42857	6.59246	3.68279	0.823175	2.38022	3.87998	3.6818	2.54917	2.59524	2.34653	4.55204	3.99402	4.16361	7.55177	11.2112	3.95538	5.63938	5.01358	0	9.81392	3.46051	
7.23017	7.18874	4.68661	11.0517	5.59577	5.68449	8.09497	6.05585	9.00051	11.6962	11.8513	5.54727	4.28379	7.46739	12.8038	6.09679	9.28446	12.8762	16.07	6.18794	10.8594	5.4277	9.81392	0	5.42075	
1.80942	11.4935	10.5811	11.0477	4.89717	4.82519	3.10548	2.97195	3.57976	5.07952	16.1548	0.911332	2.17481	9.90712	5.28798	5.82334	8.09005	8.7513	8.89278	2.31754	4.00072	4.1748	3.46051	5.42075	0	

0	4.33054	1.8337	6.67664	0.82911	3.15598	6.81202	2.41679	10.8173	4.87002	4.93897	6.07552	2.95174	8.58202	10.7232	9.18767	7.26856	6.84645	5.30454	5.48298	12.5078	2.56575	8.2643	4.17618	4.39414	
4.33054	0	4.86403	10.4784	5.15965	1.94607	5.91378	6.74733	11.3061	9.20056	8.20534	5.20243	14.7113	11.5058	9.5133	9.45152	12.6061	10.0313	8.49987	9.81353	13.3502	8.26168	11.9328	2.96628	7.42447	
1.8337	4.86403	0	8.51034	2.40118	4.98968	10.0983	3.21139	6.5002	6.70372	5.73357	3.72652	4.52382	5.903	10.4117	9.25266	5.6922	7.84133	6.62342	7.31669	11.6454	3.39764	7.88833	7.73062	2.56043	
6.67664	10.4784	8.51034	0	6.94181	6.58784	3.19451	4.79521	8.43183	5.13651	2.27304	13.3766	5.84592	5.28382	11.1654	9.29264	13.8268	4.09896	7.88025	9.6953	7.41793	5.65	6.83696	5.56763	11.6738	
0.82911	5.15965	2.40118	6.94181	0	3.98509	4.77404	2.79531	14.5655	5.69913	4.66877	4.59633	2.12263	7.96928	9.22354	7.59166	4.0312	6.4947	9.0246	6.31209	6.29632	1.73664	7.43519	7.31454	4.96162	
3.15598	1.94607	4.98968	6.58784	3.98509	0	3.96771	5.00719	7.57951	5.9097	5.6093	3.25636	6.61911	6.05701	6.88532	4.74522	8.64603	7.77171	6.5538	6.45284	7.93819	6.11604	4.24616	1.02021	4.42244	
6.81202	5.91378	10.0983	3.19451	4.77404	3.96771	0	4.16377	8.36397	1.942	1.6416	7.22406	2.65141	2.08931	9.59186	6.29287	2.92529	3.46753	2.37652	6.50078	6.78649	5.01856	3.64244	4.98791	5.43187	
2.41679	6.74733	3.21139	4.79521	2.79531	5.00719	4.16377	0	17.3608	7.28681	2.52218	8.04172	4.91795	5.82269	10.3843	8.24423	7.00121	4.3481	9.83481	7.89977	7.66707	4.53196	7.74518	4.51923	5.77182	
10.8173	11.3061	6.5002	8.43183	14.5655	7.57951	8.36397	17.3608	0	1.46024	9.28474	5.10586	9.73682	6.23094	4.81395	1.62959	3.35146	2.24363	1.02572	9.30891	8.52287	7.48462	2.67809	5.3546	3.93977	
4.87002	9.20056	6.70372	5.13651	5.69913	5.9097	1.942	7.28681	1.46024	0	3.5836	12.5736	4.59341	4.0313	4.22275	3.94338	2.76026	1.65243	0.43452	4.4673	7.63783	7.97107	2.08689	8.07588	11.297	
4.93897	8.20534	5.73357	2.27304	4.66877	5.6093	1.6416	2.52218	9.28474	3.5836	0	6.23665	4.29301	3.30051	7.81045	8.79436	4.13649	1.82593	3.04384	4.3168	5.14489	3.37696	5.28404	7.0414	6.64307	
6.07552	5.20243	3.72652	13.3766	4.59633	3.25636	7.22406	8.04172	5.10586	12.5736	6.23665	0	6.96314	4.50865	3.97713	8.71471	5.15424	5.68735	7.76537	3.19648	6.64269	2.85969	6.49399	4.27656	1.16609	
2.95174	14.7113	4.52382	5.84592	2.12263	6.61911	2.65141	4.91795	9.73682	4.59341	4.29301	6.96314	0	4.74071	6.83924	8.53015	4.35035	8.84662	6.6761	9.15219	4.17368	3.85928	6.29385	11.0917	5.79705	
8.58202	11.5058	5.903	5.28382	7.96928	6.05701	2.08931	5.82269	6.23094	4.0313	3.30051	4.50865	4.74071	0	7.4982	5.01578	0.83598	4.77657	3.16172	7.26744	4.83264	3.13054	5.73175	10.0769	3.34256	
10.7232	9.5133	10.4117	11.1654	9.22354	6.88532	9.59186	10.3843	4.81395	4.22275	7.81045	3.97713	6.83924	7.4982	0	7.29709	6.11398	5.00614	3.78823	7.17361	2.66556	6.83682	5.4406	5.86512	5.14322	
9.18767	9.45152	9.25266	9.29264	7.59166	4.74522	6.29287	8.24423	1.62959	3.94338	8.79436	8.71471	8.53015	5.01578	7.29709	0	4.1798	4.72677	2.65531	9.4593	10.643	5.85502	5.16123	3.72501	5.56936	
7.26856	12.6061	5.6922	13.8268	4.0312	8.64603	2.92529	7.00121	3.35146	2.76026	4.13649	5.15424	4.35035	0.83598	6.11398	4.1798	0	3.54366	2.32574	6.64092	5.66862	2.29456	3.97811	7.90481	4.17854	
6.84645	10.0313	7.84133	4.09896	6.4947	7.77171	3.46753	4.3481	2.24363	1.65243	1.82593	5.68735	8.84662	4.77657	5.00614	4.72677	3.54366	0	1.21791	2.49087	6.97082	5.20289	2.87028	10.6934	7.86	
5.30454	8.49987	6.62342	7.88025	9.0246	6.5538	2.37652	9.83481	1.02572	0.43452	3.04384	7.76537	6.6761	3.16172	3.78823	2.65531	2.32574	1.21791	0	3.70878	6.45379	4.6203	1.65237	4.87832	4.96549	
5.48298	9.81353	7.31669	9.6953	6.31209	6.45284	6.50078	7.89977	9.30891	4.4673	4.3168	3.19648	9.15219	7.26744	7.17361	9.4593	6.64092	2.49087	3.70878	0	10.5231	6.05617	10.1432	13.5739	4.36257	
12.5078	13.3502	11.6454	7.41793	6.29632	7.93819	6.78649	7.66707	8.52287	7.63783	5.14489	6.64269	4.17368	4.83264	2.66556	10.643	5.66862	6.97082	6.45379	10.5231	0	8.24776	10.1439	6.91799	8.17521	
2.56575	8.26168	3.39764	5.65	1.73664	6.11604	5.01856	4.53196	7.48462	7.97107	3.37696	2.85969	3.85928	3.13054	6.83682	5.85502	2.29456	5.20289	4.6203	6.05617	8.24776	0	8.97692	7.37168	4.02578	
8.2643	11.9328	7.88833	6.83696	7.43519	4.24616	3.64244	7.74518	2.67809	2.08689	5.28404	6.49399	6.29385	5.73175	5.4406	5.16123	3.97811	2.87028	1.65237	10.1432	10.1439	8.97692	0	3.22595	5.3279	
4.17618	2.96628	7.73062	5.56763	7.31454	1.02021	4.98791	4.51923	5.3546	8.07588	7.0414	4.27656	11.0917	10.0769	5.86512	3.72501	7.90481	10.6934	4.87832	13.5739	6.91799	7.37168	3.22595	0	8.20475	
4.39414	7.42447	2.56043	11.6738	4.96162	4.42244	5.43187	5.77182	3.93977	11.297	6.64307	1.16609	5.79705	3.34256	5.14322	5.56936	4.17854	7.86	4.96549	4.36257	8.17521	4.02578	5.3279	8.20475	0	

0	5.66831	2.91154	8.44173	7.85176	4.11654	10.2216	1.05205	12.697	11.1681	5.84036	4.47427	1.51399	5.47699	4.12856	10.6728	5.2455	8.46693	6.81045	5.22468	4.95034	4.26833	6.46578	1.32623	3.94198	
5.66831	0	11.2091	9.72032	11.416	6.48743	7.13235	4.61626	5.08389	2.14334	14.1379	9.95031	5.07819	7.49145	6.14302	5.67922	10.9546	4.91006	6.09224	8.42002	6.9648	4.66868	8.48025	7.37889	7.97942	
2.91154	11.2091	0	6.15521	5.34362	9.66881	11.9478	3.96359	11.6386	7.84781	2.92882	2.18775	6.00117	9.52613	7.0401	7.92313	4.55162	5.30667	3.89891	3.25328	8.64512	7.00461	12.8927	4.23777	4.97616	
8.44173	9.72032	6.15521	0	8.67043	7.63325	8.5708	9.30152	3.16437	6.10492	6.3695	3.96746	8.3905	7.22256	5.87413	4.67315	6.46986	4.37386	12.1809	13.2103	6.69591	10.1018	4.40939	12.9641	6.75587	
7.85176	11.416	5.34362	8.67043	0	8.65201	8.68362	3.4453	11.8348	7.28618	8.27244	4.86781	2.98336	9.25614	7.97281	13.2502	13.4109	10.0299	9.24253	8.48051	7.15103	11.5622	10.0153	6.32406	7.65622	
4.11654	6.48743	9.66881	7.63325	8.65201	0	2.27904	3.06449	6.83817	9.97147	11.245	4.88371	3.52642	2.28829	3.63672	8.82998	5.09583	10.2312	5.34225	5.57008	3.11076	1.81875	3.22385	5.82712	2.09529	
10.2216	7.13235	11.9478	8.5708	8.68362	2.27904	0	5.34352	6.5886	8.51769	9.52925	13.5514	7.94768	0.572525	1.92095	8.09738	3.38006	7.79809	6.19974	12.4801	6.91483	3.94859	4.16141	13.2329	4.37433	
1.05205	4.61626	3.96359	9.30152	3.4453	3.06449	5.34352	0	11.645	4.76476	11.0134	4.88497	0.461935	5.35278	5.18061	8.84248	6.6819	9.90333	13.3196	4.17263	8.72423	4.88324	6.28834	2.37828	4.99404	
12.697	5.08389	11.6386	3.16437	11.8348	6.83817	6.5886	11.645	0	2.94055	4.9283	7.13183	7.24337	6.11303	5.95154	1.50879	3.3055	1.2095	2.61725	6.17864	4.08841	10.1388	3.61432	7.22477	10.2996	
11.1681	2.14334	7.84781	6.10492	7.28618	9.97147	8.51769	4.76476	2.94055	0	10.4341	8.72586	4.30282	7.94516	7.03952	3.53588	6.24605	2.76672	3.9489	8.20573	5.64563	6.81202	6.55486	7.64352	7.19586	
5.84036	14.1379	2.92882	6.3695	8.27244	11.245	9.52925	11.0134	4.9283	10.4341	0	5.11657	8.93	4.43033	8.67021	8.43084	1.6228	5.55371	6.82774	6.1821	9.49199	10.5921	10.7789	5.54207	10.464	
4.47427	9.95031	2.18775	3.96746	4.86781	4.88371	13.5514	4.88497	7.13183	8.72586	5.11657	0	4.42304	10.0704	7.27915	13.385	12.9159	9.33628	6.03537	5.44102	3.80388	6.09916	8.37686	5.8005	2.78841	
1.51399	5.07819	6.00117	8.3905	2.98336	3.52642	7.94768	0.461935	7.24337	4.30282	8.93	4.42304	0	7.95694	9.38321	7.8387	7.25997	7.06955	8.25172	4.63456	8.56143	7.36268	8.8925	3.22457	7.21145	
5.47699	7.49145	9.52613	7.22256	9.25614	2.28829	0.572525	5.35278	6.11303	7.94516	4.43033	10.0704	7.95694	0	1.34843	7.89265	2.80753	6.15312	5.62722	7.1274	2.17021	3.37606	3.68565	6.7268	4.38359	
4.12856	6.14302	7.0401	5.87413	7.97281	3.63672	1.92095	5.18061	5.95154	7.03952	8.67021	7.27915	9.38321	1.34843	0	6.54422	4.15596	3.70069	6.21245	7.97896	0.82178	4.22763	2.33722	5.45479	1.83725	
10.6728	5.67922	7.92313	4.67315	13.2502	8.82998	8.09738	8.84248	1.50879	3.53588	8.43084	13.385	7.8387	7.89265	6.54422	0	4.81429	2.71829	5.99832	4.66985	7.366	8.42119	5.1231	10.7273	9.24528	
5.2455	10.9546	4.55162	6.46986	13.4109	5.09583	3.38006	6.6819	3.3055	6.24605	1.6228	12.9159	7.25997	2.80753	4.15596	4.81429	0	3.93091	5.33866	4.83054	6.80982	6.18359	6.91981	3.91927	11.4862	
8.46693	4.91006	5.30667	4.37386	10.0299	10.2312	7.79809	9.90333	1.2095	2.76672	5.55371	9.33628	7.06955	6.15312	3.70069	2.71829	3.93091	0	1.40775	8.76145	2.87891	7.82663	4.82381	7.1407	3.89438	
6.81045	6.09224	3.89891	12.1809	9.24253	5.34225	6.19974	13.3196	2.61725	3.9489	6.82774	6.03537	8.25172	5.62722	6.21245	5.99832	5.33866	1.40775	0	7.15219	4.26243	6.41887	9.36125	8.54845	3.24696	
5.22468	8.42002	3.25328	13.2103	8.48051	5.57008	12.4801	4.17263	6.17864	8.20573	6.1821	5.44102	4.63456	7.1274	7.97896	4.66985	4.83054	8.76145	7.15219	0	7.28239	3.75133	14.083	6.93526	7.06208	
4.95034	6.9648	8.64512	6.69591	7.15103	3.11076	6.91483	8.72423	4.08841	5.64563	9.49199	3.80388	8.56143	2.17021	0.82178	7.366	6.80982	2.87891	4.26243	7.28239	0	4.32621	3.159	10.0196	1.01547	
4.26833	4.66868	7.00461	10.1018	11.5622	1.81875	3.94859	4.88324	10.1388	6.81202	10.5921	6.09916	7.36268	3.37606	4.22763	8.42119	6.18359	7.82663	6.41887	3.75133	4.32621	0	5.0426	5.59456	3.31074	
6.46578	8.48025	12.8927	4.40939	10.0153	3.22385	4.16141	6.28834	3.61432	6.55486	10.7789	8.37686	8.8925	3.68565	2.33722	5.1231	6.91981	4.82381	9.36125	14.083	3.159	5.0426	0	13.2396	5.31914	
1.32623	7.37889	4.23777	12.9641	6.32406	5.82712	13.2329	2.37828	7.22477	7.64352	5.54207	5.8005	3.22457	6.7268	5.45479	10.7273	3.91927	7.1407	8.54845	6.93526	10.0196	5.59456	13.2396	0	5.26821	
3.94198	7.97942	4.97616	6.75587	7.65622	2.09529	4.37433	4.99404	10.2996	7.19586	10.464	2.78841	7.21145	4.38359	1.83725	9.24528	11.4862	3.89438	3.24696	7.06208	1.01547	3.31074	5.31914	5.26821	0	

0	11.7167	6.02229	13.8368	6.58069	10.0459	13.896	10.9165	14.076	14.6648	8.28985	3.41587	13.7004	10.6621	11.3176	10.7556	19.4448	11.1083	9.63561	3.95832	5.86175	9.1567	12.4044	6.95474	3.99985	
11.7167	0	10.5843	13.6178	10.5311	8.20967	16.9029	8.74786	3.64385	8.23273	9.91269	4.28464	3.85753	14.7194	4.49714	5.1531	13.7335	10.6997	8.08424	8.16131	6.58053	11.5058	8.95285	0.745776	12.3164	
6.02229	10.5843	0	6.473	5.77123	2.37464	12.8056	7.93803	10.9741	9.13946	5.93482	2.60641	12.4617	8.88433	3.64635	8.78718	11.037	10.0035	7.66723	2.49576	5.05229	6.3303	10.728	6.14528	3.19039	
13.8368	13.6178	6.473	0	20.9674	5.4081	9.60588	9.41951	11.5628	12.1517	7.4163	4.51969	9.97524	11.9178	6.67981	8.24238	7.17694	13.1913	7.12243	3.97724	7.69287	12.6379	12.4941	11.3928	14.5394	
6.58069	10.5311	5.77123	20.9674	0	12.7815	11.941	3.78594	13.1041	11.9043	12.6718	3.16481	4.85592	14.884	12.082	11.5949	22.543	13.8318	12.7148	3.70726	5.6107	8.31044	9.2684	6.70368	3.74879	
10.0459	8.20967	2.37464	5.4081	12.7815	0	9.04479	8.99553	2.78409	6.27061	8.88196	4.98105	7.07039	6.50969	1.27171	5.38794	9.6008	7.16011	10.0419	4.8704	3.28654	5.74966	7.6858	5.02307	4.7149	
