10
10
2
2
20

6	11
10	43
1	33
14	23
27	48
42	35
42	47
41	23
36	45
43	34

12	21
1	2
11	28
2	10
14	5
10	12
23	24
24	11
8	30
11	27

150

1.79769e+308
1.79769e+308
1.79769e+308
1.79769e+308
1.79769e+308
1.79769e+308
1.79769e+308
1.79769e+308
1.79769e+308
1.79769e+308

11
15
11
14
17
13
14
15
13
17

0
0
0
0
0
0
0
0
0
0

0

0	14.4006	8.49178	6.48197	11.3989	9.41436	7.45243	7.04658	9.08028	8.49183	5.39085	3.25864	11.1827	2.91593	2.9977	2.33972	3.48465	8.42819	8.42243	12.1673	
14.4006	0	4.00228	5.09945	6.23419	11.3376	12.7436	14.8368	18.2121	18.8819	8.02137	19.9417	4.80654	11.4847	9.25837	13.6565	21.5517	6.02759	3.15899	5.68199	
8.49178	4.00228	0	2.78375	3.91849	3.28111	14.7669	9.7065	13.9335	5.89066	3.89975	5.53719	1.86034	5.57585	1.71745	2.37543	10.5947	3.71189	0.843292	1.45252	
6.48197	5.09945	2.78375	0	4.14117	2.93239	0.970467	4.82271	11.3193	3.61778	1.75716	8.9876	3.43686	4.68001	3.93946	4.80829	9.96662	4.80905	1.94046	4.46346	
11.3989	6.23419	3.91849	4.14117	0	1.76477	3.1707	7.02295	8.6392	2.45016	6.16838	13.9045	4.72275	9.09124	8.35068	9.21951	14.2348	5.9438	3.0752	3.59337	
9.41436	11.3376	3.28111	2.93239	1.76477	0	3.90286	9.74587	10.404	0.685386	4.68955	5.91327	2.23642	14.7774	8.4384	6.8375	6.49859	10.3024	4.3516	1.8286	
7.45243	12.7436	14.7669	0.970467	3.1707	3.90286	0	3.85225	11.8099	4.77887	2.72763	9.95807	7.82208	7.98289	6.47648	9.1935	10.5921	8.98842	2.91092	6.65584	
7.04658	14.8368	9.7065	4.82271	7.02295	9.74587	3.85225	0	12.4883	8.63111	7.0535	15.3081	8.36431	4.13065	12.3195	14.3059	15.1996	9.6429	8.75393	8.77213	
9.08028	18.2121	13.9335	11.3193	8.6392	10.404	11.8099	12.4883	0	11.4088	11.2805	10.208	13.2937	8.35765	16.6646	18.5329	5.59563	13.8699	11.7144	14.7378	
8.49183	18.8819	5.89066	3.61778	2.45016	0.685386	4.77887	8.63111	11.4088	0	9.10117	7.07104	4.84596	13.63	6.8101	6.15212	5.8132	10.9878	6.96114	2.51398	
5.39085	8.02137	3.89975	1.75716	6.16838	4.68955	2.72763	7.0535	11.2805	9.10117	0	3.97005	1.6797	2.92285	2.1823	2.84028	8.38672	4.03326	3.32725	2.08752	
3.25864	19.9417	5.53719	8.9876	13.9045	5.91327	9.95807	15.3081	10.208	7.07104	3.97005	0	4.49249	11.0794	1.5769	0.918921	4.6124	5.56717	6.60767	4.08467	
11.1827	4.80654	1.86034	3.43686	4.72275	2.23642	7.82208	8.36431	13.2937	4.84596	1.6797	4.49249	0	4.60256	3.86201	4.73084	7.69809	4.51615	1.64755	0.40782	
2.91593	11.4847	5.57585	4.68001	9.09124	14.7774	7.98289	4.13065	8.35765	13.63	2.92285	11.0794	4.60256	0	5.10516	5.25565	6.40058	5.51226	6.41915	7.02837	
2.9977	9.25837	1.71745	3.93946	8.35068	8.4384	6.47648	12.3195	16.6646	6.8101	2.1823	1.5769	3.86201	5.10516	0	0.657979	10.569	6.21556	2.56074	3.16997	
2.33972	13.6565	2.37543	4.80829	9.21951	6.8375	9.1935	14.3059	18.5329	6.15212	2.84028	0.918921	4.73084	5.25565	0.657979	0	5.53132	6.48609	6.75736	5.00359	
3.48465	21.5517	10.5947	9.96662	14.2348	6.49859	10.5921	15.1996	5.59563	5.8132	8.38672	4.6124	7.69809	6.40058	10.569	5.53132	0	10.1796	9.34564	8.10591	
8.42819	6.02759	3.71189	4.80905	5.9438	10.3024	8.98842	9.6429	13.8699	10.9878	4.03326	5.56717	4.51615	5.51226	6.21556	6.48609	10.1796	0	2.8686	5.39159	
8.42243	3.15899	0.843292	1.94046	3.0752	4.3516	2.91092	8.75393	11.7144	6.96114	3.32725	6.60767	1.64755	6.41915	2.56074	6.75736	9.34564	2.8686	0	2.05537	
12.1673	5.68199	1.45252	4.46346	3.59337	1.8286	6.65584	8.77213	14.7378	2.51398	2.08752	4.08467	0.40782	7.02837	3.16997	5.00359	8.10591	5.39159	2.05537	0	

0	8.82633	8.86516	2.89172	0.604521	5.6058	10.5887	1.54493	1.94897	3.94559	3.50216	2.47355	9.01213	1.12181	3.74866	0.620865	1.83158	6.37107	4.77237	3.72118	
8.82633	0	1.1622	2.56707	8.4632	5.62434	8.66291	8.49998	9.80766	12.2635	2.07341	11.1639	2.44184	4.45375	3.48541	9.32827	5.07041	3.57807	5.47827	5.08621	
8.86516	1.1622	0	1.53988	9.56797	4.46214	8.38267	7.33778	5.94281	6.12236	2.03355	13.0432	4.58362	9.52712	6.27141	3.81073	5.81362	4.74026	6.64046	3.92401	
2.89172	2.56707	1.53988	0	5.74738	5.26037	6.29743	8.87021	4.40293	6.39222	0.493667	4.12354	0.862097	2.87401	1.90567	2.27086	3.49066	4.1056	8.56046	4.51294	
0.604521	8.4632	9.56797	5.74738	0	5.10583	3.23895	2.14945	1.34445	3.33375	10.5366	2.75633	8.59764	1.72633	4.14533	1.22539	2.4361	10.3422	6.37513	8.83084	
5.6058	5.62434	4.46214	5.26037	5.10583	0	8.30334	5.81936	3.64951	1.66022	5.75403	7.86217	9.04576	5.06498	11.0103	7.53122	11.3001	10.0271	8.71555	8.38616	
10.5887	8.66291	8.38267	6.29743	3.23895	8.30334	0	14.6998	1.8945	3.8838	8.47793	14.6081	7.57166	12.2257	17.8278	12.6332	6.34826	12.241	9.55957	4.45865	
1.54493	8.49998	7.33778	8.87021	2.14945	5.81936	14.6998	0	10.046	5.49052	10.7559	7.62083	10.3875	2.66674	9.00983	2.16579	3.3765	14.2454	8.33455	9.77125	
1.94897	9.80766	5.94281	4.40293	1.34445	3.64951	1.8945	10.046	0	1.98929	4.8966	4.10079	13.5801	7.57187	11.9038	6.67379	15.0765	9.16966	7.71959	6.35316	
3.94559	12.2635	6.12236	6.39222	3.33375	1.66022	3.8838	5.49052	1.98929	0	7.96293	7.63106	10.5585	5.0674	11.6021	4.56645	5.77716	13.802	9.23314	11.1018	
3.50216	2.07341	2.03355	0.493667	10.5366	5.75403	8.47793	10.7559	4.8966	7.96293	0	2.801	0.36843	2.38035	1.412	2.76452	2.997	3.61193	2.59094	3.48143	
2.47355	11.1639	13.0432	4.12354	2.75633	7.86217	14.6081	7.62083	4.10079	7.63106	2.801	0	3.07679	6.19756	1.389	1.85269	2.78188	7.58582	5.25496	4.67149	
9.01213	2.44184	4.58362	0.862097	8.59764	9.04576	7.57166	10.3875	13.5801	10.5585	0.36843	3.07679	0	2.74878	1.68779	4.81558	3.36543	3.98036	2.22251	3.113	
1.12181	4.45375	9.52712	2.87401	1.72633	5.06498	12.2257	2.66674	7.57187	5.0674	2.38035	6.19756	2.74878	0	3.79235	1.74268	2.95339	5.99228	3.65056	6.39963	
3.74866	3.48541	6.27141	1.90567	4.14533	11.0103	17.8278	9.00983	11.9038	11.6021	1.412	1.389	1.68779	3.79235	0	3.12779	4.17088	5.02393	3.86596	4.80079	
0.620865	9.32827	3.81073	2.27086	1.22539	7.53122	12.6332	2.16579	6.67379	4.56645	2.76452	1.85269	4.81558	1.74268	3.12779	0	2.45244	5.7502	6.2896	8.1745	
1.83158	5.07041	5.81362	3.49066	2.4361	11.3001	6.34826	3.3765	15.0765	5.77716	2.997	2.78188	3.36543	2.95339	4.17088	2.45244	0	6.60893	6.99052	1.88961	
6.37107	3.57807	4.74026	4.1056	10.3422	10.0271	12.241	14.2454	9.16966	13.802	3.61193	7.58582	3.98036	5.99228	5.02393	5.7502	6.60893	0	9.05633	7.63121	
4.77237	5.47827	6.64046	8.56046	6.37513	8.71555	9.55957	8.33455	7.71959	9.23314	2.59094	5.25496	2.22251	3.65056	3.86596	6.2896	6.99052	9.05633	0	5.10091	
3.72118	5.08621	3.92401	4.51294	8.83084	8.38616	4.45865	9.77125	6.35316	11.1018	3.48143	4.67149	3.113	6.39963	4.80079	8.1745	1.88961	7.63121	5.10091	0	

0	7.65213	1.6627	2.79809	12.8814	6.58407	9.56698	9.14374	9.10564	9.11403	5.52655	2.05319	2.50301	3.7391	4.35486	0.992446	3.52716	4.11783	3.43218	5.1365	
7.65213	0	9.99517	5.35033	6.65015	18.6393	12.7501	14.1915	7.35314	12.7649	7.15051	14.0765	6.84948	10.0922	5.14262	11.642	16.1397	7.71493	4.21995	6.3664	
1.6627	9.99517	0	4.10943	12.2733	7.22311	9.83894	11.3585	7.44543	10.6791	7.18925	3.71589	3.81435	4.19809	6.6979	2.30379	3.90344	4.41922	5.09488	4.25593	
2.79809	5.35033	4.10943	0	8.11075	11.3989	12.1473	11.7441	7.84518	7.87759	2.49753	3.96048	3.3162	4.55229	2.05306	1.80564	8.25355	4.62536	1.13038	3.27684	
12.8814	6.65015	12.2733	8.11075	0	5.1097	14.049	7.54137	0.702994	8.39533	6.05064	12.0712	13.4776	12.1935	11.0471	9.91639	13.019	4.78132	9.24113	3.89249	
6.58407	18.6393	7.22311	11.3989	5.1097	0	6.13539	2.55966	4.4067	2.52996	7.91001	8.63726	10.4313	12.247	8.11869	7.57652	3.31966	8.48503	10.0163	7.5962	
9.56698	12.7501	9.83894	12.1473	14.049	6.13539	0	8.69505	10.5421	8.66535	9.84201	9.20074	16.5667	14.037	1.9833	7.31722	9.45505	5.17636	2.90598	14.0949	
9.14374	14.1915	11.3585	11.7441	7.54137	2.55966	8.69505	0	6.96637	5.08962	9.24654	14.8632	10.6789	15.2713	7.64575	12.9797	5.87933	10.8388	8.56843	13.8945	
9.10564	7.35314	7.44543	7.84518	0.702994	4.4067	10.5421	6.96637	0	6.93666	5.34764	11.9447	4.27955	11.3724	7.27138	7.20371	7.72636	4.07833	5.33595	3.1895	
9.11403	12.7649	10.6791	7.87759	8.39533	2.52996	8.66535	5.08962	6.93666	0	5.38005	9.06237	6.81244	11.1477	9.46765	9.42237	5.84962	6.29699	8.31061	9.36817	
5.52655	7.15051	7.18925	2.49753	6.05064	7.91001	9.84201	9.24654	5.34764	5.38005	0	6.45802	1.43239	6.02478	3.85324	2.94295	5.75601	6.42554	2.93056	2.52244	
2.05319	14.0765	3.71589	3.96048	12.0712	8.63726	9.20074	14.8632	11.9447	9.06237	6.45802	0	9.32733	2.08537	7.21744	3.04564	5.58035	7.0805	5.09086	11.5131	
2.50301	6.84948	3.81435	3.3162	13.4776	10.4313	16.5667	10.6789	4.27955	6.81244	1.43239	9.32733	0	4.25721	3.55221	1.51056	7.1884	4.63594	2.62953	1.09005	
3.7391	10.0922	4.19809	4.55229	12.1935	12.247	14.037	15.2713	11.3724	11.1477	6.02478	2.08537	4.25721	0	6.79492	2.74665	8.10154	5.87203	5.87225	6.8907	
4.35486	5.14262	6.6979	2.05306	11.0471	8.11869	1.9833	7.64575	7.27138	9.46765	3.85324	7.21744	3.55221	6.79492	0	5.33392	8.86428	3.19305	0.922677	3.06913	
0.992446	11.642	2.30379	1.80564	9.91639	7.57652	7.31722	12.9797	7.20371	9.42237	2.94295	3.04564	1.51056	2.74665	5.33392	0	4.5196	3.12538	2.93602	2.60061	
3.52716	16.1397	3.90344	8.25355	13.019	3.31966	9.45505	5.87933	7.72636	5.84962	5.75601	5.58035	7.1884	8.10154	8.86428	4.5196	0	8.32266	6.95934	8.15938	
4.11783	7.71493	4.41922	4.62536	4.78132	8.48503	5.17636	10.8388	4.07833	6.29699	6.42554	7.0805	4.63594	5.87203	3.19305	3.12538	8.32266	0	3.49498	5.64144	
3.43218	4.21995	5.09488	1.13038	9.24113	10.0163	2.90598	8.56843	5.33595	8.31061	2.93056	5.09086	2.62953	5.87225	0.922677	2.93602	6.95934	3.49498	0	2.14646	
5.1365	6.3664	4.25593	3.27684	3.89249	7.5962	14.0949	13.8945	3.1895	9.36817	2.52244	11.5131	1.09005	6.8907	3.06913	2.60061	8.15938	5.64144	2.14646	0	

0	5.65795	5.23817	3.91426	7.46376	10.1987	7.22053	6.94513	7.42614	6.46242	3.06885	1.92104	2.83835	1.55097	9.20376	3.18427	3.63908	2.00739	2.14062	5.00992	
5.65795	0	8.57956	9.57221	18.6522	8.08896	10.2245	11.1772	9.73345	9.79106	7.47786	7.579	5.76081	5.54328	7.07478	7.17658	5.87758	7.66534	6.45855	6.54463	
5.23817	8.57956	0	3.83731	7.38682	9.45276	11.3447	10.0081	9.55578	11.6178	4.7688	7.15921	2.81874	6.78914	11.9556	6.82924	5.33903	7.24555	3.51648	3.60257	
3.91426	9.57221	3.83731	0	3.5495	6.28444	7.27781	9.25297	5.48889	7.55093	2.26446	5.8353	3.23329	4.19905	7.93088	5.23792	4.03402	5.92165	2.53555	4.64467	
7.46376	18.6522	7.38682	3.5495	0	3.58388	3.72831	7.90254	1.93939	4.00143	5.81397	5.27235	6.66059	4.2834	5.34305	2.65009	6.19465	4.60392	6.08506	7.57478	
10.1987	8.08896	9.45276	6.28444	3.58388	0	2.13553	6.32139	1.64449	1.70211	6.95631	9.6051	6.63401	7.80508	6.29264	8.9856	5.89975	6.15714	7.33175	7.41784	
7.22053	10.2245	11.3447	7.27781	3.72831	2.13553	0	7.96217	3.78002	3.34288	7.60414	8.30601	8.76954	5.66956	8.42817	6.37841	9.90818	7.79792	11.4698	11.5559	
6.94513	11.1772	10.0081	9.25297	7.90254	6.32139	7.96217	0	6.99358	4.61928	7.64565	11.0039	7.41515	9.00457	12.152	6.89157	5.29962	4.93774	6.71741	9.58672	
7.42614	9.73345	9.55578	5.48889	1.93939	1.64449	3.78002	6.99358	0	2.37429	8.6008	11.2496	7.7903	9.53861	7.93714	4.58948	4.25526	5.41876	5.75372	7.00647	
6.46242	9.79106	11.6178	7.55093	4.00143	1.70211	3.34288	4.61928	2.37429	0	8.65841	11.3072	8.33612	9.01244	7.99475	6.40886	6.62955	4.45503	9.31724	9.3249	
3.06885	7.47786	4.7688	2.26446	5.81397	6.95631	7.60414	7.64565	8.6008	8.65841	0	4.57104	1.62597	1.93458	11.1062	3.56789	2.4267	5.79044	0.928233	2.75312	
1.92104	7.579	7.15921	5.8353	5.27235	9.6051	8.30601	11.0039	11.2496	11.3072	4.57104	0	4.98424	2.63646	5.31522	2.62226	5.78497	3.92843	4.06166	7.15581	
2.83835	5.76081	2.81874	3.23329	6.66059	6.63401	8.76954	7.41515	7.7903	8.33612	1.62597	4.98424	0	3.90388	6.70345	4.01049	2.1962	5.55994	0.697733	0.783822	
1.55097	5.54328	6.78914	4.19905	4.2834	7.80508	5.66956	9.00457	9.53861	9.01244	1.93458	2.63646	3.90388	0	4.32626	1.6333	5.28335	3.55836	2.86282	5.72707	
9.20376	7.07478	11.9556	7.93088	5.34305	6.29264	8.42817	12.152	7.93714	7.99475	11.1062	5.31522	6.70345	4.32626	0	2.69296	6.36268	4.64679	9.83459	7.61764	
3.18427	7.17658	6.82924	5.23792	2.65009	8.9856	6.37841	6.89157	4.58948	6.40886	3.56789	2.62226	4.01049	1.6333	2.69296	0	3.66972	1.95383	4.70823	4.79431	
3.63908	5.87758	5.33903	4.03402	6.19465	5.89975	9.90818	5.29962	4.25526	6.62955	2.4267	5.78497	2.1962	5.28335	6.36268	3.66972	0	5.62355	1.49846	4.36777	
2.00739	7.66534	7.24555	5.92165	4.60392	6.15714	7.79792	4.93774	5.41876	4.45503	5.79044	3.92843	5.55994	3.55836	4.64679	1.95383	5.62355	0	4.14801	4.86987	
2.14062	6.45855	3.51648	2.53555	6.08506	7.33175	11.4698	6.71741	5.75372	9.31724	0.928233	4.06166	0.697733	2.86282	9.83459	4.70823	1.49846	4.14801	0	1.48156	
5.00992	6.54463	3.60257	4.64467	7.57478	7.41784	11.5559	9.58672	7.00647	9.3249	2.75312	7.15581	0.783822	5.72707	7.61764	4.79431	4.36777	4.86987	1.48156	0	

0	4.27462	5.87156	9.67998	6.23577	13.3529	5.47328	5.38061	13.2086	19.4934	4.03318	11.1315	3.99954	9.50318	2.25053	0.460788	4.94684	8.89912	4.77364	2.27039	
4.27462	0	1.59694	3.9554	4.41383	9.1913	9.42758	10.6685	13.5567	9.92876	3.1923	4.10828	0.907458	7.56203	6.50904	4.73541	3.76052	6.02257	5.95125	1.46762	
5.87156	1.59694	0	4.22872	5.28523	7.80839	7.62899	10.9492	14.4508	9.725	1.59536	2.51134	2.5044	6.12122	6.10956	7.8006	3.096	4.42563	5.05589	2.18916	
9.67998	3.9554	4.22872	0	4.47355	11.5138	8.66699	5.94282	9.44438	10.7568	2.63336	4.7019	3.04794	12.9674	1.10368	2.89343	2.75426	2.26068	3.68062	3.22716	
6.23577	4.41383	5.28523	4.47355	0	7.02075	5.79684	7.78542	10.5229	6.2833	6.0975	7.79657	5.32129	11.4065	5.57723	5.77498	4.59687	6.73423	8.15417	6.10433	
13.3529	9.1913	7.80839	11.5138	7.02075	0	7.87967	2.34562	7.47192	0.737457	10.5829	5.29705	10.0988	13.3363	8.89527	12.8152	5.53418	13.4132	13.1044	4.28684	
5.47328	9.42758	7.62899	8.66699	5.79684	7.87967	0	9.40604	7.73528	8.61712	6.03363	11.6935	8.02498	14.9765	12.4523	5.93407	7.53426	12.1673	8.79907	6.62742	
5.38061	10.6685	10.9492	5.94282	7.78542	2.34562	9.40604	0	9.81754	3.08308	2.53502	6.60218	2.50139	10.9907	12.9171	3.75082	3.18856	12.3427	3.27548	1.94122	
13.2086	13.5567	14.4508	9.44438	10.5229	7.47192	7.73528	9.81754	0	8.20937	8.19076	10.1038	9.54318	19.2814	14.5452	12.2023	6.69012	16.6306	10.4121	8.19759	
19.4934	9.92876	9.725	10.7568	6.2833	0.737457	8.61712	3.08308	8.20937	0	12.5432	6.03451	13.8956	16.5287	13.2264	12.0583	10.1199	16.298	14.633	12.55	
4.03318	3.1923	1.59536	2.63336	6.0975	10.5829	6.03363	2.53502	8.19076	12.5432	0	4.1067	1.15396	7.71658	3.73705	2.4034	1.50064	4.89404	1.92805	0.593796	
11.1315	4.10828	2.51134	4.7019	7.79657	5.29705	11.6935	6.60218	10.1038	6.03451	4.1067	0	6.26669	8.63256	3.59822	5.38796	3.41363	5.6837	7.13562	4.92109	
3.99954	0.907458	2.5044	3.04794	5.32129	10.0988	8.02498	2.50139	9.54318	13.8956	1.15396	6.26669	0	8.46948	4.15162	2.36976	2.06762	5.30862	1.89442	0.560162	
9.50318	7.56203	6.12122	12.9674	11.4065	13.3363	14.9765	10.9907	19.2814	16.5287	7.71658	8.63256	8.46948	0	13.6905	9.96397	11.9586	10.5469	13.7987	11.0517	
2.25053	6.50904	6.10956	1.10368	5.57723	8.89527	12.4523	12.9171	14.5452	13.2264	3.73705	3.59822	4.15162	13.6905	0	1.78974	3.85794	2.08549	4.7843	3.59934	
0.460788	4.73541	7.8006	2.89343	5.77498	12.8152	5.93407	3.75082	12.2023	12.0583	2.4034	5.38796	2.36976	9.96397	1.78974	0	3.31706	3.87523	3.14385	1.8096	
4.94684	3.76052	3.096	2.75426	4.59687	5.53418	7.53426	3.18856	6.69012	10.1199	1.50064	3.41363	2.06762	11.9586	3.85794	3.31706	0	5.01494	2.84172	1.50746	
8.89912	6.02257	4.42563	2.26068	6.73423	13.4132	12.1673	12.3427	16.6306	16.298	4.89404	5.6837	5.30862	10.5469	2.08549	3.87523	5.01494	0	4.20002	5.53428	
4.77364	5.95125	5.05589	3.68062	8.15417	13.1044	8.79907	3.27548	10.4121	14.633	1.92805	7.13562	1.89442	13.7987	4.7843	3.14385	2.84172	4.20002	0	1.33425	
2.27039	1.46762	2.18916	3.22716	6.10433	4.28684	6.62742	1.94122	8.19759	12.55	0.593796	4.92109	0.560162	11.0517	3.59934	1.8096	1.50746	5.53428	1.33425	0	

0	6.73367	5.77557	3.51889	8.27452	9.41292	6.88701	17.0128	22.4918	16.6308	2.53638	2.99049	4.56416	3.20617	5.79159	1.67201	4.7049	2.31164	5.76884	6.0981	
6.73367	0	8.91714	3.26777	7.24511	13.6957	13.6633	10.8408	17.6563	10.2394	4.32452	6.38013	7.95381	8.50568	8.32646	5.06166	8.09454	9.06809	1.09206	3.40212	
5.77557	8.91714	0	5.59991	6.43474	4.77857	5.984	3.57364	8.40223	5.94938	6.06116	4.25975	5.92444	2.5694	1.89111	6.01342	4.55382	8.7966	7.84519	5.53513	
3.51889	3.26777	5.59991	0	10.0325	4.627	9.01006	7.69211	10.4281	7.70788	0.982505	2.28109	1.6778	4.9858	3.7088	4.56994	3.00137	3.71794	2.17572	2.06711	
8.27452	7.24511	6.43474	10.0325	0	6.0752	11.8844	5.37006	10.4112	2.99432	11.8798	7.92098	9.49466	9.00414	8.32585	6.60251	7.03116	11.468	8.33717	9.34134	
9.41292	13.6957	4.77857	4.627	6.0752	0	4.38306	3.06511	5.80111	3.08088	5.6095	5.98996	4.68189	7.34797	6.6589	7.30844	7.62023	9.07983	6.80272	5.0712	
6.88701	13.6633	5.984	9.01006	11.8844	4.38306	0	7.44817	2.41822	7.46394	12.0452	10.373	8.66504	3.68083	7.87512	7.12486	5.66526	11.0871	11.3233	8.96036	
17.0128	10.8408	3.57364	7.69211	5.37006	3.06511	7.44817	0	8.86622	2.37574	9.63481	9.05508	7.747	6.14304	5.46475	14.5347	10.6853	16.5714	9.74878	9.10877	
22.4918	17.6563	8.40223	10.4281	10.4112	5.80111	2.41822	8.86622	0	8.88198	15.1139	11.7911	10.483	6.09906	10.9438	17.0137	9.0684	21.5439	25.0454	14.5878	
16.6308	10.2394	5.94938	7.70788	2.99432	3.08088	7.46394	2.37574	8.88198	0	14.4913	9.07084	7.76277	13.2463	7.63382	9.59683	10.0255	18.4016	12.1245	11.6797	
2.53638	4.32452	6.06116	0.982505	11.8798	5.6095	12.0452	9.63481	15.1139	14.4913	0	1.29858	2.6603	5.74256	3.66722	2.61706	3.98387	2.73543	3.15822	3.97372	
2.99049	6.38013	4.25975	2.28109	7.92098	5.98996	10.373	9.05508	11.7911	9.07084	1.29858	0	2.52772	4.7625	2.36864	1.31848	4.35136	3.08987	4.53104	2.67514	
4.56416	7.95381	5.92444	1.6778	9.49466	4.68189	8.66504	7.747	10.483	7.76277	2.6603	2.52772	0	4.98421	4.89635	2.89215	2.69949	5.61759	2.69937	0.389314	
3.20617	8.50568	2.5694	4.9858	9.00414	7.34797	3.68083	6.14304	6.09906	13.2463	5.74256	4.7625	4.98421	0	4.46051	3.44402	1.98443	5.51782	7.64246	4.29461	
5.79159	8.32646	1.89111	3.7088	8.32585	6.6589	7.87512	5.46475	10.9438	7.63382	3.66722	2.36864	4.89635	4.46051	0	3.68711	6.71017	5.4585	5.88452	5.04378	
1.67201	5.06166	6.01342	4.56994	6.60251	7.30844	7.12486	14.5347	17.0137	9.59683	2.61706	1.31848	2.89215	3.44402	3.68711	0	3.03288	3.98366	5.79764	3.28146	
4.7049	8.09454	4.55382	3.00137	7.03116	7.62023	5.66526	10.6853	9.0684	10.0255	3.98387	4.35136	2.69949	1.98443	6.71017	3.03288	0	4.43687	4.62024	2.31018	
2.31164	9.06809	8.7966	3.71794	11.468	9.07983	11.0871	16.5714	21.5439	18.4016	2.73543	3.08987	5.61759	5.51782	5.4585	3.98366	4.43687	0	5.96789	5.76501	
5.76884	1.09206	7.84519	2.17572	8.33717	6.80272	11.3233	9.74878	25.0454	12.1245	3.15822	4.53104	2.69937	7.64246	5.88452	5.79764	4.62024	5.96789	0	2.31006	
6.0981	3.40212	5.53513	2.06711	9.34134	5.0712	8.96036	9.10877	14.5878	11.6797	3.97372	2.67514	0.389314	4.29461	5.04378	3.28146	2.31018	5.76501	2.31006	0	

0	8.86088	7.63994	5.64189	8.86986	8.39758	6.65222	4.57294	6.18138	8.67733	9.932	8.35648	5.50491	9.26626	8.05666	7.20453	7.21471	6.62403	3.95275	3.74137	
8.86088	0	9.01807	7.02002	8.41482	10.3014	10.466	8.97545	9.91316	13.0798	11.4615	14.3332	6.88304	14.169	8.22487	9.077	8.0794	10.4378	5.33088	5.1195	
7.63994	9.01807	0	5.79908	10.9916	11.9062	9.24504	11.8761	10.8974	15.9805	6.46478	18.5899	5.6621	8.59792	16.2014	13.1074	7.3719	21.4016	4.10995	3.89857	
5.64189	7.02002	5.79908	0	6.32708	5.94724	4.20187	9.93794	8.32951	11.3456	1.66702	3.45353	0.89312	5.23623	7.99584	5.52281	5.37385	12.1328	1.96727	1.90051	
8.86986	8.41482	10.9916	6.32708	0	3.963	2.21764	3.10678	1.49834	12.702	7.16894	8.15853	5.43396	6.0738	8.06877	8.9209	1.85558	4.21397	6.50812	5.32891	
8.39758	10.3014	11.9062	5.94724	3.963	0	1.74536	4.41693	6.36028	0.312553	7.7533	13.2273	9.43923	8.31158	4.74965	3.89751	2.22202	4.58041	8.29221	5.69536	
6.65222	10.466	9.24504	4.20187	2.21764	1.74536	0	11.2252	3.71598	2.05792	5.86889	7.6554	5.09499	14.7011	6.0406	5.64288	3.96739	13.2762	5.55786	5.34648	
4.57294	8.97545	11.8761	9.93794	3.10678	4.41693	11.2252	0	1.60844	4.10438	12.7766	18.2506	10.2048	6.18389	9.77295	8.92081	12.344	11.197	7.66931	8.31432	
6.18138	9.91316	10.8974	8.32951	1.49834	6.36028	3.71598	1.60844	0	5.71282	7.6891	6.35816	6.93231	4.57545	9.56711	10.2578	3.35392	14.5146	6.06088	6.27225	
8.67733	13.0798	15.9805	11.3456	12.702	0.312553	2.05792	4.10438	5.71282	0	12.4544	13.4999	12.2387	11.7172	8.12403	4.21007	2.53458	10.421	12.4072	8.39339	
9.932	11.4615	6.46478	1.66702	7.16894	7.7533	5.86889	12.7766	7.6891	12.4544	0	5.12054	2.56014	5.38959	4.70792	3.85579	9.02452	15.688	1.62823	1.83961	
8.35648	14.3332	18.5899	3.45353	8.15853	13.2273	7.6554	18.2506	6.35816	13.4999	5.12054	0	2.72457	1.7827	10.1819	7.87912	7.87226	11.7219	3.79873	4.48811	
5.50491	6.88304	5.6621	0.89312	5.43396	9.43923	5.09499	10.2048	6.93231	12.2387	2.56014	2.72457	0	4.50727	12.3825	9.21008	5.23687	9.57559	1.07415	1.28553	
9.26626	14.169	8.59792	5.23623	6.0738	8.31158	14.7011	6.18389	4.57545	11.7172	5.38959	1.7827	4.50727	0	6.94855	6.09642	6.08956	8.44794	3.76136	3.97274	
8.05666	8.22487	16.2014	7.99584	8.06877	4.74965	6.0406	9.77295	9.56711	8.12403	4.70792	10.1819	12.3825	6.94855	0	0.852132	9.92435	14.2717	7.95705	10.061	
7.20453	9.077	13.1074	5.52281	8.9209	3.89751	5.64288	8.92081	10.2578	4.21007	3.85579	7.87912	9.21008	6.09642	0.852132	0	6.11954	13.4196	5.48401	9.20882	
7.21471	8.0794	7.3719	5.37385	1.85558	2.22202	3.96739	12.344	3.35392	2.53458	9.02452	7.87226	5.23687	6.08956	9.92435	6.11954	0	2.35839	3.68471	3.47333	
6.62403	10.4378	21.4016	12.1328	4.21397	4.58041	13.2762	11.197	14.5146	10.421	15.688	11.7219	9.57559	8.44794	14.2717	13.4196	2.35839	0	13.7005	5.83172	
3.95275	5.33088	4.10995	1.96727	6.50812	8.29221	5.55786	7.66931	6.06088	12.4072	1.62823	3.79873	1.07415	3.76136	7.95705	5.48401	3.68471	13.7005	0	0.211379	
3.74137	5.1195	3.89857	1.90051	5.32891	5.69536	5.34648	8.31432	6.27225	8.39339	1.83961	4.48811	1.28553	3.97274	10.061	9.20882	3.47333	5.83172	0.211379	0	

0	7.70388	5.21233	3.85976	5.79538	1.6587	10.1223	4.85027	15.0283	2.69246	3.26854	8.98148	1.34458	2.79362	4.11205	3.07803	7.16326	4.20063	3.92397	1.60856	
7.70388	0	4.2838	8.69796	4.86686	7.50158	9.63232	7.69046	11.645	4.37185	3.6698	4.99885	3.12757	13.8337	8.91086	13.906	10.2834	13.222	3.38768	2.8636	
5.21233	4.2838	0	5.61783	2.37531	13.2156	7.24811	5.19891	13.2727	5.72397	1.91667	6.35097	3.47552	11.3642	10.263	8.51064	11.6355	10.4539	0.896126	3.29765	
3.85976	8.69796	5.61783	0	11.5805	6.99006	15.7031	9.1321	14.8913	7.34262	4.473	7.77917	2.51518	4.92574	3.92682	2.89281	9.94985	4.0154	5.09457	2.77916	
5.79538	4.86686	2.37531	11.5805	0	10.5778	4.4013	5.78197	1.76326	9.54409	2.49973	10.8484	4.05857	18.7901	14.7604	12.1646	16.1329	16.2982	1.47918	3.8807	
1.6587	7.50158	13.2156	6.99006	10.5778	0	5.1821	3.19157	10.9247	1.03376	4.92724	7.63962	3.00328	4.45232	8.74419	4.73673	12.1357	7.78791	5.9749	2.54202	
10.1223	9.63232	7.24811	15.7031	4.4013	5.1821	0	10.3712	2.63804	4.14834	7.37253	10.7542	8.93138	7.32873	19.2508	9.36167	12.0163	10.9025	6.35199	5.6566	
4.85027	7.69046	5.19891	9.1321	5.78197	3.19157	10.3712	0	7.73313	4.22533	3.07696	13.9239	5.03479	6.41777	12.7094	10.4263	6.97168	14.2328	4.09751	3.88317	
15.0283	11.645	13.2727	14.8913	1.76326	10.9247	2.63804	7.73313	0	6.78638	9.86319	11.1922	9.32096	9.96677	15.1043	16.783	14.6544	16.5092	3.24244	9.05698	
2.69246	4.37185	5.72397	7.34262	9.54409	1.03376	4.14834	4.22533	6.78638	0	2.31446	3.64352	1.77224	8.30272	7.55552	7.87675	8.92807	6.75415	3.90978	1.50826	
3.26854	3.6698	1.91667	4.473	2.49973	4.92724	7.37253	3.07696	9.86319	2.31446	0	2.94146	1.07018	3.34081	6.85347	5.05708	3.89472	9.08688	1.02054	0.806202	
8.98148	4.99885	6.35097	7.77917	10.8484	7.63962	10.7542	13.9239	11.1922	3.64352	2.94146	0	2.39924	7.8981	6.48059	7.5146	9.55507	13.36	4.53678	2.13526	
1.34458	3.12757	3.47552	2.51518	4.05857	3.00328	8.93138	5.03479	9.32096	1.77224	1.07018	2.39924	0	4.1382	4.13327	3.09926	5.85254	4.22185	2.57939	0.263979	
2.79362	13.8337	11.3642	4.92574	18.7901	4.45232	7.32873	6.41777	9.96677	8.30272	3.34081	7.8981	4.1382	0	3.06695	2.03294	7.23552	3.15553	4.36135	4.14701	
4.11205	8.91086	10.263	3.92682	14.7604	8.74419	19.2508	12.7094	15.1043	7.55552	6.85347	6.48059	4.13327	3.06695	0	1.03401	7.96413	2.15661	8.44879	6.04727	
3.07803	13.906	8.51064	2.89281	12.1646	4.73673	9.36167	10.4263	16.783	7.87675	5.05708	7.5146	3.09926	2.03294	1.03401	0	6.31475	1.12259	5.67865	3.36324	
7.16326	10.2834	11.6355	9.94985	16.1329	12.1357	12.0163	6.97168	14.6544	8.92807	3.89472	9.55507	5.85254	7.23552	7.96413	6.31475	0	5.19216	4.91526	4.70092	
4.20063	13.222	10.4539	4.0154	16.2982	7.78791	10.9025	14.2328	16.5092	6.75415	9.08688	13.36	4.22185	3.15553	2.15661	1.12259	5.19216	0	12.1763	8.26241	
3.92397	3.38768	0.896126	5.09457	1.47918	5.9749	6.35199	4.09751	3.24244	3.90978	1.02054	4.53678	2.57939	4.36135	8.44879	5.67865	4.91526	12.1763	0	1.82675	
1.60856	2.8636	3.29765	2.77916	3.8807	2.54202	5.6566	3.88317	9.05698	1.50826	0.806202	2.13526	0.263979	4.14701	6.04727	3.36324	4.70092	8.26241	1.82675	0	

0	10.6799	9.14669	5.63192	10.285	9.0904	10.1324	9.58104	8.20361	11.7195	5.28851	5.93812	6.43769	3.27258	3.34127	7.3158	10.4928	5.58562	6.32984	7.27635	
10.6799	0	5.40688	6.87749	7.76721	8.46369	4.45448	12.9607	2.6803	12.2311	3.70809	5.31231	6.4999	10.0594	6.35867	2.38414	6.02198	5.20409	6.59179	6.05565	
9.14669	5.40688	0	2.00994	8.1678	4.15189	8.83508	13.0549	8.08718	4.42242	6.43607	9.41202	3.22955	11.8204	6.81517	5.11212	6.72793	3.11975	1.31202	1.84816	
5.63192	6.87749	2.00994	0	4.65303	3.45848	5.32032	8.91826	4.88589	3.72901	3.09467	8.086	2.61544	7.37407	5.04191	4.41861	6.11042	2.50564	0.697918	1.23406	
10.285	7.76721	8.1678	4.65303	0	8.11151	4.90481	4.26522	6.67899	14.6953	6.70701	13.4524	10.3213	9.59099	9.3576	5.38307	11.8637	8.20301	5.35095	8.02334	
9.0904	8.46369	4.15189	3.45848	8.11151	0	7.55756	10.7006	5.78338	0.270531	6.55315	8.21099	7.69168	11.6124	7.28787	7.86347	5.26029	5.04352	4.1564	6.44593	
10.1324	4.45448	8.83508	5.32032	4.90481	7.55756	0	9.17003	1.77417	12.0561	3.5654	11.6624	6.32494	9.88446	6.28452	5.66122	8.62081	8.47335	6.01823	5.88069	
9.58104	12.9607	13.0549	8.91826	4.26522	10.7006	9.17003	0	10.2804	10.4301	8.18701	8.83662	12.0755	13.1269	6.23977	9.64829	11.4473	8.48412	12.3544	13.974	
8.20361	2.6803	8.08718	4.88589	6.67899	5.78338	1.77417	10.2804	0	6.05392	1.79122	7.99262	8.6182	12.5724	3.73847	3.11517	8.70229	5.9273	6.0359	3.34213	
11.7195	12.2311	4.42242	3.72901	14.6953	0.270531	12.0561	10.4301	6.05392	0	7.72631	8.48152	6.61965	10.1792	8.04959	12.0935	5.53082	5.31405	6.71154	6.1754	
5.28851	3.70809	6.43607	3.09467	6.70701	6.55315	3.5654	8.18701	1.79122	7.72631	0	4.54409	1.99516	5.55468	1.94724	1.32394	4.29102	4.13608	2.08705	1.55091	
5.93812	5.31231	9.41202	8.086	13.4524	8.21099	11.6624	8.83662	7.99262	8.48152	4.54409	0	4.63049	7.7956	2.59685	6.57138	11.3343	4.8412	6.54801	5.07474	
6.43769	6.4999	3.22955	2.61544	10.3213	7.69168	6.32494	12.0755	8.6182	6.61965	1.99516	4.63049	0	3.16511	4.89251	4.93819	3.18436	2.64816	0.980384	0.444247	
3.27258	10.0594	11.8204	7.37407	9.59099	11.6124	9.88446	13.1269	12.5724	10.1792	5.55468	7.7956	3.16511	0	6.61385	8.10329	6.74389	5.81327	4.53991	3.60936	
3.34127	6.35867	6.81517	5.04191	9.3576	7.28787	6.28452	6.23977	3.73847	8.04959	1.94724	2.59685	4.89251	6.61385	0	3.27119	9.89802	2.24435	4.05207	3.49815	
7.3158	2.38414	5.11212	4.41861	5.38307	7.86347	5.66122	9.64829	3.11517	12.0935	1.32394	6.57138	4.93819	8.10329	3.27119	0	8.40613	2.81994	4.62767	2.87485	
10.4928	6.02198	6.72793	6.11042	11.8637	5.26029	8.62081	11.4473	8.70229	5.53082	4.29102	11.3343	3.18436	6.74389	9.89802	8.40613	0	7.22363	3.27625	2.74012	
5.58562	5.20409	3.11975	2.50564	8.20301	5.04352	8.47335	8.48412	5.9273	5.31405	4.13608	4.8412	2.64816	5.81327	2.24435	2.81994	7.22363	0	1.80773	2.34386	
6.32984	6.59179	1.31202	0.697918	5.35095	4.1564	6.01823	12.3544	6.0359	6.71154	2.08705	6.54801	0.980384	4.53991	4.05207	4.62767	3.27625	1.80773	0	0.536137	
7.27635	6.05565	1.84816	1.23406	8.02334	6.44593	5.88069	13.974	3.34213	6.1754	1.55091	5.07474	0.444247	3.60936	3.49815	2.87485	2.74012	2.34386	0.536137	0	

0	6.59662	3.75917	4.11443	6.78939	9.1662	15.1314	7.12328	9.19725	7.42845	4.52205	11.1137	5.21091	4.76212	6.62132	4.85108	4.27221	7.85046	7.00873	4.29976	
6.59662	0	8.1405	5.71187	4.8416	6.24598	13.1836	11.1589	2.70242	6.99774	4.79683	12.7949	8.34325	10.4241	7.13884	7.10947	2.32441	5.90266	6.79393	10.2451	
3.75917	8.1405	0	7.8736	8.49642	7.27904	6.2035	10.5642	5.43808	8.6779	5.22166	7.35457	1.45174	6.87976	6.47854	8.61025	8.03138	7.4545	3.00106	5.27131	
4.11443	5.71187	7.8736	0	4.24229	5.1029	16.9718	8.72167	8.41429	6.41732	0.407618	9.4952	10.776	1.78458	3.56039	1.3976	2.88003	5.53534	2.37971	8.41419	
6.78939	4.8416	8.49642	4.24229	0	8.95433	10.6928	1.58308	11.9352	6.77191	3.83467	18.7886	6.79617	8.87705	6.98744	8.53619	2.51718	6.09543	5.24685	4.4066	
9.1662	6.24598	7.27904	5.1029	8.95433	0	4.3673	6.50325	3.54355	1.31442	5.51052	4.3923	5.5788	7.65967	2.54487	4.81158	7.28981	3.71156	4.02948	4.44311	
15.1314	13.1836	6.2035	16.9718	10.6928	4.3673	0	8.24172	7.34821	3.05289	12.6906	27.7993	4.75176	14.4532	8.90745	12.1436	10.8591	14.4374	6.30107	6.18158	
7.12328	11.1589	10.5642	8.72167	1.58308	6.50325	8.24172	0	9.48415	5.18883	5.41775	15.7824	6.64309	10.1808	11.0434	10.0792	4.10026	5.94141	6.61839	2.82352	
9.19725	2.70242	5.43808	8.41429	11.9352	3.54355	7.34821	9.48415	0	4.29532	12.3158	7.93586	6.88982	13.9274	6.08843	13.386	5.02683	7.25511	7.57303	7.42401	
7.42845	6.99774	8.6779	6.41732	6.77191	1.31442	3.05289	5.18883	4.29532	0	7.40043	5.70672	6.94826	9.05853	3.85929	8.12128	9.09402	5.02597	5.34389	3.12869	
4.52205	4.79683	5.22166	0.407618	3.83467	5.51052	12.6906	5.41775	12.3158	7.40043	0	8.80887	3.52141	5.60229	3.15277	1.80522	2.47241	6.05066	1.97209	5.76696	
11.1137	12.7949	7.35457	9.4952	18.7886	4.3923	27.7993	15.7824	7.93586	5.70672	8.80887	0	8.80631	15.6667	5.6561	7.9228	12.1719	8.10386	8.42178	12.9589	
5.21091	8.34325	1.45174	10.776	6.79617	5.5788	4.75176	6.64309	6.88982	6.94826	3.52141	8.80631	0	5.17951	5.0268	7.29351	7.11266	5.75425	1.54932	3.81957	
4.76212	10.4241	6.87976	1.78458	8.87705	7.65967	14.4532	10.1808	13.9274	9.05853	5.60229	15.6667	5.17951	0	2.65368	0.386976	9.03433	4.52472	3.6302	7.42506	
6.62132	7.13884	6.47854	3.56039	6.98744	2.54487	8.90745	11.0434	6.08843	3.85929	3.15277	5.6561	5.0268	2.65368	0	2.26671	5.62519	6.25643	5.12486	8.84637	
4.85108	7.10947	8.61025	1.3976	8.53619	4.81158	12.1436	10.0792	13.386	8.12128	1.80522	7.9228	7.29351	0.386976	2.26671	0	7.51029	4.13774	4.01717	9.15084	
4.27221	2.32441	8.03138	2.88003	2.51718	7.28981	10.8591	4.10026	5.02683	9.09402	2.47241	12.1719	7.11266	9.03433	5.62519	7.51029	0	3.57825	4.44451	8.54198	
7.85046	5.90266	7.4545	5.53534	6.09543	3.71156	14.4374	5.94141	7.25511	5.02597	6.05066	8.10386	5.75425	4.52472	6.25643	4.13774	3.57825	0	4.20494	7.9998	
7.00873	6.79393	3.00106	2.37971	5.24685	4.02948	6.30107	6.61839	7.57303	5.34389	1.97209	8.42178	1.54932	3.6302	5.12486	4.01717	4.44451	4.20494	0	3.79487	
4.29976	10.2451	5.27131	8.41419	4.4066	4.44311	6.18158	2.82352	7.42401	3.12869	5.76696	12.9589	3.81957	7.42506	8.84637	9.15084	8.54198	7.9998	3.79487	0	

0	4.55119	3.76236	1.74732	9.87232	15.64	11.8096	8.81319	14.0958	9.46535	6.16833	2.10562	4.2998	3.23963	3.21433	0.28732	4.68991	7.03683	4.4678	6.10693	
4.55119	0	0.788839	5.55018	8.06084	10.2045	8.1101	15.5775	8.98886	7.35298	5.92909	7.6596	2.55976	5.67762	10.2595	5.8772	5.64854	4.51323	1.69671	5.54369	
3.76236	0.788839	0	6.81056	7.272	6.7047	8.89894	9.46375	9.9288	6.56414	6.33812	6.01331	5.5727	8.30287	8.27756	4.04968	4.8597	5.30207	2.48555	8.01015	
1.74732	5.55018	6.81056	0	7.65233	4.66622	9.77871	8.44297	5.55187	6.97693	0.390852	3.2783	2.48264	1.57006	4.38701	1.46	1.86927	3.31663	3.85346	2.5198	
9.87232	8.06084	7.272	7.65233	0	9.22143	5.29367	2.19174	4.41492	7.77958	6.66082	15.7558	9.06855	11.1396	16.6662	10.7176	5.18241	11.1188	11.3539	10.1826	
15.64	10.2045	6.7047	4.66622	9.22143	0	6.9456	6.30409	3.50522	0.140556	4.27537	12.4311	4.56267	5.45458	16.4788	10.0044	4.91599	3.80085	8.03172	4.18474	
11.8096	8.1101	8.89894	9.77871	5.29367	6.9456	0	14.7506	0.878755	4.24342	6.03977	13.3406	7.63684	9.45554	14.4493	11.5223	17.8957	7.58264	9.80682	7.25891	
8.81319	15.5775	9.46375	8.44297	2.19174	6.30409	14.7506	0	6.60666	6.16353	8.83382	10.3442	8.36878	10.8276	11.4529	8.52587	7.37415	9.82383	11.8378	7.99085	
14.0958	8.98886	9.9288	5.55187	4.41492	3.50522	0.878755	6.60666	0	3.36466	5.16102	12.4851	7.18308	6.34023	17.3645	11.1956	6.63944	6.70388	8.04612	7.56101	
9.46535	7.35298	6.56414	6.97693	7.77958	0.140556	4.24342	6.16353	3.36466	0	4.41592	9.44148	8.66158	9.84874	18.111	10.4098	4.77543	3.66029	9.98618	4.3253	
6.16833	5.92909	6.33812	0.390852	6.66082	4.27537	6.03977	8.83382	5.16102	4.41592	0	5.79546	2.09179	1.17921	9.81273	1.85085	1.47842	3.70749	2.95483	2.46972	
2.10562	7.6596	6.01331	3.2783	15.7558	12.4311	13.3406	10.3442	12.4851	9.44148	5.79546	0	5.83078	4.61625	4.7453	1.8183	6.94087	5.78119	5.96288	7.6379	
4.2998	2.55976	5.5727	2.48264	9.06855	4.56267	7.63684	8.36878	7.18308	8.66158	2.09179	5.83078	0	3.271	6.93949	4.01249	3.5702	5.87644	0.863042	0.37793	
3.23963	5.67762	8.30287	1.57006	11.1396	5.45458	9.45554	10.8276	6.34023	9.84874	1.17921	4.61625	3.271	0	5.87932	2.95231	2.65763	9.29777	3.98091	3.78151	
3.21433	10.2595	8.27756	4.38701	16.6662	16.4788	14.4493	11.4529	17.3645	18.111	9.81273	4.7453	6.93949	5.87932	0	2.92701	9.54794	9.67652	7.10749	8.74661	
0.28732	5.8772	4.04968	1.46	10.7176	10.0044	11.5223	8.52587	11.1956	10.4098	1.85085	1.8183	4.01249	2.95231	2.92701	0	3.92993	4.77664	4.18048	3.9798	
4.68991	5.64854	4.8597	1.86927	5.18241	4.91599	17.8957	7.37415	6.63944	4.77543	1.47842	6.94087	3.5702	2.65763	9.54794	3.92993	0	5.78656	4.74919	4.26408	
7.03683	4.51323	5.30207	3.31663	11.1188	3.80085	7.58264	9.82383	6.70388	3.66029	3.70749	5.78119	5.87644	9.29777	9.67652	4.77664	5.78656	0	6.20995	5.83643	
4.4678	1.69671	2.48555	3.85346	11.3539	8.03172	9.80682	11.8378	8.04612	9.98618	2.95483	5.96288	0.863042	3.98091	7.10749	4.18048	4.74919	6.20995	0	1.24097	
6.10693	5.54369	8.01015	2.5198	10.1826	4.18474	7.25891	7.99085	7.56101	4.3253	2.46972	7.6379	0.37793	3.78151	8.74661	3.9798	4.26408	5.83643	1.24097	0	

0	5.57137	5.2933	3.01668	7.47449	5.60835	6.93451	6.92444	5.22711	4.81131	7.70094	3.4513	3.9373	8.60749	0.635264	2.45074	2.99362	5.82164	6.15868	5.12348	
5.57137	0	7.10802	4.15197	6.90126	10.3022	13.3424	9.29068	7.18562	10.3827	4.93461	7.45374	5.01166	10.8693	6.20664	6.56397	5.35986	6.5846	5.45348	4.41828	
5.2933	7.10802	0	3.0066	13.001	7.54557	12.2578	9.80995	10.398	8.34261	3.47553	6.30837	2.03061	4.17815	4.65804	3.51717	5.61765	5.43924	4.07722	2.62399	
3.01668	4.15197	3.0066	0	4.74223	8.51879	7.63063	8.44721	5.02659	11.7296	0.782639	3.30177	2.85263	5.21848	2.38142	2.79823	5.95019	2.43263	3.29445	2.25925	
7.47449	6.90126	13.001	4.74223	0	5.71104	3.95479	14.7025	2.24738	4.914	8.71158	5.25351	3.07636	13.3037	8.06955	9.69957	11.1816	9.3351	3.51818	2.48298	
5.60835	10.3022	7.54557	8.51879	5.71104	0	4.71222	11.3923	3.62282	0.797043	11.0211	16.7539	9.57618	8.872	12.2036	9.54462	7.0646	6.08616	12.5417	12.9383	
6.93451	13.3424	12.2578	7.63063	3.95479	4.71222	0	6.68006	1.7074	4.53318	10.4752	9.27845	6.31896	16.1147	7.01706	4.8324	10.6109	9.02382	9.95935	4.47474	
6.92444	9.29068	9.80995	8.44721	14.7025	11.3923	6.68006	0	8.38746	10.1984	7.66457	9.54214	6.32005	8.37976	9.18599	7.00134	3.93082	11.1928	4.27345	5.30865	
5.22711	7.18562	10.398	5.02659	2.24738	3.62282	1.7074	8.38746	0	2.82577	8.99593	7.5009	3.36072	13.0338	5.86237	6.5398	8.22073	9.61945	3.80253	2.76733	
4.81131	10.3827	8.34261	11.7296	4.914	0.797043	4.53318	10.1984	2.82577	0	16.4241	10.1675	9.85459	10.208	5.44657	7.26205	6.26755	6.8832	11.7447	5.59311	
7.70094	4.93461	3.47553	0.782639	8.71158	11.0211	10.4752	7.66457	8.99593	16.4241	0	4.08441	5.50614	7.65368	3.16406	3.58087	6.73283	3.21527	6.29652	3.04189	
3.4513	7.45374	6.30837	3.30177	5.25351	16.7539	9.27845	9.54214	7.5009	10.1675	4.08441	0	5.93261	8.05023	2.81604	4.44605	9.25196	5.7344	5.26869	5.56102	
3.9373	5.01166	2.03061	2.85263	3.07636	9.57618	6.31896	6.32005	3.36072	9.85459	5.50614	5.93261	0	6.15292	3.67121	1.48656	3.58704	5.67798	1.62858	0.593381	
8.60749	10.8693	4.17815	5.21848	13.3037	8.872	16.1147	8.37976	13.0338	10.208	7.65368	8.05023	6.15292	0	8.83619	6.97726	10.8918	2.78585	4.10631	5.14151	
0.635264	6.20664	4.65804	2.38142	8.06955	12.2036	7.01706	9.18599	5.86237	5.44657	3.16406	2.81604	3.67121	8.83619	0	2.18466	3.62889	4.81405	8.08473	4.64067	
2.45074	6.56397	3.51717	2.79823	9.69957	9.54462	4.8324	7.00134	6.5398	7.26205	3.58087	4.44605	1.48656	6.97726	2.18466	0	5.0736	4.19142	3.53317	2.07994	
2.99362	5.35986	5.61765	5.95019	11.1816	7.0646	10.6109	3.93082	8.22073	6.26755	6.73283	9.25196	3.58704	10.8918	3.62889	5.0736	0	8.38282	5.63364	4.18042	
5.82164	6.5846	5.43924	2.43263	9.3351	6.08616	9.02382	11.1928	9.61945	6.8832	3.21527	5.7344	5.67798	2.78585	4.81405	4.19142	8.38282	0	6.89216	4.69188	
6.15868	5.45348	4.07722	3.29445	3.51818	12.5417	9.95935	4.27345	3.80253	11.7447	6.29652	5.26869	1.62858	4.10631	8.08473	3.53317	5.63364	6.89216	0	1.0352	
5.12348	4.41828	2.62399	2.25925	2.48298	12.9383	4.47474	5.30865	2.76733	5.59311	3.04189	5.56102	0.593381	5.14151	4.64067	2.07994	4.18042	4.69188	1.0352	0	

0	6.057	5.52478	4.11723	7.97803	6.99805	11.1555	11.4922	9.82127	14.5587	2.3504	1.4505	2.03693	1.93221	4.03095	5.44879	6.50775	5.04098	0.875947	1.49998	
6.057	0	4.37923	5.30338	4.75576	9.71011	2.98318	6.07433	1.99445	5.30991	3.95675	2.41454	1.2113	1.93283	15.0448	3.1609	5.76174	5.41788	2.37229	1.53613	
5.52478	4.37923	0	3.00223	11.8008	5.04406	4.38143	9.98224	7.68778	4.37232	2.35433	11.9866	3.16793	4.37825	9.61233	6.42102	5.88353	5.17541	3.82879	3.49276	
4.11723	5.30338	3.00223	0	9.19425	8.13394	1.48812	7.70002	2.47685	11.0137	0.647901	2.66672	4.91785	2.67182	7.90589	4.71459	4.9981	3.46898	2.12235	2.99293	
7.97803	4.75576	11.8008	9.19425	0	4.95436	11.876	5.77373	6.75021	5.62609	11.257	6.52752	5.96706	6.68859	12.7652	7.91666	6.90681	10.1736	10.8188	7.24078	
6.99805	9.71011	5.04406	8.13394	4.95436	0	6.92167	8.57854	3.98719	0.671734	4.63146	11.4819	2.61125	10.1815	8.98909	3.02358	4.08254	6.93415	2.91046	2.28642	
11.1555	2.98318	4.38143	1.48812	11.876	6.92167	0	6.2119	0.988729	4.30419	2.0271	4.15485	4.78088	4.05102	9.28509	4.2418	5.07631	4.84817	3.50155	4.37213	
11.4922	6.07433	9.98224	7.70002	5.77373	8.57854	6.2119	0	7.20063	7.90681	8.239	12.3013	7.28564	8.00716	10.0058	9.23523	4.09872	6.30985	9.90679	5.89483	
9.82127	1.99445	7.68778	2.47685	6.75021	3.98719	0.988729	7.20063	0	3.31546	3.01582	8.7993	3.20575	3.92728	9.99466	3.25307	4.08758	7.41233	5.73367	3.99024	
14.5587	5.30991	4.37232	11.0137	5.62609	0.671734	4.30419	7.90681	3.31546	0	6.72666	11.8352	7.54025	13.1066	18.397	6.28897	7.40304	14.2167	9.02116	2.95816	
2.3504	3.95675	2.35433	0.647901	11.257	4.63146	2.0271	8.239	3.01582	6.72666	0	2.50563	2.63544	2.02392	7.25799	3.0822	4.14115	2.82108	1.47445	2.09849	
1.4505	2.41454	11.9866	2.66672	6.52752	11.4819	4.15485	12.3013	8.7993	11.8352	2.50563	0	11.2327	0.481712	5.48145	5.54623	4.64111	11.4965	2.32645	6.16213	
2.03693	1.2113	3.16793	4.91785	5.96706	2.61125	4.78088	7.28564	3.20575	7.54025	2.63544	11.2327	0	3.14413	7.0275	1.06199	2.12094	4.97256	0.948861	0.324827	
1.93221	1.93283	4.37825	2.67182	6.68859	10.1815	4.05102	8.00716	3.92728	13.1066	2.02392	0.481712	3.14413	0	6.71936	5.09373	4.1594	4.845	3.49838	4.36895	
4.03095	15.0448	9.61233	7.90589	12.7652	8.98909	9.28509	10.0058	9.99466	18.397	7.25799	5.48145	7.0275	6.71936	0	7.43983	5.90708	10.0791	4.9069	6.70267	
5.44879	3.1609	6.42102	4.71459	7.91666	3.02358	4.2418	9.23523	3.25307	6.28897	3.0822	5.54623	1.06199	5.09373	7.43983	0	2.53328	5.38489	1.3612	0.737162	
6.50775	5.76174	5.88353	4.9981	6.90681	4.08254	5.07631	4.09872	4.08758	7.40304	4.14115	4.64111	2.12094	4.1594	5.90708	2.53328	0	6.44385	2.42015	1.79611	
5.04098	5.41788	5.17541	3.46898	10.1736	6.93415	4.84817	6.30985	7.41233	14.2167	2.82108	11.4965	4.97256	4.845	10.0791	5.38489	6.44385	0	4.16503	4.64773	
0.875947	2.37229	3.82879	2.12235	10.8188	2.91046	3.50155	9.90679	5.73367	9.02116	1.47445	2.32645	0.948861	3.49838	4.9069	1.3612	2.42015	4.16503	0	0.624034	
