10
5
3
3
20

6	7
19	44
37	23
35	6
5	8

26	20
20	33
15	46
20	26
17	19
15	12
5	30
13	40
38	5
9	40

70

1.79769e+308
1.79769e+308
1.79769e+308
1.79769e+308
1.79769e+308

16
18
15
11
18
16
15
15
15
16

0
0
0
0
0

0

0	20.7902	18.2646	7.83465	0.59397	9.05934	18.0868	16.3182	14.5866	6.94271	8.03059	21.9145	9.10825	13.0208	13.9482	
20.7902	0	8.53454	16.4655	13.4654	5	7.6859	4.20381	15.0126	9.27955	15.0308	10.6189	11.4138	11.2793	12.3859	
18.2646	8.53454	0	26.5317	11.9999	3.53454	25.0113	17.2248	13.5472	17.3893	17.408	10.8097	23.616	31.7179	13.9331	
7.83465	16.4655	26.5317	0	8.42862	21.9953	21.312	14.5883	20.5209	16.6092	10.8579	28.7844	16.6037	5.18614	21.4437	
0.59397	13.4654	11.9999	8.42862	0	8.46537	17.4929	19.806	15.1069	6.34874	8.62456	18.6995	9.70222	18.7161	15.1129	
9.05934	5	3.53454	21.9953	8.46537	0	14.8304	9.20381	10.0126	13.8547	13.8735	10.2341	15.491	16.2793	13.3575	
18.0868	7.6859	25.0113	21.312	17.4929	14.8304	0	3.4821	9.1	16.7519	18.7629	9.8972	10.6921	12.8842	10.9523	
16.3182	4.20381	17.2248	14.5883	19.806	9.20381	3.4821	0	12.5821	13.4834	23.3494	6.41511	7.20999	9.40213	9.5385	
14.5866	15.0126	13.5472	20.5209	15.1069	10.0126	9.1	12.5821	0	8.75814	9.66294	18.2846	5.47837	25.0496	10.3184	
6.94271	9.27955	17.3893	16.6092	6.34874	13.8547	16.7519	13.4834	8.75814	0	5.75129	11.8876	8.7648	20.5589	8.76416	
8.03059	15.0308	17.408	10.8579	8.62456	13.8735	18.7629	23.3494	9.66294	5.75129	0	20.7278	14.5161	15.3866	14.5154	
21.9145	10.6189	10.8097	28.7844	18.6995	10.2341	9.8972	6.41511	18.2846	11.8876	20.7278	0	7.9634	15.8172	3.1234	
9.10825	11.4138	23.616	16.6037	9.70222	15.491	10.6921	7.20999	5.47837	8.7648	14.5161	7.9634	0	16.6121	4.84	
13.0208	11.2793	31.7179	5.18614	18.7161	16.2793	12.8842	9.40213	25.0496	20.5589	15.3866	15.8172	16.6121	0	21.7058	
13.9482	12.3859	13.9331	21.4437	15.1129	13.3575	10.9523	9.5385	10.3184	8.76416	14.5154	3.1234	4.84	21.7058	0	

0	27.7139	21.629	11.2292	2.47487	19.3443	13.3374	23.643	12.2142	5.76984	3.2946	8.74826	18.6826	23.085	14.3488	
27.7139	0	6.0849	9.50835	30.3926	14.25	14.4074	2.37023	16.3888	19.1384	29.4713	18.4173	3.63514	14.1229	10.7707	
21.629	6.0849	0	3.42345	23.8237	16.0724	16.7646	8.45513	13.9828	13.0535	11.3581	21.3537	16.8294	8.00875	18.9016	
11.2292	9.50835	3.42345	0	15.797	12.6489	20.1881	16.338	16.8543	10.4099	7.93463	21.1455	24.0522	4.5853	23.6734	
2.47487	30.3926	23.8237	15.797	0	18.7505	12.7809	23.8595	9.84091	10.3376	5.76948	9.9	17.0411	25.5598	15.5006	
19.3443	14.25	16.0724	12.6489	18.7505	0	7.58845	16.6202	8.90955	8.60262	11.0779	12.1776	11.2513	10.5652	11.0245	
13.3374	14.4074	16.7646	20.1881	12.7809	7.58845	0	4.92772	2.94	13.2827	11.8596	4.58912	3.66281	18.1536	7.10281	
23.643	2.37023	8.45513	16.338	23.8595	16.6202	4.92772	0	8.46505	10.8848	22.9382	12.0222	1.26491	11.7527	4.70491	
12.2142	16.3888	13.9828	16.8543	9.84091	8.90955	2.94	8.46505	0	11.3949	8.91964	7.52912	6.60281	19.4747	10.6401	
5.76984	19.1384	13.0535	10.4099	10.3376	8.60262	13.2827	10.8848	11.3949	0	2.47524	16.4416	9.6199	19.0176	13.0599	
3.2946	29.4713	11.3581	7.93463	5.76948	11.0779	11.8596	22.9382	8.91964	2.47524	0	12.0429	12.0951	12.5199	18.5372	
8.74826	18.4173	21.3537	21.1455	9.9	12.1776	4.58912	12.0222	7.52912	16.4416	12.0429	0	8.25193	16.5602	5.60057	
18.6826	3.63514	16.8294	24.0522	17.0411	11.2513	3.66281	1.26491	6.60281	9.6199	12.0951	8.25193	0	13.0176	3.44	
23.085	14.1229	8.00875	4.5853	25.5598	10.5652	18.1536	11.7527	19.4747	19.0176	12.5199	16.5602	13.0176	0	20.1531	
14.3488	10.7707	18.9016	23.6734	15.5006	11.0245	7.10281	4.70491	10.6401	13.0599	18.5372	5.60057	3.44	20.1531	0	

0	17.9953	9.76795	15.6693	1.82434	10.2897	18.899	23.3557	16.2521	6.70798	6.5892	18.5321	12.2035	17.0923	17.2291	
17.9953	0	15.7654	13.8417	14.414	13.0375	6.73767	4.87463	10.8531	9.53035	9.7246	10.2955	4.11033	21.0596	7.75962	
9.76795	15.7654	0	15.3044	11.4104	12.1249	17.5515	15.473	9.49447	6.52674	11.8412	24.6455	13.7951	13.8814	15.2909	
15.6693	13.8417	15.3044	0	17.3283	13.1407	7.10398	23.6788	19.634	14.2103	12.5284	12.1872	14.5286	1.42302	18.7082	
1.82434	14.414	11.4104	17.3283	0	8.46537	14.7652	19.7743	11.0958	4.88365	8.41354	24.4182	12.152	15.9053	13.6478	
10.2897	13.0375	12.1249	13.1407	8.46537	0	6.29984	8.60894	2.63044	11.5003	9.79306	21.6312	11.2393	11.7177	7.34967	
18.899	6.73767	17.5515	7.10398	14.7652	6.29984	0	11.6123	8.93028	11.0247	13.0389	17.0331	7.42462	8.52701	11.6042	
23.3557	4.87463	15.473	23.6788	19.7743	8.60894	11.6123	0	5.9785	11.6492	11.3064	10.9434	5.6921	21.7075	2.885	
16.2521	10.8531	9.49447	19.634	11.0958	2.63044	8.93028	5.9785	0	12.2614	9.66294	16.9219	8.60886	14.3482	8.8635	
6.70798	9.53035	6.52674	14.2103	4.88365	11.5003	11.0247	11.6492	12.2614	0	5.31448	17.2574	7.26837	15.6333	8.76416	
6.5892	9.7246	11.8412	12.5284	8.41354	9.79306	13.0389	11.3064	9.66294	5.31448	0	11.9429	5.61427	13.9514	12.2543	
18.5321	10.2955	24.6455	12.1872	24.4182	21.6312	17.0331	10.9434	16.9219	17.2574	11.9429	0	14.4058	10.7641	13.8284	
12.2035	4.11033	13.7951	14.5286	12.152	11.2393	7.42462	5.6921	8.60886	7.26837	5.61427	14.4058	0	28.6929	6.64	
17.0923	21.0596	13.8814	1.42302	15.9053	11.7177	8.52701	21.7075	14.3482	15.6333	13.9514	10.7641	28.6929	0	19.0674	
17.2291	7.75962	15.2909	18.7082	13.6478	7.34967	11.6042	2.885	8.8635	8.76416	12.2543	13.8284	6.64	19.0674	0	

0	11.5048	10.5961	16.9799	2.23446	5.00928	18.7544	21.4884	8.5731	15.6277	10.9134	17.7267	30.1644	12.1753	23.9405	
11.5048	0	18.1424	20.1419	9.27034	19.7562	18.998	2.81745	11.2698	12.2933	14.1896	23.2497	8.4376	19.2112	6.6776	
10.5961	18.1424	0	5.6359	14.628	5.58686	9.26194	14.4943	6.04194	16.3232	11.5715	15.0681	13.2248	4.68722	11.4648	
16.9799	20.1419	5.6359	0	10.8895	14.0111	10.1762	16.359	15.6078	6.88312	11.4843	20.5445	8.09938	0.948683	9.85938	
2.23446	9.27034	14.628	10.8895	0	7.24374	21.5911	12.0878	18.519	17.8621	12.3859	19.9612	21.3129	9.94082	15.9479	
5.00928	19.7562	5.58686	14.0111	7.24374	0	6.78382	12.0162	3.56382	12.4964	5.98465	13.0336	22.4567	10.2741	11.2198	
18.7544	18.998	9.26194	10.1762	21.5911	6.78382	0	11.6724	3.22	3.2931	11.01	12.6897	8.71156	11.6503	10.4716	
21.4884	2.81745	14.4943	16.359	12.0878	12.0162	11.6724	0	8.45237	9.47589	17.007	17.9221	10.4355	22.4149	9.49505	
8.5731	11.2698	6.04194	15.6078	18.519	3.56382	3.22	8.45237	0	6.5131	9.54847	9.46975	9.41593	10.7292	7.65593	
15.6277	12.2933	16.3232	6.88312	17.8621	12.4964	3.2931	9.47589	6.5131	0	7.71692	16.2956	12.0047	7.8318	16.2967	
10.9134	14.1896	11.5715	11.4843	12.3859	5.98465	11.01	17.007	9.54847	7.71692	0	9.06015	19.5837	12.433	20.8672	
17.7267	23.2497	15.0681	20.5445	19.9612	13.0336	12.6897	17.9221	9.46975	16.2956	9.06015	0	20.7461	19.7553	17.1257	
30.1644	8.4376	13.2248	8.09938	21.3129	22.4567	8.71156	10.4355	9.41593	12.0047	19.5837	20.7461	0	9.04807	1.76	
12.1753	19.2112	4.68722	0.948683	9.94082	10.2741	11.6503	22.4149	10.7292	7.8318	12.433	19.7553	9.04807	0	16.1521	
23.9405	6.6776	11.4648	9.85938	15.9479	11.2198	10.4716	9.49505	7.65593	16.2967	20.8672	17.1257	1.76	16.1521	0	

0	13.4457	15.2571	10.7364	1.78191	11.4741	14.7363	35.9675	7.31626	18.7399	9.96736	18.4937	15.3057	8.40913	24.433	
13.4457	0	14.0703	27.2125	15.0331	10.2872	3.97633	6.93181	6.12944	14.0882	26.4268	9.63624	4.25455	27.6098	5.17455	
15.2571	14.0703	0	14.1846	16.8445	4.67472	15.3608	19.3549	7.94083	13.0962	9.1632	19.1182	30.1673	11.718	25.1488	
10.7364	27.2125	14.1846	0	9.09379	9.81956	26.1001	22.8607	13.9773	18.2411	14.308	19.2972	14.6166	2.46658	13.6966	
1.78191	15.0331	16.8445	9.09379	0	12.6739	16.3237	22.5679	8.90368	16.1936	8.18545	20.0811	13.5238	6.62722	14.4438	
11.4741	10.2872	4.67472	9.81956	12.6739	0	11.5778	14.6802	4.15779	8.42151	4.48849	15.3352	18.2552	12.2861	17.1857	
14.7363	3.97633	15.3608	26.1001	16.3237	11.5778	0	10.9081	7.42	18.8437	22.4505	5.65991	8.23088	23.6335	10.3245	
35.9675	6.93181	19.3549	22.8607	22.5679	14.6802	10.9081	0	13.0612	17.9283	19.1687	13.0189	9.04411	34.7879	9.1641	
7.31626	6.12944	7.94083	13.9773	8.90368	4.15779	7.42	13.0612	0	11.4237	8.64627	11.1774	10.384	15.5309	16.778	
18.7399	14.0882	13.0962	18.2411	16.1936	8.42151	18.8437	17.9283	11.4237	0	8.00812	13.9998	9.68416	19.9387	8.76416	
9.96736	26.4268	9.1632	14.308	8.18545	4.48849	22.4505	19.1687	8.64627	8.00812	0	22.0079	17.8418	14.8127	16.7723	
18.4937	9.63624	19.1182	19.2972	20.0811	15.3352	5.65991	13.0189	11.1774	13.9998	22.0079	0	6.52057	29.2934	5.60057	
15.3057	4.25455	30.1673	14.6166	13.5238	18.2552	8.23088	9.04411	10.384	9.68416	17.8418	6.52057	0	20.151	0.92	
8.40913	27.6098	11.718	2.46658	6.62722	12.2861	23.6335	34.7879	15.5309	19.9387	14.8127	29.2934	20.151	0	16.1632	
24.433	5.17455	25.1488	13.6966	14.4438	17.1857	10.3245	9.1641	16.778	8.76416	16.7723	5.60057	0.92	16.1632	0	

0	13.2753	18.0542	14.7323	1.30108	10.2571	12.6523	11.646	8.73231	9.98373	5.60921	5.98565	19.048	19.7337	12.5556	
13.2753	0	13.5651	19.6774	11.9742	13	5.41024	1.78885	14.634	17.3466	16.2823	7.44924	11.8983	45.5087	8.23767	
18.0542	13.5651	0	15.3218	30.4794	8.32328	13.2418	11.7762	9.32185	12.6699	15.5321	14.2896	19.7053	17.6672	18.225	
14.7323	19.6774	15.3218	0	17.8409	10.6669	9.92	17.8885	6	16.7382	15.4551	10.9677	28.8933	3.1939	24.3374	
1.30108	11.9742	30.4794	17.8409	0	11.5169	13.7027	11.1604	10.0334	6.05536	4.30813	5.5	18.5624	16.5694	12.0699	
10.2571	13	8.32328	10.6669	11.5169	0	8.5869	14.7889	4.6669	4.34658	6.09381	9.63464	17.6007	19.47	16.3389	
12.6523	5.41024	13.2418	9.92	13.7027	8.5869	0	3.62138	3.92	13.6201	11.8729	8.88774	9.99849	24.1341	10.0702	
11.646	1.78885	11.7762	17.8885	11.1604	14.7889	3.62138	0	7.54138	23.8095	15.4942	5.66039	9.16881	21.0824	6.44881	
8.73231	14.634	9.32185	6	10.0334	4.6669	3.92	7.54138	0	9.01349	10.8522	4.96774	13.9185	9.1939	11.5376	
9.98373	17.3466	12.6699	16.7382	6.05536	4.34658	13.6201	23.8095	9.01349	0	1.74723	14.1155	13.2541	14.0085	15.9741	
5.60921	16.2823	15.5321	15.4551	4.30813	6.09381	11.8729	15.4942	10.8522	1.74723	0	9.80813	15.0013	12.2612	28.3493	
5.98565	7.44924	14.2896	10.9677	5.5	9.63464	8.88774	5.66039	4.96774	14.1155	9.80813	0	9.2899	30.6737	6.5699	
19.048	11.8983	19.7053	28.8933	18.5624	17.6007	9.99849	9.16881	13.9185	13.2541	15.0013	9.2899	0	33.1928	2.72	
19.7337	45.5087	17.6672	3.1939	16.5694	19.47	24.1341	21.0824	9.1939	14.0085	12.2612	30.6737	33.1928	0	40.6105	
12.5556	8.23767	18.225	24.3374	12.0699	16.3389	10.0702	6.44881	11.5376	15.9741	28.3493	6.5699	2.72	40.6105	0	

0	26.6976	18.152	29.1841	1.89505	16.6976	14.14	21.0733	22.1848	18.04	16.7581	10.915	14.7591	21.4999	16.2367	
26.6976	0	12.0504	15.242	24.1855	10	15.574	5.36656	11.9635	19.4398	18.3393	16.8291	11.3214	13.8822	10.2032	
18.152	12.0504	0	3.76579	16.2569	15.6033	8.96483	6.68381	12.6018	5.09902	7.37902	11.7032	13.529	5.12557	11.5204	
29.1841	15.242	3.76579	0	20.0227	6.16212	12.0811	10.4496	16.3675	8.21533	10.8579	15.1821	11.3391	1.35978	14.4191	
1.89505	24.1855	16.2569	20.0227	0	18.5927	12.245	21.9082	21.275	16.1108	13.3442	9.02	12.8641	23.1953	15.9441	
16.6976	10	15.6033	6.16212	18.5927	0	13.7333	11.3988	15.2735	10.5042	18.77	19.7065	9.6422	4.80234	6.5622	
14.14	15.574	8.96483	12.0811	12.245	13.7333	0	12.0077	9.03	3.86581	13.694	20.634	8.61256	11.4375	7.17112	
21.0733	5.36656	6.68381	10.4496	21.9082	11.3988	12.0077	0	6.59697	11.7828	14.0628	18.2995	7.91661	19.2488	4.83661	
22.1848	11.9635	12.6018	16.3675	21.275	15.2735	9.03	6.59697	0	12.0329	8.17634	12.5005	15.1942	19.6046	11.4336	
18.04	19.4398	5.09902	8.21533	16.1108	10.5042	3.86581	11.7828	12.0329	0	9.82815	14.1523	12.4784	7.57166	11.0369	
16.7581	18.3393	7.37902	10.8579	13.3442	18.77	13.694	14.0628	8.17634	9.82815	0	4.32416	7.01783	12.2177	10.0978	
10.915	16.8291	11.7032	15.1821	9.02	19.7065	20.634	18.2995	12.5005	14.1523	4.32416	0	11.342	14.9042	13.4629	
14.7591	11.3214	13.529	11.3391	12.8641	9.6422	8.61256	7.91661	15.1942	12.4784	7.01783	11.342	0	12.6989	3.08	
21.4999	13.8822	5.12557	1.35978	23.1953	4.80234	11.4375	19.2488	19.6046	7.57166	12.2177	14.9042	12.6989	0	11.3645	
16.2367	10.2032	11.5204	14.4191	15.9441	6.5622	7.17112	4.83661	11.4336	11.0369	10.0978	13.4629	3.08	11.3645	0	

0	12.9417	29.447	13.0055	1.8809	17.1692	19.1271	17.7269	11.0189	13.9998	18.3262	18.8834	18.9166	23.4056	17.4653	
12.9417	0	14.8636	16.9807	14.8226	12.1253	6.1854	4.78519	12.6191	12.5399	24.0425	14.3245	8.04354	17.705	4.52354	
29.447	14.8636	0	5.81986	16.9445	5.92891	8.67816	13.269	14.0748	9.0983	13.3369	13.5036	19.7656	10.4368	11.9378	
13.0055	16.9807	5.81986	0	11.1246	7.61011	13.1746	20.1246	12.1255	4.44072	7.51702	7.68375	9.35756	4.61693	17.4847	
1.8809	14.8226	16.9445	11.1246	0	17.2839	20.968	16.9719	9.13799	15.5654	13.7465	18.8084	21.3469	15.7416	21.067	
17.1692	12.1253	5.92891	7.61011	17.2839	0	11.9033	7.34011	8.14587	3.16938	12.7544	8.05303	8.08622	18.0075	14.4368	
19.1271	6.1854	8.67816	13.1746	20.968	11.9033	0	8.6356	11.83	8.73387	16.4385	12.3906	6.7796	16.4411	3.2596	
17.7269	4.78519	13.269	20.1246	16.9719	7.34011	8.6356	0	7.8339	10.5095	12.4424	16.9824	9.17061	24.7415	9.30872	
11.0189	12.6191	14.0748	12.1255	9.13799	8.14587	11.83	7.8339	0	9.59587	4.60848	14.4795	12.2089	24.063	11.929	
13.9998	12.5399	9.0983	4.44072	15.5654	3.16938	8.73387	10.5095	9.59587	0	11.5026	4.88365	4.91684	9.05765	8.43684	
18.3262	24.0425	13.3369	7.51702	13.7465	12.7544	16.4385	12.4424	4.60848	11.5026	0	15.2008	16.4194	12.1339	16.5375	
18.8834	14.3245	13.5036	7.68375	18.8084	8.05303	12.3906	16.9824	14.4795	4.88365	15.2008	0	7.81181	12.3007	9.801	
18.9166	8.04354	19.7656	9.35756	21.3469	8.08622	6.7796	9.17061	12.2089	4.91684	16.4194	7.81181	0	16.7014	3.52	
23.4056	17.705	10.4368	4.61693	15.7416	18.0075	16.4411	24.7415	24.063	9.05765	12.1339	12.3007	16.7014	0	13.1814	
17.4653	4.52354	11.9378	17.4847	21.067	14.4368	3.2596	9.30872	11.929	8.43684	16.5375	9.801	3.52	13.1814	0	

0	19.2165	9.14643	30.6077	0.311127	16.1065	11.79	27.1322	8.51189	8.50701	6.17738	18.1203	22.9663	31.459	27.894	
19.2165	0	21.4802	13.6062	18.0413	7.33488	3.75542	7.91568	10.7554	10.628	9.36805	9.41533	3.74977	14.4917	8.02977	
9.14643	21.4802	0	7.87393	8.8353	16.0765	13.8491	22.9159	15.709	14.0909	19.6663	8.18917	17.0255	8.75937	11.2049	
30.6077	13.6062	7.87393	0	16.7092	18.0796	13.0896	19.2302	12.5381	6.21701	8.54664	16.0631	13.2716	0.885438	25.2547	
0.311127	18.0413	8.8353	16.7092	0	11.6797	14.2858	15.4162	8.20076	14.5219	6.48851	17.0245	23.9251	20.9237	24.2248	
16.1065	7.33488	16.0765	18.0796	11.6797	0	3.57946	10.6944	3.47897	9.80006	9.19208	9.23937	16.7458	16.2019	19.503	
11.79	3.75542	13.8491	13.0896	14.2858	3.57946	0	11.6711	7	6.87255	5.61263	5.65991	7.5052	19.723	8.6756	
27.1322	7.91568	22.9159	19.2302	15.4162	10.6944	11.6711	0	7.21543	13.5365	22.7445	9.04024	8.41166	19.9384	6.02455	
8.51189	10.7554	15.709	12.5381	8.20076	3.47897	7	7.21543	0	6.32109	8.65073	12.6599	13.3757	12.723	13.24	
8.50701	10.628	14.0909	6.21701	14.5219	9.80006	6.87255	13.5365	6.32109	0	2.32964	9.93008	7.05459	7.10245	11.3346	
6.17738	9.36805	19.6663	8.54664	6.48851	9.19208	5.61263	22.7445	8.65073	2.32964	0	11.2725	9.38423	17.2206	14.9586	
18.1203	9.41533	8.18917	16.0631	17.0245	9.23937	5.65991	9.04024	12.6599	9.93008	11.2725	0	7.29569	24.821	3.01569	
22.9663	3.74977	17.0255	13.2716	23.9251	16.7458	7.5052	8.41166	13.3757	7.05459	9.38423	7.29569	0	21.9455	4.28	
31.459	14.4917	8.75937	0.885438	20.9237	16.2019	19.723	19.9384	12.723	7.10245	17.2206	24.821	21.9455	0	28.747	
27.894	8.02977	11.2049	25.2547	24.2248	19.503	8.6756	6.02455	13.24	11.3346	14.9586	3.01569	4.28	28.747	0	

0	11.8692	8.72138	11.3167	2.31931	13.8701	8.85889	10.4152	9.81715	13.5308	15.8996	9.13931	7.75888	13.4662	10.1189	
11.8692	0	11.34	10.5056	24.2637	8.10394	3.0927	3.93548	11.3105	9.88227	12.251	12.118	4.11033	16.0745	6.47033	
8.72138	11.34	0	10.2703	11.0407	16.8651	13.6678	15.2755	3.79779	14.8407	22.975	8.2998	10.9979	8.47305	22.109	
11.3167	10.5056	10.2703	0	13.636	7.32306	7.41285	10.7557	9.5	8.43737	12.951	14.002	14.2093	2.30846	15.9444	
2.31931	24.2637	11.0407	13.636	0	20.5652	11.1782	31.2057	7.49784	18.5407	15.4683	6.82	10.0782	15.7855	11.4512	
13.8701	8.10394	16.8651	7.32306	20.5652	0	5.01124	8.35405	13.0673	4.07492	8.58859	14.0365	9.84686	9.63152	13.9627	
8.85889	3.0927	13.6678	7.41285	11.1782	5.01124	0	3.34281	9.87	9.08616	13.9634	9.02526	5.99913	9.72132	11.8649	
10.4152	3.93548	15.2755	10.7557	31.2057	8.35405	3.34281	0	9.85645	8.42825	10.797	12.3681	2.65631	16.3246	5.01631	
9.81715	11.3105	3.79779	9.5	7.49784	13.0673	9.87	9.85645	0	11.0429	13.1503	4.50201	7.20014	11.8085	9.13325	
13.5308	9.88227	14.8407	8.43737	18.5407	4.07492	9.08616	8.42825	11.0429	0	4.51367	13.162	5.77194	6.5621	8.13194	
15.8996	12.251	22.975	12.951	15.4683	8.58859	13.9634	10.797	13.1503	4.51367	0	8.64833	8.14069	11.0758	10.5007	
9.13931	12.118	8.2998	14.002	6.82	14.0365	9.02526	12.3681	4.50201	13.162	8.64833	0	6.99124	18.2672	4.63124	
7.75888	4.11033	10.9979	14.2093	10.0782	9.84686	5.99913	2.65631	7.20014	5.77194	8.14069	6.99124	0	12.334	2.36	
13.4662	16.0745	8.47305	2.30846	15.7855	9.63152	9.72132	16.3246	11.8085	6.5621	11.0758	18.2672	12.334	0	13.636	
10.1189	6.47033	22.109	15.9444	11.4512	13.9627	11.8649	5.01631	9.13325	8.13194	10.5007	4.63124	2.36	13.636	0	

0	20.9912	22.8877	23.7323	0.678823	17.4722	13.0723	24.4001	8.73231	18.9374	14.5725	21.4955	14.6803	14.5406	28.9767	
20.9912	0	13.3467	20.0352	24.5359	20.9987	12.3882	1.2522	12.2589	14.1366	10.6422	14.1041	8.3357	18.0672	3.11896	
22.8877	13.3467	0	12.7073	37.5066	6.27096	18.4954	12.0945	13.7405	8.3537	17.1521	19.9816	19.178	7.93221	13.9613	
23.7323	20.0352	12.7073	0	32.4775	21.3034	19.34	18.783	10.5834	22.0782	18.5837	28.0457	20.9479	4.77504	20.6497	
0.678823	24.5359	37.5066	32.4775	0	24.7749	15.4436	31.3808	9.41114	17.3882	13.8937	25.52	25.7282	28.3187	30.1601	
17.4722	20.9987	6.27096	21.3034	24.7749	0	13.0798	15.6197	8.73984	2.08274	5.57719	8.75706	14.6878	14.2032	8.15023	
13.0723	12.3882	18.4954	19.34	15.4436	13.0798	0	10.7463	4.34	13.405	17.4178	6.73071	3.66281	10.1483	8.82281	
24.4001	1.2522	12.0945	18.783	31.3808	15.6197	10.7463	0	13.0314	7.93426	11.8944	12.4621	7.02676	20.0267	1.86676	
8.73231	12.2589	13.7405	10.5834	9.41114	8.73984	4.34	13.0314	0	10.2051	13.6996	11.0707	5.94794	5.80831	11.1079	
18.9374	14.1366	8.3537	22.0782	17.3882	2.08274	13.405	7.93426	10.2051	0	3.49445	6.67432	11.2275	16.0134	6.0675	
14.5725	10.6422	17.1521	18.5837	13.8937	5.57719	17.4178	11.8944	13.6996	3.49445	0	10.1688	13.755	14.425	9.56195	
21.4955	14.1041	19.9816	28.0457	25.52	8.75706	6.73071	12.4621	11.0707	6.67432	10.1688	0	5.37862	23.374	10.5386	
14.6803	8.3357	19.178	20.9479	25.7282	14.6878	3.66281	7.02676	5.94794	11.2275	13.755	5.37862	0	11.7563	5.16	
14.5406	18.0672	7.93221	4.77504	28.3187	14.2032	10.1483	20.0267	5.80831	16.0134	14.425	23.374	11.7563	0	26.7824	
28.9767	3.11896	13.9613	20.6497	30.1601	8.15023	8.82281	1.86676	11.1079	6.0675	9.56195	10.5386	5.16	26.7824	0	

0	17.0638	12.1723	20.8198	0.975807	10.0661	13.1844	20.1294	7.55227	9.44079	3.80938	8.74826	14.5111	23.6524	20.1648	
17.0638	0	8.021	10.7444	16.244	6.75	3.86588	3.37505	12.2589	9.16347	13.0067	7.49348	1.73066	14.1504	5.97066	
12.1723	8.021	0	3.59462	23.4386	5.70088	11.8575	12.7587	12.574	11.8585	8.36289	16.3366	9.75167	5.17576	8.18917	
20.8198	10.7444	3.59462	0	19.844	3.9944	10.1511	11.0522	10.8675	10.1521	10.2511	15.5554	17.8108	1.58114	11.7838	
0.975807	16.244	23.4386	19.844	0	14.6226	13.7626	16.1577	8.52808	8.46499	4.78519	9.72406	14.5133	21.4251	18.7533	
10.0661	6.75	5.70088	3.9944	14.6226	0	6.15666	7.0578	6.87308	6.15766	6.25668	10.5928	8.48066	5.57553	13.0823	
13.1844	3.86588	11.8575	10.1511	13.7626	6.15666	0	9.45605	8.95316	5.29759	12.4133	4.43615	5.59654	12.7004	10.2204	
20.1294	3.37505	12.7587	11.0522	16.1577	7.0578	9.45605	0	13.9309	13.2155	13.3145	7.4072	1.64438	19.3518	5.88438	
7.55227	12.2589	12.574	10.8675	8.52808	6.87308	8.95316	13.9309	0	3.65557	11.3617	9.00402	13.9895	17.1484	12.9973	
9.44079	9.16347	11.8585	10.1521	8.46499	6.15766	5.29759	13.2155	3.65557	0	10.5562	9.73374	14.3061	18.4517	16.6529	
3.80938	13.0067	8.36289	10.2511	4.78519	6.25668	12.4133	13.3145	11.3617	10.5562	0	12.5576	17.9644	14.4923	16.5521	
8.74826	7.49348	16.3366	15.5554	9.72406	10.5928	4.43615	7.4072	9.00402	9.73374	12.5576	0	5.76281	14.9042	10.0028	
14.5111	1.73066	9.75167	17.8108	14.5133	8.48066	5.59654	1.64438	13.9895	14.3061	17.9644	5.76281	0	20.667	4.24	
23.6524	14.1504	5.17576	1.58114	21.4251	5.57553	12.7004	19.3518	17.1484	18.4517	14.4923	14.9042	20.667	0	14.3186	
20.1648	5.97066	8.18917	11.7838	18.7533	13.0823	10.2204	5.88438	12.9973	16.6529	16.5521	10.0028	4.24	14.3186	0	

0	13.6692	18.1259	17.7004	1.95161	16.9843	7.67771	14.2241	11.3284	10.4166	14.744	14.9641	13.3204	24.267	8.28402	
13.6692	0	16.5119	14.8016	18.2461	21.0147	9.85572	3.30938	17.6254	9.78115	13.13	10.0975	6.27366	22.1136	5.38516	
18.1259	16.5119	0	9.18442	15.1957	13.3401	22.6466	19.7331	14.575	6.73071	10.0796	18.1259	29.8185	7.57166	34.0733	
17.7004	14.8016	9.18442	0	21.4089	3.9944	13.301	20.417	10.9523	14.4846	13.7875	16.3094	14.4964	1.61276	9.41641	
1.95161	18.2461	15.1957	21.4089	0	17.4145	9.62932	24.9138	13.28	8.46499	11.8138	16.9157	15.7827	21.3368	10.2356	
16.9843	21.0147	13.3401	3.9944	17.4145	0	9.30658	15.8529	6.95793	13.1419	9.79306	17.8249	14.9493	5.60716	13.4108	
7.67771	9.85572	22.6466	13.301	9.62932	9.30658	0	6.54634	9.8	16.0852	12.7363	20.6669	5.64271	18.6405	10.7227	
14.2241	3.30938	19.7331	20.417	24.9138	15.8529	6.54634	0	16.3463	13.0905	10.2	13.4069	9.58304	18.8043	8.69455	
11.3284	17.6254	14.575	10.9523	13.28	6.95793	9.8	16.3463	0	7.84425	11.1931	10.8669	15.4427	12.9996	17.7599	
10.4166	9.78115	6.73071	14.4846	8.46499	13.1419	16.0852	13.0905	7.84425	0	3.34885	11.3952	16.0548	12.8718	15.1663	
14.744	13.13	10.0796	13.7875	11.8138	9.79306	12.7363	10.2	11.1931	3.34885	0	14.744	18.3791	16.2207	23.4186	
14.9641	10.0975	18.1259	16.3094	16.9157	17.8249	20.6669	13.4069	10.8669	11.3952	14.744	0	11.973	23.8665	6.89301	
13.3204	6.27366	29.8185	14.4964	15.7827	14.9493	5.64271	9.58304	15.4427	16.0548	18.3791	11.973	0	24.2832	5.08	
24.267	22.1136	7.57166	1.61276	21.3368	5.60716	18.6405	18.8043	12.9996	12.8718	16.2207	23.8665	24.2832	0	11.0292	
8.28402	5.38516	34.0733	9.41641	10.2356	13.4108	10.7227	8.69455	17.7599	15.1663	23.4186	6.89301	5.08	11.0292	0	

0	21.0385	22.2864	12.1872	1.72534	8.71726	20.5267	20.1556	16.3431	6.57368	5.04486	7.13674	15.2491	16.5512	19.8457	
21.0385	0	11.7769	14.9667	19.3132	13.0615	6.62722	3.1305	8.07822	6.26997	7.79879	16.1494	4.96462	11.3177	12.073	
22.2864	11.7769	0	10.0992	26.8593	12.2985	18.4386	32.3102	16.7783	5.50694	7.03576	27.3206	24.533	10.5547	25.5078	
12.1872	14.9667	10.0992	0	13.9126	11.6503	8.33946	22.0968	19.6095	9.41171	15.3227	19.324	10.3194	4.36394	15.4087	
1.72534	19.3132	26.8593	13.9126	0	16.2761	15.5037	15.3579	17.4369	20.8077	6.7702	8.86208	13.5238	23.8484	14.5638	
8.71726	13.0615	12.2985	11.6503	16.2761	0	12.027	13.0936	8.14587	5.20122	3.6724	21.6875	12.059	11.8393	11.5495	
20.5267	6.62722	18.4386	8.33946	15.5037	12.027	0	3.81402	5.89302	12.8972	15.6994	20.0367	1.9799	12.7034	3.0199	
20.1556	3.1305	32.3102	22.0968	15.3579	13.0936	3.81402	0	4.94773	9.40046	16.2459	13.0189	1.83412	20.4366	2.87412	
16.3431	8.07822	16.7783	19.6095	17.4369	8.14587	5.89302	4.94773	0	11.2713	11.2982	17.9666	3.91312	15.4888	4.95312	
6.57368	6.26997	5.50694	9.41171	20.8077	5.20122	12.8972	9.40046	11.2713	0	1.52882	21.8136	15.1845	5.04777	18.341	
5.04486	7.79879	7.03576	15.3227	6.7702	3.6724	15.6994	16.2459	11.2982	1.52882	0	12.1816	15.2113	6.57659	15.2219	
7.13674	16.1494	27.3206	19.324	8.86208	21.6875	20.0367	13.0189	17.9666	21.8136	12.1816	0	13.749	26.8614	12.709	
15.2491	4.96462	24.533	10.3194	13.5238	12.059	1.9799	1.83412	3.91312	15.1845	15.2113	13.749	0	19.402	1.04	
16.5512	11.3177	10.5547	4.36394	23.8484	11.8393	12.7034	20.4366	15.4888	5.04777	6.57659	26.8614	19.402	0	19.7726	
19.8457	12.073	25.5078	15.4087	14.5638	11.5495	3.0199	2.87412	4.95312	18.341	15.2219	12.709	1.04	19.7726	0	

0	22.2203	22.6517	15.2457	0.975807	11.4056	9.72224	15.5145	6.6067	3.25576	6.67742	20.0443	20.2967	21.1888	29.5482	
22.2203	0	8.021	18.8049	19.7711	18	11.2216	5.2324	21.5187	24.6631	16.8758	13.2653	6.6238	18.6574	10.3395	
22.6517	8.021	0	10.7839	28.1337	14.7035	16.3151	13.2534	14.1554	12.2765	8.85483	13.1027	12.0746	10.6364	10.1546	
15.2457	18.8049	10.7839	0	15.4085	18.4741	17.0431	20.1246	15.3409	11.9899	15.4116	13.8307	21.516	2.84605	18.462	
0.975807	19.7711	28.1337	15.4085	0	11.5684	8.74643	14.5387	6.76949	3.41855	6.8402	11.9588	12.2113	20.213	22.4368	
11.4056	18	14.7035	18.4741	11.5684	0	13.7219	11.6485	10.2672	8.14985	5.84863	18.0689	10.2571	16.9042	12.1771	
9.72224	11.2216	16.3151	17.0431	8.74643	13.7219	0	4.85623	8.96	9.02023	12.4419	3.21238	3.46482	27.2247	5.38482	
15.5145	5.2324	13.2534	20.1246	14.5387	11.6485	4.85623	0	14.9492	15.0094	21.42	9.20159	1.3914	22.9707	3.3114	
6.6067	21.5187	14.1554	15.3409	6.76949	10.2672	8.96	14.9492	0	3.35094	6.77259	12.1724	12.4248	21.596	22.6503	
3.25576	24.6631	12.2765	11.9899	3.41855	8.14985	9.02023	15.0094	3.35094	0	3.42165	12.2326	12.4851	14.836	21.1757	
6.67742	16.8758	8.85483	15.4116	6.8402	5.84863	12.4419	21.42	6.77259	3.42165	0	21.4149	16.1057	19.4912	17.7541	
20.0443	13.2653	13.1027	13.8307	11.9588	18.0689	3.21238	9.20159	12.1724	12.2326	21.4149	0	6.55124	16.6768	4.63124	
20.2967	6.6238	12.0746	21.516	12.2113	10.2571	3.46482	1.3914	12.4248	12.4851	16.1057	6.55124	0	24.4595	1.92	
21.1888	18.6574	10.6364	2.84605	20.213	16.9042	27.2247	22.9707	21.596	14.836	19.4912	16.6768	24.4595	0	20.7909	
29.5482	10.3395	10.1546	18.462	22.4368	12.1771	5.38482	3.3114	22.6503	21.1757	17.7541	4.63124	1.92	20.7909	0	

0	22.224	17.8289	8.12483	2.19203	20.3396	20.7743	16.4102	12.2673	13.1858	12.3161	17.9569	15.5595	8.7889	8.64184	
22.224	0	13.1341	22.6771	17.9741	19.25	9.83037	5.81378	12.1567	13.2923	15.9132	23.1388	8.86966	23.3412	11.5243	
17.8289	13.1341	0	18.829	15.2894	6.61302	11.4394	7.32036	16.2862	7.78616	5.16532	15.6669	11.1783	19.493	15.9753	
8.12483	22.6771	18.829	0	10.3169	16.6433	25.9866	24.5114	20.3973	21.3107	18.2145	12.6782	19.5892	0.664078	26.9734	
2.19203	17.9741	15.2894	10.3169	0	18.7117	11.7956	15.1048	10.0752	11.558	10.1241	20.149	12.7698	27.6745	6.44981	
20.3396	19.25	6.61302	16.6433	18.7117	0	14.7422	13.9334	9.67322	7.15375	9.77459	21.9373	12.9602	17.3074	16.5367	
20.7743	9.83037	11.4394	25.9866	11.7956	14.7422	0	14.0007	8.96	7.58845	10.2093	13.3084	11.3844	30.3095	5.34575	
16.4102	5.81378	7.32036	24.5114	15.1048	13.9334	14.0007	0	7.145	19.1061	12.4857	20.25	3.85798	22.7831	8.65499	
12.2673	12.1567	16.2862	20.3973	10.0752	9.67322	8.96	7.145	0	5.4072	8.02804	12.2641	3.28702	22.2121	9.60702	
13.1858	13.2923	7.78616	21.3107	11.558	7.15375	7.58845	19.1061	5.4072	0	2.62084	13.1224	8.69422	20.1712	12.9342	
12.3161	15.9132	5.16532	18.2145	10.1241	9.77459	10.2093	12.4857	8.02804	2.62084	0	10.5015	21.8696	17.5504	16.5739	
17.9569	23.1388	15.6669	12.6782	20.149	21.9373	13.3084	20.25	12.2641	13.1224	10.5015	0	15.5511	13.3423	18.6542	
15.5595	8.86966	11.1783	19.5892	12.7698	12.9602	11.3844	3.85798	3.28702	8.69422	21.8696	15.5511	0	18.9251	6.32	
8.7889	23.3412	19.493	0.664078	27.6745	17.3074	30.3095	22.7831	22.2121	20.1712	17.5504	13.3423	18.9251	0	25.2451	
8.64184	11.5243	15.9753	26.9734	6.44981	16.5367	5.34575	8.65499	9.60702	12.9342	16.5739	18.6542	6.32	25.2451	0	

0	19.2481	14.2866	21.3087	2.2486	10.6576	6.79182	11.876	10.0818	10.2281	4.73599	19.9473	23.324	13.6314	24.3937	
19.2481	0	14.7641	19.3539	23.7745	17.5732	13.5658	1.16276	10.2758	13.6167	8.30276	7.9196	3.69258	16.919	6.42363	
14.2866	14.7641	0	22.0116	15.5501	11.3606	7.49477	18.6911	4.4883	10.8855	15.482	7.20647	14.7622	15.8164	12.0531	
21.3087	19.3539	22.0116	0	26.3863	8.48809	10.0974	26.726	13.0583	6.66108	11.3304	13.1991	13.7157	2.43495	21.9799	
2.2486	23.7745	15.5501	26.3863	0	17.8982	9.04042	16.4025	20.0384	20.7651	6.98459	22.7566	28.367	18.1579	28.9804	
10.6576	17.5732	11.3606	8.48809	17.8982	0	3.86581	17.9335	7.15581	7.30209	11.853	17.0213	17.0155	10.923	21.4677	
6.79182	13.5658	7.49477	10.0974	9.04042	3.86581	0	14.0677	3.29	3.43628	7.9872	13.1555	10.4909	8.32166	17.6018	
11.876	1.16276	18.6911	26.726	16.4025	17.9335	14.0677	0	11.4386	9.58442	7.14	9.08235	2.52982	16.0354	5.26087	
10.0818	10.2758	4.4883	13.0583	20.0384	7.15581	3.29	11.4386	0	6.39725	11.2772	10.4012	12.0524	11.6117	15.2478	
10.2281	13.6167	10.8855	6.66108	20.7651	7.30209	3.43628	9.58442	6.39725	0	11.4235	14.6103	7.05459	9.09603	11.8946	
4.73599	8.30276	15.482	11.3304	6.98459	11.853	7.9872	7.14	11.2772	11.4235	0	19.6595	9.66982	8.8954	12.4009	
19.9473	7.9196	7.20647	13.1991	22.7566	17.0213	13.1555	9.08235	10.4012	14.6103	19.6595	0	7.55569	10.7641	4.84665	
23.324	3.69258	14.7622	13.7157	28.367	17.0155	10.4909	2.52982	12.0524	7.05459	9.66982	7.55569	0	13.7637	4.84	
13.6314	16.919	15.8164	2.43495	18.1579	10.923	8.32166	16.0354	11.6117	9.09603	8.8954	10.7641	13.7637	0	15.6108	
24.3937	6.42363	12.0531	21.9799	28.9804	21.4677	17.6018	5.26087	15.2478	11.8946	12.4009	4.84665	4.84	15.6108	0	

0	21.1774	25.6284	10.7364	0.311127	14.3979	11.3899	26.4098	13.198	15.3021	11.9431	13.9511	25.3796	13.8354	21.5955	
21.1774	0	12.871	14.9714	15.3865	14.5004	4.30769	5.2324	12.1477	6.26997	8.70724	14.6664	5.9131	14.3464	10.7131	
25.6284	12.871	0	9.93249	21.0249	6.27096	19.8956	7.63864	9.66508	14.6852	19.9234	16.3783	9.11737	17.991	13.9174	
10.7364	14.9714	9.93249	0	11.0475	3.66153	13.34	20.4879	5.5	11.1755	6.26418	12.7964	12.2489	3.09903	14.5685	
0.311127	15.3865	21.0249	11.0475	0	14.7539	11.0788	23.074	12.8869	15.6132	11.632	13.64	23.3413	20.3547	19.9363	
14.3979	14.5004	6.27096	3.66153	14.7539	0	11.2341	13.9096	3.39411	11.6814	9.92571	10.6905	8.58734	6.76056	13.3873	
11.3899	4.30769	19.8956	13.34	11.0788	11.2341	0	9.54009	7.84	10.5777	11.2253	12.2376	10.2208	15.3078	13.9511	
26.4098	5.2324	7.63864	20.4879	23.074	13.9096	9.54009	0	16.7303	11.5024	13.9396	9.43398	11.068	21.7176	8.06102	
13.198	12.1477	9.66508	5.5	12.8869	3.39411	7.84	16.7303	0	9.29124	11.7642	7.29636	11.9815	7.46783	13.6509	
15.3021	6.26997	14.6852	11.1755	15.6132	11.6814	10.5777	11.5024	9.29124	0	8.15372	16.5876	12.1831	8.07643	16.4581	
11.9431	8.70724	19.9234	6.26418	11.632	9.92571	11.2253	13.9396	11.7642	8.15372	0	14.6588	13.1043	9.36322	8.30434	
13.9511	14.6664	16.3783	12.7964	13.64	10.6905	12.2376	9.43398	7.29636	16.5876	14.6588	0	11.1545	14.7642	6.35449	
25.3796	5.9131	9.11737	12.2489	23.3413	8.58734	10.2208	11.068	11.9815	12.1831	13.1043	11.1545	0	22.3983	4.8	
13.8354	14.3464	17.991	3.09903	20.3547	6.76056	15.3078	21.7176	7.46783	8.07643	9.36322	14.7642	22.3983	0	28.2991	
21.5955	10.7131	13.9174	14.5685	19.9363	13.3873	13.9511	8.06102	13.6509	16.4581	8.30434	6.35449	4.8	28.2991	0	

0	18.04	17.4428	8.93815	1.73948	8.32336	16.0509	18.677	19.3841	8.99807	2.88278	13.6195	21.2816	13.4913	15.4825	
18.04	0	19.2843	16.8152	19.7795	15.1849	8.17357	7.42375	12.0786	14.0439	19.385	16.1369	8.18531	30.6099	6.78531	
17.4428	19.2843	0	26.7283	19.1822	13.226	10.3574	13.6923	8.90429	4.48714	10.6024	29.5295	18.1688	28.1233	21.6257	
8.93815	16.8152	26.7283	0	8.71931	11.496	17.6092	9.39149	10.5	12.1707	6.05538	16.212	14.8938	4.20583	16.3755	
1.73948	19.7795	19.1822	8.71931	0	13.8414	19.5337	18.1108	19.2193	14.5161	4.62226	11.88	18.492	12.9251	17.092	
8.32336	15.1849	13.226	11.496	13.8414	0	18.6087	16.3758	13.6613	11.5559	5.44059	21.6471	9.79962	15.3675	8.39962	
16.0509	8.17357	10.3574	17.6092	19.5337	18.6087	0	8.21775	10.2875	5.87031	11.9856	11.7787	13.7201	23.7849	14.9589	
18.677	7.42375	13.6923	9.39149	18.1108	16.3758	8.21775	0	13.6223	9.20515	15.3204	13.058	5.50236	13.5973	6.90236	
19.3841	12.0786	8.90429	10.5	19.2193	13.6613	10.2875	13.6223	0	4.41715	10.5324	19.123	7.27548	14.7058	5.87548	
8.99807	14.0439	4.48714	12.1707	14.5161	11.5559	5.87031	9.20515	4.41715	0	6.11529	17.649	13.6816	22.9484	10.2926	
2.88278	19.385	10.6024	6.05538	4.62226	5.44059	11.9856	15.3204	10.5324	6.11529	0	20.1491	13.9997	10.2612	12.5997	
13.6195	16.1369	29.5295	16.212	11.88	21.6471	11.7787	13.058	19.123	17.649	20.1491	0	7.55569	12.0061	8.95569	
21.2816	8.18531	18.1688	14.8938	18.492	9.79962	13.7201	5.50236	7.27548	13.6816	13.9997	7.55569	0	19.5618	1.4	
13.4913	30.6099	28.1233	4.20583	12.9251	15.3675	23.7849	13.5973	14.7058	22.9484	10.2612	12.0061	19.5618	0	23.7671	
15.4825	6.78531	21.6257	16.3755	17.092	8.39962	14.9589	6.90236	5.87548	10.2926	12.5997	8.95569	1.4	23.7671	0	

0	9.80434	19.5359	20.7983	1.55563	13.8424	16.6525	11.5932	19.359	12.5994	7.72172	11.5109	12.3282	9.50829	13.7726	
9.80434	0	12.723	13.5645	11.36	10.7139	6.84812	1.78885	9.55471	8.84344	10.9453	3.9598	2.52389	18.1289	4.40389	
19.5359	12.723	0	3.93697	21.0915	16.0765	19.5711	12.9054	14.6913	11.2642	22.1971	11.4336	11.0519	6.05569	9.17187	
20.7983	13.5645	3.93697	0	10.0714	13.4523	20.3853	21.3028	10.6929	7.32719	12.2049	9.60469	25.918	2.11873	11.8665	
1.55563	11.36	21.0915	10.0714	0	18.1834	26.3676	16.8963	16.5268	16.9404	9.27736	13.0665	19.0467	7.95266	20.6298	
13.8424	10.7139	16.0765	13.4523	18.1834	0	3.86581	12.6581	6.95793	10.9983	6.12066	8.60598	10.1025	11.3335	8.9246	
16.6525	6.84812	19.5711	20.3853	26.3676	3.86581	0	8.38703	10.5	15.8189	9.98647	10.8079	6.23668	15.1993	8.11668	
11.5932	1.78885	12.9054	21.3028	16.8963	12.6581	8.38703	0	9.25292	16.5818	10.5718	5.74865	2.15035	24.849	3.73352	
19.359	9.55471	14.6913	10.6929	16.5268	6.95793	10.5	9.25292	0	10.2813	13.0786	7.78116	7.39939	8.57418	5.51939	
12.5994	8.84344	11.2642	7.32719	16.9404	10.9983	15.8189	16.5818	10.2813	0	4.87767	4.88365	13.2991	9.44592	7.14542	
7.72172	10.9453	22.1971	12.2049	9.27736	6.12066	9.98647	10.5718	13.0786	4.87767	0	9.76132	8.4214	17.4542	10.3014	
11.5109	3.9598	11.4336	9.60469	13.0665	8.60598	10.8079	5.74865	7.78116	4.88365	9.76132	0	4.14177	11.7234	2.26177	
12.3282	2.52389	11.0519	25.918	19.0467	10.1025	6.23668	2.15035	7.39939	13.2991	8.4214	4.14177	0	19.5309	1.88	
9.50829	18.1289	6.05569	2.11873	7.95266	11.3335	15.1993	24.849	8.57418	9.44592	17.4542	11.7234	19.5309	0	14.0936	
13.7726	4.40389	9.17187	11.8665	20.6298	8.9246	8.11668	3.73352	5.51939	7.14542	10.3014	2.26177	1.88	14.0936	0	

-111