10
5
3
3
50

6	7
19	44
37	23
35	6
5	8

26	20
20	33
15	46
20	26
17	19
15	12
5	30
13	40
38	5
9	40

70

1.79769e+308
1.79769e+308
1.79769e+308
1.79769e+308
1.79769e+308

16
18
15
11
18
16
15
15
15
16

0
0
0
0
0

0

0	15.0312	10.1296	13.3479	0.579828	4.77074	14.8104	10.4065	11.8004	5.11677	2.05913	4.97983	13.1564	16.2256	14.4364	
15.0312	0	14.8157	27.6475	17.4433	14	5.63669	7.37902	10.4104	11.2662	18.9226	15.1934	1.87489	15.6386	3.15489	
10.1296	14.8157	0	12.7929	18.4358	5.35882	7.15304	12.4166	4.14304	8.52821	20.9417	26.2593	12.9408	9.91527	14.2208	
13.3479	27.6475	12.7929	0	13.9278	13.6475	30.9542	20.7053	17.3233	16.8169	15.4071	20.2659	16.6414	2.87767	31.5728	
0.579828	17.4433	18.4358	13.9278	0	5.35057	16.0749	10.9863	12.3803	11.8893	2.63895	4.4	13.7362	21.7882	8.38502	
4.77074	14	5.35882	13.6475	5.35057	0	7.0352	7.0578	9.50187	3.16938	6.22703	12.7739	15.8749	15.2741	17.4098	
14.8104	5.63669	7.15304	30.9542	16.0749	7.0352	0	12.9957	3.01	3.86581	6.92346	8.02693	3.76181	17.5255	4.04191	
10.4065	7.37902	12.4166	20.7053	10.9863	7.0578	12.9957	0	13.6062	10.2272	12.4656	8.3019	9.23385	22.9976	10.352	
11.8004	10.4104	4.14304	17.3233	12.3803	9.50187	3.01	13.6062	0	6.77804	9.83568	16.3825	6.77181	14.0583	7.05191	
5.11677	11.2662	8.52821	16.8169	11.8893	3.16938	3.86581	10.2272	6.77804	0	3.05765	9.6045	7.62762	16.6576	7.90772	
2.05913	18.9226	20.9417	15.4071	2.63895	6.22703	6.92346	12.4656	9.83568	3.05765	0	12.6622	15.2155	19.7153	18.0405	
4.97983	15.1934	26.2593	20.2659	4.4	12.7739	8.02693	8.3019	16.3825	9.6045	12.6622	0	5.26502	17.3882	3.98502	
13.1564	1.87489	12.9408	16.6414	13.7362	15.8749	3.76181	9.23385	6.77181	7.62762	15.2155	5.26502	0	13.7637	1.28	
16.2256	15.6386	9.91527	2.87767	21.7882	15.2741	17.5255	22.9976	14.0583	16.6576	19.7153	17.3882	13.7637	0	15.0437	
14.4364	3.15489	14.2208	31.5728	8.38502	17.4098	4.04191	10.352	7.05191	7.90772	18.0405	3.98502	1.28	15.0437	0	

0	14.1182	10.2436	9.01507	2.02233	4.77074	17.0822	11.8458	6.37223	12.5559	4.83895	21.7412	12.6332	14.1833	21.15	
14.1182	0	17.4249	15.7858	12.1937	18.889	5.96449	2.37023	16.6745	11.978	11.6097	15.3891	11.8262	19.2791	5.08552	
10.2436	17.4249	0	15.6487	19.8139	5.47284	15.7785	19.7952	7.84872	15.4338	18.3942	28.2023	22.1427	11.5378	30.457	
9.01507	15.7858	15.6487	0	19.0222	13.5236	17.4256	30.2035	11.9065	11.893	4.17612	22.5023	20.6534	4.11096	21.9734	
2.02233	12.1937	19.8139	19.0222	0	6.79307	18.659	9.82344	8.39455	24.6725	6.86127	22.8423	19.3735	14.9112	12.5387	
4.77074	18.889	5.47284	13.5236	6.79307	0	13.0859	24.2788	2.37588	9.96092	9.60969	17.7448	8.63687	9.41259	17.1536	
17.0822	5.96449	15.7785	17.4256	18.659	13.0859	0	8.33473	10.71	6.01348	13.7304	17.0831	11.0874	13.3147	12.4074	
11.8458	2.37023	19.7952	30.2035	9.82344	24.2788	8.33473	0	15.8111	20.7776	13.9799	10.793	4.03529	24.7347	2.71529	
6.37223	16.6745	7.84872	11.9065	8.39455	2.37588	10.71	15.8111	0	8.91045	7.73036	13.8167	6.26099	11.7885	7.58099	
12.5559	11.978	15.4338	11.893	24.6725	9.96092	6.01348	20.7776	8.91045	0	7.71692	11.0696	15.1714	19.3281	19.1014	
4.83895	11.6097	18.3942	4.17612	6.86127	9.60969	13.7304	13.9799	7.73036	7.71692	0	18.3262	13.9913	8.28708	22.5081	
21.7412	15.3891	28.2023	22.5023	22.8423	17.7448	17.0831	10.793	13.8167	11.0696	18.3262	0	7.55569	27.9306	8.07775	
12.6332	11.8262	22.1427	20.6534	19.3735	8.63687	11.0874	4.03529	6.26099	15.1714	13.9913	7.55569	0	18.984	1.32	
14.1833	19.2791	11.5378	4.11096	14.9112	9.41259	13.3147	24.7347	11.7885	19.3281	8.28708	27.9306	18.984	0	27.5007	
21.15	5.08552	30.457	21.9734	12.5387	17.1536	12.4074	2.71529	7.58099	19.1014	22.5081	8.07775	1.32	27.5007	0	

0	12.691	19.5072	10.156	0.919239	24.0923	10.0401	12.0075	10.82	9.1144	5.76555	16.0712	15.7172	11.5228	13.9172	
12.691	0	12.118	16.5282	24.3346	18.6868	2.65089	7.7368	9.47968	9.23708	8.38475	7.41632	4.47088	16.2984	6.27088	
19.5072	12.118	0	13.5551	21.0596	7.98123	9.46708	22.6127	15.1912	15.0931	18.4419	25.8778	20.1999	10.4561	21.6008	
10.156	16.5282	13.5551	0	11.0753	14.4797	16.7466	14.3491	13.1979	11.4923	8.14344	12.8545	12.5005	3.09903	10.7005	
0.919239	24.3346	21.0596	11.0753	0	25.0115	10.9593	12.9267	21.5331	11.2324	6.68479	20.9	17.4319	10.6035	14.8364	
24.0923	18.6868	7.98123	14.4797	25.0115	0	16.036	14.8038	7.38219	14.217	12.4367	21.0532	12.391	17.5787	13.7918	
10.0401	2.65089	9.46708	16.7466	10.9593	16.036	0	10.3877	11.2	6.5862	9.93505	19.6756	7.12177	13.6475	12.9904	
12.0075	7.7368	22.6127	14.3491	12.9267	14.8038	10.3877	0	7.42159	17.5204	12.4761	5.80274	5.44867	28.5256	3.64867	
10.82	9.47968	15.1912	13.1979	21.5331	7.38219	11.2	7.42159	0	8.40331	5.05446	7.95423	5.00879	22.2134	6.40962	
9.1144	9.23708	15.0931	11.4923	11.2324	14.217	6.5862	17.5204	8.40331	0	3.34885	9.14493	6.19949	20.2337	7.99949	
5.76555	8.38475	18.4419	8.14344	6.68479	12.4367	9.93505	12.4761	5.05446	3.34885	0	20.5786	9.54834	11.2425	11.4641	
16.0712	7.41632	25.8778	12.8545	20.9	21.0532	19.6756	5.80274	7.95423	9.14493	20.5786	0	2.94544	20.1501	2.15407	
15.7172	4.47088	20.1999	12.5005	17.4319	12.391	7.12177	5.44867	5.00879	6.19949	9.54834	2.94544	0	17.2047	1.8	
11.5228	16.2984	10.4561	3.09903	10.6035	17.5787	13.6475	28.5256	22.2134	20.2337	11.2425	20.1501	17.2047	0	13.7995	
13.9172	6.27088	21.6008	10.7005	14.8364	13.7918	12.9904	3.64867	6.40962	7.99949	11.4641	2.15407	1.8	13.7995	0	

0	14.2734	14.5838	14.0159	1.81019	11.0012	9.74478	10.4065	10.9482	8.46499	9.24172	10.8302	12.7146	17.0678	20.4363	
14.2734	0	14.5874	12.1549	18.8144	23.5713	4.5286	7.37902	11.1786	18.2681	24.5308	18.5111	7.49845	8.6764	14.1007	
14.5838	14.5874	0	3.76579	17.8575	9.23542	10.0588	21.551	8.80397	6.11882	7.72045	15.7233	13.0286	7.2443	15.2136	
14.0159	12.1549	3.76579	0	16.0147	6.82376	10.8016	20.9831	12.2528	5.5509	7.15253	15.1554	15.5984	3.47851	17.0608	
1.81019	18.8144	17.8575	16.0147	0	9.19097	11.555	12.2167	9.13799	9.03315	7.43153	9.02	17.2557	21.6089	15.5476	
11.0012	23.5713	9.23542	6.82376	9.19097	0	16.2384	22.7104	9.58837	8.51206	8.43291	18.1166	16.117	10.3023	10.237	
9.74478	4.5286	10.0588	10.8016	11.555	16.2384	0	11.508	6.65	13.0173	19.2822	18.5094	2.96985	7.32306	8.84985	
10.4065	7.37902	21.551	20.9831	12.2167	22.7104	11.508	0	18.883	15.4322	17.0338	11.1321	8.53815	16.0554	12.4734	
10.9482	11.1786	8.80397	12.2528	9.13799	9.58837	6.65	18.883	0	6.70188	8.3035	14.5927	9.61985	13.9731	6.40962	
8.46499	18.2681	6.11882	5.5509	9.03315	8.51206	13.0173	15.4322	6.70188	0	1.60162	9.6045	10.0475	9.02941	10.1923	
9.24172	24.5308	7.72045	7.15253	7.43153	8.43291	19.2822	17.0338	8.3035	1.60162	0	11.2061	11.6491	27.6423	8.59069	
10.8302	18.5111	15.7233	15.1554	9.02	18.1166	18.5094	11.1321	14.5927	9.6045	11.2061	0	19.652	25.8325	17.9865	
12.7146	7.49845	13.0286	15.5984	17.2557	16.117	2.96985	8.53815	9.61985	10.0475	11.6491	19.652	0	10.2929	5.88	
17.0678	8.6764	7.2443	3.47851	21.6089	10.3023	7.32306	16.0554	13.9731	9.02941	27.6423	25.8325	10.2929	0	18.0146	
20.4363	14.1007	15.2136	17.0608	15.5476	10.237	8.84985	12.4734	6.40962	10.1923	8.59069	17.9865	5.88	18.0146	0	

0	14.6692	8.02367	16.0976	0.763675	6.91758	9.42673	20.2838	11.4994	5.37201	11.1233	5.75543	14.2	11.9898	20.4031	
14.6692	0	9.27706	26.8002	13.9055	11.73	6.78722	1.8783	4.68722	10.856	8.25507	10.4312	3.10077	22.6806	3.99962	
8.02367	9.27706	0	9.56334	8.78735	10.7176	7.49477	12.4128	9.59477	8.36239	13.235	11.1661	6.17629	3.96611	12.7763	
16.0976	26.8002	9.56334	0	15.334	16.9308	13.9189	25.7642	23.0185	21.7138	25.6832	27.874	19.5277	5.59723	28.092	
0.763675	13.9055	8.78735	15.334	0	7.68125	10.2042	15.7838	12.3042	6.13569	13.0321	6.51911	17.0063	13.9093	23.5033	
6.91758	11.73	10.7176	16.9308	7.68125	0	9.14278	11.1659	7.04278	5.07102	10.6106	10.443	13.5966	11.3335	20.1966	
9.42673	6.78722	7.49477	13.9189	10.2042	9.14278	0	6.22311	2.1	8.26878	5.66786	3.67129	9.30014	8.32166	13.2992	
20.2838	1.8783	12.4128	25.7642	15.7838	11.1659	6.22311	0	4.12311	10.2919	7.69096	9.86705	4.97907	16.3789	2.12132	
11.4994	4.68722	9.59477	23.0185	12.3042	7.04278	2.1	4.12311	0	6.16878	3.56786	5.74394	7.20014	10.4217	6.24443	
5.37201	10.856	8.36239	21.7138	6.13569	5.07102	8.26878	10.2919	6.16878	0	5.75129	5.37201	13.3689	12.3285	20.0197	
11.1233	8.25507	13.235	25.6832	13.0321	10.6106	5.66786	7.69096	3.56786	5.75129	0	9.3118	10.768	17.3882	17.4213	
5.75543	10.4312	11.1661	27.874	6.51911	10.443	3.67129	9.86705	5.74394	5.37201	9.3118	0	12.5501	11.993	14.6476	
14.2	3.10077	6.17629	19.5277	17.0063	13.5966	9.30014	4.97907	7.20014	13.3689	10.768	12.5501	0	10.1424	6.6	
11.9898	22.6806	3.96611	5.59723	13.9093	11.3335	8.32166	16.3789	10.4217	12.3285	17.3882	11.993	10.1424	0	18.7066	
20.4031	3.99962	12.7763	28.092	23.5033	20.1966	13.2992	2.12132	6.24443	20.0197	17.4213	14.6476	6.6	18.7066	0	

0	17.8026	19.3047	18.0926	1.96576	19.864	30.0823	36	14.3841	16.904	7.35092	6.36576	26.7044	24.3675	16.6146	
17.8026	0	12.3152	16.0801	15.8368	26.2753	2.65089	6.55084	6.71089	21.8624	20.2218	17.2325	5.02677	17.7561	7.75464	
19.3047	12.3152	0	8.55862	12.0263	7.63918	7.68516	11.5017	3.62516	6.443	6.64112	21.5948	8.52916	8.65332	7.54215	
18.0926	16.0801	8.55862	0	10.8141	16.1978	18.2229	23.5933	12.1838	14.8931	5.42896	33.7012	17.0878	1.67601	21.417	
1.96576	15.8368	12.0263	10.8141	0	17.8982	16.4783	23.35	12.4183	14.1673	5.38516	4.4	19.9823	19.0889	13.8779	
19.864	26.2753	7.63918	16.1978	17.8982	0	13.309	21.206	9.24896	11.2287	14.2803	13.9556	16.1683	16.2925	13.1659	
30.0823	2.65089	7.68516	18.2229	16.4783	13.309	0	3.89995	4.06	6.87784	16.3054	20.272	2.37588	15.6766	7.97588	
36	6.55084	11.5017	23.5933	23.35	21.206	3.89995	0	7.95995	14.3492	17.5696	17.8783	2.97254	23.5736	8.40043	
14.3841	6.71089	3.62516	12.1838	12.4183	9.24896	4.06	7.95995	0	2.81784	10.2663	12.5851	6.43588	11.6166	3.91699	
16.904	21.8624	6.443	14.8931	14.1673	11.2287	6.87784	14.3492	2.81784	0	9.46414	9.76729	17.3217	14.4345	6.73482	
7.35092	20.2218	6.64112	5.42896	5.38516	14.2803	16.3054	17.5696	10.2663	9.46414	0	9.78516	14.5971	7.10497	16.6087	
6.36576	17.2325	21.5948	33.7012	4.4	13.9556	20.272	17.8783	12.5851	9.76729	9.78516	0	15.0779	31.5042	9.47789	
26.7044	5.02677	8.52916	17.0878	19.9823	16.1683	2.37588	2.97254	6.43588	17.3217	14.5971	15.0779	0	17.1825	5.6	
24.3675	17.7561	8.65332	1.67601	19.0889	16.2925	15.6766	23.5736	11.6166	14.4345	7.10497	31.5042	17.1825	0	15.5336	
16.6146	7.75464	7.54215	21.417	13.8779	13.1659	7.97588	8.40043	3.91699	6.73482	16.6087	9.47789	5.6	15.5336	0	

0	10.2753	21.5418	8.415	2.16375	5.00928	18.3639	22.7949	12.5612	5.5823	6.90269	20.4237	24.626	11.5773	16.6758	
10.2753	0	18.5313	15.6678	8.11155	21.6136	13.1347	4.96407	9.70564	11.5301	12.8505	19.7725	2.74022	18.8301	7.42022	
21.5418	18.5313	0	19.1713	22.1829	15.4927	10.8808	12.6824	7.94083	12.8911	21.3203	31.1188	17.4888	18.7489	20.0479	
8.415	15.6678	19.1713	0	9.54149	10.1071	16.8456	15.9764	18.182	15.2859	4.80254	25.0138	17.0925	3.16228	12.4125	
2.16375	8.11155	22.1829	9.54149	0	5.6824	13.1547	13.0756	8.3688	3.41855	4.73895	18.0695	10.8518	32.0262	14.5121	
5.00928	21.6136	15.4927	10.1071	5.6824	0	10.4919	12.2935	7.2141	2.26385	5.30457	15.8164	17.0999	24.965	15.7472	
18.3639	13.1347	10.8808	16.8456	13.1547	10.4919	0	7.68157	2.94	7.89025	16.3195	17.0343	9.11306	35.3163	4.43306	
22.7949	4.96407	12.6824	15.9764	13.0756	12.2935	7.68157	0	4.74157	9.69182	18.121	16.1651	6.70403	41.405	3.56382	
12.5612	9.70564	7.94083	18.182	8.3688	7.2141	2.94	4.74157	0	4.95025	12.8565	19.6012	9.54801	26.6897	7.37306	
5.5823	11.5301	12.8911	15.2859	3.41855	2.26385	7.89025	9.69182	4.95025	0	7.56842	14.6509	14.4983	32.6931	13.4833	
6.90269	12.8505	21.3203	4.80254	4.73895	5.30457	16.3195	18.121	12.8565	7.56842	0	21.121	22.9275	7.96482	17.2151	
20.4237	19.7725	31.1188	25.0138	18.0695	15.8164	17.0343	16.1651	19.6012	14.6509	21.121	0	17.0323	48.6644	12.6013	
24.626	2.74022	17.4888	17.0925	10.8518	17.0999	9.11306	6.70403	9.54801	14.4983	22.9275	17.0323	0	31.9151	4.68	
11.5773	18.8301	18.7489	3.16228	32.0262	24.965	35.3163	41.405	26.6897	32.6931	7.96482	48.6644	31.9151	0	15.5748	
16.6758	7.42022	20.0479	12.4125	14.5121	15.7472	4.43306	3.56382	7.37306	13.4833	17.2151	12.6013	4.68	15.5748	0	

0	23.5304	10.7417	14.2973	0.46669	5.72489	14.1724	19.6122	11.7135	16.93	15.3297	18.0667	11.9269	18.7873	33.6545	
23.5304	0	21.2971	20.3473	23.3417	17.235	15.3789	4.33797	9.69801	12.9044	21.8029	5.74171	11.033	21.1132	10.1241	
10.7417	21.2971	0	20.1622	32.5114	5.01677	13.4643	25.4035	16.387	15.0931	21.0665	20.3091	11.2187	18.0791	29.4062	
14.2973	20.3473	20.1622	0	13.8306	14.9914	14.6337	19.8131	16.7941	9.24826	7.72583	14.6929	9.31429	1.92899	11.0743	
0.46669	23.3417	32.5114	13.8306	0	6.19158	14.3968	16.6068	11.2468	17.3967	14.8631	17.6	22.9786	15.7596	30.4167	
5.72489	17.235	5.01677	14.9914	6.19158	0	8.44751	16.7007	11.3703	14.6697	15.3554	11.5806	6.20197	13.0624	7.96197	
14.1724	15.3789	13.4643	14.6337	14.3968	8.44751	0	8.51004	3.15	11.2227	6.90785	9.63715	9.99849	21.5099	11.7585	
19.6122	4.33797	25.4035	19.8131	16.6068	16.7007	8.51004	0	5.36004	12.257	14.4283	5.09435	10.473	24.9156	12.2588	
11.7135	9.69801	16.387	16.7941	11.2468	11.3703	3.15	5.36004	0	8.07272	9.0683	10.4544	13.1485	15.392	18.4049	
16.93	12.9044	15.0931	9.24826	17.3967	14.6697	11.2227	12.257	8.07272	0	10.8474	7.16268	12.5413	7.31927	19.9794	
15.3297	21.8029	21.0665	7.72583	14.8631	15.3554	6.90785	14.4283	9.0683	10.8474	0	16.0612	16.9063	9.65482	22.1628	
18.0667	5.74171	20.3091	14.6929	17.6	11.5806	9.63715	5.09435	10.4544	7.16268	16.0612	0	5.37862	14.482	7.13862	
11.9269	11.033	11.2187	9.31429	22.9786	6.20197	9.99849	10.473	13.1485	12.5413	16.9063	5.37862	0	11.2433	1.76	
18.7873	21.1132	18.0791	1.92899	15.7596	13.0624	21.5099	24.9156	15.392	7.31927	9.65482	14.482	11.2433	0	36.3084	
33.6545	10.1241	29.4062	11.0743	30.4167	7.96197	11.7585	12.2588	18.4049	19.9794	22.1628	7.13862	1.76	36.3084	0	

0	21.5795	23.9497	14.862	0.721249	10.4956	10.5146	20.0125	12.6775	7.65105	11.0608	21.2075	20.3794	13.7868	11.0409	
21.5795	0	19.9142	17.317	20.8583	15.7227	16.0158	5.27712	12.6987	18.8793	27.7342	17.4479	2.81233	18.3922	6.29233	
23.9497	19.9142	0	5.81986	23.8598	13.4541	21.1649	20.8865	13.4649	18.4913	16.2602	20.8032	22.7265	6.89504	22.2745	
14.862	17.317	5.81986	0	18.04	11.6503	26.1773	20.8196	14.0082	10.6659	10.4403	14.9704	20.1294	1.07517	19.2914	
0.721249	20.8583	23.8598	18.04	0	11.2169	25.7417	20.0398	13.9074	8.37229	10.3395	14.6278	13.7997	14.5081	10.3197	
10.4956	15.7227	13.4541	11.6503	11.2169	0	10.585	10.3066	2.885	7.91141	6.45285	24.3882	13.6852	12.7255	14.636	
10.5146	16.0158	21.1649	26.1773	25.7417	10.585	0	15.1216	7.7	2.86356	11.2679	20.8669	16.9281	12.4543	16.5588	
20.0125	5.27712	20.8865	20.8196	20.0398	10.3066	15.1216	0	7.42159	12.448	10.9894	14.4905	5.62885	19.7445	9.10885	
12.6775	12.6987	13.4649	14.0082	13.9074	2.885	7.7	7.42159	0	5.02641	3.56786	8.09793	10.8002	14.6172	11.751	
7.65105	18.8793	18.4913	10.6659	8.37229	7.91141	2.86356	12.448	5.02641	0	8.59427	14.067	15.8266	9.59077	16.7774	
11.0608	27.7342	16.2602	10.4403	10.3395	6.45285	11.2679	10.9894	3.56786	8.59427	0	4.53008	14.3681	11.5155	8.83821	
21.2075	17.4479	20.8032	14.9704	14.6278	24.3882	20.8669	14.4905	8.09793	14.067	4.53008	0	7.78813	16.0585	4.30813	
20.3794	2.81233	22.7265	20.1294	13.7997	13.6852	16.9281	5.62885	10.8002	15.8266	14.3681	7.78813	0	25.3733	3.48	
13.7868	18.3922	6.89504	1.07517	14.5081	12.7255	12.4543	19.7445	14.6172	9.59077	11.5155	16.0585	25.3733	0	25.4224	
11.0409	6.29233	22.2745	19.2914	10.3197	14.636	16.5588	9.10885	11.751	16.7774	8.83821	4.30813	3.48	25.4224	0	

0	15.1473	24.1274	20.3864	0.820244	17.1832	11.0244	13.367	17.2807	8.07235	3.40512	18.1203	11.4696	15.39	16.7896	
15.1473	0	11.1083	17.3501	16.8099	17.5938	4.66397	1.8783	8.95714	20.2416	19.6719	17.8787	3.67766	16.5812	2.36947	
24.1274	11.1083	0	16.7326	21.0675	13.112	12.0157	9.23002	16.8806	11.6258	14.7562	10.8097	11.1274	21.7713	14.2363	
20.3864	17.3501	16.7326	0	14.5485	9.99674	8.64833	11.434	10.3617	5.10683	8.23728	18.8974	17.8999	4.9964	14.9807	
0.820244	16.8099	21.0675	14.5485	0	14.3316	10.2042	12.9898	14.6966	5.71533	2.58488	15.7633	12.2899	16.2102	19.9379	
17.1832	17.5938	13.112	9.99674	14.3316	0	10.3307	17.4109	7.72161	4.88991	8.02036	19.5408	20.5443	19.2761	14.3093	
11.0244	4.66397	12.0157	8.64833	10.2042	10.3307	0	2.78568	5.04	5.44077	8.57122	10.249	4.68304	13.6447	7.79199	
13.367	1.8783	9.23002	11.434	12.9898	17.4109	2.78568	0	7.82568	8.22645	17.5165	13.0347	1.89737	14.8009	4.24777	
17.2807	8.95714	16.8806	10.3617	14.6966	7.72161	5.04	7.82568	0	5.25488	8.38533	14.5927	11.5867	19.641	6.58766	
8.07235	20.2416	11.6258	5.10683	5.71533	4.88991	5.44077	8.22645	5.25488	0	3.13045	14.6509	17.3202	10.1032	11.8425	
3.40512	19.6719	14.7562	8.23728	2.58488	8.02036	8.57122	17.5165	8.38533	3.13045	0	13.1784	16.4115	17.5166	18.8995	
18.1203	17.8787	10.8097	18.8974	15.7633	19.5408	10.249	13.0347	14.5927	14.6509	13.1784	0	20.8293	29.0371	15.5093	
11.4696	3.67766	11.1274	17.8999	12.2899	20.5443	4.68304	1.89737	11.5867	17.3202	16.4115	20.8293	0	12.9035	5.32	
15.39	16.5812	21.7713	4.9964	16.2102	19.2761	13.6447	14.8009	19.641	10.1032	17.5166	29.0371	12.9035	0	18.2235	
16.7896	2.36947	14.2363	14.9807	19.9379	14.3093	7.79199	4.24777	6.58766	11.8425	18.8995	15.5093	5.32	18.2235	0	

0	25.011	20.5143	40.3264	2.30517	14.2238	13.384	24.7102	10.5059	8.79056	14.1778	10.3598	14.2017	21.9519	16.3912	
25.011	0	16.7256	17.4886	22.623	18.1453	9.07634	1.83358	14.4222	15.3061	24.7657	6.00521	2.16333	23.0517	7.04333	
20.5143	16.7256	0	11.9821	13.7248	11.9729	5.128	12.3708	5.52406	9.86505	18.2961	8.62889	13.9964	10.0955	8.25722	
40.3264	17.4886	11.9821	0	33.8345	23.6335	13.4017	15.9576	17.5061	18.3624	28.8152	13.616	15.1524	2.02386	10.2724	
2.30517	22.623	13.7248	33.8345	0	14.6496	11.0708	18.3216	8.20076	10.2557	12.1705	11.22	15.0619	22.8121	14.208	
14.2238	18.1453	11.9729	23.6335	14.6496	0	7.30209	14.5449	6.44881	5.43323	10.8205	9.55365	15.982	24.7801	10.4313	
13.384	9.07634	5.128	13.4017	11.0708	7.30209	0	7.24276	2.87	7.21099	13.1681	5.97483	8.00922	15.2235	3.12922	
24.7102	1.83358	12.3708	15.9576	18.3216	14.5449	7.24276	0	10.1128	13.7751	20.4109	5.61275	1.77088	26.5936	5.68514	
10.5059	14.4222	5.52406	17.5061	8.20076	6.44881	2.87	10.1128	0	4.34099	9.72827	3.10483	6.94671	14.697	5.99922	
8.79056	15.3061	9.86505	18.3624	10.2557	5.43323	7.21099	13.7751	4.34099	0	5.38728	7.44583	12.97	19.9387	8.08999	
14.1778	24.7657	18.2961	28.8152	12.1705	10.8205	13.1681	20.4109	9.72827	5.38728	0	15.4802	24.639	25.326	13.4773	
10.3598	6.00521	8.62889	13.616	11.22	9.55365	5.97483	5.61275	3.10483	7.44583	15.4802	0	3.84187	11.5921	6.03138	
14.2017	2.16333	13.9964	15.1524	15.0619	15.982	8.00922	1.77088	6.94671	12.97	24.639	3.84187	0	15.434	4.88	
21.9519	23.0517	10.0955	2.02386	22.8121	24.7801	15.2235	26.5936	14.697	19.9387	25.326	11.5921	15.434	0	12.2963	
16.3912	7.04333	8.25722	10.2724	14.208	10.4313	3.12922	5.68514	5.99922	8.08999	13.4773	6.03138	4.88	12.2963	0	

0	27.9415	13.2948	9.73866	1.83848	7.15612	14.9581	12.1537	7.08025	13.249	5.35373	11.7411	22.758	20.3947	9.90074	
27.9415	0	26.7537	19.8497	16.3554	19.9028	6.40631	2.32551	15.9263	13.2923	9.12551	17.2251	9.09278	21.3853	8.29315	
13.2948	26.7537	0	3.42345	22.8504	9.09956	15.7346	23.5481	6.21456	12.3833	7.80838	25.5502	17.3524	7.43954	14.98	
9.73866	19.8497	3.42345	0	14.1859	9.48669	16.6415	11.1849	9.63801	16.0331	4.38493	25.3425	13.9088	4.01609	11.5565	
1.83848	16.3554	22.8504	14.1859	0	8.99459	13.1196	16.601	8.91873	14.8137	7.19221	13.5796	14.0223	18.5562	8.06226	
7.15612	19.9028	9.09956	9.48669	8.99459	0	12.405	21.439	2.885	6.61043	8.5341	18.8972	12.3824	13.5028	16.5367	
14.9581	6.40631	15.7346	16.6415	13.1196	12.405	0	8.73182	9.52	7.8748	15.1691	13.3084	11.045	14.979	5.08498	
12.1537	2.32551	23.5481	11.1849	16.601	21.439	8.73182	0	12.4491	12.5392	6.8	19.5506	6.76727	16.6599	10.6187	
7.08025	15.9263	6.21456	9.63801	8.91873	2.885	9.52	12.4491	0	6.16878	5.64911	18.8213	11.9407	16.6707	14.605	
13.249	13.2923	12.3833	16.0331	14.8137	6.61043	7.8748	12.5392	6.16878	0	11.6482	20.1857	5.77194	15.6646	11.7319	
5.35373	9.12551	7.80838	4.38493	7.19221	8.5341	15.1691	6.8	5.64911	11.6482	0	17.0948	13.5673	8.40102	15.9414	
11.7411	17.2251	25.5502	25.3425	13.5796	18.8972	13.3084	19.5506	18.8213	20.1857	17.0948	0	17.0323	26.925	13.786	
22.758	9.09278	17.3524	13.9088	14.0223	12.3824	11.045	6.76727	11.9407	5.77194	13.5673	17.0323	0	9.89267	5.96	
20.3947	21.3853	7.43954	4.01609	18.5562	13.5028	14.979	16.6599	16.6707	15.6646	8.40102	26.925	9.89267	0	14.545	
9.90074	8.29315	14.98	11.5565	8.06226	16.5367	5.08498	10.6187	14.605	11.7319	15.9414	13.786	5.96	14.545	0	

0	16.4581	13.6054	14.4486	2.12132	15.5049	14.5314	28.4913	10.1484	10.0929	8.47581	7.62132	21.2298	13.3876	14.0535	
16.4581	0	16.8455	27.9287	17.6404	9.042	8.11535	2.68328	6.30971	19.6373	18.4756	6.83423	3.31711	28.1983	5.70827	
13.6054	16.8455	0	13.3514	15.7267	3.19249	15.7922	14.959	11.5929	13.1534	13.3936	14.5838	8.91738	14.2053	11.1373	
14.4486	27.9287	13.3514	0	12.1201	16.5439	12.3548	17.7868	18.1648	16.7933	18.6818	17.8273	24.5311	0.853815	24.2594	
2.12132	17.6404	15.7267	12.1201	0	16.5556	24.0094	9.65095	12.2697	11.4506	6.35449	5.5	15.0921	11.2663	8.94651	
15.5049	9.042	3.19249	16.5439	16.5556	0	12.5997	12.9863	8.40043	9.96092	10.2011	16.8663	5.72489	26.6186	8.88489	
14.5314	8.11535	15.7922	12.3548	24.0094	12.5997	0	5.43207	5.81	4.43852	9.5346	9.58302	12.1764	13.2086	15.3364	
28.4913	2.68328	14.959	17.7868	9.65095	12.9863	5.43207	0	8.993	9.8706	23.1874	4.15095	6.00039	21.7425	7.59746	
10.1484	6.30971	11.5929	18.1648	12.2697	8.40043	5.81	8.993	0	10.2485	18.4237	22.9758	9.62682	22.1205	12.018	
10.0929	19.6373	13.1534	16.7933	11.4506	9.96092	4.43852	9.8706	10.2485	0	5.09608	17.3793	15.6858	16.6576	13.9328	
8.47581	18.4756	13.3936	18.6818	6.35449	10.2011	9.5346	23.1874	18.4237	5.09608	0	11.8545	15.1585	17.6208	18.2866	
7.62132	6.83423	14.5838	17.8273	5.5	16.8663	9.58302	4.15095	22.9758	17.3793	11.8545	0	6.60651	16.7663	3.44651	
21.2298	3.31711	8.91738	24.5311	15.0921	5.72489	12.1764	6.00039	9.62682	15.6858	15.1585	6.60651	0	28.4868	3.16	
13.3876	28.1983	14.2053	0.853815	11.2663	26.6186	13.2086	21.7425	22.1205	16.6576	17.6208	16.7663	28.4868	0	23.1984	
14.0535	5.70827	11.1373	24.2594	8.94651	8.88489	15.3364	7.59746	12.018	13.9328	18.2866	3.44651	3.16	23.1984	0	

0	24.2126	16.6169	20.6022	0.848528	10.5695	13.119	15.3956	16.5471	4.61751	3.08869	9.06015	10.6667	24.9978	8.94674	
24.2126	0	5.53173	20.9372	35.5717	20.354	7.06903	8.04984	15.679	15.2987	16.8275	12.2008	11.3935	25.6467	11.2413	
16.6169	5.53173	0	15.4055	30.04	14.8223	12.6008	13.5816	20.4055	15.057	13.5282	19.4997	16.9253	19.8011	15.7232	
20.6022	20.9372	15.4055	0	20.6986	9.48669	13.61	21.8236	5	9.56946	16.6273	9.03629	23.0833	4.39557	13.3681	
0.848528	35.5717	30.04	20.6986	0	24.7133	24.3086	23.951	15.6986	15.6623	3.93722	19.7349	13.6675	26.1779	9.79527	
10.5695	20.354	14.8223	9.48669	24.7133	0	19.2166	19.9844	10.6066	9.00963	7.48081	13.4523	13.5966	13.8823	15.3166	
13.119	7.06903	12.6008	13.61	24.3086	19.2166	0	10.6211	8.61	11.8838	13.4126	12.6463	5.89229	21.6363	4.17229	
15.3956	8.04984	13.5816	21.8236	23.951	19.9844	10.6211	0	8.18724	17.9879	10.1224	4.15095	6.3878	15.3291	6.44881	
16.5471	15.679	20.4055	5	15.6986	10.6066	8.61	8.18724	0	4.56946	6.09829	4.03629	10.0881	9.39557	8.36811	
4.61751	15.2987	15.057	9.56946	15.6623	9.00963	11.8838	17.9879	4.56946	0	1.52882	7.50029	19.0236	10.3479	12.9376	
3.08869	16.8275	13.5282	16.6273	3.93722	7.48081	13.4126	10.1224	6.09829	1.52882	0	5.97147	15.9077	11.8768	12.0354	
9.06015	12.2008	19.4997	9.03629	19.7349	13.4523	12.6463	4.15095	4.03629	7.50029	5.97147	0	10.2286	11.1781	8.50856	
10.6667	11.3935	16.9253	23.0833	13.6675	13.5966	5.89229	6.3878	10.0881	19.0236	15.9077	10.2286	0	30.5459	1.72	
24.9978	25.6467	19.8011	4.39557	26.1779	13.8823	21.6363	15.3291	9.39557	10.3479	11.8768	11.1781	30.5459	0	19.6867	
8.94674	11.2413	15.7232	13.3681	9.79527	15.3166	4.17229	6.44881	8.36811	12.9376	12.0354	8.50856	1.72	19.6867	0	

0	8.23564	12.2143	14.7988	0.905097	13.7241	11.9911	9.57728	13.8242	18.1606	11.2446	14.5713	8.77091	16.0312	10.5798	
8.23564	0	14.2313	12.232	9.14074	15.2618	3.75542	1.34164	5.5886	13.7779	18.5221	6.33568	3.11252	9.54405	8.48974	
12.2143	14.2313	0	7.37515	11.3092	12.6559	16.1413	20.0514	15.1054	6.11882	12.2341	20.1702	20.6856	4.68722	18.0162	
14.7988	12.232	7.37515	0	14.7244	6.99019	20.5921	13.8636	16.6634	10.5002	4.38493	23.737	15.6345	2.68794	25.8279	
0.905097	9.14074	11.3092	14.7244	0	12.819	20.1168	21.639	21.0696	16.4548	10.3395	11.8288	9.676	15.9964	9.67471	
13.7241	15.2618	12.6559	6.99019	12.819	0	13.6019	20.8538	9.67322	10.7398	4.6245	16.7468	14.9951	9.67813	18.9008	
11.9911	3.75542	16.1413	20.5921	20.1168	13.6019	0	5.09706	6.3	10.0225	16.1378	10.0911	9.00854	13.2995	11.8485	
9.57728	1.34164	20.0514	13.8636	21.639	20.8538	5.09706	0	6.93025	17.5903	18.2486	7.67732	1.77088	10.8857	4.61088	
13.8242	5.5886	15.1054	16.6634	21.0696	9.67322	6.3	6.93025	0	8.98661	12.9335	7.60685	5.32184	15.1326	8.16184	
18.1606	13.7779	6.11882	10.5002	16.4548	10.7398	10.0225	17.5903	8.98661	0	6.11529	16.5935	14.3085	8.32882	18.6594	
11.2446	18.5221	12.2341	4.38493	10.3395	4.6245	16.1378	18.2486	12.9335	6.11529	0	20.5403	18.2553	7.07286	20.0142	
14.5713	6.33568	20.1702	23.737	11.8288	16.7468	10.0911	7.67732	7.60685	16.5935	20.5403	0	4.99407	15.8797	2.15407	
8.77091	3.11252	20.6856	15.6345	9.676	14.9951	9.00854	1.77088	5.32184	14.3085	18.2553	4.99407	0	17.332	2.84	
16.0312	9.54405	4.68722	2.68794	15.9964	9.67813	13.2995	10.8857	15.1326	8.32882	7.07286	15.8797	17.332	0	21.9299	
10.5798	8.48974	18.0162	25.8279	9.67471	18.9008	11.8485	4.61088	8.16184	18.6594	20.0142	2.15407	2.84	21.9299	0	

0	11.373	11.1634	15.2715	0.537401	10.7342	10.926	15.8452	15.966	15.6394	7.41285	15.885	14.0495	8.49006	9.60946	
11.373	0	11.5869	25.1869	11.9104	6	9.62564	4.47214	14.8247	14.8743	17.1728	13.6613	9.9745	18.5753	9.15478	
11.1634	11.5869	0	4.10814	11.7008	5.58686	9.59585	18.5732	14.4116	14.4611	9.1008	15.6338	18.5254	8.53533	14.0854	
15.2715	25.1869	4.10814	0	12.3798	9.695	22.2386	18.5304	27.2786	20.479	13.2089	11.5256	26.5214	4.42719	15.336	
0.537401	11.9104	11.7008	12.3798	0	11.2716	11.0788	16.2323	16.1188	17.4674	7.95025	16.4224	21.4733	7.95266	10.1469	
10.7342	6	5.58686	9.695	11.2716	0	4.00899	9.16249	8.82469	8.87428	14.6877	17.8276	14.4035	15.6824	14.5701	
10.926	9.62564	9.59585	22.2386	11.0788	4.00899	0	5.1535	5.04	11.5896	16.3382	19.1213	10.3945	19.0315	10.5611	
15.8452	4.47214	18.5732	18.5304	16.2323	9.16249	5.1535	0	10.1935	11.3711	16.673	15.283	5.50236	14.1032	8.65499	
15.966	14.8247	14.4116	27.2786	16.1188	8.82469	5.04	10.1935	0	6.54956	11.2982	15.5029	15.4345	30.5313	15.6011	
15.6394	14.8743	14.4611	20.479	17.4674	8.87428	11.5896	11.3711	6.54956	0	8.22652	8.95335	16.8734	25.4743	16.2445	
7.41285	17.1728	9.1008	13.2089	7.95025	14.6877	16.3382	16.673	11.2982	8.22652	0	8.85424	12.458	18.9268	8.01798	
15.885	13.6613	15.6338	11.5256	16.4224	17.8276	19.1213	15.283	15.5029	8.95335	8.85424	0	19.1954	15.9528	14.7554	
14.0495	9.9745	18.5254	26.5214	21.4733	14.4035	10.3945	5.50236	15.4345	16.8734	12.458	19.1954	0	15.3488	4.44	
8.49006	18.5753	8.53533	4.42719	7.95266	15.6824	19.0315	14.1032	30.5313	25.4743	18.9268	15.9528	15.3488	0	10.9088	
9.60946	9.15478	14.0854	15.336	10.1469	14.5701	10.5611	8.65499	15.6011	16.2445	8.01798	14.7554	4.44	10.9088	0	

0	21.1774	30.2297	11.2719	0.933381	18.0475	13.4886	17.0262	9.13414	12.0919	6.48625	7.09338	10.7413	10.26	7.6213	
21.1774	0	17.198	22.6737	20.8202	14.25	7.73175	4.78519	10.5318	17.7982	15.3252	12.6268	10.6003	27.6966	13.599	
30.2297	17.198	0	16.6037	18.9351	3.99061	17.3563	12.4128	11.7971	19.8375	15.5519	12.7751	15.6789	17.4372	16.3276	
11.2719	22.6737	16.6037	0	37.7853	14.4585	18.841	17.8885	21.641	16.6527	7.50317	23.7361	19.8435	1.01193	22.9635	
0.933381	20.8202	18.9351	37.7853	0	16.0072	11.0008	27.3417	8.20076	13.3795	7.41963	6.16	10.8983	11.1934	8.55468	
18.0475	14.25	3.99061	14.4585	16.0072	0	10.6065	16.4034	7.80646	12.9852	11.5612	16.4266	11.6883	13.4466	12.3369	
13.4886	7.73175	17.3563	18.841	11.0008	10.6065	0	12.5169	2.8	7.97873	8.20307	4.89506	5.64271	14.6943	5.86728	
17.0262	4.78519	12.4128	17.8885	27.3417	16.4034	12.5169	0	17.4046	16.1457	10.54	11.6953	6.95701	17.0312	10.077	
9.13414	10.5318	11.7971	21.641	8.20076	7.80646	2.8	17.4046	0	5.17873	10.7844	7.69506	8.44271	21.253	7.1218	
12.0919	17.7982	19.8375	16.6527	13.3795	12.9852	7.97873	16.1457	5.17873	0	5.60568	17.1323	21.8051	12.0969	12.3005	
6.48625	15.3252	15.5519	7.50317	7.41963	11.5612	8.20307	10.54	10.7844	5.60568	0	13.0981	13.8458	6.49124	14.0704	
7.09338	12.6268	12.7751	23.7361	6.16	16.4266	4.89506	11.6953	7.69506	17.1323	13.0981	0	4.73831	27.9867	7.85831	
10.7413	10.6003	15.6789	19.8435	10.8983	11.6883	5.64271	6.95701	8.44271	21.8051	13.8458	4.73831	0	20.8554	3.12	
10.26	27.6966	17.4372	1.01193	11.1934	13.4466	14.6943	17.0312	21.253	12.0969	6.49124	27.9867	20.8554	0	17.8813	
7.6213	13.599	16.3276	22.9635	8.55468	12.3369	5.86728	10.077	7.1218	12.3005	14.0704	7.85831	3.12	17.8813	0	

0	34.2199	22.3267	16.2497	0.452548	21.2298	8.32433	23.2429	12.8334	5.98735	7.92764	19.3383	25.7414	18.2419	19.9546	
34.2199	0	11.8932	20.2032	24.6607	10.1516	5.46559	5.99266	7.57166	10.14	12.4775	8.2059	1.80278	22.1955	7.88278	
22.3267	11.8932	0	12.8379	12.4695	9.91953	15.0713	12.7311	8.63134	6.93467	13.5371	6.8789	13.282	14.8302	9.89459	
16.2497	20.2032	12.8379	0	16.7022	6.32446	11.7652	15.6525	9.88828	11.8482	23.1558	19.7168	14.6733	1.99223	17.1207	
0.452548	24.6607	12.4695	16.7022	0	11.0586	7.87179	22.7904	14.2168	5.5348	8.38018	19.7908	11.5346	29.95	14.299	
21.2298	10.1516	9.91953	6.32446	11.0586	0	5.44077	10.7793	3.56382	5.52378	8.46962	14.7519	8.3488	8.3167	7.12472	
8.32433	5.46559	15.0713	11.7652	7.87179	5.44077	0	11.948	6.44	10.9646	11.3458	10.0659	3.66281	21.9608	9.74281	
23.2429	5.99266	12.7311	15.6525	22.7904	10.7793	11.948	0	7.21543	15.2978	12.1212	9.54936	7.79544	17.6447	6.53367	
12.8334	7.57166	8.63134	9.88828	14.2168	3.56382	6.44	7.21543	0	8.68198	4.9058	6.57659	7.51319	20.0839	3.5609	
5.98735	10.14	6.93467	11.8482	5.5348	5.52378	10.9646	15.2978	8.68198	0	12.449	11.7799	8.33725	21.5314	8.76416	
7.92764	12.4775	13.5371	23.1558	8.38018	8.46962	11.3458	12.1212	4.9058	12.449	0	15.0427	12.419	26.0049	8.4667	
19.3383	8.2059	6.8789	19.7168	19.7908	14.7519	10.0659	9.54936	6.57659	11.7799	15.0427	0	6.40312	21.8419	3.01569	
25.7414	1.80278	13.282	14.6733	11.5346	8.3488	3.66281	7.79544	7.51319	8.33725	12.419	6.40312	0	24.8689	6.08	
18.2419	22.1955	14.8302	1.99223	29.95	8.3167	21.9608	17.6447	20.0839	21.5314	26.0049	21.8419	24.8689	0	19.113	
19.9546	7.88278	9.89459	17.1207	14.299	7.12472	9.74281	6.53367	3.5609	8.76416	8.4667	3.01569	6.08	19.113	0	

0	22.3812	30.5313	16.3308	1.90919	9.86185	11.0963	17.2117	7.31626	11.8096	11.737	10.8868	17.3513	17.507	11.2614	
22.3812	0	9.12735	23.8482	15.9221	11.7498	14.9112	5.41128	15.3067	15.6994	15.1329	19.8174	9.51866	15.2568	6.5699	
30.5313	9.12735	0	6.85676	11.3296	2.6224	24.0386	14.5386	5.16799	5.70123	7.79096	17.9736	7.39315	6.12944	15.6973	
16.3308	23.8482	6.85676	0	17.4386	9.76229	16.03	22.1455	12.25	10.6362	4.59373	8.9179	10.208	0.727324	26.7908	
1.90919	15.9221	11.3296	17.4386	0	8.70724	21.3988	24.1251	9.22545	11.7861	13.6462	22.3106	13.478	18.1659	9.35222	
9.86185	11.7498	2.6224	9.76229	8.70724	0	6.32558	11.3483	2.54558	3.07883	5.16856	6.11614	4.77074	8.75184	10.0507	
11.0963	14.9112	24.0386	16.03	21.3988	6.32558	0	11.1427	3.78	8.27331	12.3459	7.35056	6.73166	17.3327	12.0117	
17.2117	5.41128	14.5386	22.1455	24.1251	11.3483	11.1427	0	9.89545	10.2881	12.1918	13.466	6.57754	23.4482	11.8575	
7.31626	15.3067	5.16799	12.25	9.22545	2.54558	3.78	9.89545	0	4.49331	7.71414	3.57056	7.31633	12.9773	16.8181	
11.8096	15.6994	5.70123	10.6362	11.7861	3.07883	8.27331	10.2881	4.49331	0	6.04249	8.06387	7.84958	11.8125	18.2025	
11.737	15.1329	7.79096	4.59373	13.6462	5.16856	12.3459	12.1918	7.71414	6.04249	0	4.32416	5.61427	5.32106	10.8943	
10.8868	19.8174	17.9736	8.9179	22.3106	6.11614	7.35056	13.466	3.57056	8.06387	4.32416	0	9.93843	10.0942	13.2475	
17.3513	9.51866	7.39315	10.208	13.478	4.77074	6.73166	6.57754	7.31633	7.84958	5.61427	9.93843	0	11.3843	5.28	
17.507	15.2568	6.12944	0.727324	18.1659	8.75184	17.3327	23.4482	12.9773	11.8125	5.32106	10.0942	11.3843	0	36.1644	
11.2614	6.5699	15.6973	26.7908	9.35222	10.0507	12.0117	11.8575	16.8181	18.2025	10.8943	13.2475	5.28	36.1644	0	

0	24.2607	24.522	24.3816	1.23037	9.9376	11.9029	20.1137	16.9756	11.6488	6.07442	14.9641	14.2151	9.84575	14.4525	
24.2607	0	8.021	13.6062	19.2072	10.5	11.4872	3.08577	9.55471	11.4787	17.3157	16.8511	10.4561	13.7899	8.40086	
24.522	8.021	0	8.58331	14.3843	6.61302	3.94462	11.1068	8.21462	6.80818	9.77312	13.4288	10.5773	5.76888	10.4638	
24.3816	13.6062	8.58331	0	11.4298	9.15382	25.0934	16.692	12.7176	21.5597	16.7706	36.7628	24.0623	2.81443	19.1284	
1.23037	19.2072	14.3843	11.4298	0	8.70724	13.282	18.8114	12.2711	10.4184	7.30479	16.1945	20.0621	8.61538	13.2221	
9.9376	10.5	6.61302	9.15382	8.70724	0	7.83382	13.5858	3.56382	8.8187	7.61682	10.8602	8.88566	8.45212	9.97455	
11.9029	11.4872	3.94462	25.0934	13.282	7.83382	0	11.2565	4.27	2.86356	5.8285	9.48418	6.63266	9.7135	6.5192	
20.1137	3.08577	11.1068	16.692	18.8114	13.5858	11.2565	0	12.6405	8.39293	16.1096	19.6701	7.96894	27.8584	8.14587	
16.9756	9.55471	8.21462	12.7176	12.2711	3.56382	4.27	12.6405	0	5.25488	10.0985	7.29636	5.32184	12.0159	10.7892	
11.6488	11.4787	6.80818	21.5597	10.4184	8.8187	2.86356	8.39293	5.25488	0	8.69206	12.3477	9.49623	19.0338	9.38277	
6.07442	17.3157	9.77312	16.7706	7.30479	7.61682	5.8285	16.1096	10.0985	8.69206	0	15.3127	8.14069	16.0689	12.3477	
14.9641	16.8511	13.4288	36.7628	16.1945	10.8602	9.48418	19.6701	7.29636	12.3477	15.3127	0	12.6182	23.4575	11.5243	
14.2151	10.4561	10.5773	24.0623	20.0621	8.88566	6.63266	7.96894	5.32184	9.49623	8.14069	12.6182	0	19.592	6.84	
9.84575	13.7899	5.76888	2.81443	8.61538	8.45212	9.7135	27.8584	12.0159	19.0338	16.0689	23.4575	19.592	0	18.4267	
14.4525	8.40086	10.4638	19.1284	13.2221	9.97455	6.5192	8.14587	10.7892	9.38277	12.3477	11.5243	6.84	18.4267	0	

0	16.2596	12.3322	18.2708	0.494975	6.67904	11.4039	23.6552	11.278	9.01448	6.84947	12.155	14.1684	14.3628	17.4484	
16.2596	0	23.6991	25.8361	16.2231	11	8.23805	5.36656	5.22805	8.88362	9.09323	7.52362	2.09122	18.6837	5.37122	
12.3322	23.6991	0	8.38745	11.2738	10.4446	5.71969	23.1302	8.72969	6.52097	4.91935	17.6514	16.4111	12.4352	13.7578	
18.2708	25.8361	8.38745	0	17.2124	11.7315	7.72172	25.1322	10.7317	12.4595	10.8579	19.6534	18.4132	4.04772	13.1384	
0.494975	16.2231	11.2738	17.2124	0	7.17402	15.4283	21.5897	10.2197	7.95612	6.35449	11.66	14.6634	18.6157	17.236	
6.67904	11	10.4446	11.7315	7.17402	0	4.72488	16.3666	7.73488	4.88991	6.49153	16.6566	13.0912	7.68375	16.7744	
11.4039	8.23805	5.71969	7.72172	15.4283	4.72488	0	17.4105	3.01	6.66557	6.87518	11.9317	10.6915	11.7694	13.9715	
23.6552	5.36656	23.1302	25.1322	21.5897	16.3666	17.4105	0	10.5946	21.1177	20.7245	12.8902	7.45778	18.9336	9.84293	
11.278	5.22805	8.72969	10.7317	10.2197	7.73488	3.01	10.5946	0	3.65557	3.86518	12.7517	7.31927	16.1264	14.7467	
9.01448	8.88362	6.52097	12.4595	7.95612	4.88991	6.66557	21.1177	3.65557	0	1.60162	18.2323	17.1167	12.5737	12.4832	
6.84947	9.09323	4.91935	10.8579	6.35449	6.49153	6.87518	20.7245	3.86518	1.60162	0	18.0145	14.1615	12.2612	10.8815	
12.155	7.52362	17.6514	19.6534	11.66	16.6566	11.9317	12.8902	12.7517	18.2323	18.0145	0	9.61484	16.3068	7.21612	
14.1684	2.09122	16.4111	18.4132	14.6634	13.0912	10.6915	7.45778	7.31927	17.1167	14.1615	9.61484	0	12.3707	3.28	
14.3628	18.6837	12.4352	4.04772	18.6157	7.68375	11.7694	18.9336	16.1264	12.5737	12.2612	16.3068	12.3707	0	9.09065	
17.4484	5.37122	13.7578	13.1384	17.236	16.7744	13.9715	9.84293	14.7467	12.4832	10.8815	7.21612	3.28	9.09065	0	

0	27.1604	9.76795	12.3618	1.83848	22.7659	11.4595	32.5765	16.8456	16.0086	6.03891	11.0504	27.8266	16.823	9.57825	
27.1604	0	14.6494	13.6062	21.1082	10.8004	11.4872	6.0821	7.57166	13.055	18.5725	18.4131	5.55255	14.6498	9.90048	
9.76795	14.6494	0	4.964	11.6064	11.8295	12.4677	20.0655	7.0777	11.0139	16.9718	12.12	18.2458	6.00755	21.2748	
12.3618	13.6062	4.964	0	10.5233	7.82236	16.8426	19.6884	12.0417	9.54755	9.93895	17.084	13.0702	1.04355	18.2631	
1.83848	21.1082	11.6064	10.5233	0	18.3457	9.62107	11.5581	15.0111	12.2814	4.20043	12.8889	14.2598	11.5669	7.73977	
22.7659	10.8004	11.8295	7.82236	18.3457	0	9.02023	8.59983	4.75176	7.42542	15.5063	22.024	5.24782	8.86591	11.7678	
11.4595	11.4872	12.4677	16.8426	9.62107	9.02023	0	11.1726	5.39	10.8734	12.0887	16.0619	7.8206	20.9841	12.7776	
32.5765	6.0821	20.0655	19.6884	11.5581	8.59983	11.1726	0	12.9878	11.903	23.9887	12.9732	3.35201	29.5084	3.81838	
16.8456	7.57166	7.0777	12.0417	15.0111	4.75176	5.39	12.9878	0	5.48336	11.0009	18.629	9.99958	16.7936	16.8062	
16.0086	13.055	11.0139	9.54755	12.2814	7.42542	10.8734	11.903	5.48336	0	8.08092	23.1339	8.55102	10.5911	15.071	
6.03891	18.5725	16.9718	9.93895	4.20043	15.5063	12.0887	23.9887	11.0009	8.08092	0	16.0612	16.6319	8.8954	11.9402	
11.0504	18.4131	12.12	17.084	12.8889	22.024	16.0619	12.9732	18.629	23.1339	16.0612	0	15.6748	22.1739	9.15478	
27.8266	5.55255	18.2458	13.0702	14.2598	5.24782	7.8206	3.35201	9.99958	8.55102	16.6319	15.6748	0	22.9372	6.52	
16.823	14.6498	6.00755	1.04355	11.5669	8.86591	20.9841	29.5084	16.7936	10.5911	8.8954	22.1739	22.9372	0	34.7468	
9.57825	9.90048	21.2748	18.2631	7.73977	11.7678	12.7776	3.81838	16.8062	15.071	11.9402	9.15478	6.52	34.7468	0	

0	19.7845	20.5833	21.9488	1.49907	15.0278	22.8364	12.808	21.6464	13.5114	9.16311	8.75907	19.8283	23.7262	23.5432	
19.7845	0	14.0662	18.3898	20.7233	23.9252	15.4635	6.97653	17.3066	18.6183	21.9293	9.51137	2.596	26.2585	6.236	
20.5833	14.0662	0	10.8258	19.0842	7.18311	16.7646	18.4905	13.8016	13.9746	21.7367	18.3856	11.4702	8.8336	15.1102	
21.9488	18.3898	10.8258	0	29.1115	10.4853	23.3279	20.0792	17.1038	8.43737	18.7023	22.7092	15.7938	1.99223	19.4338	
1.49907	20.7233	19.0842	29.1115	0	16.5269	33.7239	14.3071	22.1632	15.0105	10.6622	7.26	14.1754	25.2253	12.9683	
15.0278	23.9252	7.18311	10.4853	16.5269	0	17.3985	18.4333	6.61852	6.79154	14.5536	21.5217	18.6533	12.4775	22.4199	
22.8364	15.4635	16.7646	23.3279	33.7239	17.3985	0	10.0284	10.78	14.8905	25.1555	9.22864	7.16037	23.3006	3.52037	
12.808	6.97653	18.4905	20.0792	14.3071	18.4333	10.0284	0	20.8084	11.6418	21.9068	13.9356	7.02026	21.1548	10.6603	
21.6464	17.3066	13.8016	17.1038	22.1632	6.61852	10.78	20.8084	0	11.9568	15.1634	14.9032	19.9026	19.2967	14.3004	
13.5114	18.6183	13.9746	8.43737	15.0105	6.79154	14.8905	11.6418	11.9568	0	10.265	20.1857	17.9571	10.4296	18.4109	
9.16311	21.9293	21.7367	18.7023	10.6622	14.5536	25.1555	21.9068	15.1634	10.265	0	15.8553	22.7706	27.2318	21.5635	
8.75907	9.51137	18.3856	22.7092	7.26	21.5217	9.22864	13.9356	14.9032	20.1857	15.8553	0	6.91537	35.6941	5.70827	
19.8283	2.596	11.4702	15.7938	14.1754	18.6533	7.16037	7.02026	19.9026	17.9571	22.7706	6.91537	0	17.786	3.64	
23.7262	26.2585	8.8336	1.99223	25.2253	12.4775	23.3006	21.1548	19.2967	10.4296	27.2318	35.6941	17.786	0	26.821	
23.5432	6.236	15.1102	19.4338	12.9683	22.4199	3.52037	10.6603	14.3004	18.4109	21.5635	5.70827	3.64	26.821	0	

0	11.3268	14.3031	15.089	2.12132	9.06441	13.7893	12.808	11.8004	10.966	9.44514	7.36695	7.42154	11.3994	12.5367	
11.3268	0	18.5313	8.65852	18.4798	10.9542	14.359	1.07331	8.8336	11.2859	10.5933	3.9598	9.33842	10.461	9.12956	
14.3031	18.5313	0	7.75166	15.2273	11.2877	12.82	19.6046	18.5851	13.1894	22.5342	21.67	18.2053	5.94916	21.6194	
15.089	8.65852	7.75166	0	11.0806	14.979	11.1193	9.73183	17.4921	13.4124	20.6718	12.6183	10.9342	1.8025	16.3742	
2.12132	18.4798	15.2273	11.0806	0	11.1857	17.038	14.9293	13.9217	15.3021	7.32382	9.48827	9.54286	9.2781	19.6898	
9.06441	10.9542	11.2877	14.979	11.1857	0	4.72488	9.88092	7.29734	1.90163	12.4578	12.2962	6.91758	13.5115	11.7894	
13.7893	14.359	12.82	11.1193	17.038	4.72488	0	14.6058	7.98	6.62651	9.71416	18.3188	11.6425	12.9218	20.8614	
12.808	1.07331	19.6046	9.73183	14.9293	9.88092	14.6058	0	9.90691	11.7825	9.52	5.03311	10.7517	31.7637	12.2188	
