10
5
3
3
40

6	7
19	44
37	23
35	6
5	8

26	20
20	33
15	46
20	26
17	19
15	12
5	30
13	40
38	5
9	40

70

1.79769e+308
1.79769e+308
1.79769e+308
1.79769e+308
1.79769e+308

16
18
15
11
18
16
15
15
15
16

0
0
0
0
0

0

0	11.9935	5.47994	6.28786	0.21201	3.62618	6.11529	14.7486	6.55818	3.08547	3.07731	14.0244	5.85192	6.93853	13.9916	
11.9935	0	10.888	19.7968	14.5559	11.6559	7.2747	6.98307	11.8629	11.4046	8.9162	11.3559	6.99415	17.1538	3.31185	
5.47994	10.888	0	6.06174	8.98644	2.93517	7.4489	10.7261	7.31908	2.39447	7.48284	7.55884	2.24986	5.41106	5.93217	
6.28786	19.7968	6.06174	0	6.49987	9.00933	11.8178	20.5981	15.9772	9.37333	8.88824	6.05301	13.0456	0.650679	20.2794	
0.21201	14.5559	8.98644	6.49987	0	11.6624	7.2812	11.7785	13.7043	3.29748	3.28932	11.3624	12.4802	14.4251	14.2036	
3.62618	11.6559	2.93517	9.00933	11.6624	0	4.38121	8.87852	1.37244	0.540704	4.85331	1.8032	3.30715	7.20553	8.60455	
6.11529	7.2747	7.4489	11.8178	7.2812	4.38121	0	4.49731	5.75365	4.92192	3.03798	4.08122	5.19905	9.48355	8.16853	
14.7486	6.98307	10.7261	20.5981	11.7785	8.87852	4.49731	0	10.9204	11.2427	7.53529	8.57852	7.35353	17.797	3.67122	
6.55818	11.8629	7.31908	15.9772	13.7043	1.37244	5.75365	10.9204	0	1.91314	3.48087	3.17564	6.29468	9.73109	13.6449	
3.08547	11.4046	2.39447	9.37333	3.29748	0.540704	4.92192	11.2427	1.91314	0	5.08837	2.3439	2.76644	7.80553	6.44875	
3.07731	8.9162	7.48284	8.88824	3.28932	4.85331	3.03798	7.53529	3.48087	5.08837	0	7.1192	7.85481	8.23756	12.228	
14.0244	11.3559	7.55884	6.05301	11.3624	1.8032	4.08122	8.57852	3.17564	2.3439	7.1192	0	5.30899	5.40233	8.9913	
5.85192	6.99415	2.24986	13.0456	12.4802	3.30715	5.19905	7.35353	6.29468	2.76644	7.85481	5.30899	0	7.66091	3.68231	
6.93853	17.1538	5.41106	0.650679	14.4251	7.20553	9.48355	17.797	9.73109	7.80553	8.23756	5.40233	7.66091	0	19.7788	
13.9916	3.31185	5.93217	20.2794	14.2036	8.60455	8.16853	3.67122	13.6449	6.44875	12.228	8.9913	3.68231	19.7788	0	

0	5.08584	13.061	8.71225	1.26086	6.88215	5.60909	7.77671	6.02245	6.42005	3.43265	4.98307	3.66679	5.57717	5.80682	
5.08584	0	10.2748	8.88064	6.3467	8.26277	6.8077	2.69087	0.93661	1.43797	3.74875	7.69726	6.04936	5.89327	3.90934	
13.061	10.2748	0	2.3931	9.84449	3.64408	4.10407	8.58287	9.33814	7.24293	9.16196	4.7301	6.85944	7.01744	7.00243	
8.71225	8.88064	2.3931	0	7.45139	6.03718	6.49717	6.18977	9.08366	8.5823	8.4333	10.471	10.5256	6.28877	21.3934	
1.26086	6.3467	9.84449	7.45139	0	8.75805	8.64864	9.13874	5.66055	5.15919	4.6935	6.24392	4.92765	9.83238	20.8847	
6.88215	8.26277	3.64408	6.03718	8.75805	0	1.43222	6.85153	4.10022	3.59885	5.6984	2.05824	3.21536	7.45222	4.33058	
5.60909	6.8077	4.10407	6.49717	8.64864	1.43222	0	5.63241	7.61556	5.03107	7.13062	0.626028	4.64758	11.1215	2.89836	
7.77671	2.69087	8.58287	6.18977	9.13874	6.85153	5.63241	0	3.62748	6.24638	6.43962	5.00639	4.5943	8.83116	6.60021	
6.02245	0.93661	9.33814	9.08366	5.66055	4.10022	7.61556	3.62748	0	0.501362	4.68536	10.7514	8.20267	6.09611	4.84595	
6.42005	1.43797	7.24293	8.5823	5.15919	3.59885	5.03107	6.24638	0.501362	0	6.23046	7.74023	6.81421	6.59747	10.0126	
3.43265	3.74875	9.16196	8.4333	4.6935	5.6984	7.13062	6.43962	4.68536	6.23046	0	8.41571	6.38139	2.14453	7.65808	
4.98307	7.69726	4.7301	10.471	6.24392	2.05824	0.626028	5.00639	10.7514	7.74023	8.41571	0	8.48725	14.396	3.52439	
3.66679	6.04936	6.85944	10.5256	4.92765	3.21536	4.64758	4.5943	8.20267	6.81421	6.38139	8.48725	0	4.23686	2.14003	
5.57717	5.89327	7.01744	6.28877	9.83238	7.45222	11.1215	8.83116	6.09611	6.59747	2.14453	14.396	4.23686	0	6.37689	
5.80682	3.90934	7.00243	21.3934	20.8847	4.33058	2.89836	6.60021	4.84595	10.0126	7.65808	3.52439	2.14003	6.37689	0	

0	13.2532	4.69921	6.10551	3.24444	2.75661	8.15828	5.39713	6.73798	4.18022	6.03648	8.1904	7.15448	4.41756	4.99333	
13.2532	0	5.18575	5.5807	3.51376	3.40224	2.49479	1.4882	3.91509	1.97863	3.31971	2.49546	4.36552	9.10858	4.45345	
4.69921	5.18575	0	12.894	1.45477	3.15002	7.68054	3.60746	5.26087	2.9899	6.42989	8.69298	5.36481	14.2326	3.20367	
6.10551	5.5807	12.894	0	4.75292	5.02568	8.15695	5.96928	7.24212	3.33461	1.99354	4.11889	4.60722	1.68795	3.00403	
3.24444	3.51376	1.45477	4.75292	0	2.95874	5.2264	2.15269	3.8061	1.53513	2.8762	2.05195	3.35209	7.66199	1.7489	
2.75661	3.40224	3.15002	5.02568	2.95874	0	5.97849	7.17866	5.06367	1.42361	2.76468	1.94043	5.8166	7.17417	4.21341	
8.15828	2.49479	7.68054	8.15695	5.2264	5.97849	0	3.98299	1.4203	4.47343	5.89595	5.07171	3.58751	6.61379	6.17925	
5.39713	1.4882	3.60746	5.96928	2.15269	7.17866	3.98299	0	5.95879	3.46683	6.97613	5.86158	4.56844	14.9306	2.96525	
6.73798	3.91509	5.26087	7.24212	3.8061	5.06367	1.4203	5.95879	0	3.64006	4.98113	4.15688	2.16721	8.03409	3.7704	
4.18022	1.97863	2.9899	3.33461	1.53513	1.42361	4.47343	3.46683	3.64006	0	1.34107	0.516824	5.44517	5.29002	3.28402	
6.03648	3.31971	6.42989	1.99354	2.8762	2.76468	5.89595	6.97613	4.98113	1.34107	0	1.8579	8.53867	3.68149	4.99757	
8.1904	2.49546	8.69298	4.11889	2.05195	1.94043	5.07171	5.86158	4.15688	0.516824	1.8579	0	4.49952	11.4956	2.89632	
7.15448	4.36552	5.36481	4.60722	3.35209	5.8166	3.58751	4.56844	2.16721	5.44517	8.53867	4.49952	0	12.7689	1.60319	
4.41756	9.10858	14.2326	1.68795	7.66199	7.17417	6.61379	14.9306	8.03409	5.29002	3.68149	11.4956	12.7689	0	4.69198	
4.99333	4.45345	3.20367	3.00403	1.7489	4.21341	6.17925	2.96525	3.7704	3.28402	4.99757	2.89632	1.60319	4.69198	0	

0	14.3776	15.1245	7.31163	1.51943	12.6638	13.0124	6.94719	8.83382	2.71575	7.62835	7.75336	13.1912	7.81683	6.81407	
14.3776	0	7.38753	13.456	8.41461	3.86174	2.21098	2.98685	5.59132	9.38725	10.3258	8.56698	3.48288	14.2906	4.50733	
15.1245	7.38753	0	7.81287	15.697	9.00208	7.35132	8.98275	9.33506	14.5276	9.5881	9.74037	8.62322	8.31807	10.6281	
7.31163	13.456	7.81287	0	8.83106	6.65626	4.90253	9.63778	1.52219	4.63226	5.47057	12.1404	8.85263	0.505196	8.06234	
1.51943	8.41461	15.697	8.83106	0	7.3294	7.05918	5.42776	4.30639	1.19632	6.10892	7.86776	7.85688	9.86158	5.29464	
12.6638	3.86174	9.00208	6.65626	7.3294	0	1.65076	3.28218	5.0311	8.82704	11.8689	10.8654	2.92266	6.15106	2.03476	
13.0124	2.21098	7.35132	4.90253	7.05918	1.65076	0	1.63142	3.38034	6.49041	7.32873	7.94329	1.2719	7.80182	3.27675	
6.94719	2.98685	8.98275	9.63778	5.42776	3.28218	1.63142	0	5.01177	6.62408	8.07071	6.31187	2.90332	12.1284	4.90818	
8.83382	5.59132	9.33506	1.52219	4.30639	5.0311	3.38034	5.01177	0	3.11007	3.94838	5.70722	4.65224	2.02739	6.54015	
2.71575	9.38725	14.5276	4.63226	1.19632	8.82704	6.49041	6.62408	3.11007	0	7.05845	10.0663	8.44818	17.0656	6.49096	
7.62835	10.3258	9.5881	5.47057	6.10892	11.8689	7.32873	8.07071	3.94838	7.05845	0	1.75884	11.2788	17.9039	10.4885	
7.75336	8.56698	9.74037	12.1404	7.86776	10.8654	7.94329	6.31187	5.70722	10.0663	1.75884	0	10.4866	12.6456	11.0088	
13.1912	3.48288	8.62322	8.85263	7.85688	2.92266	1.2719	2.90332	4.65224	8.44818	11.2788	10.4866	0	12.5153	2.56224	
7.81683	14.2906	8.31807	0.505196	9.86158	6.15106	7.80182	12.1284	2.02739	17.0656	17.9039	12.6456	12.5153	0	8.18582	
6.81407	4.50733	10.6281	8.06234	5.29464	2.03476	3.27675	4.90818	6.54015	6.49096	10.4885	11.0088	2.56224	8.18582	0	

0	8.99792	6.28752	15.3298	0.222455	8.37663	2.12382	9.6575	10.4801	11.0425	3.05891	8.91906	12.5256	14.8077	5.44089	
8.99792	0	8.56426	11.5949	7.62799	6.17965	6.17213	1.97414	5.93507	4.66708	6.84305	6.2055	3.52764	13.5279	2.40955	
6.28752	8.56426	0	7.47893	6.06506	1.53556	3.44648	5.74107	2.62919	5.00951	5.33392	7.37978	9.38957	12.3627	8.90904	
15.3298	11.5949	7.47893	0	13.544	7.35306	10.9129	11.8837	5.6598	7.52753	10.6688	10.4104	13.7268	8.6135	11.4271	
0.222455	7.62799	6.06506	13.544	0	3.81228	1.90137	6.74386	7.15448	6.12928	2.83646	4.35471	11.2551	10.2433	5.21843	
8.37663	6.17965	1.53556	7.35306	3.81228	0	1.91092	4.20551	1.69327	4.34601	3.79836	4.36426	7.85401	10.2529	5.6735	
2.12382	6.17213	3.44648	10.9129	1.90137	1.91092	0	4.8425	3.60418	6.25693	4.35381	2.45334	9.76493	8.34196	3.76258	
9.6575	1.97414	5.74107	11.8837	6.74386	4.20551	4.8425	0	5.89877	6.19155	8.00387	6.08796	5.50177	13.1845	2.29202	
10.4801	5.93507	2.62919	5.6598	7.15448	1.69327	3.60418	5.89877	0	4.47694	5.00896	4.75059	8.06696	10.3217	8.34462	
11.0425	4.66708	5.00951	7.52753	6.12928	4.34601	6.25693	6.19155	4.47694	0	3.29283	5.19329	8.19471	14.7986	3.89953	
3.05891	6.84305	5.33392	10.6688	2.83646	3.79836	4.35381	8.00387	5.00896	3.29283	0	1.90047	10.3707	15.3306	5.69641	
8.91906	6.2055	7.37978	10.4104	4.35471	4.36426	2.45334	6.08796	4.75059	5.19329	1.90047	0	9.83265	10.7953	3.79595	
12.5256	3.52764	9.38957	13.7268	11.2551	7.85401	9.76493	5.50177	8.06696	8.19471	10.3707	9.83265	0	17.0556	5.93719	
14.8077	13.5279	12.3627	8.6135	10.2433	10.2529	8.34196	13.1845	10.3217	14.7986	15.3306	10.7953	17.0556	0	12.1045	
5.44089	2.40955	8.90904	11.4271	5.21843	5.6735	3.76258	2.29202	8.34462	3.89953	5.69641	3.79595	5.93719	12.1045	0	

0	7.85118	11.5386	11.3303	1.56098	17.3446	12.39	4.28275	3.87449	6.79993	4.21304	4.1661	10.6762	15.0988	9.98772	
7.85118	0	3.68738	3.47915	3.42004	2.0638	4.55692	3.52891	4.52164	6.80253	0.767979	4.74186	2.82498	7.5123	2.13653	
11.5386	3.68738	0	7.16653	19.3457	17.7576	8.2443	13.806	8.20902	22.4948	4.45536	16.2275	6.51236	23.0746	5.82392	
11.3303	3.47915	7.16653	0	13.6069	5.04392	8.03606	10.8442	8.00078	11.4106	4.24713	15.0121	6.30413	5.35032	5.61568	
1.56098	3.42004	19.3457	13.6069	0	3.94789	7.81833	2.72177	2.31352	5.23895	2.65206	2.60512	3.42571	9.39638	5.92977	
17.3446	2.0638	17.7576	5.04392	3.94789	0	10.0655	5.80023	11.059	6.36672	1.29583	7.99334	6.07645	8.04015	7.00634	
12.39	4.55692	8.2443	8.03606	7.81833	10.0655	0	4.96894	5.50481	3.69881	5.32489	6.18189	4.26501	6.06066	6.69345	
4.28275	3.52891	13.806	10.8442	2.72177	5.80023	4.96894	0	5.03529	7.05083	5.37383	2.62081	0.703932	10.7271	3.19728	
3.87449	4.52164	8.20902	8.00078	2.31352	11.059	5.50481	5.03529	0	7.55247	4.96558	4.91864	7.27062	11.5655	6.65817	
6.79993	6.80253	22.4948	11.4106	5.23895	6.36672	3.69881	7.05083	7.55247	0	6.03455	5.75424	7.67112	9.75946	5.22733	
4.21304	0.767979	4.45536	4.24713	2.65206	1.29583	5.32489	5.37383	4.96558	6.03455	0	5.25719	3.59296	6.74432	2.90451	
4.1661	4.74186	16.2275	15.0121	2.60512	7.99334	6.18189	2.62081	4.91864	5.75424	5.25719	0	1.91688	11.9401	4.22373	
10.6762	2.82498	6.51236	6.30413	3.42571	6.07645	4.26501	0.703932	7.27062	7.67112	3.59296	1.91688	0	10.0232	2.49335	
15.0988	7.5123	23.0746	5.35032	9.39638	8.04015	6.06066	10.7271	11.5655	9.75946	6.74432	11.9401	10.0232	0	12.5165	
9.98772	2.13653	5.82392	5.61568	5.92977	7.00634	6.69345	3.19728	6.65817	5.22733	2.90451	4.22373	2.49335	12.5165	0	

0	5.28061	6.06776	4.05795	0.296138	4.16065	4.76101	3.15832	1.43891	2.12234	4.75542	10.0533	5.19343	3.57857	6.07413	
5.28061	0	5.21351	13.2846	6.41326	12.9427	8.22437	2.12229	8.94488	6.8402	10.8725	5.05684	3.04482	12.1701	3.58786	
6.06776	5.21351	0	11.0998	7.16046	2.54765	5.17279	3.09122	4.62885	6.44668	11.1199	9.98623	3.19951	12.5572	3.74255	
4.05795	13.2846	11.0998	0	8.78321	9.19269	9.4535	11.1624	6.47095	5.15408	8.79093	7.59264	12.5938	0.479383	10.972	
0.296138	6.41326	7.16046	8.78321	0	5.25336	4.32269	3.45446	1.73505	1.8262	3.66012	3.60956	5.82723	3.87471	5.84122	
4.16065	12.9427	2.54765	9.19269	5.25336	0	6.04384	5.63887	2.72174	3.89903	5.73296	5.6824	5.74715	8.57374	7.91405	
4.76101	8.22437	5.17279	9.4535	4.32269	6.04384	0	6.10208	3.3221	2.49649	4.33041	4.27985	2.57363	7.17119	2.03059	
3.15832	2.12229	3.09122	11.1624	3.45446	5.63887	6.10208	0	4.59724	7.67194	8.99034	6.89501	2.0351	6.73689	2.57814	
1.43891	8.94488	4.62885	6.47095	1.73505	2.72174	3.3221	4.59724	0	4.35781	6.99089	8.06876	6.97001	5.01748	5.35269	
2.12234	6.8402	6.44668	5.15408	1.8262	3.89903	2.49649	7.67194	4.35781	0	1.83392	1.78336	4.55806	4.6747	4.01502	
4.75542	10.8725	11.1199	8.79093	3.66012	5.73296	4.33041	8.99034	6.99089	1.83392	0	3.61729	7.47076	6.50862	5.84894	
10.0533	5.05684	9.98623	7.59264	3.60956	5.6824	4.27985	6.89501	8.06876	1.78336	3.61729	0	3.01185	6.45807	2.46881	
5.19343	3.04482	3.19951	12.5938	5.82723	5.74715	2.57363	2.0351	6.97001	4.55806	7.47076	3.01185	0	9.10966	0.543038	
3.57857	12.1701	12.5572	0.479383	3.87471	8.57374	7.17119	6.73689	5.01748	4.6747	6.50862	6.45807	9.10966	0	8.68972	
6.07413	3.58786	3.74255	10.972	5.84122	7.91405	2.03059	2.57814	5.35269	4.01502	5.84894	2.46881	0.543038	8.68972	0	

0	5.371	2.45019	10.6552	0.335021	8.12548	3.3926	14.8579	7.47786	3.84515	1.59658	12.5719	3.23313	0.498702	12.8016	
5.371	0	6.82379	13.1284	4.13896	10.5485	2.72241	2.20065	4.90126	6.81973	4.16283	3.96155	1.24086	4.8723	4.31378	
2.45019	6.82379	0	6.88384	4.10638	11.8968	4.84539	13.3602	4.51024	5.29794	5.57488	10.2282	9.70169	1.95149	15.1579	
10.6552	13.1284	6.88384	0	12.6645	5.05889	10.406	8.92581	4.88232	3.78166	8.38012	6.63984	11.3064	7.12811	9.45508	
0.335021	4.13896	4.10638	12.6645	0	8.4605	5.9786	3.8579	8.08955	5.86002	1.26156	5.77766	2.8981	0.833723	5.97103	
8.12548	10.5485	11.8968	5.05889	8.4605	0	7.82613	6.42139	2.37791	1.27724	5.8757	4.13542	8.80201	4.62369	6.95067	
3.3926	2.72241	4.84539	10.406	5.9786	7.82613	0	4.04028	2.17885	3.27952	5.42019	6.68396	3.08049	2.8939	4.27678	
14.8579	2.20065	13.3602	8.92581	3.8579	6.42139	4.04028	0	6.15124	5.14416	3.88177	8.00234	0.959792	8.49061	1.79771	
7.47786	4.90126	4.51024	4.88232	8.08955	2.37791	2.17885	6.15124	0	1.10067	5.69913	3.95885	5.19145	4.44712	6.45563	
3.84515	6.81973	5.29794	3.78166	5.86002	1.27724	3.27952	5.14416	1.10067	0	4.59846	2.85818	6.10395	3.34645	5.67343	
1.59658	4.16283	5.57488	8.38012	1.26156	5.8757	5.42019	3.88177	5.69913	4.59846	0	4.5161	2.92197	3.6234	5.9949	
12.5719	3.96155	10.2282	6.63984	5.77766	4.13542	6.68396	8.00234	3.95885	2.85818	4.5161	0	5.20241	6.20464	8.53161	
3.23313	1.24086	9.70169	11.3064	2.8981	8.80201	3.08049	0.959792	5.19145	6.10395	2.92197	5.20241	0	5.97439	2.75751	
0.498702	4.8723	1.95149	7.12811	0.833723	4.62369	2.8939	8.49061	4.44712	3.34645	3.6234	6.20464	5.97439	0	7.17068	
12.8016	4.31378	15.1579	9.45508	5.97103	6.95067	4.27678	1.79771	6.45563	5.67343	5.9949	8.53161	2.75751	7.17068	0	

0	3.733	7.04099	6.79289	1.1128	2.72009	6.90437	4.915	10.4103	5.28718	4.27888	3.47294	5.69717	4.81537	3.92494	
3.733	0	9.61406	7.5942	4.8458	5.49889	3.90205	1.56992	6.67729	6.23161	8.01187	4.07294	1.96417	9.79912	2.76793	
7.04099	9.61406	0	1.86397	4.67745	5.05513	9.63086	7.88824	5.95504	3.91633	4.37799	6.42617	9.87252	0.974873	6.93308	
6.79289	7.5942	1.86397	0	9.82647	6.36486	8.2814	6.02427	7.81901	3.79776	2.51402	4.84997	7.81094	2.83884	5.30197	
1.1128	4.8458	4.67745	9.82647	0	3.83289	15.8615	3.8022	12.2198	7.06851	5.39168	4.58574	5.63058	3.70257	6.60946	
2.72009	5.49889	5.05513	6.36486	3.83289	0	3.61622	4.68521	7.71844	2.5671	6.99896	2.32996	2.68171	6.03	1.87796	
6.90437	3.90205	9.63086	8.2814	15.8615	3.61622	0	4.54552	8.94828	5.42436	13.4361	2.19027	2.54202	10.6057	1.73827	
4.915	1.56992	7.88824	6.02427	3.8022	4.68521	4.54552	0	8.24722	6.49335	8.53829	3.25926	1.82838	7.50478	2.63213	
10.4103	6.67729	5.95504	7.81901	12.2198	7.71844	8.94828	8.24722	0	5.15134	6.55661	7.66117	8.01377	6.92991	7.21001	
5.28718	6.23161	3.91633	3.79776	7.06851	2.5671	5.42436	6.49335	5.15134	0	6.31178	2.50984	4.48985	4.8912	2.96184	
4.27888	8.01187	4.37799	2.51402	5.39168	6.99896	13.4361	8.53829	6.55661	6.31178	0	7.36398	8.54625	4.71839	9.35	
3.47294	4.07294	6.42617	4.84997	4.58574	2.32996	2.19027	3.25926	7.66117	2.50984	7.36398	0	1.25575	9.53905	0.452001	
5.69717	1.96417	9.87252	7.81094	5.63058	2.68171	2.54202	1.82838	8.01377	4.48985	8.54625	1.25575	0	13.2646	0.803753	
4.81537	9.79912	0.974873	2.83884	3.70257	6.03	10.6057	7.50478	6.92991	4.8912	4.71839	9.53905	13.2646	0	14.1624	
3.92494	2.76793	6.93308	5.30197	6.60946	1.87796	1.73827	2.63213	7.21001	2.96184	9.35	0.452001	0.803753	14.1624	0	

0	6.53386	10.364	5.90681	0.580007	6.36917	3.77168	13.0885	3.27346	3.53065	7.9698	3.17412	13.3983	11.6475	3.43072	
6.53386	0	13.2594	9.87782	5.95385	7.06309	3.8164	5.05818	7.24448	8.90449	10.1769	13.8716	1.24884	11.2296	6.57473	
10.364	13.2594	0	9.76992	6.08501	11.427	2.89333	10.6126	4.71066	9.81544	16.585	16.6942	5.46089	11.6751	12.6056	
5.90681	9.87782	9.76992	0	7.38114	6.1889	4.45068	11.8503	2.63334	5.31221	7.79105	4.89018	12.0032	5.67891	10.2319	
0.580007	5.95385	6.08501	7.38114	0	5.78916	3.19168	6.07546	3.85347	2.95064	4.56701	3.75412	5.75924	8.16745	2.85072	
6.36917	7.06309	11.427	6.1889	5.78916	0	6.10772	8.41672	4.29039	4.91442	3.29805	8.47081	5.81425	2.37829	8.63987	
3.77168	3.8164	2.89333	4.45068	3.19168	6.10772	0	7.7193	1.81734	4.4962	12.7178	11.375	2.56756	8.78173	6.04239	
13.0885	5.05818	10.6126	11.8503	6.07546	8.41672	7.7193	0	9.53663	6.73503	5.11867	10.2914	6.30702	6.17139	3.22474	
3.27346	7.24448	4.71066	2.63334	3.85347	4.29039	1.81734	9.53663	0	2.67886	4.29523	6.44758	4.38489	6.66868	11.5296	
3.53065	8.90449	9.81544	5.31221	2.95064	4.91442	4.4962	6.73503	2.67886	0	1.61636	4.47012	13.6689	11.8536	5.80136	
7.9698	10.1769	16.585	7.79105	4.56701	3.29805	12.7178	5.11867	4.29523	1.61636	0	5.17276	9.1123	5.67635	8.34341	
3.17412	13.8716	16.6942	4.89018	3.75412	8.47081	11.375	10.2914	6.44758	4.47012	5.17276	0	15.1205	10.5691	15.1236	
13.3983	1.24884	5.46089	12.0032	5.75924	5.81425	2.56756	6.30702	4.38489	13.6689	9.1123	15.1205	0	8.19255	7.82357	
11.6475	11.2296	11.6751	5.67891	8.16745	2.37829	8.78173	6.17139	6.66868	11.8536	5.67635	10.5691	8.19255	0	9.39613	
3.43072	6.57473	12.6056	10.2319	2.85072	8.63987	6.04239	3.22474	11.5296	5.80136	8.34341	15.1236	7.82357	9.39613	0	

0	19.3179	6.76675	14.5961	0.422928	13.3062	21.7783	14.131	10.8734	10.0848	2.69866	19.4405	8.05399	4.28562	14.4901	
19.3179	0	8.33365	8.66235	7.40846	11.567	3.46921	6.88918	11.4761	10.4472	4.72997	11.5733	5.01032	11.2988	4.06956	
6.76675	8.33365	0	12.0262	5.47665	6.53945	2.82835	2.46482	4.10669	7.19562	3.20092	3.53274	1.28723	9.34047	6.5094	
14.5961	8.66235	12.0262	0	6.49913	15.3204	12.1316	7.35175	7.87022	12.6617	13.7951	11.8542	8.52933	2.63643	10.1714	
0.422928	7.40846	5.47665	6.49913	0	8.71002	3.5365	13.7081	9.09648	7.59016	2.27573	15.5252	14.8856	3.8627	7.26863	
13.3062	11.567	6.53945	15.3204	8.71002	0	7.69506	5.96613	7.40085	0.656168	5.9706	6.5195	7.82668	12.6346	11.4272	
21.7783	3.46921	2.82835	12.1316	3.5365	7.69506	0	2.71871	5.99034	6.5752	1.26077	3.78663	1.54112	13.2407	3.30681	
14.131	6.88918	2.46482	7.35175	13.7081	5.96613	2.71871	0	5.62681	5.30996	7.81252	3.4231	1.17759	9.98818	2.81962	
10.8734	11.4761	4.10669	7.87022	9.09648	7.40085	5.99034	5.62681	0	8.05702	7.30761	6.69473	4.44922	5.23379	9.67139	
10.0848	10.4472	7.19562	12.6617	7.59016	0.656168	6.5752	5.30996	8.05702	0	5.31443	5.86334	6.48755	13.5246	8.12958	
2.69866	4.72997	3.20092	13.7951	2.27573	5.9706	1.26077	7.81252	7.30761	5.31443	0	10.6862	2.80188	6.13843	4.56757	
19.4405	11.5733	3.53274	11.8542	15.5252	6.5195	3.78663	3.4231	6.69473	5.86334	10.6862	0	2.24551	17.7009	7.32207	
8.05399	5.01032	1.28723	8.52933	14.8856	7.82668	1.54112	1.17759	4.44922	6.48755	2.80188	2.24551	0	9.68301	3.99721	
4.28562	11.2988	9.34047	2.63643	3.8627	12.6346	13.2407	9.98818	5.23379	13.5246	6.13843	17.7009	9.68301	0	20.6776	
14.4901	4.06956	6.5094	10.1714	7.26863	11.4272	3.30681	2.81962	9.67139	8.12958	4.56757	7.32207	3.99721	20.6776	0	

0	10.4781	9.41675	7.78356	0.480036	3.02351	13.4134	5.6583	8.21096	8.74703	7.2894	3.55783	10.311	8.37761	8.92879	
10.4781	0	8.80504	13.0335	6.99828	7.96247	3.10103	1.82001	6.32068	4.64632	3.18869	7.80718	1.86074	11.1042	2.43621	
9.41675	8.80504	0	5.35018	9.89679	6.84003	14.1136	19.0397	12.0275	7.07397	5.61635	12.9746	16.5398	6.48975	10.2875	
7.78356	13.0335	5.35018	0	8.72527	4.76005	9.16113	14.1422	6.71277	9.26779	9.05509	8.01412	11.1896	1.13956	10.3723	
0.480036	6.99828	9.89679	8.72527	0	3.50355	9.94895	5.17826	9.15267	9.43284	7.76943	4.03786	8.13086	8.85765	6.48856	
3.02351	7.96247	6.84003	4.76005	3.50355	0	7.6358	9.14348	5.18745	6.23141	4.77378	6.58134	12.6921	5.89961	9.44491	
13.4134	3.10103	14.1136	9.16113	9.94895	7.6358	0	1.97512	2.44835	9.95492	5.33594	6.03578	7.7233	10.8471	0.664814	
5.6583	1.82001	19.0397	14.1422	5.17826	9.14348	1.97512	0	7.21904	9.99816	5.00871	6.68127	2.9526	15.3095	1.3103	
8.21096	6.32068	12.0275	6.71277	9.15267	5.18745	2.44835	7.21904	0	7.80371	9.00538	16.6212	8.18142	7.85234	3.11317	
8.74703	4.64632	7.07397	9.26779	9.43284	6.23141	9.95492	9.99816	7.80371	0	1.45763	10.6677	7.04556	9.37315	6.12875	
7.2894	3.18869	5.61635	9.05509	7.76943	4.77378	5.33594	5.00871	9.00538	1.45763	0	9.21008	5.04943	7.91552	4.67113	
3.55783	7.80718	12.9746	8.01412	4.03786	6.58134	6.03578	6.68127	16.6212	10.6677	9.21008	0	6.75322	6.87456	5.37096	
10.311	1.86074	16.5398	11.1896	8.13086	12.6921	7.7233	2.9526	8.18142	7.04556	5.04943	6.75322	0	12.3292	4.26291	
8.37761	11.1042	6.48975	1.13956	8.85765	5.89961	10.8471	15.3095	7.85234	9.37315	7.91552	6.87456	12.3292	0	12.2455	
8.92879	2.43621	10.2875	10.3723	6.48856	9.44491	0.664814	1.3103	3.11317	6.12875	4.67113	5.37096	4.26291	12.2455	0	

0	2.86286	10.4993	3.40479	0.157776	4.5577	4.24126	1.93324	9.72375	4.54961	5.02588	1.12344	0.686264	2.76727	3.73125	
2.86286	0	2.83598	8.20608	7.72534	3.77047	0.375288	3.12402	7.89364	11.0909	6.74918	3.49311	2.1766	4.25761	3.72982	
10.4993	2.83598	0	10.0157	10.3416	5.85587	2.46069	2.42334	11.0107	10.1841	10.1758	5.57851	3.67032	8.09233	5.81522	
3.40479	8.20608	10.0157	0	3.56257	1.15291	4.5481	9.47502	6.44417	4.0152	6.34316	4.52823	4.0044	1.9234	9.42661	
0.157776	7.72534	10.3416	3.56257	0	8.94985	12.5832	6.79572	7.58908	4.39184	4.8681	1.28122	0.84404	6.48364	6.26068	
4.5577	3.77047	5.85587	1.15291	8.94985	0	3.39518	10.1772	5.29125	5.12257	7.49607	6.513	5.32731	3.07631	6.74971	
4.24126	0.375288	2.46069	4.5481	12.5832	3.39518	0	3.49931	8.26893	8.51775	7.7151	3.11782	2.55189	6.64149	3.35453	
1.93324	3.12402	2.42334	9.47502	6.79572	10.1772	3.49931	0	10.2845	12.325	5.81956	9.53184	1.24698	3.32799	4.29197	
9.72375	7.89364	11.0107	6.44417	7.58908	5.29125	8.26893	10.2845	0	3.19724	4.31124	11.6679	8.88382	5.28905	11.2241	
4.54961	11.0909	10.1841	4.0152	4.39184	5.12257	8.51775	12.325	3.19724	0	5.35226	13.2606	4.17281	2.0918	8.0269	
5.02588	6.74918	10.1758	6.34316	4.8681	7.49607	7.7151	5.81956	4.31124	5.35226	0	10.8329	4.57258	6.65358	7.61757	
1.12344	3.49311	5.57851	4.52823	1.28122	6.513	3.11782	9.53184	11.6679	13.2606	10.8329	0	1.80971	13.1969	5.23371	
0.686264	2.1766	3.67032	4.0044	0.84404	5.32731	2.55189	1.24698	8.88382	4.17281	4.57258	1.80971	0	2.08101	3.04499	
2.76727	4.25761	8.09233	1.9234	6.48364	3.07631	6.64149	3.32799	5.28905	2.0918	6.65358	13.1969	2.08101	0	5.126	
3.73125	3.72982	5.81522	9.42661	6.26068	6.74971	3.35453	4.29197	11.2241	8.0269	7.61757	5.23371	3.04499	5.126	0	

0	8.76178	11.1659	14.2949	2.61199	11.3906	10.8733	7.57105	11.0967	5.56534	7.80229	10.4806	9.46852	6.88722	6.19581	
8.76178	0	6.772	8.4474	10.0071	5.01033	4.75755	1.19073	8.76747	6.52563	4.33459	13.6277	6.00081	8.96337	2.7281	
11.1659	6.772	0	9.38108	8.55387	4.53172	6.89208	7.7374	3.7548	3.01274	1.62956	16.026	2.54806	12.8291	3.23604	
14.2949	8.4474	9.38108	0	4.7912	9.60108	12.4332	8.86638	7.83468	9.13471	7.75152	23.1716	11.3718	0.515971	8.09913	
2.61199	10.0071	8.55387	4.7912	0	10.5684	7.13827	10.183	4.66709	2.95336	4.33654	7.86864	7.39152	4.27523	8.8078	
11.3906	5.01033	4.53172	9.60108	10.5684	0	7.38641	3.8196	2.57274	4.28647	6.16127	14.1891	6.76547	10.1171	7.45754	
10.8733	4.75755	6.89208	12.4332	7.13827	7.38641	0	3.56682	5.89864	4.18492	5.26252	6.33153	8.03207	12.8289	6.869	
7.57105	1.19073	7.7374	8.86638	10.183	3.8196	3.56682	0	6.39234	7.75173	6.33318	9.89835	5.21999	9.38235	3.91884	
11.0967	8.76747	3.7548	7.83468	4.66709	2.57274	5.89864	6.39234	0	1.71373	3.09691	8.28773	4.19273	8.35065	7.46544	
5.56534	6.52563	3.01274	9.13471	2.95336	4.28647	4.18492	7.75173	1.71373	0	1.38318	6.574	5.90646	7.22859	2.98966	
7.80229	4.33459	1.62956	7.75152	4.33654	6.16127	5.26252	6.33318	3.09691	1.38318	0	7.95718	4.17762	8.2675	1.60648	
10.4806	13.6277	16.026	23.1716	7.86864	14.1891	6.33153	9.89835	8.28773	6.574	7.95718	0	14.3636	12.1439	14.2353	
9.46852	6.00081	2.54806	11.3718	7.39152	6.76547	8.03207	5.21999	4.19273	5.90646	4.17762	14.3636	0	11.6668	3.2727	
6.88722	8.96337	12.8291	0.515971	4.27523	10.1171	12.8289	9.38235	8.35065	7.22859	8.2675	12.1439	11.6668	0	8.6151	
6.19581	2.7281	3.23604	8.09913	8.8078	7.45754	6.869	3.91884	7.46544	2.98966	1.60648	14.2353	3.2727	8.6151	0	

0	3.39341	11.9292	3.36807	0.306637	7.5043	5.73833	5.56766	6.47816	5.67018	3.55092	4.67368	7.46643	2.92243	2.24974	
3.39341	0	9.21868	7.68626	3.08677	5.99705	1.91022	0.744237	2.02345	2.93785	6.33105	5.978	3.83769	8.1319	4.06216	
11.9292	9.21868	0	8.75029	7.449	8.37838	8.1415	11.6092	7.19523	8.10963	4.20473	8.84267	12.788	9.00674	11.4237	
3.36807	7.68626	8.75029	0	10.2661	7.32911	8.27593	7.10994	7.79551	9.33189	11.5028	10.5794	9.24669	0.445639	8.89632	
0.306637	3.08677	7.449	10.2661	0	7.19766	5.80973	3.83101	5.11022	5.27529	3.24428	4.36705	7.16624	3.22906	2.55638	
7.5043	5.99705	8.37838	7.32911	7.19766	0	3.74662	5.01103	2.91718	2.00278	4.17366	2.91103	1.91758	7.77475	5.42322	
5.73833	1.91022	8.1415	8.27593	5.80973	3.74662	0	1.16599	0.946267	1.86067	9.05046	4.90082	1.82904	8.29614	3.4886	
5.56766	0.744237	11.6092	7.10994	3.83101	5.01103	1.16599	0	2.11225	5.32841	10.3603	7.1477	2.99503	7.55558	3.31792	
6.47816	2.02345	7.19523	7.79551	5.11022	2.91718	0.946267	2.11225	0	0.914401	8.1042	1.82265	2.77531	7.34987	4.22842	
5.67018	2.93785	8.10963	9.33189	5.27529	2.00278	1.86067	5.32841	0.914401	0	5.54619	0.90825	3.92036	8.26427	3.42044	
3.55092	6.33105	4.20473	11.5028	3.24428	4.17366	9.05046	10.3603	8.1042	5.54619	0	4.63794	6.09124	13.2115	12.3326	
4.67368	5.978	8.84267	10.5794	4.36705	2.91103	4.90082	7.1477	1.82265	0.90825	4.63794	0	5.32299	11.025	4.32869	
7.46643	3.83769	12.788	9.24669	7.16624	1.91758	1.82904	2.99503	2.77531	3.92036	6.09124	5.32299	0	10.3889	5.31764	
2.92243	8.1319	9.00674	0.445639	3.22906	7.77475	8.29614	7.55558	7.34987	8.26427	13.2115	11.025	10.3889	0	5.17217	
2.24974	4.06216	11.4237	8.89632	2.55638	5.42322	3.4886	3.31792	4.22842	3.42044	12.3326	4.32869	5.31764	5.17217	0	

0	16.1821	10.5332	8.62504	1.50143	8.70915	7.12104	18.1128	13.8735	5.81637	7.54267	11.0316	5.17615	11.8757	13.9141	
16.1821	0	2.89862	5.80036	5.45609	6.1723	7.87924	1.60086	7.26284	7.61546	6.63101	3.14205	1.78137	6.87043	3.15708	
10.5332	2.89862	0	5.36145	10.6621	3.27367	4.98062	4.49948	8.21238	4.71684	4.7013	6.04068	4.67999	10.6726	8.93015	
8.62504	5.80036	5.36145	0	8.75394	2.08778	4.11335	7.40122	3.06787	2.80868	3.51541	8.94241	7.58173	1.07007	12.5156	
1.50143	5.45609	10.6621	8.75394	0	8.83806	7.24994	14.2351	9.15619	5.94527	9.0441	10.5763	3.67472	12.8396	5.05043	
8.70915	6.1723	3.27367	2.08778	8.83806	0	4.19746	10.1479	4.93871	2.89279	1.42763	4.91658	10.3284	3.15785	10.4278	
7.12104	7.87924	4.98062	4.11335	7.24994	4.19746	0	8.71734	10.334	1.30467	8.42651	4.93756	6.65589	17.1917	8.0316	
18.1128	1.60086	4.49948	7.40122	14.2351	10.1479	8.71734	0	13.7139	10.022	10.6001	4.74291	3.38222	18.8078	3.09516	
13.8735	7.26284	8.21238	3.06787	9.15619	4.93871	10.334	13.7139	0	5.87654	6.36633	12.3831	5.48147	4.13793	6.85719	
5.81637	7.61546	4.71684	2.80868	5.94527	2.89279	1.30467	10.022	5.87654	0	4.32041	6.24223	7.96056	3.87874	10.4618	
7.54267	6.63101	4.7013	3.51541	9.0441	1.42763	8.42651	10.6001	6.36633	4.32041	0	3.48896	10.3906	8.8265	9.23955	
11.0316	3.14205	6.04068	8.94241	10.5763	4.91658	4.93756	4.74291	12.3831	6.24223	3.48896	0	4.92342	15.1232	5.7506	
5.17615	1.78137	4.67999	7.58173	3.67472	10.3284	6.65589	3.38222	5.48147	7.96056	10.3906	4.92342	0	15.5249	1.37571	
11.8757	6.87043	10.6726	1.07007	12.8396	3.15785	17.1917	18.8078	4.13793	3.87874	8.8265	15.1232	15.5249	0	17.8267	
13.9141	3.15708	8.93015	12.5156	5.05043	10.4278	8.0316	3.09516	6.85719	10.4618	9.23955	5.7506	1.37571	17.8267	0	

0	9.6794	12.5902	8.65323	0.206122	4.36115	13.0623	12.5729	5.35279	6.42396	4.79267	7.67269	10.7579	7.48885	10.3002	
9.6794	0	8.63349	10.3772	14.0952	5.00828	1.23895	1.74555	3.91704	6.46858	4.88674	1.69675	2.01996	7.74856	1.16943	
12.5902	8.63349	0	8.29161	18.1578	10.2483	17.7935	12.2113	10.8453	7.33043	7.79757	6.93675	10.3962	11.5631	13.1204	
8.65323	10.3772	8.29161	0	11.7886	6.6144	9.9963	5.84206	4.47605	0.961176	2.59247	5.73301	4.02699	3.4867	9.63894	
0.206122	14.0952	18.1578	11.7886	0	4.56727	12.8562	14.6117	8.33759	7.89818	4.99879	15.5992	13.8932	15.0601	13.6695	
4.36115	5.00828	10.2483	6.6144	4.56727	0	9.6373	15.6114	0.991638	4.50652	5.5096	3.31154	7.14288	3.1277	3.73926	
13.0623	1.23895	17.7935	9.9963	12.8562	9.6373	0	2.9845	11.9473	8.86264	6.12569	2.9357	5.79683	6.5096	2.40838	
12.5729	1.74555	12.2113	5.84206	14.6117	15.6114	2.9845	0	8.39576	4.88088	6.51218	3.44229	7.94669	9.11354	2.91497	
5.35279	3.91704	10.8453	4.47605	8.33759	0.991638	11.9473	8.39576	0	3.51488	5.14617	4.30317	3.59815	4.11934	2.74762	
6.42396	6.46858	7.33043	0.961176	7.89818	4.50652	8.86264	4.88088	3.51488	0	1.6313	4.77184	3.06581	4.23266	3.91634	
4.79267	4.88674	7.79757	2.59247	4.99879	5.5096	6.12569	6.51218	5.14617	1.6313	0	6.40313	4.69711	5.86396	5.50748	
7.67269	1.69675	6.93675	5.73301	15.5992	3.31154	2.9357	3.44229	4.30317	4.77184	6.40313	0	7.83765	6.43923	2.86617	
10.7579	2.01996	10.3962	4.02699	13.8932	7.14288	5.79683	7.94669	3.59815	3.06581	4.69711	7.83765	0	7.29847	0.850532	
7.48885	7.74856	11.5631	3.4867	15.0601	3.1277	6.5096	9.11354	4.11934	4.23266	5.86396	6.43923	7.29847	0	8.38646	
10.3002	1.16943	13.1204	9.63894	13.6695	3.73926	2.40838	2.91497	2.74762	3.91634	5.50748	2.86617	0.850532	8.38646	0	

0	14.8387	8.37588	18.1704	1.29762	13.4354	4.72708	10.867	3.61978	8.40863	3.45718	8.4635	5.57233	22.1345	7.95404	
14.8387	0	10.9745	6.75297	9.30891	4.576	6.16842	1.52264	5.01427	2.48686	11.9328	6.08538	7.18547	10.7171	4.43557	
8.37588	10.9745	0	6.30643	6.30995	5.46774	3.6488	7.47942	3.98779	7.33035	11.5765	7.55499	4.94383	5.35273	12.7515	
18.1704	6.75297	6.30643	0	10.3646	6.35525	7.94766	11.739	8.24739	4.26611	8.20508	11.6527	7.08514	0.9537	9.11444	
1.29762	9.30891	6.30995	10.3646	0	3.8021	5.22519	5.81379	2.32216	8.30504	2.15956	9.76112	3.85765	10.4062	6.06611	
13.4354	4.576	5.46774	6.35525	3.8021	0	4.38298	4.97158	1.47995	2.08914	4.33619	16.0746	3.01544	10.3193	6.36722	
4.72708	6.16842	3.6488	7.94766	5.22519	4.38298	0	6.39466	2.83052	3.68155	11.2591	3.90618	1.29502	7.42647	3.08643	
10.867	1.52264	7.47942	11.739	5.81379	4.97158	6.39466	0	3.49163	4.00951	11.8477	4.56274	4.70433	11.7943	2.91292	
3.61978	5.01427	3.98779	8.24739	2.32216	1.47995	2.83052	3.49163	0	3.56909	4.48172	6.80922	1.5355	7.66694	3.3269	
8.40863	2.48686	7.33035	4.26611	8.30504	2.08914	3.68155	4.00951	3.56909	0	6.42533	7.58773	4.97658	5.21981	4.84833	
3.45718	11.9328	11.5765	8.20508	2.15956	4.33619	11.2591	11.8477	4.48172	6.42533	0	16.7044	6.43428	9.15878	10.7034	
8.4635	6.08538	7.55499	11.6527	9.76112	16.0746	3.90618	4.56274	6.80922	7.58773	16.7044	0	5.20121	12.6064	7.47566	
5.57233	7.18547	4.94383	7.08514	3.85765	3.01544	1.29502	4.70433	1.5355	4.97658	6.43428	5.20121	0	6.13144	1.7914	
22.1345	10.7171	5.35273	0.9537	10.4062	10.3193	7.42647	11.7943	7.66694	5.21981	9.15878	12.6064	6.13144	0	7.92284	
7.95404	4.43557	12.7515	9.11444	6.06611	6.36722	3.08643	2.91292	3.3269	4.84833	10.7034	7.47566	1.7914	7.92284	0	

0	8.01804	5.00002	9.85883	0.937701	7.98776	2.53331	8.14563	11.3789	6.7933	5.18638	5.0386	4.68494	17.8378	18.1305	
8.01804	0	4.14069	21.709	8.7601	2.46534	5.20295	6.08648	5.37957	5.51615	6.86501	2.97945	5.01286	17.6138	5.3287	
5.00002	4.14069	0	8.02433	4.06232	1.67535	5.65793	24.6614	12.1935	10.1697	6.07502	4.62451	7.80956	8.95451	21.3909	
9.85883	21.709	8.02433	0	10.0979	9.07212	17.2663	30.4114	10.865	6.27937	4.67245	15.5646	17.5071	0.930186	13.3708	
0.937701	8.7601	4.06232	10.0979	0	5.73767	1.5956	5.21875	2.97942	6.90536	5.42543	3.81911	3.74724	19.9484	4.31043	
7.98776	2.46534	1.67535	9.07212	5.73767	0	5.17267	6.0562	7.84491	5.48587	4.39967	2.94916	7.47821	17.5836	7.79405	
2.53331	5.20295	5.65793	17.2663	1.5956	5.17267	0	5.33054	1.38382	4.76021	6.95569	2.22351	4.50864	15.1555	2.71482	
8.14563	6.08648	24.6614	30.4114	5.21875	6.0562	5.33054	0	17.9564	5.64374	12.5726	3.10704	1.47151	17.7414	3.26532	
11.3789	5.37957	12.1935	10.865	2.97942	7.84491	1.38382	17.9564	0	6.73259	6.19256	3.60732	10.3924	17.2597	4.09864	
6.7933	5.51615	10.1697	6.27937	6.90536	5.48587	4.76021	5.64374	6.73259	0	1.60692	2.5367	10.6526	17.1711	8.06359	
5.18638	6.86501	6.07502	4.67245	5.42543	4.39967	6.95569	12.5726	6.19256	1.60692	0	4.14363	9.17266	5.60264	13.5047	
5.0386	2.97945	4.62451	15.5646	3.81911	2.94916	2.22351	3.10704	3.60732	2.5367	4.14363	0	4.57855	14.6344	4.93833	
4.68494	5.01286	7.80956	17.5071	3.74724	7.47821	4.50864	1.47151	10.3924	10.6526	9.17266	4.57855	0	14.2344	1.79381	
17.8378	17.6138	8.95451	0.930186	19.9484	17.5836	15.1555	17.7414	17.2597	17.1711	5.60264	14.6344	14.2344	0	12.4406	
18.1305	5.3287	21.3909	13.3708	4.31043	7.79405	2.71482	3.26532	4.09864	8.06359	13.5047	4.93833	1.79381	12.4406	0	

0	16.6028	6.20571	11.3101	0.541872	10.6892	13.0868	8.64378	10.9343	4.12586	3.38875	2.2252	5.03692	9.74714	5.61509	
16.6028	0	6.71433	10.3602	6.49894	8.29083	7.72965	1.8985	6.32506	5.25223	5.98935	4.69218	4.25441	3.84197	6.76773	
6.20571	6.71433	0	5.88708	8.4358	3.91675	6.77191	4.81584	5.51129	3.55408	2.81696	7.60951	3.94076	4.32414	5.28651	
11.3101	10.3602	5.88708	0	16.9924	6.28901	5.43979	3.50641	2.75008	7.60623	11.549	9.27648	25.5938	1.56293	12.9552	
0.541872	6.49894	8.4358	16.9924	0	8.71825	10.2422	4.47701	13.5563	4.13923	3.93062	1.68333	4.49504	9.39687	3.63545	
10.6892	8.29083	3.91675	6.28901	8.71825	0	2.85516	6.66955	4.25976	3.03859	3.77571	5.49449	4.99079	4.72607	3.64503	
13.0868	7.72965	6.77191	5.43979	10.2422	2.85516	0	6.41168	1.4046	4.97564	10.1556	7.1211	6.51474	2.59174	5.16898	
8.64378	1.8985	4.81584	3.50641	4.47701	6.66955	6.41168	0	3.13062	5.15531	5.89243	2.79368	2.35591	1.94347	3.70167	
10.9343	6.32506	5.51129	2.75008	13.5563	4.25976	1.4046	3.13062	0	3.57104	4.30816	6.02694	13.4546	1.18714	6.57357	
4.12586	5.25223	3.55408	7.60623	4.13923	3.03859	4.97564	5.15531	3.57104	0	0.737116	2.4559	7.51122	4.75818	4.40802	
3.38875	5.98935	2.81696	11.549	3.93062	3.77571	10.1556	5.89243	4.30816	0.737116	0	3.19301	6.75772	7.14111	8.77715	
2.2252	4.69218	7.60951	9.27648	1.68333	5.49449	7.1211	2.79368	6.02694	2.4559	3.19301	0	3.29788	4.73715	1.95212	
5.03692	4.25441	3.94076	25.5938	4.49504	4.99079	6.51474	2.35591	13.4546	7.51122	6.75772	3.29788	0	4.29938	1.34576	
9.74714	3.84197	4.32414	1.56293	9.39687	4.72607	2.59174	1.94347	1.18714	4.75818	7.14111	4.73715	4.29938	0	8.3711	
5.61509	6.76773	5.28651	12.9552	3.63545	3.64503	5.16898	3.70167	6.57357	4.40802	8.77715	1.95212	1.34576	8.3711	0	

0	9.09843	11.3289	11.8747	0.382049	11.2231	2.89409	7.14881	4.31136	10.7721	3.00048	5.37061	7.65459	12.052	7.40519	
9.09843	0	9.31609	19.9108	11.3085	15.0319	7.74934	1.94962	10.7145	14.1933	10.7941	9.42895	2.45541	16.9753	8.41982	
11.3289	9.31609	0	12.4382	3.03166	6.91138	0.519626	11.8047	5.4949	2.86869	6.63434	3.02859	2.65606	5.65062	1.99024	
11.8747	19.9108	12.4382	0	7.14273	4.87894	10.639	13.3687	5.28347	12.993	4.5243	9.15693	14.055	8.31039	19.4616	
0.382049	11.3085	3.03166	7.14273	0	8.90379	2.51204	7.53086	3.3776	6.55552	2.61843	4.98856	4.64847	6.40452	6.02691	
11.2231	15.0319	6.91138	4.87894	8.90379	0	6.39175	16.9815	5.87764	8.11409	6.63681	7.75041	8.52819	5.37012	8.78876	
2.89409	7.74934	0.519626	10.639	2.51204	6.39175	0	2.64222	6.44134	3.38832	5.13046	5.95248	2.13644	6.17024	2.50987	
7.14881	1.94962	11.8047	13.3687	7.53086	16.9815	2.64222	0	5.60734	13.4995	8.84444	4.32183	0.505786	12.6305	3.31271	
4.31136	10.7145	5.4949	5.28347	3.3776	5.87764	6.44134	5.60734	0	2.62621	0.75917	5.3918	5.10155	4.54526	7.90847	
10.7721	14.1933	2.86869	12.993	6.55552	8.11409	3.38832	13.4995	2.62621	0	3.38538	9.10701	7.72776	8.51931	4.85893	
3.00048	10.7941	6.63434	4.5243	2.61843	6.63681	5.13046	8.84444	0.75917	3.38538	0	4.63263	5.86072	3.78609	5.67098	
5.37061	9.42895	3.02859	9.15693	4.98856	7.75041	5.95248	4.32183	5.3918	9.10701	4.63263	0	3.81605	8.41872	1.03835	
7.65459	2.45541	2.65606	14.055	4.64847	8.52819	2.13644	0.505786	5.10155	7.72776	5.86072	3.81605	0	14.2189	2.80692	
12.052	16.9753	5.65062	8.31039	6.40452	5.37012	6.17024	12.6305	4.54526	8.51931	3.78609	8.41872	14.2189	0	7.64086	
7.40519	8.41982	1.99024	19.4616	6.02691	8.78876	2.50987	3.31271	7.90847	4.85893	5.67098	1.03835	2.80692	7.64086	0	

0	15.0965	12.0405	10.895	0.320171	6.57662	8.9445	10.6697	11.6831	4.78569	5.06662	12.5028	13.884	6.67759	9.89765	
15.0965	0	6.82361	10.0188	15.8338	5.60746	3.23958	0.597236	6.56305	10.8358	4.51221	3.65125	2.28084	6.36093	4.40614	
12.0405	6.82361	0	9.29037	10.0322	6.44685	9.61158	6.22637	15.6316	9.93402	5.28571	15.9321	7.28924	9.41241	8.4286	
10.895	10.0188	9.29037	0	16.9987	8.04909	7.33873	10.2004	8.29865	10.365	8.75558	13.8348	9.05112	4.21738	5.61268	
0.320171	15.8338	10.0322	16.9987	0	5.90759	9.07232	8.66142	12.1173	5.10586	4.74645	12.1826	11.8756	6.99776	7.88935	
6.57662	5.60746	6.44685	8.04909	5.90759	0	2.36788	5.07611	5.10651	2.31591	1.16114	10.1006	8.29034	5.48923	4.30404	
8.9445	3.23958	9.61158	7.33873	9.07232	2.36788	0	3.83682	3.32347	4.68379	3.52902	6.89083	6.51428	3.12135	6.00943	
10.6697	0.597236	6.22637	10.2004	8.66142	5.07611	3.83682	0	7.27367	8.56328	3.91497	4.24849	1.6836	9.11529	4.58771	
11.6831	6.56305	15.6316	8.29865	12.1173	5.10651	3.32347	7.27367	0	7.42242	5.82886	9.11628	6.12439	6.44482	2.68596	
4.78569	10.8358	9.93402	10.365	5.10586	2.31591	4.68379	8.56328	7.42242	0	3.47706	14.9572	11.7775	11.4633	7.79121	
5.06662	4.51221	5.28571	8.75558	4.74645	1.16114	3.52902	3.91497	5.82886	3.47706	0	12.0586	5.59857	6.99618	3.14289	
12.5028	3.65125	15.9321	13.8348	12.1826	10.1006	6.89083	4.24849	9.11628	14.9572	12.0586	0	6.92595	9.61742	8.05739	
13.884	2.28084	7.28924	9.05112	11.8756	8.29034	6.51428	1.6836	6.12439	11.7775	5.59857	6.92595	0	9.75274	3.43843	
6.67759	6.36093	9.41241	4.21738	6.99776	5.48923	3.12135	9.11529	6.44482	11.4633	6.99618	9.61742	9.75274	0	9.83007	
9.89765	4.40614	8.4286	5.61268	7.88935	4.30404	6.00943	4.58771	2.68596	7.79121	3.14289	8.05739	3.43843	9.83007	0	

0	5.34487	9.98654	5.89237	0.327522	8.52139	7.06653	8.6229	5.06929	4.59077	2.94773	9.13324	6.54553	6.61468	8.85413	
5.34487	0	10.4765	2.93691	5.01735	10.5895	5.76989	4.51938	3.41171	6.18812	4.8664	1.64566	3.10516	6.49959	3.96958	
9.98654	10.4765	0	1.0899	9.65902	1.34321	2.85531	17.358	0.615103	4.05564	2.73667	7.58978	7.60759	4.81833	8.88725	
5.89237	2.93691	1.0899	0	6.21989	1.2029	2.715	7.45629	0.474794	3.91533	2.59636	4.58257	6.04207	3.56267	8.74694	
0.327522	5.01735	9.65902	6.21989	0	12.4447	14.6019	9.53672	7.24257	4.9183	3.27525	6.66301	6.87306	6.9422	9.18165	
8.52139	10.5895	1.34321	1.2029	12.4447	0	2.96831	7.61766	0.728106	3.93062	2.84967	7.70279	8.75463	2.19123	5.88473	
7.06653	5.76989	2.85531	2.715	14.6019	2.96831	0	4.74211	2.2402	2.47576	4.36177	4.38073	2.66474	9.09711	5.53463	
8.6229	4.51938	17.358	7.45629	9.53672	7.61766	4.74211	0	10.0051	6.77824	9.38577	4.05685	2.07737	13.2705	1.73294	
5.06929	3.41171	0.615103	0.474794	7.24257	0.728106	2.2402	10.0051	0	3.44053	2.12156	6.62094	4.90494	2.91934	6.61283	
4.59077	6.18812	4.05564	3.91533	4.9183	3.93062	2.47576	6.77824	3.44053	0	5.5621	4.54246	5.14049	6.12185	6.86638	
2.94773	4.8664	2.73667	2.59636	3.27525	2.84967	4.36177	9.38577	2.12156	5.5621	0	6.51206	7.97155	9.56241	10.3937	
9.13324	1.64566	7.58978	4.58257	6.66301	7.70279	4.38073	4.05685	6.62094	4.54246	6.51206	0	4.75082	7.43919	2.32392	
6.54553	3.10516	7.60759	6.04207	6.87306	8.75463	2.66474	2.07737	4.90494	5.14049	7.97155	4.75082	0	11.7618	2.8699	
6.61468	6.49959	4.81833	3.56267	6.9422	2.19123	9.09711	13.2705	2.91934	6.12185	9.56241	7.43919	11.7618	0	8.07596	
8.85413	3.96958	8.88725	8.74694	9.18165	5.88473	5.53463	1.73294	6.61283	6.86638	10.3937	2.32392	2.8699	8.07596	0	

0	6.35684	4.2989	11.9908	2.05215	2.03809	7.78517	7.13442	5.62834	6.84316	7.02843	6.96642	6.53992	7.58894	9.0117	
6.35684	0	12.537	6.32896	4.30469	10.2761	6.56272	2.6557	8.75453	5.04001	7.08607	6.02786	2.98243	5.3303	4.27084	
4.2989	12.537	0	7.69189	6.35105	6.33698	11.001	4.92858	5.69023	2.54427	5.3474	6.7344	10.8388	8.69055	13.9118	
11.9908	6.32896	7.69189	0	13.2091	6.54951	3.30912	7.21614	4.97956	6.73381	9.53695	10.9239	7.59403	0.998658	13.3434	
