10
5
2
2
30

6	25
1	50
11	25
47	42
3	33

40	12
50	19
49	12
45	9
11	8
25	5
17	28
33	35
2	41
7	15

150

1.79769e+308
1.79769e+308
1.79769e+308
1.79769e+308
1.79769e+308

13
15
11
18
13
13
19
18
19
14

0
0
0
0
0

0

0	13.7674	4.1	28.352	13.3286	17.4478	22.6196	25.5136	26.4168	13.4539	15.9727	7.58827	14.1083	7.75144	3.61796	
13.7674	0	17.8674	31.2861	26.3295	18.8662	31.092	39.7936	39.7714	9.49829	14.7959	17.4099	21.0774	15.3942	17.3853	
4.1	17.8674	0	37.8215	12.4079	13.3478	17.1704	24.9005	17.1962	16.83	16.1127	3.48827	7.15576	11.5653	7.71796	
28.352	31.2861	37.8215	0	44.0097	26.505	31.313	30.4941	28.4321	21.7878	27.0854	17.9112	14.2438	29.3129	31.6237	
13.3286	26.3295	12.4079	44.0097	0	20.9333	13.7314	20.7318	20.8868	20.1023	23.0436	8.91964	12.5871	12.5771	11.9854	
17.4478	18.8662	13.3478	26.505	20.9333	0	7.20187	6.34843	3.84843	9.36786	8.93859	15.9287	12.2612	16.893	19.2038	
22.6196	31.092	17.1704	31.313	13.7314	7.20187	0	7.00036	7.15542	16.5697	15.1099	13.6821	17.3496	24.7978	19.0017	
25.5136	39.7936	24.9005	30.4941	20.7318	6.34843	7.00036	0	2.5	18.2976	10.4545	19.9178	16.2504	36.4658	21.8956	
26.4168	39.7714	17.1962	28.4321	20.8868	3.84843	7.15542	2.5	0	13.2163	7.95447	20.8375	16.1097	37.7982	20.3092	
13.4539	9.49829	16.83	21.7878	20.1023	9.36786	16.5697	18.2976	13.2163	0	5.29759	18.6408	15.3244	7.52516	9.83595	
15.9727	14.7959	16.1127	27.0854	23.0436	8.93859	15.1099	10.4545	7.95447	5.29759	0	14.1239	13.6613	12.8228	12.3548	
7.58827	17.4099	3.48827	17.9112	8.91964	15.9287	13.6821	19.9178	20.8375	18.6408	14.1239	0	3.66749	11.1157	11.7814	
14.1083	21.0774	7.15576	14.2438	12.5871	12.2612	17.3496	16.2504	16.1097	15.3244	13.6613	3.66749	0	14.7832	17.7262	
7.75144	15.3942	11.5653	29.3129	12.5771	16.893	24.7978	36.4658	37.7982	7.52516	12.8228	11.1157	14.7832	0	11.3694	
3.61796	17.3853	7.71796	31.6237	11.9854	19.2038	19.0017	21.8956	20.3092	9.83595	12.3548	11.7814	17.7262	11.3694	0	

0	9.17824	2	16.3323	1.7088	14.6562	13.5681	31.055	21.77	8.56786	13.2414	3.64856	10.4281	4.61788	4.36947	
9.17824	0	11.1782	41.1743	8.55862	23.0933	24.6091	34.81	32.8179	20.1185	15.81	12.8268	17.2779	13.7961	15.8112	
2	11.1782	0	14.3323	3.7088	21.2923	16.3594	26.7915	29.788	4.30441	15.2414	5.64856	13.3579	6.61788	2.36947	
16.3323	41.1743	14.3323	0	18.971	20.0238	19.2517	21.2316	24.3947	31.9137	26.6888	20.7722	18.4699	27.7334	16.7018	
1.7088	8.55862	3.7088	18.971	0	21.0011	26.7182	26.3706	29.9711	18.1613	14.9502	5.35736	8.71931	6.32668	7.00809	
14.6562	23.0933	21.2923	20.0238	21.0011	0	14.3099	12.33	10.3208	25.0374	7.2833	22.9409	29.9812	10.0384	25.9252	
13.5681	24.6091	16.3594	19.2517	26.7182	14.3099	0	1.9799	5.14296	15.3485	20.9799	9.91953	19.6311	22.2951	17.7384	
31.055	34.81	26.7915	21.2316	26.3706	12.33	1.9799	0	5.8	17.7833	19	11.8994	17.6512	22.3684	24.4221	
21.77	32.8179	29.788	24.3947	29.9711	10.3208	5.14296	5.8	0	20.9464	17.6041	15.0625	23.4512	17.1521	30.2221	
8.56786	20.1185	4.30441	31.9137	18.1613	25.0374	15.3485	17.7833	20.9464	0	17.7541	5.42896	21.2452	18.3503	1.93494	
13.2414	15.81	15.2414	26.6888	14.9502	7.2833	20.9799	19	17.6041	17.7541	0	16.89	26.7016	17.3216	19.689	
3.64856	12.8268	5.64856	20.7722	5.35736	22.9409	9.91953	11.8994	15.0625	5.42896	16.89	0	23.2275	8.26644	7.3639	
10.4281	17.2779	13.3579	18.4699	8.71931	29.9812	19.6311	17.6512	23.4512	21.2452	26.7016	23.2275	0	21.5383	23.1801	
4.61788	13.7961	6.61788	27.7334	6.32668	10.0384	22.2951	22.3684	17.1521	18.3503	17.3216	8.26644	21.5383	0	11.2508	
4.36947	15.8112	2.36947	16.7018	7.00809	25.9252	17.7384	24.4221	30.2221	1.93494	19.689	7.3639	23.1801	11.2508	0	

0	17.1137	4.95	11.9839	2.05056	10.1922	13.3222	17.5687	16.0187	11.1636	14.6207	8.29431	13.5324	8.17788	13.0648	
17.1137	0	16.3296	36.2042	15.0632	34.4125	36.5291	28.5116	27.3578	30.55	24.1451	11.9693	15.9035	12.3153	30.184	
4.95	16.3296	0	16.7211	7.00056	10.1698	17.7565	22.6798	16.7004	7.48	16.5361	4.36033	9.42496	13.2926	12.8167	
11.9839	36.2042	16.7211	0	14.0344	22.176	13.6849	18.04	19.59	23.1475	19.4134	21.0814	25.5163	26.3323	13.0301	
2.05056	15.0632	7.00056	14.0344	0	12.2427	15.3727	31.0579	18.0693	13.2142	16.6713	6.24375	11.3084	6.12732	15.1154	
10.1922	34.4125	10.1698	22.176	12.2427	0	12.9389	8.08067	6.53067	17.6498	13.8733	14.5301	17.9849	24.5406	21.919	
13.3222	36.5291	17.7565	13.6849	15.3727	12.9389	0	6.22254	7.77254	24.4858	18.6347	22.1168	18.8306	27.6706	26.387	
17.5687	28.5116	22.6798	18.04	31.0579	8.08067	6.22254	0	1.55	23.6902	8.89259	17.6727	12.608	37.5525	16.9383	
16.0187	27.3578	16.7004	19.59	18.0693	6.53067	7.77254	1.55	0	25.2402	7.34259	16.5189	11.4543	30.3671	13.7259	
11.1636	30.55	7.48	23.1475	13.2142	17.6498	24.4858	23.6902	25.2402	0	18.3268	11.8403	24.696	21.6141	13.5446	
14.6207	24.1451	16.5361	19.4134	16.6713	13.8733	18.6347	8.89259	7.34259	18.3268	0	12.1758	17.2404	21.108	6.38329	
8.29431	11.9693	4.36033	21.0814	6.24375	14.5301	22.1168	17.6727	16.5189	11.8403	12.1758	0	5.06463	8.93224	17.177	
13.5324	15.9035	9.42496	25.5163	11.3084	17.9849	18.8306	12.608	11.4543	24.696	17.2404	5.06463	0	13.9969	26.5502	
8.17788	12.3153	13.2926	26.3323	6.12732	24.5406	27.6706	37.5525	30.3671	21.6141	21.108	8.93224	13.9969	0	27.4132	
13.0648	30.184	12.8167	13.0301	15.1154	21.919	26.387	16.9383	13.7259	13.5446	6.38329	17.177	26.5502	27.4132	0	

0	15.2832	7.85	31.103	13.9267	32.6388	31.5253	40.6508	25.6045	17.3655	20.4411	13.8203	18.4831	12.2044	10.3514	
15.2832	0	12.9919	16.4243	9.93175	25.4384	35.9093	41.9332	16.4789	15.7348	39.7428	15.981	8.12847	3.07883	26.9258	
7.85	12.9919	0	18.9289	14.2953	24.7888	23.6753	32.797	17.4752	16.1689	16.9285	5.9703	10.6331	9.91308	9.15478	
31.103	16.4243	18.9289	0	25.8711	15.0153	16.037	6.91532	8.51532	22.9236	28.5043	17.5461	8.29581	25.0307	20.7517	
13.9267	9.93175	14.2953	25.8711	0	30.8353	32.2687	28.8231	19.8299	19.5089	19.2832	8.325	20.8993	6.85292	22.3113	
32.6388	25.4384	24.7888	15.0153	30.8353	0	16.6498	5.39012	3.79012	17.7361	6.62118	15.295	17.31	17.1902	16.7109	
31.5253	35.9093	23.6753	16.037	32.2687	16.6498	0	9.12168	10.7217	23.9169	10.0286	20.9868	27.7808	28.1581	20.1183	
40.6508	41.9332	32.797	6.91532	28.8231	5.39012	9.12168	0	1.6	15.546	8.53467	13.1049	15.2111	15.0001	18.9118	
25.6045	16.4789	17.4752	8.51532	19.8299	3.79012	10.7217	1.6	0	13.946	6.93467	11.5049	21.1001	13.4001	17.0244	
17.3655	15.7348	16.1689	22.9236	19.5089	17.7361	23.9169	15.546	13.946	0	13.8883	11.4843	14.6278	12.6559	7.01416	
20.4411	39.7428	16.9285	28.5043	19.2832	6.62118	10.0286	8.53467	6.93467	13.8883	0	10.9582	23.5325	20.3348	10.0897	
13.8203	15.981	5.9703	17.5461	8.325	15.295	20.9868	13.1049	11.5049	11.4843	10.9582	0	12.5743	12.9021	15.1251	
18.4831	8.12847	10.6331	8.29581	20.8993	17.31	27.7808	15.2111	21.1001	14.6278	23.5325	12.5743	0	11.2073	19.7879	
12.2044	3.07883	9.91308	25.0307	6.85292	17.1902	28.1581	15.0001	13.4001	12.6559	20.3348	12.9021	11.2073	0	19.0679	
10.3514	26.9258	9.15478	20.7517	22.3113	16.7109	20.1183	18.9118	17.0244	7.01416	10.0897	15.1251	19.7879	19.0679	0	

0	10.7079	1	22.0379	3.33216	13.1042	22.2036	21.6021	18.1188	12.0496	17.739	12.1356	8.00817	15.6884	11.3395	
10.7079	0	11.7079	31.537	14.0401	23.8121	32.4703	36.7521	35.3924	22.7576	15.2333	17.6841	26.4517	4.98046	16.8948	
1	11.7079	0	11.7039	4.33216	14.1042	17.0466	20.7954	22.7578	13.0496	18.931	11.1356	7.00817	17.8068	10.3395	
22.0379	31.537	11.7039	0	36.2657	8.93369	14.7342	9.92198	13.422	19.4745	13.5685	11.8561	4.69574	26.167	19.4568	
3.33216	14.0401	4.33216	36.2657	0	16.4364	25.5358	30.814	31.9972	15.3818	21.2632	18.037	13.9095	14.4314	15.392	
13.1042	23.8121	14.1042	8.93369	16.4364	0	8.81593	8.51462	5.01462	17.272	4.63482	14.1319	13.6294	14.8876	17.2308	
22.2036	32.4703	17.0466	14.7342	25.5358	8.81593	0	7.30132	3.80132	12.1565	12.1637	15.0503	10.0385	27.754	18.6869	
21.6021	36.7521	20.7954	9.92198	30.814	8.51462	7.30132	0	3.5	9.55249	11.8624	9.65981	14.6177	22.3635	13.0532	
18.1188	35.3924	22.7578	13.422	31.9972	5.01462	3.80132	3.5	0	13.0525	8.36239	13.1598	13.8398	18.6152	16.5532	
12.0496	22.7576	13.0496	19.4745	15.3818	17.272	12.1565	9.55249	13.0525	0	19.5029	19.2123	21.2915	18.4448	6.53043	
17.739	15.2333	18.931	13.5685	21.2632	4.63482	12.1637	11.8624	8.36239	19.5029	0	9.49712	16.6575	10.2528	12.9725	
12.1356	17.6841	11.1356	11.8561	18.037	14.1319	15.0503	9.65981	13.1598	19.2123	9.49712	0	7.16034	12.7036	21.4751	
8.00817	26.4517	7.00817	4.69574	13.9095	13.6294	10.0385	14.6177	13.8398	21.2915	16.6575	7.16034	0	19.864	14.7611	
15.6884	4.98046	17.8068	26.167	14.4314	14.8876	27.754	22.3635	18.6152	18.4448	10.2528	12.7036	19.864	0	11.9144	
11.3395	16.8948	10.3395	19.4568	15.392	17.2308	18.6869	13.0532	16.5532	6.53043	12.9725	21.4751	14.7611	11.9144	0	

0	16.7355	6.1	29.7377	12.6451	27.961	20.4273	28.7789	26.9789	19.3136	26.1579	16.7606	22.9781	9.40068	12.8638	
16.7355	0	14.1272	14.0071	16.6037	22.8571	13.336	21.8213	16.4817	28.2001	19.0667	20.4355	9.89553	7.33486	28.1106	
6.1	14.1272	0	33.9323	17.7625	23.1998	26.5273	25.849	24.049	14.6353	23.6289	11.0015	20.3697	6.7923	8.18545	
29.7377	14.0071	33.9323	0	25.5993	21.8721	14.1161	20.3278	12.0646	38.3012	29.3856	25.1605	5.47837	19.0557	31.8514	
12.6451	16.6037	17.7625	25.5993	0	15.3159	23.0492	23.4159	23.1293	14.9618	27.4189	23.3397	26.4993	13.0609	21.4116	
27.961	22.8571	23.1998	21.8721	15.3159	0	9.52111	8.1	7.81348	21.0777	13.5734	29.7324	14.3997	27.1096	20.8757	
20.4273	13.336	26.5273	14.1161	23.0492	9.52111	0	8.48528	8.04984	29.355	5.73062	28.0483	8.63774	20.6709	21.1741	
28.7789	21.8213	25.849	20.3278	23.4159	8.1	8.48528	0	1.8	29.1777	14.2159	34.5841	8.3862	21.0961	24.8825	
26.9789	16.4817	24.049	12.0646	23.1293	7.81348	8.04984	1.8	0	28.8912	13.7805	26.3208	6.5862	19.2961	23.0825	
19.3136	28.2001	14.6353	38.3012	14.9618	21.0777	29.355	29.1777	28.8912	0	21.8933	15.3065	34.4426	20.8652	6.44981	
26.1579	19.0667	23.6289	29.3856	27.4189	13.5734	5.73062	14.2159	13.7805	21.8933	0	24.3001	14.3684	37.4846	15.4434	
16.7606	20.4355	11.0015	25.1605	23.3397	29.7324	28.0483	34.5841	26.3208	15.3065	24.3001	0	19.7346	13.1006	8.85666	
22.9781	9.89553	20.3697	5.47837	26.4993	14.3997	8.63774	8.3862	6.5862	34.4426	14.3684	19.7346	0	13.5774	28.5913	
9.40068	7.33486	6.7923	19.0557	13.0609	27.1096	20.6709	21.0961	19.2961	20.8652	37.4846	13.1006	13.5774	0	14.9777	
12.8638	28.1106	8.18545	31.8514	21.4116	20.8757	21.1741	24.8825	23.0825	6.44981	15.4434	8.85666	28.5913	14.9777	0	

0	23.588	7	22.2364	4.272	24.4425	21.7413	19.4924	24.0865	7.26522	15.7242	10.0187	22.699	16.1626	14.1703	
23.588	0	20.4593	39.5321	19.9219	31.7142	22.3372	21.7844	22.4335	31.0173	16.32	14.7697	34.8959	7.42542	26.4097	
7	20.4593	0	23.5333	11.272	21.2579	21.102	20.2172	19.2609	7.99	19.7746	3.01869	16.4329	10.363	10.3992	
22.2364	39.5321	23.5333	0	17.9644	14.7868	21.7302	17.2168	22.6586	22.8672	22.6372	19.9281	17.0612	30.4609	12.5475	
4.272	19.9219	11.272	17.9644	0	22.5484	38.2199	21.6768	27.5046	9.44957	19.9962	15.7878	26.5154	12.4965	18.4423	
24.4425	31.7142	21.2579	14.7868	22.5484	0	14.5922	2.43	7.87179	14.6572	8.93	17.6527	8.03357	16.789	10.2722	
21.7413	22.3372	21.102	21.7302	38.2199	14.5922	0	10.2726	12.522	21.7348	6.01715	28.5415	4.66905	26.5212	13.1977	
19.4924	21.7844	20.2172	17.2168	21.6768	2.43	10.2726	0	8.1	12.2272	6.5	21.7033	5.60357	14.359	12.7022	
24.0865	22.4335	19.2609	22.6586	27.5046	7.87179	12.522	8.1	0	20.3272	8.36239	16.2422	13.7036	15.0081	18.144	
7.26522	31.0173	7.99	22.8672	9.44957	14.6572	21.7348	12.2272	20.3272	0	18.7272	11.0087	17.0658	21.0239	10.3197	
15.7242	16.32	19.7746	22.6372	19.9962	8.93	6.01715	6.5	8.36239	18.7272	0	17.4703	10.6862	20.859	10.0897	
10.0187	14.7697	3.01869	19.9281	15.7878	17.6527	28.5415	21.7033	16.2422	11.0087	17.4703	0	15.9092	7.34429	7.38055	
22.699	34.8959	16.4329	17.0612	26.5154	8.03357	4.66905	5.60357	13.7036	17.0658	10.6862	15.9092	0	19.9625	8.52863	
16.1626	7.42542	10.363	30.4609	12.4965	16.789	26.5212	14.359	15.0081	21.0239	20.859	7.34429	19.9625	0	14.7248	
14.1703	26.4097	10.3992	12.5475	18.4423	10.2722	13.1977	12.7022	18.144	10.3197	10.0897	7.38055	8.52863	14.7248	0	

0	5.86387	8.9	16.1358	3.33216	24.1367	23.0292	23.8396	20.2341	8.32842	18.2077	13.3274	20.4426	9.03326	7.8389	
5.86387	0	14.7639	10.2719	9.19603	34.8049	27.4581	27.7105	26.098	14.1923	28.8759	13.2926	25.2983	3.16938	13.7028	
8.9	14.7639	0	30.7355	12.2322	12.8328	15.5711	19.776	12.776	6.8	16.6793	4.42741	16.6524	14.5506	15.8324	
16.1358	10.2719	30.7355	0	26.3426	27.7253	28.9645	17.4386	24.4386	29.2685	36.159	22.2762	15.0264	12.153	25.656	
3.33216	9.19603	12.2322	26.3426	0	26.9879	26.482	38.0079	23.5663	11.6606	38.0908	18.5826	23.1513	14.1896	11.1711	
24.1367	34.8049	12.8328	27.7253	26.9879	0	8.21787	12.4228	5.42279	15.8083	20.6912	8.40536	17.31	18.5286	25.0799	
23.0292	27.4581	15.5711	28.9645	26.482	8.21787	0	9.79508	2.79508	16.0608	15.7592	19.7575	28.6621	24.2887	27.5265	
23.8396	27.7105	19.776	17.4386	38.0079	12.4228	9.79508	0	7	20.2657	21	23.7954	31.9404	29.5036	16.0007	
20.2341	26.098	12.776	24.4386	23.5663	5.42279	2.79508	7	0	13.2657	18.5543	13.8281	22.7328	27.0838	22.5373	
8.32842	14.1923	6.8	29.2685	11.6606	15.8083	16.0608	20.2657	13.2657	0	9.8793	11.2274	28.771	22.166	9.2716	
18.2077	28.8759	16.6793	36.159	38.0908	20.6912	15.7592	21	18.5543	9.8793	0	29.0965	35.7056	27.2991	13.7961	
13.3274	13.2926	4.42741	22.2762	18.5826	8.40536	19.7575	23.7954	13.8281	11.2274	29.0965	0	12.225	10.1232	20.2598	
20.4426	25.2983	16.6524	15.0264	23.1513	17.31	28.6621	31.9404	22.7328	28.771	35.7056	12.225	0	22.3482	28.2815	
9.03326	3.16938	14.5506	12.153	14.1896	18.5286	24.2887	29.5036	27.0838	22.166	27.2991	10.1232	22.3482	0	13.503	
7.8389	13.7028	15.8324	25.656	11.1711	25.0799	27.5265	16.0007	22.5373	9.2716	13.7961	20.2598	28.2815	13.503	0	

0	19.0696	8.25	19.8134	9.48384	27.043	30.3221	24.7165	19.8126	12.5	21.5198	15.0503	10.9411	17.3849	8.3414	
19.0696	0	21.5196	24.8766	18.3511	24.2955	38.7778	44.3987	32.5762	17.2696	27.03	14.9395	8.12847	15.1225	25.4931	
8.25	21.5196	0	28.6577	17.7338	11.2759	25.5882	16.4665	19.5566	4.25	16.8497	11.4039	18.215	20.5605	4.30813	
19.8134	24.8766	28.6577	0	10.3295	25.9159	13.2211	22.3427	23.7306	38.7559	24.9688	23.5592	16.7481	18.2305	35.2296	
9.48384	18.3511	17.7338	10.3295	0	24.6449	23.5396	25.2645	17.4145	22.5782	22.4337	17.0337	10.2226	7.90101	17.8252	
27.043	24.2955	11.2759	25.9159	24.6449	0	12.6948	3.87	7.23038	7.02589	17.8363	22.8952	33.4953	32.6798	15.2494	
30.3221	38.7778	25.5882	13.2211	23.5396	12.6948	0	9.12168	10.5095	19.7207	11.7478	40.1947	29.9692	31.4406	24.9262	
24.7165	44.3987	16.4665	22.3427	25.2645	3.87	9.12168	0	7.85	10.8959	18.456	27.8704	36.5243	37.027	19.7903	
19.8126	32.5762	19.5566	23.7306	17.4145	7.23038	10.5095	7.85	0	14.2563	10.606	31.1759	27.6371	25.3155	22.6978	
12.5	17.2696	4.25	38.7559	22.5782	7.02589	19.7207	10.8959	14.2563	0	12.5997	15.6539	22.6803	24.8105	8.2235	
21.5198	27.03	16.8497	24.9688	22.4337	17.8363	11.7478	18.456	10.606	12.5997	0	27.2835	26.0806	30.3347	13.1784	
15.0503	14.9395	11.4039	23.5592	17.0337	22.8952	40.1947	27.8704	31.1759	15.6539	27.2835	0	6.81106	14.3891	14.105	
10.9411	8.12847	18.215	16.7481	10.2226	33.4953	29.9692	36.5243	27.6371	22.6803	26.0806	6.81106	0	7.57807	19.2825	
17.3849	15.1225	20.5605	18.2305	7.90101	32.6798	31.4406	37.027	25.3155	24.8105	30.3347	14.3891	7.57807	0	24.8686	
8.3414	25.4931	4.30813	35.2296	17.8252	15.2494	24.9262	19.7903	22.6978	8.2235	13.1784	14.105	19.2825	24.8686	0	

0	8.15843	3.1	20.7414	13.4648	27.2532	21.2511	23.1811	30.4315	12.7281	15.4483	7.25909	16.8747	18.8219	10.9544	
8.15843	0	11.2584	19.8429	5.30635	28.3149	23.9726	32.9703	20.7859	14.2474	22.1222	9.249	18.1558	9.17623	16.0211	
3.1	11.2584	0	14.753	9.36221	24.1532	18.1511	20.0811	26.3106	9.74374	18.5483	4.15909	13.0659	15.2748	7.97004	
20.7414	19.8429	14.753	0	15.797	15.711	10.4693	8.41865	16.2686	16.4841	8.6093	10.5939	16.9047	21.7096	20.5986	
13.4648	5.30635	9.36221	15.797	0	17.637	26.6599	23.3295	15.4795	12.8372	21.2752	5.20312	13.2293	3.86988	11.0635	
27.2532	28.3149	24.1532	15.711	17.637	0	12.0406	9.99	2.15745	17.8575	22.6775	25.2161	32.6157	20.9176	17.2308	
21.2511	23.9726	18.1511	10.4693	26.6599	12.0406	0	2.05061	9.90061	9.72518	17.6	22.3102	27.5469	29.9405	11.4989	
23.1811	32.9703	20.0811	8.41865	23.3295	9.99	2.05061	0	7.85	11.7758	17.0279	19.0125	25.3233	26.6101	20.4966	
30.4315	20.7859	26.3106	16.2686	15.4795	2.15745	9.90061	7.85	0	20.0149	21.6198	20.6827	28.7088	18.7601	19.3882	
12.7281	14.2474	9.74374	16.4841	12.8372	17.8575	9.72518	11.7758	20.0149	0	7.8748	11.7784	24.7354	25.5667	1.7737	
15.4483	22.1222	18.5483	8.6093	21.2752	22.6775	17.6	17.0279	21.6198	7.8748	0	16.0721	22.0443	20.0784	9.6485	
7.25909	9.249	4.15909	10.5939	5.20312	25.2161	22.3102	19.0125	20.6827	11.7784	16.0721	0	8.90677	9.07301	10.0047	
16.8747	18.1558	13.0659	16.9047	13.2293	32.6157	27.5469	25.3233	28.7088	24.7354	22.0443	8.90677	0	10.1041	18.9115	
18.8219	9.17623	15.2748	21.7096	3.86988	20.9176	29.9405	26.6101	18.7601	25.5667	20.0784	9.07301	10.1041	0	14.9333	
10.9544	16.0211	7.97004	20.5986	11.0635	17.2308	11.4989	20.4966	19.3882	1.7737	9.6485	10.0047	18.9115	14.9333	0	

0	12.7475	3.5	28.9241	1.96512	11.0476	11.7733	18.7616	23.5126	21.1148	17.3235	10.2616	5.75847	7.09174	8.23441	
12.7475	0	16.2475	54.396	13.704	47.6986	19.4792	33.8437	37.1971	36.7514	31.0005	23.0091	18.506	7.33486	25.4406	
3.5	16.2475	0	26.6611	5.46512	16.2081	14.5998	15.2616	19.8816	14.3983	18.6672	11.6052	9.25847	10.5917	10.7703	
28.9241	54.396	26.6611	0	21.8695	28.2306	12.0613	13.8306	19.6306	22.2368	28.9666	30.4574	23.1657	24.2057	28.4732	
1.96512	13.704	5.46512	21.8695	0	22.6569	9.80816	15.0408	18.1934	9.89731	17.1709	10.1089	7.72359	6.36918	6.26929	
11.0476	47.6986	16.2081	28.2306	22.6569	0	12.0588	9.4735	3.6735	22.8062	27.4779	18.0381	5.28916	22.3398	26.9784	
11.7733	19.4792	14.5998	12.0613	9.80816	12.0588	0	5.23259	8.38525	13.6388	16.9053	19.9171	26.1394	12.1443	16.0775	
18.7616	33.8437	15.2616	13.8306	15.0408	9.4735	5.23259	0	5.8	8.40619	22.1379	26.8668	19.6892	17.3769	12.0342	
23.5126	37.1971	19.8816	19.6306	18.1934	3.6735	8.38525	5.8	0	14.2062	25.2906	23.6865	8.96266	20.5296	26.8535	
21.1148	36.7514	14.3983	22.2368	9.89731	22.8062	13.6388	8.40619	14.2062	0	21.1904	9.69647	29.8577	29.4165	3.62802	
17.3235	31.0005	18.6672	28.9666	17.1709	27.4779	16.9053	22.1379	25.2906	21.1904	0	7.06196	19.8109	28.8028	13.1304	
10.2616	23.0091	11.6052	30.4574	10.1089	18.0381	19.9171	26.8668	23.6865	9.69647	7.06196	0	12.7489	16.4781	6.06845	
5.75847	18.506	9.25847	23.1657	7.72359	5.28916	26.1394	19.6892	8.96266	29.8577	19.8109	12.7489	0	12.8502	18.8174	
7.09174	7.33486	10.5917	24.2057	6.36918	22.3398	12.1443	17.3769	20.5296	29.4165	28.8028	16.4781	12.8502	0	12.6385	
8.23441	25.4406	10.7703	28.4732	6.26929	26.9784	16.0775	12.0342	26.8535	3.62802	13.1304	6.06845	18.8174	12.6385	0	

0	12.3616	1.7	39.132	6.49344	22.2492	30.4579	17.611	13.911	10.1004	12.3222	5.01677	19.8246	10.5246	10.5317	
12.3616	0	15.1934	22.1988	17.3425	20.8308	22.0711	14.0808	17.7808	15.5427	14.6503	7.34479	26.2573	13.3114	18.3336	
1.7	15.1934	0	27.3595	8.19344	35.2764	33.5025	24.3479	15.611	11.8004	13.3617	6.71677	18.1246	15.2317	8.83167	
39.132	22.1988	27.3595	0	21.2653	8.62564	10.9016	8.11798	11.818	25.6946	22.8612	30.8814	9.23496	21.1552	22.3559	
6.49344	17.3425	8.19344	21.2653	0	19.8974	21.1377	13.1474	16.8474	14.6683	15.4091	11.5102	16.977	4.03113	10.8791	
22.2492	20.8308	35.2764	8.62564	19.8974	0	14.4037	6.75	8.33826	19.614	14.2355	21.541	17.8606	20.0767	18.7656	
30.4579	22.0711	33.5025	10.9016	21.1377	14.4037	0	7.99031	11.6903	25.5669	28.6393	25.6539	18.9096	31.8555	25.0477	
17.611	14.0808	24.3479	8.11798	13.1474	6.75	7.99031	0	3.7	17.5766	20.9855	21.4256	17.3529	17.1785	17.9342	
13.911	17.7808	15.611	11.818	16.8474	8.33826	11.6903	3.7	0	18.0234	18.7643	18.9277	22.0494	28.415	14.2342	
10.1004	15.5427	11.8004	25.6946	14.6683	19.614	25.5669	17.5766	18.0234	0	8.31934	8.97866	16.9102	18.7049	3.78926	
12.3222	14.6503	13.3617	22.8612	15.4091	14.2355	28.6393	20.9855	18.7643	8.31934	0	7.30548	17.6511	17.0317	4.53008	
5.01677	7.34479	6.71677	30.8814	11.5102	21.541	25.6539	21.4256	18.9277	8.97866	7.30548	0	22.6721	9.72622	10.9888	
19.8246	26.2573	18.1246	9.23496	16.977	17.8606	18.9096	17.3529	22.0494	16.9102	17.6511	22.6721	0	12.9459	13.121	
10.5246	13.3114	15.2317	21.1552	4.03113	20.0767	31.8555	17.1785	28.415	18.7049	17.0317	9.72622	12.9459	0	14.9102	
10.5317	18.3336	8.83167	22.3559	10.8791	18.7656	25.0477	17.9342	14.2342	3.78926	4.53008	10.9888	13.121	14.9102	0	

0	15.0421	2.2	16.9308	9.78018	18.4097	27.1312	11.8389	18.9695	15.72	15.6272	6.22492	17.5793	14.6831	6.61584	
15.0421	0	17.2421	39.7457	15.7406	16.3355	22.0726	24.2555	21.7583	20.4736	20.3083	20.4876	32.0518	6.79154	22.7805	
2.2	17.2421	0	12.6325	7.58018	14.1113	20.8819	9.63892	13.3389	12.3975	13.4272	4.02492	13.281	12.4831	4.41584	
16.9308	39.7457	12.6325	0	18.8626	18.694	21.3745	16.8373	20.5373	23.8504	31.498	8.60753	9.23496	22.3036	30.0931	
9.78018	15.7406	7.58018	18.8626	0	23.8047	26.5436	17.2191	18.3819	22.6312	21.0074	11.6051	28.0976	8.94911	11.996	
18.4097	16.3355	14.1113	18.694	23.8047	0	5.73708	7.92	5.42279	14.4247	3.97271	10.0864	17.8766	23.1271	16.1216	
27.1312	22.0726	20.8819	21.3745	26.5436	5.73708	0	11.243	8.16165	24.1801	9.70979	15.8235	12.1395	37.3998	19.8654	
11.8389	24.2555	9.63892	16.8373	17.2191	7.92	11.243	0	3.7	26.363	11.8584	13.6638	23.3825	22.1221	14.0548	
18.9695	21.7583	13.3389	20.5373	18.3819	5.42279	8.16165	3.7	0	18.6104	8.15843	14.2119	20.3012	27.3311	20.3073	
15.72	20.4736	12.3975	23.8504	22.6312	14.4247	24.1801	26.363	18.6104	0	10.452	15.2428	24.4989	13.6821	7.98164	
15.6272	20.3083	13.4272	31.498	21.0074	3.97271	9.70979	11.8584	8.15843	10.452	0	14.0591	25.1492	24.1341	12.1488	
6.22492	20.4876	4.02492	8.60753	11.6051	10.0864	15.8235	13.6638	14.2119	15.2428	14.0591	0	9.25605	13.6961	8.44076	
17.5793	32.0518	13.281	9.23496	28.0976	17.8766	12.1395	23.3825	20.3012	24.4989	25.1492	9.25605	0	22.9522	30.7416	
14.6831	6.79154	12.4831	22.3036	8.94911	23.1271	37.3998	22.1221	27.3311	13.6821	24.1341	13.6961	22.9522	0	16.899	
6.61584	22.7805	4.41584	30.0931	11.996	16.1216	19.8654	14.0548	20.3073	7.98164	12.1488	8.44076	30.7416	16.899	0	

0	7.78528	5.07522	20.9365	1.79424	13.8212	22.0054	21.5068	25.7961	7.08802	18.1744	9.34944	20.983	13.6916	11.7584	
7.78528	0	9.27201	26.8207	5.99103	23.0819	27.8896	17.1419	18.1919	19.4736	22.3712	15.2336	29.9578	15.6658	11.0083	
5.07522	9.27201	0	14.7399	3.28098	19.9968	15.8088	14.0568	15.1068	14.538	19.6611	3.15286	13.533	6.24157	15.9401	
20.9365	26.8207	14.7399	0	23.5427	18.2673	10.9016	12.3273	12.2324	24.2637	30.9587	11.5871	19.5393	18.5344	23.6473	
1.79424	5.99103	3.28098	23.5427	0	26.6822	23.7996	17.3377	37.7314	8.88226	16.3801	6.43383	16.814	9.52255	13.5526	
13.8212	23.0819	19.9968	18.2673	26.6822	0	13.5641	5.94	6.99	6.73315	14.7321	20.7232	9.13582	31.8201	15.1985	
22.0054	27.8896	15.8088	10.9016	23.7996	13.5641	0	6.97558	5.92558	24.6337	20.0572	12.6559	8.63774	19.6032	26.761	
21.5068	17.1419	14.0568	12.3273	17.3377	5.94	6.97558	0	1.05	12.6731	20.6721	17.2096	15.0758	20.2983	24.001	
25.7961	18.1919	15.1068	12.2324	37.7314	6.99	5.92558	1.05	0	14.3717	21.4159	18.5815	14.5633	38.5039	25.051	
7.08802	19.4736	14.538	24.2637	8.88226	6.73315	24.6337	12.6731	14.3717	0	15.3201	13.99	15.869	20.9373	8.46537	
18.1744	22.3712	19.6611	30.9587	16.3801	14.7321	20.0572	20.6721	21.4159	15.3201	0	24.0353	23.2863	17.088	23.7854	
9.34944	15.2336	3.15286	11.5871	6.43383	20.7232	12.6559	17.2096	18.5815	13.99	24.0353	0	16.6859	6.9473	14.105	
20.983	29.9578	13.533	19.5393	16.814	9.13582	8.63774	15.0758	14.5633	15.869	23.2863	16.6859	0	19.7746	29.4731	
13.6916	15.6658	6.24157	18.5344	9.52255	31.8201	19.6032	20.2983	38.5039	20.9373	17.088	6.9473	19.7746	0	21.0524	
11.7584	11.0083	15.9401	23.6473	13.5526	15.1985	26.761	24.001	25.051	8.46537	23.7854	14.105	29.4731	21.0524	0	

0	13.7674	3.35	13.2102	9.34627	13.7081	25.7562	23.0078	33.3568	13.4783	10.7588	7.30784	9.98306	6.76189	2.11047	
13.7674	0	15.3628	19.9592	13.6938	25.6899	39.3687	24.3128	23.9886	26.2932	22.4666	12.2413	16.2569	10.957	15.8778	
3.35	15.3628	0	13.408	5.99627	17.4064	28.4104	16.6153	36.7806	13.09	19.1716	3.95784	22.5202	4.40581	5.46047	
13.2102	19.9592	13.408	0	20.2894	22.6974	32.2408	27.76	19.3145	22.4675	17.7925	13.1706	11.5828	9.00222	11.0997	
9.34627	13.6938	5.99627	20.2894	0	13.6141	18.8922	10.619	17.6375	12.5994	13.1753	9.95411	19.385	10.4021	14.4993	
13.7081	25.6899	17.4064	22.6974	13.6141	0	13.4031	5.13	4.02336	16.9792	14.38	13.4486	11.755	17.6169	11.5976	
25.7562	39.3687	28.4104	32.2408	18.8922	13.4031	0	8.27315	15.0935	26.6139	17.5231	22.2262	22.8251	32.5181	27.8667	
23.0078	24.3128	16.6153	27.76	10.619	5.13	8.27315	0	8.55	18.3408	9.25	13.9531	15.4597	18.1214	16.7276	
33.3568	23.9886	36.7806	19.3145	17.6375	4.02336	15.0935	8.55	0	21.0026	13.9413	17.4719	7.73162	30.4916	15.6042	
13.4783	26.2932	13.09	22.4675	12.5994	16.9792	26.6139	18.3408	21.0026	0	20.0161	17.0478	19.2404	17.4958	11.3678	
10.7588	22.4666	19.1716	17.7925	13.1753	14.38	17.5231	9.25	13.9413	20.0161	0	22.0973	6.20967	24.4625	8.64833	
7.30784	12.2413	3.95784	13.1706	9.95411	13.4486	22.2262	13.9531	17.4719	17.0478	22.0973	0	21.3216	4.16838	13.449	
9.98306	16.2569	22.5202	11.5828	19.385	11.755	22.8251	15.4597	7.73162	19.2404	6.20967	21.3216	0	20.5851	7.87259	
6.76189	10.957	4.40581	9.00222	10.4021	17.6169	32.5181	18.1214	30.4916	17.4958	24.4625	4.16838	20.5851	0	8.87237	
2.11047	15.8778	5.46047	11.0997	14.4993	11.5976	27.8667	16.7276	15.6042	11.3678	8.64833	13.449	7.87259	8.87237	0	

0	14.2773	5.9	29.2939	9.71182	25.1351	20.4998	36.4233	26.907	21.0442	21.8152	8.66533	11.9084	5.27758	10.7466	
14.2773	0	13.3225	30.3488	15.7479	22.5423	24.9915	16.0297	12.6297	26.6814	21.0387	7.88885	19.3989	12.7681	19.652	
5.9	13.3225	0	22.8396	6.22254	13.5031	14.5998	16.979	16.3238	12.0221	18.5835	5.43365	7.73315	5.32369	4.84665	
29.2939	30.3488	22.8396	0	16.6171	20.826	19.9836	16.236	19.636	37.1478	28.986	29.4642	24.2613	21.0513	37.0944	
9.71182	15.7479	6.22254	16.6171	0	20.5026	20.8223	23.9785	23.3233	27.1325	32.1197	11.6562	11.0651	4.43424	11.0692	
25.1351	22.5423	13.5031	20.826	20.5026	0	8.33767	4.59	7.99	18.4417	16.884	19.0428	5.76999	12.4008	11.2663	
20.4998	24.9915	14.5998	19.9836	20.8223	8.33767	0	3.74767	7.14767	21.5242	16.4977	17.1026	8.63774	15.2686	19.4464	
36.4233	16.0297	16.979	16.236	23.9785	4.59	3.74767	0	3.4	18.6203	12.75	20.8503	9.24589	15.8767	15.8563	
26.907	12.6297	16.3238	19.636	23.3233	7.99	7.14767	3.4	0	16.4763	10.606	20.5186	8.59069	15.2215	21.1789	
21.0442	26.6814	12.0221	37.1478	27.1325	18.4417	21.5242	18.6203	16.4763	0	5.87031	18.7926	12.8864	14.0593	7.17541	
21.8152	21.0387	18.5835	28.986	32.1197	16.884	16.4977	12.75	10.606	5.87031	0	13.1499	17.3871	21.0918	13.0457	
8.66533	7.88885	5.43365	29.4642	11.6562	19.0428	17.1026	20.8503	20.5186	18.7926	13.1499	0	13.1668	10.7187	10.2803	
11.9084	19.3989	7.73315	24.2613	11.0651	5.76999	8.63774	9.24589	8.59069	12.8864	17.3871	13.1668	0	6.63081	12.5798	
5.27758	12.7681	5.32369	21.0513	4.43424	12.4008	15.2686	15.8767	15.2215	14.0593	21.0918	10.7187	6.63081	0	6.88387	
10.7466	19.652	4.84665	37.0944	11.0692	11.2663	19.4464	15.8563	21.1789	7.17541	13.0457	10.2803	12.5798	6.88387	0	

0	22.8359	3.2	11.9839	9.14208	20.5812	18.1061	16.6212	19.7337	8.47	16.62	15.2748	21.6884	15.7531	7.18502	
22.8359	0	14.9933	21.4776	13.6938	15.791	23.4476	19.751	13.8325	19.1512	21.1717	30.8537	20.1324	15.3942	11.0083	
3.2	14.9933	0	15.1839	10.1823	18.9244	22.3693	19.8212	16.1547	5.27	17.6602	12.0748	22.8335	15.7875	3.98502	
11.9839	21.4776	15.1839	0	14.3715	13.2806	10.8056	9.32064	16.0044	25.9723	21.8494	25.0626	9.70454	20.9826	21.7472	
9.14208	13.6938	10.1823	14.3715	0	13.1887	26.4328	17.1487	14.8205	15.4523	7.47789	18.5826	23.5266	6.61105	7.37564	
20.5812	15.791	18.9244	13.2806	13.1887	0	5.44492	3.96	2.39069	13.2754	9.73328	19.7019	8.69053	19.7997	20.5643	
18.1061	23.4476	22.3693	10.8056	26.4328	5.44492	0	1.48492	9.23492	17.4243	16.9577	17.2268	15.6413	47.1707	23.8016	
16.6212	19.751	19.8212	9.32064	17.1487	3.96	1.48492	0	6.35069	18.6347	13.8918	15.7419	14.0498	36.6718	22.3167	
19.7337	13.8325	16.1547	16.0044	14.8205	2.39069	9.23492	6.35069	0	10.8847	7.34259	23.4919	6.29984	24.0255	19.0276	
8.47	19.1512	5.27	25.9723	15.4523	13.2754	17.4243	18.6347	10.8847	0	12.7429	17.3448	17.1845	21.0575	8.14288	
16.62	21.1717	17.6602	21.8494	7.47789	9.73328	16.9577	13.8918	7.34259	12.7429	0	26.0605	13.6424	14.0889	14.8535	
15.2748	30.8537	12.0748	25.0626	18.5826	19.7019	17.2268	15.7419	23.4919	17.3448	26.0605	0	28.1174	25.1936	16.0598	
21.6884	20.1324	22.8335	9.70454	23.5266	8.69053	15.6413	14.0498	6.29984	17.1845	13.6424	28.1174	0	37.5796	32.2593	
15.7531	15.3942	15.7875	20.9826	6.61105	19.7997	47.1707	36.6718	24.0255	21.0575	14.0889	25.1936	37.5796	0	13.9867	
7.18502	11.0083	3.98502	21.7472	7.37564	20.5643	23.8016	22.3167	19.0276	8.14288	14.8535	16.0598	32.2593	13.9867	0	

0	17.8226	3.75	11.7124	12.9869	23.6229	14.0242	21.9626	19.8126	20.92	16.4448	7.18311	17.2754	4.7828	12.5817	
17.8226	0	21.0357	13.0733	18.1443	28.7803	24.2068	20.81	22.9651	29.2213	15.81	21.178	24.1866	13.0398	34.8004	
3.75	21.0357	0	7.96241	9.61665	20.2527	16.5009	17.6948	23.5626	17.17	12.6948	9.65981	18.336	8.5328	8.83167	
11.7124	13.0733	7.96241	0	17.5791	16.3823	11.1335	16.5782	25.126	25.1324	20.6572	17.6222	11.1133	25.1998	16.7941	
12.9869	18.1443	9.61665	17.5791	0	10.636	15.8848	16.3949	18.3912	26.7867	11.3949	16.3618	8.71931	8.2235	18.4483	
23.6229	28.7803	20.2527	16.3823	10.636	0	5.24882	9.90517	7.75517	16.2588	18.41	12.0899	12.9527	18.8595	33.6885	
14.0242	24.2068	16.5009	11.1335	15.8848	5.24882	0	5.44472	7.59472	13.8509	10.4447	6.84105	7.70393	14.9793	18.6499	
21.9626	20.81	17.6948	16.5782	16.3949	9.90517	5.44472	0	2.15	8.40619	5	12.2858	8.96571	33.8549	18.9677	
19.8126	22.9651	23.5626	25.126	18.3912	7.75517	7.59472	2.15	0	8.50368	7.15	24.9994	11.1157	24.5954	19.0652	
20.92	29.2213	17.17	25.1324	26.7867	16.2588	13.8509	8.40619	8.50368	0	13.4062	16.4957	17.3719	24.634	10.5616	
16.4448	15.81	12.6948	20.6572	11.3949	18.41	10.4447	5	7.15	13.4062	0	18.5072	13.9657	19.6184	20.1794	
7.18311	21.178	9.65981	17.6222	16.3618	12.0899	6.84105	12.2858	24.9994	16.4957	18.5072	0	14.545	8.13827	11.8089	
17.2754	24.1866	18.336	11.1133	8.71931	12.9527	7.70393	8.96571	11.1157	17.3719	13.9657	14.545	0	16.9428	12.793	
4.7828	13.0398	8.5328	25.1998	8.2235	18.8595	14.9793	33.8549	24.5954	24.634	19.6184	8.13827	16.9428	0	19.6566	
12.5817	34.8004	8.83167	16.7941	18.4483	33.6885	18.6499	18.9677	19.0652	10.5616	20.1794	11.8089	12.793	19.6566	0	

0	20.3643	3.35	20.3017	3.07584	18.2074	12.884	24.8362	29.1833	6.73362	11.5862	6.94102	9.50148	8.23569	10.4584	
20.3643	0	9.49164	22.4682	9.14421	29.9485	21.1428	19.4479	21.6509	10.8254	18.9364	10.3362	16.6444	3.98437	15.8988	
3.35	9.49164	0	19.1673	6.22254	24.4427	16.0307	20.9708	37.6058	10.0836	14.9362	7.58027	8.45813	5.50727	7.10842	
20.3017	22.4682	19.1673	0	15.4522	16.9912	12.9891	8.26211	6.61211	19.1041	22.5453	11.5871	10.8002	17.9389	25.5613	
3.07584	9.14421	6.22254	15.4522	0	25.7987	9.80816	12.5659	21.6593	9.80946	14.6621	3.86518	9.62838	5.15984	9.40394	
18.2074	29.9485	24.4427	16.9912	25.7987	0	9.41772	6.66	8.31	30.7383	6.62118	17.5794	31.9754	21.5732	16.2991	
12.884	21.1428	16.0307	12.9891	9.80816	9.41772	0	2.75772	4.40772	17.7786	16.0077	10.2616	16.0248	14.968	19.2121	
24.8362	19.4479	20.9708	8.26211	12.5659	6.66	2.75772	0	1.65	22.3046	13.25	13.0193	20.7335	15.4635	22.9279	
29.1833	21.6509	37.6058	6.61211	21.6593	8.31	4.40772	1.65	0	22.4497	14.9	18.1992	17.4123	17.1135	27.5289	
6.73362	10.8254	10.0836	19.1041	9.80946	30.7383	17.7786	22.3046	22.4497	0	14.7571	7.51702	13.2802	6.84105	5.07922	
11.5862	18.9364	14.9362	22.5453	14.6621	6.62118	16.0077	13.25	14.9	14.7571	0	10.9582	16.7214	14.952	9.67789	
6.94102	10.3362	7.58027	11.5871	3.86518	17.5794	10.2616	13.0193	18.1992	7.51702	10.9582	0	5.7632	6.35182	12.5962	
9.50148	16.6444	8.45813	10.8002	9.62838	31.9754	16.0248	20.7335	17.4123	13.2802	16.7214	5.7632	0	12.115	14.7611	
8.23569	3.98437	5.50727	17.9389	5.15984	21.5732	14.968	15.4635	17.1135	6.84105	14.952	6.35182	12.115	0	11.9144	
10.4584	15.8988	7.10842	25.5613	9.40394	16.2991	19.2121	22.9279	27.5289	5.07922	9.67789	12.5962	14.7611	11.9144	0	

0	7.9122	1.45	32.8447	4.10112	16.7046	24.2078	16.7116	10.8441	9.74602	15.8154	5.92891	17.8046	14.4208	6.51205	
7.9122	0	6.4622	40.2328	14.5541	21.7168	39.6204	21.7238	15.8563	20.199	22.819	11.3592	22.6184	14.1264	11.5243	
1.45	6.4622	0	34.2947	5.55112	14.9336	17.818	13.4941	9.39415	11.196	10.8276	4.89699	16.7727	14.064	5.06205	
32.8447	40.2328	34.2947	0	30.3125	12.7691	10.2057	20.0345	21.9451	39.2103	20.8074	30.1891	18.3134	26.1064	35.1084	
4.10112	14.5541	5.55112	30.3125	0	22.6701	20.1067	27.4804	21.613	13.8471	18.8273	4.45982	16.3355	10.3197	14.151	
16.7046	21.7168	14.9336	12.7691	22.6701	0	2.56338	3.15	5.5394	14.3832	13.165	19.0882	7.21249	30.1151	20.3167	
24.2078	39.6204	17.818	10.2057	20.1067	2.56338	0	5.71338	8.10278	17.2007	10.6016	24.5665	9.77587	30.4264	16.3672	
16.7116	21.7238	13.4941	20.0345	27.4804	3.15	5.71338	0	4.1	12.9438	20.4304	20.1586	10.3625	33.2651	20.3237	
10.8441	15.8563	9.39415	21.9451	21.613	5.5394	8.10278	4.1	0	8.84382	16.7248	14.2911	12.7519	35.4619	14.4562	
9.74602	20.199	11.196	39.2103	13.8471	14.3832	17.2007	12.9438	8.84382	0	8.30434	15.6749	20.8969	20.4504	11.4484	
15.8154	22.819	10.8276	20.8074	18.8273	13.165	10.6016	20.4304	16.7248	8.30434	0	14.3674	16.4556	14.7675	5.76555	
5.92891	11.3592	4.89699	30.1891	4.45982	19.0882	24.5665	20.1586	14.2911	15.6749	14.3674	0	11.8757	14.7795	9.95904	
17.8046	22.6184	16.7727	18.3134	16.3355	7.21249	9.77587	10.3625	12.7519	20.8969	16.4556	11.8757	0	34.9159	22.2212	
14.4208	14.1264	14.064	26.1064	10.3197	30.1151	30.4264	33.2651	35.4619	20.4504	14.7675	14.7795	34.9159	0	9.00198	
6.51205	11.5243	5.06205	35.1084	14.151	20.3167	16.3672	20.3237	14.4562	11.4484	5.76555	9.95904	22.2212	9.00198	0	

0	17.7244	4.8	23.0667	7.34784	10.4268	22.0601	12.1524	8.85244	7.79682	14.8094	9.56282	21.292	14.3484	9.43124	
17.7244	0	12.9244	15.4079	14.3785	33.7232	21.7269	24.1272	29.6239	17.6969	19.7375	17.6872	14.4899	6.06711	14.8043	
4.8	12.9244	0	20.1312	4.41235	18.2732	19.1246	15.6632	13.6524	7.53365	10.0094	4.76282	13.1599	12.8503	4.63124	
23.0667	15.4079	20.1312	0	15.7189	11.3293	16.785	8.71931	12.0193	32.6522	29.2503	27.0576	9.54801	21.475	18.0766	
7.34784	14.3785	4.41235	15.7189	0	21.4075	14.7122	20.0756	16.2003	15.1447	13.5314	9.17517	21.9493	8.94911	9.04359	
10.4268	33.7232	18.2732	11.3293	21.4075	0	15.3379	2.61	1.57436	9.95335	11.9181	20.9282	19.2333	21.5831	12.8558	
22.0601	21.7269	19.1246	16.785	14.7122	15.3379	0	12.7279	15.0935	26.2227	28.2437	26.3381	7.23702	23.6613	15.7657	
12.1524	24.1272	15.6632	8.71931	20.0756	2.61	12.7279	0	3.3	12.5634	14.5281	20.4261	18.2673	28.5135	18.5153	
8.85244	29.6239	13.6524	12.0193	16.2003	1.57436	15.0935	3.3	0	11.5277	13.4925	18.6579	20.8077	23.2008	17.4797	
7.79682	17.6969	7.53365	32.6522	15.1447	9.95335	26.2227	12.5634	11.5277	0	20.405	15.3673	11.431	11.6298	2.90241	
14.8094	19.7375	10.0094	29.2503	13.5314	11.9181	28.2437	14.5281	13.4925	20.405	0	9.01009	26.0312	13.6704	14.6406	
9.56282	17.6872	4.76282	27.0576	9.17517	20.9282	26.3381	20.4261	18.6579	15.3673	9.01009	0	20.9936	17.6131	9.39407	
21.292	14.4899	13.1599	9.54801	21.9493	19.2333	7.23702	18.2673	20.8077	11.431	26.0312	20.9936	0	17.2658	8.52863	
14.3484	6.06711	12.8503	21.475	8.94911	21.5831	23.6613	28.5135	23.2008	11.6298	13.6704	17.6131	17.2658	0	8.73721	
9.43124	14.8043	4.63124	18.0766	9.04359	12.8558	15.7657	18.5153	17.4797	2.90241	14.6406	9.39407	8.52863	8.73721	0	

0	19.8984	5.35	15.9617	9.56928	7.64412	14.8201	9.88287	9.21847	6.91082	14.8711	15.6204	18.4628	10.3902	9.34638	
19.8984	0	17.6569	13.9301	18.4721	16.6097	20.5965	18.4354	15.0354	18.513	19.7265	5.98465	30.26	9.50815	22.7139	
5.35	17.6569	0	18.1695	14.821	9.85195	9.47012	13.542	11.4263	3.4	9.52111	11.6723	20.6707	15.4204	12.8328	
15.9617	13.9301	18.1695	0	20.4329	8.31758	9.27793	12.0076	9.89193	20.4738	17.2562	7.94541	8.92191	18.8339	24.6747	
9.56928	18.4721	14.821	20.4329	0	17.2134	21.0855	19.4522	21.7834	16.4801	17.0923	12.4875	35.6038	9.9972	18.9157	
7.64412	16.6097	9.85195	8.31758	17.2134	0	11.108	3.69	1.57436	13.252	6.26545	16.263	10.8187	10.5164	16.9905	
14.8201	20.5965	9.47012	9.27793	21.0855	11.108	0	7.56604	10.966	12.8701	9.16899	17.2233	18.1998	11.0883	16.8424	
9.88287	18.4354	13.542	12.0076	19.4522	3.69	7.56604	0	3.4	15.6661	8.0911	16.4575	14.5087	14.2064	19.2293	
9.21847	15.0354	11.4263	9.89193	21.7834	1.57436	10.966	3.4	0	19.0661	4.6911	18.1049	12.3931	12.0907	25.0764	
6.91082	18.513	3.4	20.4738	16.4801	13.252	12.8701	15.6661	19.0661	0	12.9211	12.5284	24.1828	17.301	9.43284	
14.8711	19.7265	9.52111	17.2562	17.0923	6.26545	9.16899	8.0911	4.6911	12.9211	0	21.1934	19.7573	19.455	20.3853	
15.6204	5.98465	11.6723	7.94541	12.4875	16.263	17.2233	16.4575	18.1049	12.5284	21.1934	0	16.8673	15.4928	16.7292	
18.4628	30.26	20.6707	8.92191	35.6038	10.8187	18.1998	14.5087	12.3931	24.1828	19.7573	16.8673	0	21.3351	34.7706	
10.3902	9.50815	15.4204	18.8339	9.9972	10.5164	11.0883	14.2064	12.0907	17.301	19.455	15.4928	21.3351	0	19.7366	
9.34638	22.7139	12.8328	24.6747	18.9157	16.9905	16.8424	19.2293	25.0764	9.43284	20.3853	16.7292	34.7706	19.7366	0	

0	18.8664	5.2	17.7539	12.3888	17.5944	21.2127	15.3852	24.6784	8.15122	9.82974	11.3715	9.50148	19.626	2.21097	
18.8664	0	24.0664	25.6798	23.2216	30.1458	24.6272	26.0995	21.0495	27.0176	35.9698	32.5589	28.3679	11.0476	21.0773	
5.2	24.0664	0	21.3281	11.0874	12.3944	15.0798	17.2697	21.4907	13.3512	19.6815	6.17155	14.7015	15.9711	7.41097	
17.7539	25.6798	21.3281	0	30.1427	8.93369	11.6191	22.0737	18.03	15.8457	20.6623	21.8219	18.9395	36.7273	19.9648	
12.3888	23.2216	11.0874	30.1427	0	23.4818	24.979	21.5184	23.9661	20.54	27.533	14.7174	15.6346	12.174	14.5998	
17.5944	30.1458	12.3944	8.93369	23.4818	0	2.68544	11.7364	6.26315	16.6865	11.8544	12.8882	19.0237	20.8884	21.6871	
21.2127	24.6272	15.0798	11.6191	24.979	2.68544	0	8.62771	3.57771	19.3719	9.16899	10.2616	14.9347	15.3698	16.7878	
15.3852	26.0995	17.2697	22.0737	21.5184	11.7364	8.62771	0	5.05	24.8365	18.22	19.3125	5.88375	16.8421	28.0527	
24.6784	21.0495	21.4907	18.03	23.9661	6.26315	3.57771	5.05	0	25.7828	12.7467	13.8393	10.9337	11.7921	22.5794	
8.15122	27.0176	13.3512	15.8457	20.54	16.6865	19.3719	24.8365	25.7828	0	17.6966	23.8856	17.6527	27.7772	10.0778	
9.82974	35.9698	19.6815	20.6623	27.533	11.8544	9.16899	18.22	12.7467	17.6966	0	19.4306	26.6049	36.7294	7.61877	
11.3715	32.5589	6.17155	21.8219	14.7174	12.8882	10.2616	19.3125	13.8393	23.8856	19.4306	0	25.2359	22.1426	17.9454	
9.50148	28.3679	14.7015	18.9395	15.6346	19.0237	14.9347	5.88375	10.9337	17.6527	26.6049	25.2359	0	26.969	11.7125	
19.626	11.0476	15.9711	36.7273	12.174	20.8884	15.3698	16.8421	11.7921	27.7772	36.7294	22.1426	26.969	0	21.837	
2.21097	21.0773	7.41097	19.9648	14.5998	21.6871	16.7878	28.0527	22.5794	10.0778	7.61877	17.9454	11.7125	21.837	0	

0	15.2322	1.5	23.7948	9.05664	22.4814	29.242	33.6916	25.8748	16.5184	8.09154	12.099	18.725	20.5857	10.5524	
15.2322	0	13.7322	19.3323	25.4743	31.7751	21.2341	27.3538	22.8538	31.3574	20.3237	15.6794	11.6626	13.9453	22.6622	
1.5	13.7322	0	22.2948	10.5566	23.7764	24.643	32.0915	12.3024	17.6163	6.59154	10.599	14.6157	21.7146	11.8474	
23.7948	19.3323	22.2948	0	20.9864	18.8395	17.2413	14.4182	9.91817	18.4218	15.6291	11.6865	7.66971	23.0338	17.9866	
9.05664	25.4743	10.5566	20.9864	0	22.5484	26.3135	25.4284	20.2348	26.4335	20.3943	9.0683	13.0851	11.529	15.1368	
22.4814	31.7751	23.7764	18.8395	22.5484	0	9.15492	2.88	7.38	14.3445	14.6323	17.9974	18.7265	23.9393	11.929	
29.242	21.2341	24.643	17.2413	26.3135	9.15492	0	8.76812	9.16788	8.50954	14.8788	13.5883	9.57155	14.7844	14.4756	
33.6916	27.3538	32.0915	14.4182	25.4284	2.88	8.76812	0	4.5	13.0037	10.2109	15.6665	18.3397	20.5801	14.809	
25.8748	22.8538	12.3024	9.91817	20.2348	7.38	9.16788	4.5	0	8.50368	5.7109	11.1665	15.1833	16.0801	14.4697	
16.5184	31.3574	17.6163	18.4218	26.4335	14.3445	8.50954	13.0037	8.50368	0	11.0247	12.0345	18.0811	23.294	5.96607	
